0.2074
-0.6290
0.7608
2.1000
-2.3800
-3.2900
436
485
506
435
435

0.2020
-0.6207
0.7666
3.5700
-8.4000
-2.9400
437
484
507
437
436

0.2162
-0.6193
0.7681
5.6000
-7.7000
-3.4300
438
485
507
438
438

0.2264
-0.6134
0.7720
0.1400
-3.5700
-3.5700
437
486
507
437
437

0.2152
-0.6193
0.7754
-1.8900
-3.9200
-3.1500
438
484
507
438
437

0.2216
-0.6163
0.7613
-0.3500
-5.6700
-3.9900
437
485
507
436
437

0.2298
-0.6315
0.7632
-2.0300
3.0100
-2.9400
437
486
507
436
437

0.2147
-0.6471
0.7632
0.4200
4.2700
-3.4300
437
485
506
435
436

0.2225
-0.6339
0.7574
0.4200
-0.7700
-3.5000
437
484
506
434
435

0.1923
-0.6061
0.7769
5.2500
1.2600
-1.4000
438
484
506
434
433

0.2147
-0.6129
0.8379
7.5600
-4.9000
0.3500
436
483
505
429
431

0.1752
-0.6422
0.8120
40.1100
0.8400
1.6100
435
482
505
428
428

0.1566
-0.5871
0.8911
-15.4000
0.2100
20.6500
434
480
506
431
430

0.0805
-0.6612
0.8760
7.5600
-20.5800
-0.9800
435
478
506
432
433

0.1537
-0.5651
0.8652
-15.4000
-31.6400
14.0000
435
478
508
435
437

0.1737
-0.5900
0.7052
-25.8300
-14.7700
25.2000
436
479
508
436
435

0.1308
-0.6412
0.6476
2.5200
-3.9900
29.5400
435
477
508
436
435

0.0386
-1.0472
0.5754
19.3900
-7.2100
-11.2000
436
476
508
435
433

0.2704
-0.6432
0.7696
-36.9600
-10.5000
12.0400
436
478
508
433
433

0.0766
-0.5797
0.6007
-3.5700
0.3500
5.0400
436
477
508
433
433

0.1078
-0.7281
0.6651
-0.1400
1.9600
-7.0700
436
477
508
433
434

0.1606
-0.7388
0.6651
-0.2100
-0.9800
9.8700
436
477
508
463
441

0.1059
-0.6974
0.6920
-0.1400
-0.7700
5.6000
436
477
509
493
494

0.0678
-0.6817
0.7174
6.6500
-0.2800
-2.3100
437
478
510
506
506

0.0834
-0.7471
0.7183
-0.4900
-6.9300
-6.9300
437
477
511
509
510

0.1396
-0.7183
0.6915
-0.7000
-3.1500
0.4900
437
478
510
512
512

0.0917
-0.6793
0.6520
-4.9700
-1.4000
-3.8500
436
477
510
511
510

0.0742
-0.7105
0.7388
9.8000
2.1000
-3.7100
437
478
510
512
512

0.0805
-0.7764
0.6895
-6.0200
-4.6900
5.8800
437
478
510
514
513

0.0703
-0.7105
0.7422
-15.7500
-11.4100
-6.3000
437
478
509
514
514

0.0678
-0.7257
0.6359
-1.7500
-5.5300
-12.7400
437
478
510
514
514

0.0976
-0.7198
0.6700
-5.1800
-7.7700
-18.3400
437
478
510
514
514

0.1562
-0.7364
0.6495
7.6300
-3.2200
-9.7300
437
478
510
514
514

0.1596
-0.7427
0.6905
1.4700
-7.7700
-3.4300
438
478
510
514
514

0.1610
-0.7525
0.6603
6.6500
-5.4600
5.8100
437
478
510
513
513

0.1161
-0.7296
0.6954
-1.1200
-9.9400
-4.8300
437
478
510
514
514

0.1176
-0.7452
0.6529
-1.1200
-10.6400
-3.2900
438
478
510
514
515

0.1386
-0.7227
0.6651
-0.0700
-5.6000
-4.2700
437
478
511
496
496

0.1542
-0.7271
0.6573
4.4800
-5.5300
-5.6000
437
478
509
509
509

0.1601
-0.7398
0.6773
4.4800
-5.8100
-3.7100
436
477
510
512
512

0.1562
-0.7266
0.6539
1.7500
-6.5100
-5.4600
438
478
509
513
513

0.1737
-0.7076
0.6939
4.2700
-4.3400
-3.9200
436
479
510
513
514

0.1205
-0.7193
0.6798
7.4200
6.0200
-9.3800
437
478
509
514
514

0.2035
-0.7242
0.6798
3.7800
-2.5900
-5.8800
437
478
510
515
515

0.1869
-0.7027
0.6954
5.4600
3.5000
-5.1800
435
478
510
515
515

0.1810
-0.7218
0.6905
0.6300
-3.5700
1.2600
437
479
510
514
514

0.1259
-0.6856
0.6627
6.8600
3.0800
-3.4300
436
477
509
516
515

0.1508
-0.7071
0.7174
4.8300
-3.0100
-11.6900
437
478
510
515
515

0.1918
-0.7076
0.6881
1.2600
-5.0400
0.2100
436
478
510
513
514

0.1376
-0.6710
0.7164
4.3400
-1.4700
-3.0100
437
478
510
515
515

0.1640
-0.7037
0.7164
5.7400
-4.6900
-5.0400
436
478
510
515
515

0.1698
-0.6861
0.7193
6.0900
-5.9500
-6.4400
437
478
510
515
515

0.1688
-0.6788
0.7222
1.3300
-3.3600
-7.2100
436
478
510
515
515

0.1674
-0.6749
0.7193
4.8300
-2.8700
-6.7200
436
478
510
515
514

0.1625
-0.6852
0.7149
4.2000
-2.1700
-9.1700
436
477
509
514
514

0.1752
-0.6837
0.7422
-1.8900
-3.9900
-6.5800
435
478
509
514
514

0.1884
-0.6798
0.7008
1.2600
-2.9400
-5.3900
437
477
511
514
514

0.2030
-0.6759
0.6998
6.7900
-0.7700
-3.5700
435
477
509
515
515

0.1810
-0.6793
0.7305
2.5900
-1.9600
-5.1800
436
478
510
514
515

0.2152
-0.6695
0.7296
-0.0700
-4.7600
-3.3600
436
477
510
515
515

0.1742
-0.6769
0.7218
1.1200
-4.5500
-0.9100
437
478
510
515
515

0.1523
-0.6632
0.7320
2.2400
-6.3700
-2.7300
436
478
510
514
514

0.1664
-0.6861
0.7310
-0.4200
-1.1900
-2.8700
436
478
509
513
514

0.1728
-0.6974
0.7164
-11.9000
3.6400
-5.3900
435
472
496
505
506

0.1825
-0.6998
0.6988
-8.4700
-1.0500
-4.3400
431
465
485
498
498

0.1732
-0.6983
0.6969
-12.9500
3.6400
-4.6900
426
457
466
484
485

0.1684
-0.7510
0.6686
-20.1600
4.7600
-5.1800
416
447
438
465
465

0.1401
-0.7408
0.6412
-15.0500
0.2100
-6.6500
406
431
409
444
444

0.1674
-0.7281
0.6573
-8.4700
-3.7100
-4.1300
394
418
391
428
429

0.1493
-0.7915
0.6432
-13.7200
-4.2000
-1.0500
379
404
373
414
414

0.1347
-0.7574
0.6300
-17.7800
-11.7600
2.8000
361
390
358
401
402

0.1083
-0.8477
0.5880
-27.7200
-15.7500
-1.5400
338
374
346
391
391

0.1274
-0.8657
0.5085
-31.7100
-7.4200
-5.6000
322
364
339
385
384

0.1679
-0.8194
0.4875
-52.9900
-7.1400
11.2700
302
355
332
378
378

0.1293
-0.8374
0.4529
-29.6100
-3.7100
6.3000
285
346
326
373
373

0.1484
-0.8955
0.3572
-24.0800
-1.5400
10.5700
273
341
323
369
370

0.1293
-0.9682
0.3958
-18.0600
-2.3100
10.8500
268
336
321
367
367

0.1288
-0.9755
0.3377
-20.0900
-3.8500
-0.9100
258
331
311
360
360

0.1083
-0.9555
0.3060
-23.3800
-8.4700
0.0700
253
323
303
353
354

0.0917
-0.9472
0.3030
-25.9000
-12.9500
-6.9300
248
321
294
347
347

0.0937
-0.9628
0.2484
-16.5200
-11.0600
-3.8500
247
320
292
345
345

0.1044
-0.9794
0.2133
-23.7300
-10.5700
-9.3800
246
319
289
343
343

0.1347
-0.9579
0.2191
-39.9700
-18.5500
-2.8000
247
321
289
342
342

0.1352
-0.9941
0.1210
-28.7700
-14.0700
4.5500
248
321
290
341
341

0.1366
-0.9906
0.0376
-11.6200
-2.3100
6.0200
248
324
290
290
290

0.1264
-1.0263
-0.0488
17.2900
3.9900
-6.8600
249
325
290
308
309

0.1464
-0.9911
0.0273
11.7600
-3.7800
0.7000
250
325
292
324
324

0.1347
-1.0058
0.0298
0.9100
-7.0700
-0.1400
250
326
292
334
335

0.1220
-1.0058
0.0444
0.7700
-7.2800
-4.4100
251
327
293
338
338

0.1235
-0.9936
0.0249
2.1000
-6.8600
-6.7900
252
327
294
340
340

0.1362
-1.0077
0.0185
3.1500
-5.8100
-6.7900
252
327
293
339
340

0.1410
-1.0014
0.0342
-1.5400
-7.6300
-7.1400
252
328
295
342
342

0.1493
-0.9984
0.0229
3.0800
-5.6000
-6.5100
252
328
294
341
341

0.1362
-0.9862
0.0317
1.8900
-2.1700
-1.8200
253
329
293
342
342

0.1484
-0.9867
0.0468
3.3600
-1.8200
-2.8700
252
329
296
342
343

0.1264
-1.0136
0.0371
8.0500
-4.1300
-7.2100
254
331
298
344
344

0.1537
-0.9960
0.0420
11.4800
-0.7700
-1.5400
254
331
298
345
345

0.1601
-0.9814
0.0664
5.1800
0.4200
-1.5400
255
331
298
345
346

0.1557
-0.9970
0.0464
2.7300
-1.7500
2.5200
257
331
303
346
347

0.1303
-1.0146
0.0342
20.7900
0.0000
-1.4000
270
345
319
357
358

0.1508
-0.9614
0.1332
16.8000
0.9800
-3.8500
296
365
346
376
376

0.1259
-0.9511
0.1703
22.6800
-6.9300
-4.8300
315
377
365
392
391

0.1327
-0.9599
0.1649
21.7700
-12.5300
-4.9000
329
386
382
405
405

0.1464
-0.9316
0.2377
28.5600
-11.9000
-4.9000
344
395
405
421
421

0.1191
-0.9282
0.2733
20.1600
-11.3400
-3.7100
352
401
420
434
434

0.1547
-0.9609
0.2669
18.4100
-11.4100
-5.5300
360
406
432
444
445

0.1576
-0.9511
0.2957
28.7700
-15.2600
-9.5200
369
415
449
459
459

0.2186
-0.8926
0.3475
37.5900
-15.9600
-8.1200
386
430
469
473
473

0.1889
-0.8940
0.3948
28.8400
-5.5300
-6.7200
398
445
483
484
484

0.1981
-0.8979
0.4353
26.3900
-7.4200
-7.5600
405
454
491
493
493

0.1835
-0.8442
0.4602
27.3000
-7.3500
-6.9300
412
460
499
500
500

0.2196
-0.8237
0.5017
34.4400
-14.9100
-11.9000
420
465
504
505
505

0.2279
-0.8252
0.4807
30.8000
-2.0300
-6.3000
425
473
511
510
510

0.2757
-0.7906
0.5871
27.3700
-1.2600
-6.5100
429
477
515
515
515

0.2142
-0.7584
0.6100
13.5800
-2.8000
-6.0900
433
482
518
518
518

0.2259
-0.7574
0.6281
21.1400
-7.2800
-6.8600
435
486
521
520
520

0.2054
-0.7427
0.6573
20.1600
-3.2900
-6.7900
440
489
523
522
522

0.2176
-0.7164
0.6715
13.4400
-1.7500
-4.1300
441
492
524
523
524

0.2308
-0.7110
0.6764
2.8700
0.3500
-3.9900
442
491
525
525
525

0.2225
-0.7159
0.6788
1.2600
1.6800
-4.9000
443
493
525
525
525

0.2235
-0.7061
0.6681
7.9800
0.4900
-4.3400
445
493
527
526
526

0.2279
-0.7081
0.6866
3.3600
-2.1700
-2.8700
444
493
526
527
527

0.2303
-0.7198
0.6744
2.3100
-1.3300
-2.1000
445
493
527
527
527

0.2054
-0.6959
0.6769
6.9300
-1.8200
-1.6100
444
495
527
527
527

0.2176
-0.6959
0.6891
4.2700
-0.3500
-1.8200
445
495
528
529
528

0.2152
-0.6993
0.6705
5.0400
-1.6800
-1.3300
446
495
530
529
529

0.2162
-0.6812
0.6910
-4.4100
-2.7300
-2.3100
444
495
530
530
530

0.2084
-0.7027
0.6949
-7.7000
0.2800
-2.5200
444
495
529
529
528

0.2142
-0.7066
0.6764
-20.5800
4.5500
-0.8400
443
492
527
528
528

0.2142
-0.7296
0.6578
-7.7000
4.6900
-0.1400
442
485
524
527
527

0.1889
-0.7481
0.6305
-2.3100
-0.3500
-4.6900
440
482
522
525
525

0.1991
-0.7579
0.6393
-22.1200
-2.0300
-2.7300
436
471
507
516
516

0.2123
-0.7818
0.5905
-26.5300
10.8500
0.6300
433
461
497
508
508

0.1786
-0.8150
0.5446
-31.5000
-0.8400
-3.5000
428
449
480
496
496

0.1713
-0.8150
0.5251
-26.3200
4.5500
-0.7000
410
433
449
474
474

0.1635
-0.8364
0.5226
-21.7000
0.9100
-1.0500
390
413
408
447
447

0.1728
-0.8320
0.5022
-11.0600
6.9300
1.9600
370
396
375
420
421

0.1240
-0.8477
0.4934
-20.9300
12.9500
0.2800
351
381
352
401
401

0.1293
-0.8691
0.4690
-16.1000
-2.0300
4.0600
333
371
340
388
388

0.1074
-0.9126
0.4353
-19.1800
-3.0100
3.7100
315
360
326
377
378

0.0956
-0.9370
0.4080
-24.2200
-7.9100
6.7200
295
346
314
366
367

0.0493
-0.9853
0.3406
-22.9600
-7.0700
6.7200
276
337
302
356
357

0.0483
-0.9721
0.2694
-13.7200
-5.7400
-1.0500
264
327
298
351
352

0.0512
-0.9409
0.3133
-10.9200
-2.9400
1.7500
255
322
292
347
347

0.0717
-0.9618
0.2328
-20.0900
-0.1400
9.7300
251
321
288
343
342

0.0298
-0.9326
0.2211
-17.0800
2.3100
-1.4000
251
319
286
340
340

0.0317
-0.9799
0.2167
-15.3300
-1.3300
-1.4000
248
317
281
336
337

0.0405
-0.9804
0.2094
-2.7300
-1.7500
-5.3200
248
317
280
335
335

0.0356
-0.9877
0.2011
-2.3100
-6.0200
-2.8000
248
318
280
334
334

0.0444
-0.9921
0.1884
-3.9200
-8.0500
-5.6700
248
318
280
334
334

0.0522
-0.9604
0.1918
-10.5700
-8.0500
-4.3400
248
321
281
334
334

0.0351
-0.9672
0.1835
-3.5000
-5.0400
-6.1600
248
323
283
335
335

0.0522
-0.9882
0.1615
-6.7200
-4.6200
-3.6400
248
324
281
334
334

0.0630
-0.9789
0.1654
-3.0100
-5.6000
-5.3200
249
324
282
335
335

0.0644
-0.9780
0.1684
-4.9000
-4.8300
-3.6400
250
324
282
335
336

0.0610
-0.9682
0.1479
-6.0200
-6.3700
-5.9500
251
325
284
335
335

0.0625
-0.9775
0.1381
0.9100
-1.6100
-1.9600
251
327
285
337
337

0.0483
-1.0009
0.1220
0.4200
-5.1800
-2.7300
250
327
286
335
336

0.0630
-0.9970
0.1298
-4.4800
-6.3000
-5.4600
251
327
285
338
338

0.0459
-0.9848
0.1166
-2.8000
-3.6400
-3.5000
251
326
288
338
338

0.0586
-1.0014
0.1147
0.7000
-3.3600
-3.7800
252
329
288
338
338

0.0600
-0.9911
0.1166
1.2600
-3.5700
-6.3000
253
329
288
338
338

0.0649
-0.9960
0.1098
0.7000
-4.5500
-3.0800
252
330
290
338
338

0.0727
-1.0185
0.0805
5.6700
-7.8400
-1.9600
255
330
292
340
340

0.0644
-1.0155
0.0942
12.6700
-3.9200
-5.7400
261
334
296
343
343

0.0703
-1.0175
0.1020
25.3400
-6.1600
-1.9600
271
343
308
350
351

0.0669
-0.9936
0.1571
10.2200
-7.9800
-5.6700
288
353
323
361
362

0.0620
-0.9775
0.1615
17.8500
-8.6800
-3.2200
308
368
346
378
378

0.0556
-0.9409
0.2313
17.9200
-11.9000
-5.6700
331
383
375
397
397

0.0547
-0.9579
0.2503
17.0800
-18.7600
-12.4600
352
398
414
425
425

0.0010
-0.9555
0.2972
38.2200
-22.4000
-14.0700
375
417
455
456
456

0.1088
-0.9292
0.3245
22.6100
-14.3500
-12.4600
385
427
473
474
474

0.1513
-0.9101
0.3357
27.0200
-6.4400
-13.1600
396
439
487
487
487

0.1713
-0.9018
0.3933
30.7300
-7.5600
-11.8300
408
452
499
499
498

0.1498
-0.8764
0.4197
23.8000
-6.3000
-10.3600
416
463
507
505
506

0.1850
-0.8608
0.4250
34.5100
-3.5000
-12.9500
426
473
515
513
513

0.1947
-0.8311
0.5358
23.9400
-7.1400
-9.6600
432
479
519
517
517

0.1986
-0.8228
0.5388
18.2700
-5.3900
-5.6000
436
483
522
520
520

0.2142
-0.8125
0.5583
12.6000
-4.4100
-5.6700
439
485
524
522
522

0.2191
-0.8072
0.5622
9.6600
-7.9100
-7.7000
442
487
526
524
524

0.2152
-0.7940
0.5788
6.3700
2.7300
-4.8300
446
491
526
525
525

0.2216
-0.7857
0.5890
0.4200
-2.8700
-3.9200
448
493
527
526
526

0.2167
-0.7876
0.5802
0.6300
0.0700
-2.1000
447
493
527
527
526

0.1908
-0.7876
0.5895
5.9500
-3.0800
-2.5900
448
493
528
527
527

0.1996
-0.7891
0.6017
3.4300
-3.2200
-4.0600
449
494
529
528
528

0.1957
-0.7876
0.5915
3.2900
-3.9900
-2.5900
449
494
528
529
528

0.2059
-0.7876
0.5973
10.9900
-6.3000
-3.9900
451
496
529
530
530

0.2216
-0.7745
0.5978
-2.2400
-3.0100
-2.5900
449
495
530
529
529

0.2196
-0.7862
0.5929
0.0700
-2.5900
-4.0600
449
495
528
530
529

0.2011
-0.7828
0.5905
-2.7300
-3.6400
-4.1300
449
495
530
530
530

0.2035
-0.7793
0.5934
-15.6100
3.2200
4.2000
448
494
529
529
530

0.1903
-0.8223
0.5656
-24.1500
0.7000
0.8400
444
492
528
529
528

0.1815
-0.8603
0.5602
-29.4700
0.7000
-0.2100
442
482
525
528
528

0.1932
-0.8608
0.4660
-37.7300
-1.0500
2.5900
436
473
515
522
522

0.1786
-0.9013
0.4089
-26.6700
2.1000
4.3400
432
466
503
514
513

0.1640
-0.9311
0.3758
-12.1100
2.5900
1.5400
427
461
493
505
505

0.1440
-0.9228
0.3518
-9.5200
1.6100
3.3600
414
442
481
497
497

0.1332
-0.9282
0.3601
-13.4400
-0.5600
4.4800
390
417
459
481
481

0.1142
-0.9384
0.3523
-27.6500
5.2500
10.2200
362
396
428
459
459

0.0654
-0.9355
0.3050
-33.3200
-1.4000
12.3900
336
375
398
437
437

0.0059
-0.9682
0.2367
-20.0200
-4.7600
4.9700
313
361
382
423
423

0.0517
-0.9560
0.1972
-17.0800
2.3800
0.2800
302
354
363
407
407

0.0542
-0.9843
0.1571
-8.1200
-11.4800
0.8400
291
350
352
396
397

0.0376
-1.0067
0.1645
-33.1800
-11.9700
-4.6900
285
348
335
384
384

0.0473
-0.9628
0.1410
-11.1300
-7.1400
-3.5000
277
339
323
373
374

0.0708
-1.0004
0.1264
-1.7500
-7.7000
0.9800
267
334
315
365
365

0.0776
-1.0009
0.0849
-3.7100
-5.9500
-0.0700
258
331
305
358
359

0.0556
-0.9804
0.0903
0.5600
-7.4200
-1.2600
260
331
306
355
356

0.0444
-0.9970
0.1059
0.8400
-9.3100
-3.9900
260
333
305
355
355

0.0527
-0.9945
0.0839
-3.3600
-5.3900
-7.4200
257
333
305
354
354

0.0722
-0.9965
0.0698
-4.5500
-4.4800
-4.4800
258
333
306
353
354

0.0722
-0.9872
0.0400
-5.9500
-6.0200
-7.5600
256
334
306
353
354

0.0810
-1.0014
0.0454
2.1000
-5.3200
-7.6300
256
334
305
354
354

0.0761
-0.9892
0.0654
0.2100
-5.4600
-4.6900
257
335
306
354
354

0.0561
-0.9809
0.0566
-4.6900
-3.5700
-4.6900
257
335
309
355
355

0.0693
-1.0033
0.0381
-0.5600
-2.7300
-2.5200
256
336
308
355
355

0.0825
-0.9994
0.0390
-0.0700
-3.4300
-1.9600
258
335
308
354
356

0.0776
-0.9950
0.0210
3.9200
-3.0100
-3.9200
258
336
309
356
356

0.0844
-1.0033
0.0434
3.9200
-3.3600
-3.7800
258
336
311
355
356

0.0839
-1.0087
0.0327
1.4000
-3.3600
-2.2400
259
336
310
355
355

0.0742
-0.9897
0.0327
3.3600
-4.9700
-7.3500
258
337
311
356
356

0.0878
-0.9989
0.0381
3.2900
-4.8300
-6.0900
257
336
310
355
355

0.0854
-0.9970
0.0390
2.1700
-4.7600
-5.2500
256
336
311
356
357

0.0834
-0.9936
0.0234
3.9900
-7.2800
-10.3600
255
336
312
357
357

0.0932
-0.9897
0.0351
1.9600
-4.3400
-4.9700
256
337
312
356
356

0.1054
-1.0028
0.0415
-7.9800
-6.3700
-2.3100
255
338
313
358
358

0.0913
-0.9662
0.0537
-0.4200
-0.9800
21.4900
260
339
318
362
362

0.0464
-1.0209
0.0059
2.3100
-3.5700
-7.0700
271
346
329
367
367

0.0634
-0.9999
0.0049
16.2400
1.1900
-11.6200
281
354
340
376
376

0.0522
-1.0175
0.0268
63.0000
5.1100
-3.7800
305
369
363
391
392

0.0727
-0.9955
0.1347
61.8100
-16.5900
-16.5900
334
385
391
411
412

0.0844
-0.9911
0.2186
46.7600
-30.6600
-13.7200
354
399
419
431
432

0.1606
-0.9414
0.3265
52.6400
-21.6300
-11.4100
371
410
439
450
450

0.1571
-0.9091
0.3860
23.6600
-11.7600
-10.9200
382
418
453
462
462

0.1937
-0.8974
0.3914
34.0200
-10.6400
-12.3200
392
427
470
475
475

0.2357
-0.8569
0.4821
33.3200
0.5600
-7.4200
404
436
485
487
487

0.1991
-0.8701
0.4939
19.3200
-0.3500
-6.0900
411
445
492
494
494

0.1986
-0.8355
0.5114
34.3000
-0.3500
-6.8600
420
458
503
503
503

0.2235
-0.8355
0.5529
9.3800
-0.2100
-4.8300
427
466
512
511
511

0.2108
-0.8257
0.5148
16.8000
-3.0800
-3.2200
434
473
518
516
517

0.2064
-0.8154
0.5514
4.5500
-3.4300
-3.9900
436
477
521
520
520

0.2059
-0.8086
0.5573
1.5400
-1.1900
-2.7300
440
482
525
523
523

0.2084
-0.8057
0.5466
0.9100
-3.2900
-1.5400
443
486
526
524
525

0.1942
-0.8013
0.5661
3.6400
2.1700
-4.2000
447
490
528
526
526

0.1767
-0.8023
0.5690
15.0500
-4.4800
-5.2500
450
492
528
527
527

0.2118
-0.8003
0.5793
6.8600
-4.4100
-5.0400
451
493
529
528
529

0.2059
-0.7984
0.5919
9.6600
-3.9900
-3.1500
451
494
529
530
530

0.1845
-0.7852
0.6032
5.3900
-4.0600
-2.1700
453
494
530
530
530

0.2094
-0.7896
0.5919
8.3300
-4.9000
-3.5000
452
495
530
530
530

0.1942
-0.7745
0.6007
6.1600
-1.2600
-2.1000
452
497
530
530
530

0.2074
-0.7818
0.6032
3.2900
-3.4300
-3.3600
452
495
530
531
531

0.2020
-0.7715
0.6173
-1.8900
-3.1500
-2.1000
451
496
530
531
531

0.1928
-0.7730
0.6085
-2.7300
-4.4100
-2.5900
452
496
531
531
532

0.1947
-0.7798
0.5983
-3.7100
-3.7800
-4.0600
452
495
532
531
531

0.2015
-0.7676
0.5988
-12.4600
-1.6100
-1.6100
451
496
530
531
532

0.1996
-0.7886
0.5905
-14.1400
4.9000
2.8000
451
495
530
531
531

0.1620
-0.8511
0.5358
-14.2800
-1.4000
-4.9000
447
490
527
530
530

0.1879
-0.8330
0.5305
-12.6000
1.5400
-4.2700
445
481
520
526
525

0.1776
-0.8418
0.5012
-9.7300
0.4200
-3.0100
441
473
507
517
517

0.1991
-0.8555
0.4787
-15.0500
2.5200
-2.5900
437
458
486
502
502

0.1640
-0.8657
0.4685
-4.9700
-2.3800
-2.4500
429
442
465
488
487

0.1723
-0.8623
0.4597
-8.3300
-0.9100
-1.9600
417
426
440
468
468

0.1840
-0.8642
0.4573
-16.9400
2.1000
3.7100
404
412
413
447
447

0.1396
-0.8701
0.4182
-10.7800
-0.9800
-1.8200
400
405
401
435
435

0.1449
-0.8779
0.4236
-12.6700
-2.5200
-2.5200
400
398
388
425
426

0.1547
-0.8847
0.4085
-0.3500
-4.9700
-5.1800
399
395
381
417
417

0.1601
-0.9145
0.4202
-9.1000
-4.0600
-3.5700
387
384
365
407
407

0.1581
-0.9116
0.4016
2.8000
-5.3900
-0.7000
380
376
359
400
400

0.1918
-0.8989
0.4548
-24.0100
-2.0300
4.1300
366
364
345
390
391

0.1259
-0.9443
0.3894
-21.7700
1.9600
8.8900
345
350
334
381
381

0.0874
-0.9340
0.3333
-33.1800
2.4500
10.2900
321
338
323
372
373

0.0815
-0.9448
0.2621
-16.3100
7.0700
0.4200
310
333
316
366
366

0.0878
-0.9555
0.2577
-13.2300
-1.5400
-0.7000
307
330
313
362
363

0.0512
-0.9531
0.2533
-0.0700
-3.8500
-4.0600
302
327
309
359
359

0.0556
-0.9438
0.2767
-7.4900
-4.3400
2.2400
302
325
307
355
356

0.0600
-0.9370
0.2391
-6.7200
-3.7100
-4.2700
297
324
301
353
353

0.0630
-0.9570
0.2425
-4.6200
-5.5300
0.2800
295
321
302
350
351

0.0454
-0.9736
0.2152
2.3800
-4.5500
-3.7100
295
321
302
349
351

0.0727
-0.9853
0.2284
2.0300
-7.3500
-7.1400
291
321
302
350
351

0.0532
-0.9780
0.2167
4.3400
-4.9000
-7.7000
291
320
300
348
349

0.0669
-0.9882
0.2098
3.0800
-9.6600
-11.8300
287
322
300
348
348

0.0952
-0.9843
0.2391
-2.8700
-8.6800
-8.4700
287
324
300
348
348

0.0752
-0.9814
0.2050
-10.9200
-8.0500
-7.0000
288
324
302
349
349

0.0947
-0.9697
0.1781
-8.4700
-8.7500
-6.7200
288
325
303
351
351

0.0913
-0.9770
0.1728
-1.9600
-7.4200
-1.7500
290
326
302
352
351

0.1088
-0.9916
0.1537
-4.9000
-7.2100
1.4700
289
326
304
352
352

0.0917
-0.9877
0.1669
-1.3300
-4.6200
-0.6300
290
326
307
351
351

0.0986
-0.9755
0.1415
-1.6800
-6.3700
-1.9600
290
328
305
352
352

0.0956
-0.9682
0.1396
-0.9100
-8.1200
-0.2100
290
326
307
352
352

0.1147
-0.9955
0.1347
0.4900
-7.0700
1.6800
289
329
306
351
352

0.0849
-0.9897
0.1132
2.0300
-3.4300
-1.0500
289
327
308
352
352

0.0956
-1.0033
0.1118
0.9100
-3.4300
-3.0100
291
328
308
353
353

0.0771
-0.9916
0.1127
1.8900
-1.1900
-1.1900
291
329
309
353
353

0.0942
-0.9877
0.1127
2.4500
-2.8700
-2.1700
292
329
307
354
354

0.0903
-0.9911
0.1200
2.0300
-2.5900
-1.8200
292
330
309
354
354

0.0864
-0.9862
0.1298
1.0500
-3.2200
-2.5900
291
331
309
354
354

0.0874
-0.9862
0.1176
1.8900
-3.9900
-1.6100
293
330
309
353
353

0.1010
-0.9887
0.1083
2.5200
-3.3600
-3.1500
293
331
308
354
355

0.0932
-0.9955
0.1254
2.7300
-3.9200
-2.5200
293
330
309
354
355

0.0991
-0.9838
0.1342
4.4100
-3.2200
-1.8900
292
330
308
353
354

0.0859
-0.9853
0.1259
3.8500
-3.4300
-4.4800
293
331
310
353
354

0.0917
-0.9858
0.1259
4.9700
-2.4500
-1.8900
293
330
310
353
354

0.0791
-0.9945
0.1225
5.4600
-3.1500
-3.9900
294
331
310
354
355

0.0883
-0.9887
0.1401
4.0600
-5.1100
-2.8700
294
331
311
355
355

0.0893
-0.9902
0.1357
0.7000
-1.7500
-2.1700
297
332
310
355
355

0.0786
-0.9887
0.1322
21.1400
-3.2200
-7.8400
298
335
314
356
356

0.0932
-0.9950
0.1474
23.6600
-4.1300
-12.6700
312
342
321
362
362

0.1088
-0.9770
0.1932
59.1500
-5.8100
-13.9300
339
360
352
381
381

0.1420
-0.9506
0.3250
79.4500
-13.2300
-18.4100
361
379
389
408
408

0.1381
-0.9350
0.3621
66.7100
-27.0200
-27.1600
384
398
430
437
437

0.2255
-0.8291
0.4548
64.8900
-7.0700
-12.6000
402
423
466
465
465

0.2284
-0.7842
0.5163
48.7900
-7.8400
-16.5900
414
443
493
488
488

0.2816
-0.8057
0.6520
37.4500
7.9100
-8.2600
427
461
512
505
505

0.2289
-0.6285
0.6393
23.1700
-7.9100
-4.0600
436
475
520
514
514

0.2508
-0.7379
0.6451
0.6300
0.7700
-2.7300
440
481
524
519
519

0.2303
-0.7286
0.6490
17.0800
-7.4200
-0.4200
442
485
527
523
523

0.2172
-0.7442
0.6871
7.4900
-7.0000
1.4700
446
489
529
525
525

0.2191
-0.7344
0.6637
6.9300
-5.1100
-1.6100
448
491
529
526
526

0.2157
-0.7061
0.6769
3.4300
-4.5500
-0.9800
448
492
529
528
528

0.2216
-0.7613
0.5768
6.3700
-1.9600
-0.2100
448
494
532
529
529

0.2313
-0.7257
0.6656
-3.7800
-2.3800
-2.0300
448
495
531
530
530

0.2162
-0.7139
0.6573
-1.9600
-0.7700
-2.7300
447
496
531
531
531

0.2225
-0.7237
0.6608
-1.1900
-4.0600
-1.5400
448
496
532
530
530

0.2259
-0.7052
0.7032
5.1100
-7.2100
-0.6300
448
497
531
530
530

0.2045
-0.7213
0.6617
-1.0500
-3.2900
-1.4700
448
497
532
530
530

0.2152
-0.7222
0.6637
-1.8900
-3.2900
-2.5900
448
498
531
531
531

0.2137
-0.7218
0.6564
-2.2400
-2.8000
-2.7300
448
497
531
531
531

0.2269
-0.7296
0.6583
-1.3300
-4.5500
-3.1500
448
497
531
531
531

0.2113
-0.7218
0.6627
1.2600
-6.6500
-3.2900
448
497
531
532
532

0.2157
-0.7296
0.6705
-8.6800
-4.3400
-0.6300
448
497
531
531
532

0.2094
-0.7340
0.6539
-39.9000
-1.4000
9.0300
447
496
530
532
532

0.2255
-0.8028
0.5973
-62.3000
-7.8400
10.2900
444
488
529
530
530

0.1723
-0.8486
0.5153
-58.1000
6.9300
9.0300
438
469
522
526
526

0.1508
-0.9340
0.4241
-73.5700
20.4400
7.8400
430
450
507
517
517

0.1059
-0.9672
0.3050
-68.1100
11.5500
16.2400
425
433
474
493
494

0.0786
-0.9399
0.2079
-46.9000
9.3100
14.8400
409
409
430
463
463

0.0761
-0.9184
0.1523
-52.9200
-0.7000
3.7100
387
391
402
440
441

0.0781
-0.9765
0.0898
-38.3600
-8.1900
0.2100
364
385
394
430
431

0.0522
-0.9902
0.0327
-22.1200
-4.3400
5.8800
332
379
394
427
428

0.0293
-1.0131
-0.0059
-16.6600
-3.7100
1.9600
312
370
389
424
424

0.0478
-0.9780
-0.0137
-14.7700
16.2400
3.6400
297
361
374
413
413

0.0190
-0.9838
-0.0478
-16.1700
0.5600
4.6900
285
352
355
399
400

0.0044
-0.9814
-0.0678
-21.9800
4.9000
3.9200
278
345
341
388
388

-0.0190
-0.9784
-0.0898
-10.3600
-0.4200
-2.9400
276
339
329
378
379

-0.0161
-0.9877
-0.0976
-6.3000
-1.4700
1.1900
274
335
319
370
370

-0.0142
-0.9770
-0.1074
-4.4800
-0.4900
-0.0700
275
331
311
363
364

0.0024
-0.9750
-0.1391
-0.2800
-1.4700
1.2600
274
327
306
358
358

-0.0049
-0.9823
-0.1386
0.8400
-2.4500
-3.3600
274
324
302
355
355

-0.0068
-0.9828
-0.1298
2.1000
-5.1800
-5.0400
275
326
301
352
352

-0.0020
-1.0014
-0.1410
-1.1900
-6.7900
-4.9000
274
325
302
352
352

-0.0044
-0.9897
-0.1523
-2.3100
-5.3900
-6.6500
272
327
302
352
352

0.0093
-0.9804
-0.1606
0.7000
-5.5300
-8.4000
274
326
303
351
351

0.0195
-1.0004
-0.1484
1.8900
-5.8100
-7.1400
275
328
303
350
352

0.0244
-0.9931
-0.1527
-5.3200
-3.7100
-5.6700
275
329
303
352
352

0.0185
-0.9711
-0.1474
-4.1300
-3.9900
-2.1700
276
331
305
353
354

0.0078
-0.9760
-0.1747
-1.7500
-4.2700
-3.2200
277
330
306
353
354

0.0351
-0.9804
-0.1742
2.0300
-5.1800
-4.0600
278
331
307
353
353

0.0268
-0.9740
-0.1757
0.3500
-5.1100
-3.4300
276
331
307
354
354

0.0278
-0.9823
-0.1942
2.6600
-4.4100
-4.9700
278
331
308
354
354

0.0239
-0.9877
-0.1757
3.2900
-3.5000
-4.2700
277
332
309
354
354

0.0390
-0.9936
-0.1649
1.4000
-5.2500
-2.9400
278
331
309
354
356

0.0239
-0.9794
-0.1776
1.2600
-4.2000
-5.6000
279
332
309
355
355

0.0351
-0.9814
-0.1825
1.0500
-4.2000
-4.2000
278
332
310
355
355

0.0327
-0.9838
-0.1747
2.8700
-4.7600
-4.5500
279
332
309
355
356

0.0283
-0.9828
-0.1962
2.9400
-7.7000
-7.2800
279
332
310
354
355

0.0405
-0.9892
-0.1732
7.0700
-8.7500
-7.9800
279
333
309
355
355

0.0390
-0.9945
-0.1752
-0.2800
-8.1200
-4.6900
277
333
310
355
355

0.0386
-0.9736
-0.1625
-0.2100
-6.7200
1.3300
278
333
312
356
357

0.0190
-0.9828
-0.1835
0.9100
-5.1800
-1.8200
280
335
313
357
356

0.0346
-0.9877
-0.1942
7.1400
-3.6400
-4.7600
282
336
317
360
361

0.0351
-0.9902
-0.1884
19.3200
0.7000
-16.3100
291
342
327
367
367

0.0673
-0.9496
-0.0991
37.6600
-7.4200
-8.2600
310
353
348
380
380

0.0395
-0.9228
0.0151
69.4400
-8.1900
-5.8100
332
368
372
397
397

0.0298
-0.9692
0.1118
91.9100
-14.7000
-5.0400
352
381
396
415
415

0.0234
-0.9911
0.2323
52.7800
-21.4900
-17.4300
365
395
418
432
432

0.2391
-0.9887
0.2494
71.4000
-26.9500
-11.6900
381
405
442
451
451

0.1288
-0.9511
0.3323
42.2100
-21.4200
-17.7800
390
411
451
460
460

0.1757
-0.9340
0.3684
18.5500
-16.2400
-14.0700
394
417
458
468
468

0.1869
-0.9355
0.3592
25.0600
-8.7500
-16.3800
406
433
481
484
484

0.1405
-0.9072
0.4221
21.7000
5.1800
-9.4500
419
450
503
499
499

0.1669
-0.9453
0.4455
-4.4100
5.1800
-12.3200
430
469
517
512
512

0.1723
-0.9062
0.4153
5.0400
-1.2600
-4.4100
437
480
526
519
519

0.1728
-0.8838
0.4436
17.0100
1.1900
-4.5500
444
488
528
523
523

0.1532
-0.9902
0.4665
23.1000
-0.2100
-3.8500
448
495
528
525
525

0.1728
-0.8252
0.5056
23.2400
-3.5700
-5.3900
451
496
530
527
528

0.1630
-0.8316
0.5324
0.6300
-2.9400
-4.6200
452
497
531
528
528

0.1879
-0.8447
0.5441
-3.5700
-4.9700
-2.4500
453
498
532
529
529

0.1527
-0.8340
0.5144
-2.3800
-1.9600
-2.9400
451
499
531
530
529

0.1645
-0.8316
0.5187
-1.9600
-4.2700
-2.5900
451
500
531
532
531

0.1703
-0.8330
0.5114
1.2600
-5.2500
-1.8900
451
500
531
531
531

0.1630
-0.8335
0.5178
0.0000
-0.0700
-3.4300
452
498
531
531
531

0.1581
-0.8403
0.5251
-0.4200
-4.7600
-3.5000
450
499
531
531
531

0.1537
-0.8472
0.5305
0.7000
-2.8000
-3.3600
450
500
531
531
531

0.1610
-0.8340
0.5246
-1.3300
-4.1300
-3.8500
451
499
531
531
531

0.1674
-0.8457
0.5148
3.0800
-3.5700
-3.2200
450
501
531
532
532

0.1747
-0.8413
0.5187
2.0300
-4.9700
-3.9200
450
498
532
532
532

0.1718
-0.8452
0.5329
2.6600
-4.8300
-2.8000
450
500
531
531
531

0.1664
-0.8477
0.5104
2.0300
-3.8500
-3.4300
450
499
531
532
531

0.1649
-0.8457
0.5080
-7.4200
-3.1500
1.6800
449
498
531
531
532

0.1737
-0.8535
0.5022
4.8300
-3.5700
-3.2200
448
497
531
532
532

0.1571
-0.8638
0.5100
2.6600
-0.0700
-1.9600
449
498
532
531
531

0.1659
-0.8496
0.4997
2.5900
-0.7700
-1.7500
449
496
530
533
533

0.1552
-0.8452
0.5031
1.8900
-1.8900
-3.6400
449
495
530
531
531

0.1684
-0.8438
0.4992
2.3100
0.0700
-3.0800
448
496
529
531
531

0.1523
-0.8452
0.5090
-0.0700
1.2600
-3.6400
447
495
530
468
466

0.1420
-0.8316
0.5090
1.9600
-3.5000
-4.8300
447
494
530
508
508

0.1488
-0.8520
0.4978
-2.8700
-1.0500
-7.0000
447
495
529
508
508

0.1547
-0.8276
0.4856
8.7500
-0.2800
-7.2100
446
492
529
523
524

0.1737
-0.8296
0.5407
16.5200
-1.5400
-9.3100
446
492
528
527
527

0.1972
-0.8594
0.5695
10.8500
-2.1000
-5.6000
446
491
528
530
530

0.1830
-0.8369
0.5529
0.7700
0.6300
-4.9000
446
490
530
530
530

0.1820
-0.8194
0.5187
-1.4700
-7.4200
-5.0400
446
490
528
530
530

0.1713
-0.7998
0.5104
7.6300
2.5900
-2.1700
445
490
528
530
530

0.1391
-0.7749
0.4719
33.6000
9.7300
-9.3100
445
489
528
500
499

0.1230
-0.7769
0.5915
30.5900
14.0700
-11.6200
445
489
528
507
506

0.1381
-0.7447
0.6798
19.3900
4.7600
-15.4000
445
489
527
522
522

0.2079
-0.7335
0.6525
11.7600
-6.1600
-10.9900
445
488
527
502
502

0.2176
-0.7091
0.6876
32.9700
10.6400
-11.9000
444
488
527
481
477

0.1937
-0.6598
0.7476
41.5800
3.5700
-8.8200
445
488
527
508
507

0.1898
-0.6573
0.7701
25.3400
8.1900
-6.7900
445
487
528
451
451

0.1879
-0.6217
0.7837
21.1400
3.2900
-6.1600
445
487
526
451
453

0.1874
-0.6139
0.7891
13.7200
-1.3300
-6.5100
446
486
527
450
449

0.1752
-0.5856
0.8076
11.7600
-4.2700
-5.3900
444
487
528
449
450
