-0.0288
-0.9111
-0.4002
2.7300
-2.1700
-1.2600
449
498
529
468
467

-0.0244
-0.9082
-0.4036
2.1700
-4.0600
-3.5000
447
499
529
467
466

-0.0166
-0.9028
-0.4065
1.4700
-3.5000
-4.6200
446
499
529
466
467

-0.0122
-0.9062
-0.4011
3.1500
-3.9200
-3.4300
447
499
528
465
467

-0.0185
-0.9209
-0.3967
1.6800
-3.7800
-2.9400
447
499
529
466
466

-0.0224
-0.9150
-0.3938
2.7300
-4.5500
-3.2200
447
499
529
466
466

-0.0190
-0.9043
-0.4046
4.9700
-2.1700
-2.1700
447
499
529
466
466

-0.0185
-0.9170
-0.4011
5.3200
-1.3300
-3.1500
448
499
529
467
466

-0.0176
-0.9174
-0.3870
2.1000
-3.5000
-1.4700
447
499
530
466
466

-0.0259
-0.9204
-0.3894
1.9600
-1.1200
-3.2900
448
499
529
465
466

-0.0166
-0.9096
-0.4031
4.4100
-3.0800
-3.6400
447
499
530
466
465

-0.0107
-0.9209
-0.3850
4.0600
-4.4800
-2.8000
448
499
529
465
465

-0.0224
-0.9199
-0.3889
2.7300
-2.6600
-2.7300
448
498
529
467
465

-0.0210
-0.9126
-0.3870
1.8900
-3.2900
-3.0800
448
499
529
465
465

-0.0117
-0.9199
-0.3899
1.8900
-4.5500
-3.1500
446
500
529
467
465

-0.0195
-0.9096
-0.3928
0.9800
-3.8500
-3.7100
449
498
529
465
466

-0.0210
-0.9062
-0.3889
3.9900
-2.4500
-4.1300
447
499
529
465
465

-0.0127
-0.9292
-0.3836
3.0100
-3.5000
-3.2900
447
498
529
464
465

-0.0176
-0.9189
-0.3767
3.3600
-2.9400
-2.5900
447
498
529
464
464

-0.0102
-0.9121
-0.3884
6.0200
1.4000
-0.6300
447
498
529
466
464

-0.0054
-0.8999
-0.3714
12.2500
4.6200
2.3800
447
498
531
463
463

-0.0181
-0.9282
-0.3518
11.6200
-3.2200
-4.6200
447
498
528
462
461

-0.0215
-0.9321
-0.3816
36.4000
-9.4500
5.6700
447
499
529
460
460

-0.0244
-0.9384
-0.3211
7.7700
0.7000
2.1000
447
499
529
458
458

-0.0161
-0.9189
-0.3099
15.4700
-0.5600
0.2100
446
499
529
456
456

-0.0176
-0.9550
-0.2650
14.3500
5.2500
2.4500
446
497
528
455
453

-0.0205
-0.9614
-0.2630
11.2000
2.0300
1.2600
446
497
529
453
454

-0.0415
-0.9687
-0.2469
12.0400
0.4900
1.1900
446
497
529
452
453

-0.0376
-0.9726
-0.2435
11.4100
-0.4200
3.0100
447
497
528
452
452

-0.0537
-0.9721
-0.2308
11.7600
-1.6100
1.4700
446
497
528
452
451

-0.0542
-0.9648
-0.2113
3.5000
-10.6400
-5.1800
447
497
529
449
449

-0.0649
-0.9804
-0.2103
8.6800
-9.0300
-0.7000
446
498
529
448
448

-0.0508
-0.9662
-0.1913
18.6200
15.1200
0.8400
444
498
529
447
447

-0.0625
-0.9604
-0.1630
12.6700
0.9100
1.6800
445
497
528
446
446

-0.0571
-0.9745
-0.1488
0.8400
-1.0500
-2.7300
445
497
529
446
446

-0.0747
-0.9828
-0.1547
7.5600
-8.5400
-3.3600
444
498
530
446
446

-0.0708
-0.9853
-0.2484
4.9700
-9.5200
-1.4700
443
496
527
445
446

-0.0810
-0.9858
-0.1362
1.9600
-11.2700
-5.3200
444
497
528
446
445

-0.0869
-0.9794
-0.1401
1.8900
-7.5600
-4.7600
445
497
528
445
445

-0.0810
-0.9770
-0.1376
0.4900
-1.6100
-3.1500
445
497
528
445
444

-0.0825
-0.9662
-0.1396
0.4200
-2.7300
-2.5900
444
498
528
445
446

-0.0717
-0.9804
-0.1322
-0.2100
-7.0700
-4.1300
444
497
528
445
445

-0.0708
-0.9799
-0.1357
-0.4200
-0.9800
-4.4100
444
497
528
446
446

-0.0791
-0.9853
-0.1469
0.5600
-3.2200
-3.0100
443
497
528
447
447

-0.0800
-0.9721
-0.1464
-1.3300
-5.3900
-2.8700
444
497
528
446
446

-0.0717
-0.9916
-0.1435
2.8700
3.9900
-2.2400
443
497
528
446
446

-0.0727
-0.9740
-0.1474
0.3500
-2.4500
-2.1700
444
496
528
447
446

-0.0864
-0.9775
-0.1508
6.3700
-2.1000
-4.0600
444
497
527
446
445

-0.0688
-0.9745
-0.1381
7.2800
0.4900
-2.8000
443
496
527
446
446

-0.0590
-0.9936
-0.1318
-0.1400
-5.2500
-2.4500
444
498
529
445
445

-0.0722
-1.0185
-0.1371
-2.6600
-10.1500
-3.3600
444
497
529
447
448

-0.0815
-1.0038
-0.1586
-4.8300
-10.3600
-4.4100
444
497
529
449
450

-0.0712
-0.9745
-0.1591
3.1500
-6.1600
-5.3900
445
496
528
452
452

-0.0542
-0.9882
-0.1405
-0.2100
-0.9100
-3.4300
445
497
527
454
452

-0.0669
-0.9706
-0.1508
-8.4000
-6.8600
-4.8300
444
496
528
453
454

-0.0625
-0.9867
-0.1659
-1.8200
-7.2100
-3.3600
447
496
527
454
454

-0.0571
-1.0092
-0.1688
-2.6600
-8.4000
-2.8000
445
497
528
456
454

-0.0693
-0.9736
-0.1718
-5.9500
-14.7700
-5.0400
447
496
527
455
455

-0.0717
-0.9819
-0.1962
-5.1800
-8.9600
-2.9400
446
496
527
456
456

-0.0654
-0.9745
-0.2025
-12.3200
-13.0200
-5.1100
446
496
528
457
456

-0.0698
-0.9672
-0.2250
-6.1600
-12.6000
-6.4400
446
496
528
457
458

-0.0703
-0.9692
-0.2313
-4.8300
-11.6200
-4.8300
446
496
529
459
459

-0.0581
-0.9682
-0.2567
-2.3100
-8.4700
-5.0400
447
496
528
460
461

-0.0512
-0.9731
-0.2479
-1.2600
-5.2500
-2.3100
447
497
528
461
460

-0.0551
-0.9662
-0.2469
0.5600
-2.5900
-3.5700
446
496
527
460
460

-0.0512
-0.9589
-0.2572
2.4500
-0.9800
-3.0800
447
498
528
462
459

-0.0464
-0.9706
-0.2484
3.2200
-3.0100
-2.6600
446
497
530
461
462

-0.0512
-0.9560
-0.2494
1.3300
-2.3100
-2.5900
446
497
528
460
462

-0.0493
-0.9628
-0.2489
1.5400
-4.2000
-3.9900
446
496
528
460
461

-0.0542
-0.9560
-0.2484
-1.6100
-7.2100
-5.6700
446
498
528
460
462

-0.0581
-0.9540
-0.2650
1.6800
-8.5400
-5.3900
447
496
528
461
460

-0.0381
-0.9594
-0.2562
5.8800
-2.5900
-1.2600
445
497
528
460
460

-0.0468
-0.9633
-0.2547
0.7700
-1.5400
-2.1000
446
497
530
460
460

-0.0581
-0.9560
-0.2362
2.3100
-8.6800
-2.8700
447
497
529
461
462

-0.0678
-0.9482
-0.2401
-4.9700
-15.7500
-9.1700
445
499
527
463
462

-0.0747
-0.9648
-0.2640
-2.5900
-3.9200
0.6300
446
499
528
463
463

-0.0464
-0.9740
-0.2679
4.6900
5.3900
5.1800
447
497
528
464
464

-0.0639
-0.9531
-0.2484
4.5500
3.7800
3.0100
446
497
528
464
463

-0.0834
-0.9614
-0.2464
4.9700
3.2200
-0.1400
446
497
530
465
463

-0.0434
-0.9740
-0.2294
16.7300
-4.9700
-1.4700
447
496
527
461
461

-0.0454
-0.9789
-0.2059
13.1600
-7.8400
-2.1700
446
497
528
460
461

-0.0576
-0.9775
-0.1810
12.1800
-5.6000
-2.9400
445
497
528
460
459

-0.0610
-0.9740
-0.1625
14.9100
-4.0600
-2.3800
443
497
528
458
458

-0.0849
-0.9770
-0.1547
3.7100
-5.3900
-5.2500
444
497
528
458
460

-0.0708
-0.9823
-0.1576
2.8700
-3.2900
-4.8300
444
498
528
458
459

-0.0566
-0.9882
-0.1552
7.0700
-0.9100
-3.0800
444
496
527
458
458

-0.0732
-0.9916
-0.1596
2.4500
-3.9900
-3.1500
444
497
528
457
458

-0.0669
-0.9921
-0.1581
2.7300
-2.1000
-2.4500
445
497
527
458
458

-0.0586
-0.9906
-0.1542
1.4700
-1.5400
-2.7300
444
497
528
457
457

-0.0566
-0.9755
-0.1508
1.8900
-2.8000
-3.3600
444
497
528
457
456

-0.0537
-0.9828
-0.1523
3.6400
-2.5200
-3.3600
444
497
529
457
456

-0.0581
-0.9911
-0.1581
1.2600
-4.4100
-2.8700
444
499
527
456
456

-0.0600
-0.9862
-0.1508
3.0800
-3.2900
-3.6400
444
497
529
456
455

-0.0595
-0.9862
-0.1654
2.5900
-3.7100
-3.0100
444
496
527
456
456

-0.0512
-0.9848
-0.1503
3.2200
-3.9200
-3.1500
444
498
528
455
455

-0.0610
-0.9872
-0.1508
1.4000
-3.1500
-3.2900
444
497
527
455
455

-0.0630
-0.9828
-0.1527
-0.7700
-3.5000
-2.8000
444
497
528
455
456

-0.0576
-0.9750
-0.1669
-4.8300
-6.5100
-3.2200
444
497
528
457
456

-0.0630
-0.9662
-0.1752
2.9400
-3.3600
-3.5700
445
497
527
457
456

-0.0537
-0.9833
-0.1752
-4.5500
-3.1500
-2.8000
444
497
529
458
458

-0.0664
-0.9667
-0.1688
2.5900
-3.2200
-2.5200
444
497
528
458
459

-0.0600
-0.9887
-0.1810
6.0200
1.4000
-5.1800
445
497
527
458
460

-0.0454
-0.9794
-0.1869
7.4900
3.7100
0.3500
445
496
528
461
461

-0.0590
-0.9745
-0.1488
4.5500
1.1900
-1.2600
445
496
528
460
460

-0.0522
-0.9760
-0.1625
-3.9900
-5.2500
-2.8000
445
497
527
461
461

-0.0522
-0.9862
-0.1957
-1.4000
-5.1800
-1.3300
446
497
528
461
461

-0.0537
-0.9697
-0.1820
-2.2400
-9.3800
-2.4500
446
496
529
462
462

-0.0454
-0.9736
-0.1850
-1.6800
-8.6100
-3.2900
446
497
527
461
461

-0.0581
-0.9780
-0.1845
-1.4000
-15.6100
-5.1100
447
497
529
463
463

-0.0620
-0.9780
-0.2094
-17.8500
-16.1000
-5.2500
447
496
527
463
463

-0.0586
-0.9623
-0.2118
-0.8400
-8.3300
-6.5100
447
497
528
464
464

-0.0581
-0.9662
-0.2372
4.2000
-4.9000
-5.2500
448
497
528
465
465

-0.0478
-0.9643
-0.2172
3.5700
-4.4800
-3.2900
447
497
528
465
464

-0.0586
-0.9736
-0.2142
-1.8200
-4.5500
-3.0800
449
497
529
465
465

-0.0586
-0.9784
-0.2176
0.8400
-3.0800
-1.7500
447
497
528
465
465

-0.0639
-0.9658
-0.2274
4.0600
-2.3800
-2.9400
446
497
528
465
465

-0.0625
-0.9628
-0.2269
3.0800
-3.7100
-2.1000
447
497
528
465
464

-0.0483
-0.9658
-0.2245
1.3300
-7.2800
-3.2200
446
497
528
465
464

-0.0483
-0.9775
-0.2181
1.3300
-7.2100
-3.7100
448
499
528
464
464

-0.0547
-0.9780
-0.2230
3.9900
-7.4200
-4.1300
448
498
528
464
464

-0.0605
-0.9701
-0.2176
2.8000
-6.6500
-2.1000
447
497
528
462
463

-0.0800
-0.9643
-0.2133
8.6800
-5.9500
-2.5200
448
497
528
463
463

-0.0683
-0.9628
-0.2059
15.3300
0.4200
-3.0800
447
498
528
461
461

-0.0429
-1.0014
-0.1566
26.7400
4.2700
-1.8200
447
497
529
459
459

-0.0259
-0.9799
-0.2118
13.2300
0.7700
-3.2200
447
497
528
459
458

-0.0517
-0.9594
-0.1293
17.1500
6.6500
-2.5200
447
497
528
458
458

-0.0551
-1.0033
-0.1191
21.4200
17.0100
-1.2600
448
498
528
456
456

-0.0595
-0.9926
-0.1366
11.4100
16.2400
-0.4900
446
498
528
455
456

-0.0630
-1.1239
-0.1113
12.4600
5.0400
-1.1900
447
497
528
455
455

-0.0630
-0.9853
-0.0878
8.2600
3.7100
-1.7500
446
500
527
454
454

-0.0508
-0.9848
-0.1005
8.0500
6.5800
-1.4700
446
498
528
453
455

-0.0752
-0.9833
-0.0810
4.3400
-2.2400
-1.8900
446
498
528
451
451

-0.0859
-0.9980
-0.0986
3.2900
-1.8200
-4.3400
446
497
528
450
451

-0.0864
-0.9858
-0.0805
-1.0500
-13.3700
-3.1500
445
498
528
449
449

-0.1025
-0.9965
-0.0893
8.7500
-16.3100
-4.5500
446
498
529
450
450

-0.0820
-0.9862
-0.0693
-0.5600
-8.3300
-2.5200
445
497
528
451
451

-0.0766
-0.9984
-0.0834
-5.1100
-8.1900
-2.5900
446
498
528
452
452

-0.0849
-0.9931
-0.0927
-6.7200
-8.4000
-4.7600
445
498
528
454
452

-0.0839
-0.9833
-0.1069
-0.9100
-6.5800
-5.2500
444
498
527
453
453

-0.0717
-0.9877
-0.1078
-2.3100
-6.3000
-4.0600
445
498
528
453
453

-0.0815
-0.9872
-0.1142
-1.1900
-6.2300
-3.1500
445
498
527
452
453

-0.0756
-0.9984
-0.1147
1.8900
-7.0000
-3.9900
445
498
527
453
453

-0.0693
-0.9799
-0.1098
1.4700
-7.0700
-4.4100
445
498
527
453
453

-0.0639
-0.9867
-0.1230
0.5600
0.4200
-3.3600
446
500
528
453
453

-0.0727
-0.9780
-0.1254
1.0500
-1.9600
-4.3400
445
499
528
453
453

-0.0669
-0.9775
-0.1127
0.9800
-5.0400
-2.5900
445
497
529
454
452

-0.0810
-0.9828
-0.1186
-0.6300
-6.5100
-3.9200
446
498
527
453
453

-0.0761
-0.9750
-0.1191
-8.3300
-2.2400
-3.7800
446
498
527
455
456

-0.0712
-0.9731
-0.1591
5.7400
-1.4700
-5.1100
446
498
528
457
456

-0.0556
-0.9848
-0.1527
7.0700
-0.4900
-4.6200
448
498
528
458
458

-0.0581
-0.9980
-0.1366
2.1700
0.4200
-3.7100
447
497
527
458
459

-0.0620
-1.0004
-0.1366
1.5400
-5.5300
-3.4300
446
496
527
459
459

-0.0508
-0.9770
-0.1518
-0.3500
-4.6200
-2.1000
446
498
527
459
460

-0.0771
-0.9701
-0.1518
-1.6100
-2.5200
-3.2900
446
497
528
460
460

-0.0590
-0.9775
-0.1615
0.3500
-0.2800
-2.5200
446
497
527
460
459

-0.0683
-0.9867
-0.1591
-2.2400
-5.3200
-5.6000
447
497
527
460
460

-0.0420
-0.9945
-0.1767
-2.7300
-5.8100
-3.2200
447
498
527
461
462

-0.0566
-0.9809
-0.1820
3.7800
-2.8000
-3.7800
445
497
528
461
462

-0.0444
-0.9892
-0.1640
4.2700
-4.2700
-3.1500
446
497
527
460
460

-0.0547
-0.9862
-0.1684
3.1500
-2.5200
-2.8700
447
497
527
461
461

-0.0517
-0.9814
-0.1703
3.7800
-4.3400
-3.7800
445
496
528
461
461

-0.0493
-0.9726
-0.1684
2.8700
-1.4700
-4.6200
446
497
527
460
461

-0.0464
-0.9853
-0.1674
3.9900
-2.8700
-2.8700
446
498
527
461
460

-0.0468
-0.9862
-0.1606
6.0900
-1.4700
-4.0600
446
497
527
460
461

-0.0468
-0.9945
-0.1718
10.2200
-5.7400
-5.9500
446
497
527
460
460

-0.0415
-0.9794
-0.1288
5.2500
-3.2200
-3.7800
445
497
527
460
460

-0.0288
-0.9877
-0.1322
7.9800
10.5700
0.4200
447
497
527
459
459

-0.0678
-0.9804
-0.1161
7.4900
3.2200
-0.3500
446
498
528
459
458

-0.0669
-0.9994
-0.1147
4.0600
0.4900
-2.3800
446
497
528
458
458

-0.0561
-0.9984
-0.1176
0.7000
-3.8500
-2.7300
446
497
528
458
458

-0.0468
-0.9902
-0.1181
2.8700
-3.0800
-3.9200
446
498
527
458
457

-0.0556
-0.9892
-0.1118
6.5100
-3.9900
-2.6600
446
498
527
458
458

-0.0522
-0.9872
-0.0986
5.5300
-4.6200
-0.3500
446
497
528
458
458

-0.0786
-0.9838
-0.1020
1.8900
-6.5100
-3.2200
446
497
527
457
457

-0.0600
-0.9862
-0.1054
0.7700
-6.0200
-2.3800
446
497
527
456
456

-0.0551
-0.9906
-0.1054
2.3100
-3.2200
-2.3100
445
497
527
456
457

-0.0512
-0.9989
-0.1083
2.9400
-3.0100
-2.5200
446
499
527
454
455

-0.0571
-0.9941
-0.1020
3.7800
-2.3800
-2.9400
446
497
527
454
453

-0.0795
-0.9921
-0.1035
3.7800
-7.0700
-3.9200
446
497
527
453
454

-0.0522
-0.9975
-0.0947
1.1200
-4.5500
-4.1300
446
499
527
454
456

-0.0634
-0.9843
-0.0961
1.5400
-4.1300
-3.7800
446
498
527
454
454

-0.0459
-0.9916
-0.1005
0.7700
-5.1100
-4.3400
446
497
527
455
454

-0.0566
-0.9931
-0.1035
0.9100
-5.3900
-2.8700
446
497
526
455
455

-0.0517
-0.9936
-0.0996
-0.7000
-3.2200
-2.1000
445
497
528
455
455

-0.0547
-0.9780
-0.1157
-1.6800
-8.1200
-3.7800
445
497
529
457
456

-0.0547
-0.9823
-0.1147
2.8000
-5.0400
-2.5900
446
496
527
457
456

-0.0542
-0.9975
-0.1093
0.2100
-4.6200
-2.1700
446
497
527
456
456

-0.0703
-0.9906
-0.1098
1.4700
-3.7800
-3.1500
447
497
527
456
456

-0.0600
-0.9902
-0.1230
1.0500
4.6200
-7.8400
445
497
527
456
456

-0.0493
-0.9955
-0.1069
-0.3500
0.5600
-3.6400
446
497
527
456
456

-0.0478
-0.9867
-0.1249
0.7000
-3.3600
-3.2200
444
496
527
456
457

-0.0439
-0.9877
-0.1152
1.9600
-3.0100
-3.1500
445
497
527
455
457

-0.0449
-0.9618
-0.1196
-15.4700
3.2900
-2.6600
444
496
527
455
455

-0.0493
-0.9701
-0.1728
4.3400
-5.2500
-6.5100
446
497
527
456
456

-0.0273
-0.9941
-0.1571
6.8600
-6.9300
-3.9200
444
497
527
459
457

-0.0415
-0.9819
-0.1479
2.8000
-1.6800
-3.0800
446
496
527
458
460

-0.0405
-0.9902
-0.1401
1.7500
0.9100
-2.7300
445
496
528
458
458

-0.0371
-0.9892
-0.1498
1.5400
-0.5600
-3.7100
446
496
527
458
458

-0.0322
-0.9867
-0.1557
0.9100
-2.5200
-2.6600
445
496
527
458
459

-0.0376
-0.9755
-0.1547
1.1900
-4.0600
-4.1300
445
496
527
459
459

-0.0473
-0.9862
-0.1552
-0.5600
-2.1000
-3.4300
445
496
526
460
459

-0.0420
-0.9872
-0.1566
0.0000
-2.4500
-3.2900
444
496
526
458
460

-0.0488
-0.9804
-0.1591
-2.8000
-2.8000
-5.6700
444
496
527
459
459

-0.0346
-0.9599
-0.1698
-0.7000
-6.1600
-4.2000
445
495
526
458
459

-0.0415
-0.9784
-0.1708
2.1700
-5.3900
-3.9200
445
496
528
459
459

-0.0395
-0.9823
-0.1669
0.6300
-4.8300
-4.6900
444
496
527
459
459

-0.0376
-0.9750
-0.1752
2.5200
-2.8700
-3.6400
446
496
527
459
459

-0.0415
-0.9804
-0.1669
0.0000
-3.0800
-2.6600
444
496
527
459
461

-0.0288
-0.9799
-0.1659
2.3800
-2.4500
-3.3600
444
496
527
459
459

-0.0254
-0.9945
-0.1703
4.8300
-2.4500
-3.0100
444
496
527
459
460

-0.0439
-0.9799
-0.1620
3.0100
-4.7600
-1.3300
444
496
527
459
459

-0.0244
-0.9892
-0.1674
2.7300
-1.8900
-2.8700
444
497
527
458
459

-0.0459
-0.9858
-0.1625
8.4000
-4.1300
-0.5600
443
497
526
459
459

-0.0298
-0.9770
-0.1435
7.1400
-12.6700
1.6800
444
497
527
457
458

-0.0615
-0.9916
-0.1571
2.8700
-11.6900
0.4200
444
498
527
458
458

-0.0508
-0.9921
-0.1459
7.0000
-6.6500
-1.5400
445
496
527
457
458

-0.0659
-0.9862
-0.1469
7.9100
-2.1000
-2.1700
444
496
527
457
457

-0.0620
-0.9877
-0.1318
1.9600
-1.6800
-1.2600
443
497
527
456
457

-0.0664
-0.9858
-0.1396
1.5400
3.0100
-0.3500
443
498
527
456
456

-0.0649
-0.9892
-0.1327
2.3100
1.7500
-2.3800
443
496
527
454
456

-0.0678
-0.9872
-0.1288
3.1500
-4.4100
-1.9600
443
496
527
453
453

-0.0727
-0.9931
-0.1327
3.5700
-7.0000
-3.3600
442
496
526
451
454

-0.0420
-0.9833
-0.1313
3.9900
-4.8300
-1.8900
442
494
526
451
451

-0.0727
-0.9760
-0.1347
1.0500
-4.4100
-3.2900
442
494
526
449
449

-0.0839
-0.9882
-0.1235
4.3400
-3.3600
-2.7300
442
495
526
449
449

-0.0908
-0.9740
-0.1157
4.9000
-3.5000
-3.9200
442
494
526
449
448

-0.0625
-0.9936
-0.1074
-0.0700
-4.9000
-3.3600
442
494
527
448
448

-0.0654
-0.9950
-0.1118
1.8200
-4.6200
-3.3600
441
495
526
448
447

-0.0781
-0.9862
-0.1142
1.7500
-5.1800
-2.5200
442
494
528
448
449

-0.0722
-0.9960
-0.1210
3.0800
-5.8100
-3.2900
441
494
526
449
449

-0.0712
-0.9872
-0.1113
0.5600
-5.6700
-3.2900
441
494
527
449
450

-0.0786
-1.0111
-0.1171
1.8200
-3.7100
-4.6200
442
494
526
449
449

-0.0678
-0.9833
-0.1220
1.8200
-2.2400
-2.7300
442
493
527
450
451

-0.0708
-0.9858
-0.1127
0.2800
-2.2400
-2.9400
442
494
527
450
450

-0.0747
-0.9833
-0.1191
0.9100
-2.0300
-2.9400
441
494
526
449
450

-0.0615
-0.9872
-0.1279
1.8900
-3.8500
-3.0100
442
493
526
449
450

-0.0615
-0.9848
-0.1191
1.4700
-3.4300
-2.2400
442
494
526
451
451

-0.0693
-0.9848
-0.1210
1.4000
-1.9600
-2.5200
442
494
527
451
450

-0.0781
-0.9887
-0.1362
2.3800
-2.9400
-2.5900
443
494
526
450
450

-0.0800
-0.9843
-0.1269
3.0100
-4.2700
-3.2900
442
494
526
449
449

-0.0712
-0.9843
-0.1249
1.1200
-3.9200
-2.9400
441
494
526
451
449

-0.0786
-0.9843
-0.1298
1.6800
-4.6200
-2.6600
442
494
526
450
449

-0.0698
-0.9887
-0.1215
1.1200
-3.8500
-3.1500
442
494
526
448
450

-0.0771
-0.9887
-0.1288
-0.2800
-2.9400
-2.9400
442
494
526
449
450

-0.0737
-0.9809
-0.1293
-0.9800
0.6300
-1.1200
442
494
526
450
450

-0.0708
-0.9931
-0.1610
17.7800
8.3300
-0.7000
443
494
527
452
452

-0.0683
-0.9745
-0.1566
3.5700
2.4500
-3.2200
443
494
526
454
455

-0.0620
-0.9789
-0.1337
3.1500
-1.6100
-1.8900
443
494
526
456
456

-0.1074
-0.9823
-0.1498
-4.8300
-0.5600
-4.2000
443
494
526
456
456

-0.0312
-0.9872
-0.1391
-11.2700
-0.4900
-0.1400
443
494
526
458
456

-0.0678
-0.9692
-0.1757
-5.1100
2.5900
-0.2800
443
494
526
458
458

-0.0820
-0.9750
-0.1898
-1.1900
-4.0600
-4.5500
442
494
527
459
459

-0.0771
-0.9892
-0.1976
-1.6100
-9.8700
-3.3600
443
494
526
460
460

-0.0547
-0.9872
-0.2059
-1.6800
-9.3800
-0.4200
443
494
527
460
461

-0.0659
-0.9711
-0.2152
5.1100
-6.1600
-2.3100
442
494
527
461
461

-0.0644
-0.9633
-0.2050
5.2500
0.0700
-3.0800
443
494
526
460
461

-0.0722
-0.9853
-0.2142
6.3000
5.2500
-4.0600
443
493
527
460
460

-0.0708
-0.9848
-0.1952
10.4300
5.5300
-1.1900
442
495
528
460
460

-0.0649
-0.9770
-0.1908
10.9200
2.6600
-4.9700
443
493
527
460
460

-0.0576
-0.9848
-0.1742
8.6100
3.9200
-2.8700
442
495
527
461
459

-0.0903
-0.9843
-0.1713
6.6500
-1.6100
-8.4000
443
494
527
459
459

-0.0610
-0.9540
-0.1708
5.6700
-3.7800
-2.8700
443
495
527
461
459

-0.1215
-0.8916
-0.2157
11.6200
5.6000
-26.1800
445
495
526
458
458

-0.0220
-0.9501
-0.1215
31.9200
6.3000
-30.2400
444
494
527
459
459

0.0834
-0.9989
-0.0454
18.6200
-3.3600
-22.2600
444
494
527
458
458

0.0571
-0.9838
-0.0024
19.8100
10.2200
-14.4900
443
494
527
457
457

0.0312
-1.0307
-0.0156
16.2400
2.6600
-22.3300
444
495
527
456
456

0.1157
-1.0019
0.0337
12.6000
11.7600
-11.0600
444
494
527
455
455

0.1313
-1.0097
-0.0029
14.9800
11.6900
-9.9400
444
494
526
455
455

0.1908
-1.0238
0.0454
15.6100
0.9800
-0.3500
444
494
526
454
454

0.1649
-1.0146
0.0566
6.8600
-8.2600
1.6800
444
494
526
454
453

0.1118
-0.9867
0.0678
2.0300
-6.5100
3.0100
444
494
528
454
453

0.0659
-0.9872
0.0722
1.1900
-3.9200
-3.2200
445
494
527
453
453

0.0825
-0.9867
0.0547
2.1700
-3.0100
-6.6500
444
494
527
453
453

0.1210
-1.0043
0.0673
-3.5700
-8.6100
-5.6000
444
494
527
454
453

0.1293
-0.9941
0.0542
3.2200
-3.5000
-2.1000
444
493
526
454
453

0.1098
-0.9843
0.0522
4.6900
-3.7100
-1.2600
444
494
527
453
453

0.1083
-0.9960
0.0732
1.1200
-4.6200
-2.8000
446
493
526
454
452

0.1000
-0.9877
0.0600
1.1200
-3.9900
-4.7600
445
493
526
454
452

0.1098
-0.9897
0.0678
1.5400
-3.8500
-4.4800
444
494
526
453
453

0.1122
-0.9955
0.0630
3.1500
-3.9200
-4.1300
444
494
526
453
453

0.1108
-0.9955
0.0620
1.4000
-2.3800
-3.5000
444
494
527
453
452

0.1122
-0.9897
0.0634
3.1500
-3.0800
-2.7300
444
493
526
452
453

0.1235
-0.9936
0.0630
1.4700
-4.5500
-2.2400
443
494
527
453
453

0.1147
-0.9921
0.0673
1.0500
-3.7100
-3.2200
444
494
527
453
452

0.1054
-0.9916
0.0630
1.8900
-3.0100
-3.2900
444
494
527
453
452

0.1205
-0.9931
0.0620
2.8000
-3.3600
-2.5900
446
493
526
452
451

0.1186
-0.9804
0.0620
3.4300
-0.5600
-3.7800
445
494
527
452
452

0.1210
-0.9955
0.0717
1.6800
-3.7800
-3.3600
444
493
527
451
453

0.1215
-0.9916
0.0688
1.2600
-2.1700
-3.0800
444
494
526
452
452

0.1210
-0.9916
0.0708
1.9600
-6.3700
-3.1500
444
494
527
453
452

0.1244
-0.9926
0.0683
0.7700
-5.2500
-3.9200
443
494
526
452
453

0.1181
-0.9936
0.0542
2.4500
-5.8100
-3.7100
444
493
526
452
452

0.1200
-0.9931
0.0590
3.0800
-6.0900
-3.9200
444
494
526
452
452

0.1166
-1.0019
0.0752
3.9900
-3.9900
-3.4300
444
493
527
453
453

0.1171
-0.9989
0.0659
2.5900
-2.9400
-3.0800
444
493
526
452
452

0.1210
3.9996
0.0630
2.5900
-3.3600
-2.8700
444
493
526
451
452

0.1166
-0.9887
0.0595
2.9400
-2.2400
-3.0800
445
493
526
452
453

0.1337
-0.9955
0.0747
1.4700
-4.1300
-3.9200
444
495
527
452
451

0.1210
-0.9960
0.0698
1.6100
-4.0600
-3.9200
443
493
526
451
452

0.1279
-0.9916
0.0732
2.2400
-3.6400
-3.7100
444
493
526
454
452

0.1303
-0.9921
0.0727
1.1900
-3.9200
-4.0600
444
495
528
453
452

0.1240
-0.9921
0.0703
1.5400
-5.3200
-4.3400
444
494
526
452
452

0.1347
-0.9945
0.0722
2.7300
-4.3400
-3.9200
444
493
527
452
452

0.1249
-0.9916
0.0620
1.3300
-4.0600
-4.4100
444
493
526
452
452

0.1288
-0.9765
0.0590
5.3900
-4.7600
573.7200
441
489
522
448
449

0.1254
-0.9858
0.0688
5.8100
-3.4300
-9.1000
445
494
526
453
452

0.1415
-0.9775
0.0810
13.3700
-0.1400
-9.5200
443
493
528
452
452

0.1518
-0.9892
0.1181
7.0700
-4.1300
-14.4200
444
495
526
452
452

0.1518
-0.9511
0.1039
15.5400
-5.6000
-22.4700
445
494
526
451
451

0.2089
-0.9579
0.1981
10.9200
-6.5800
-26.7400
444
494
527
453
452

0.2425
-0.9565
0.1527
-28.0000
-7.0700
-27.9300
439
487
518
446
447
