0.0434
-0.9682
0.2796
2.2400
-4.2700
-3.0100
436
473
512
419
418

0.0361
-0.9623
0.2616
2.9400
-3.5700
-3.6400
435
473
512
419
419

0.0376
-0.9633
0.2772
1.8900
-3.2900
-3.7100
436
473
512
419
419

0.0454
-0.9618
0.2645
1.4700
-3.9900
-3.6400
436
473
513
419
419

0.0439
-0.9609
0.2640
3.0800
-4.9000
-2.9400
436
473
512
420
419

0.0400
-0.9638
0.2738
1.2600
-4.2700
-2.8000
436
472
512
419
419

0.0361
-0.9643
0.2752
2.2400
-3.7800
-3.1500
436
473
512
419
419

0.0405
-0.9618
0.2713
2.0300
-3.5700
-3.5000
436
475
511
419
419

0.0434
-0.9584
0.2772
2.1000
-4.3400
-2.9400
436
474
512
419
419

0.0395
-0.9594
0.2679
2.8000
-4.7600
-2.6600
436
474
512
418
419

0.0371
-0.9692
0.2801
1.9600
-4.8300
-3.0100
436
473
512
419
419

0.0332
-0.9633
0.2762
1.8200
-3.9900
-3.5700
436
474
512
421
419

0.0395
-0.9667
0.2699
2.5900
-3.0100
-2.8700
435
473
512
419
419

0.0473
-0.9614
0.2738
2.3100
-3.5700
-2.8000
437
473
512
419
419

0.0444
-0.9604
0.2762
1.5400
-4.1300
-2.5200
436
473
511
419
418

0.0342
-0.9633
0.2743
2.7300
-3.9200
-3.1500
435
473
512
419
420

0.0400
-0.9618
0.2694
1.8900
-4.0600
-3.1500
436
473
512
419
418

0.0400
-0.9672
0.2699
2.0300
-4.3400
-2.8700
435
473
512
420
419

0.0395
-0.9648
0.2733
2.2400
-4.5500
-2.8700
436
473
511
419
419

0.0376
-0.9653
0.2806
2.4500
-3.8500
-3.4300
436
473
512
419
419

0.0356
-0.9667
0.2796
1.8900
-3.8500
-3.4300
436
473
512
419
419

0.0425
-0.9648
0.2752
0.9100
-3.0800
-3.0800
437
473
511
418
419

0.0429
-0.9536
0.2704
2.1700
-3.6400
-3.1500
436
473
512
418
419

0.0410
-0.9682
0.2811
1.9600
-4.8300
-2.8000
437
473
512
419
419

0.0278
-0.9643
0.2747
1.9600
-3.8500
-3.0100
435
473
513
419
419

0.0376
-0.9682
0.2762
2.1000
-3.2900
-3.2200
435
473
511
419
419

0.0400
-0.9609
0.2728
2.0300
-3.6400
-3.0100
436
473
513
419
419

0.0429
-0.9545
0.2713
1.6100
-4.4100
-2.8700
437
473
512
418
419

0.0337
-0.9565
0.2777
2.2400
-3.5700
-3.1500
436
472
511
418
418

0.0395
-0.9599
0.2772
2.3800
-2.7300
-3.0100
436
473
512
419
419

0.0395
-0.9633
0.2743
0.9800
-3.5700
-3.2200
436
472
512
419
419

0.0473
-0.9623
0.2674
2.4500
-3.9900
-3.2200
436
473
513
419
420

0.0400
-0.9609
0.2869
1.6800
-4.5500
-3.0100
437
473
513
419
419

0.0381
-0.9545
0.2669
2.1700
-3.5000
-2.9400
436
473
512
419
419

0.0366
-0.9599
0.2767
2.4500
-3.7800
-3.2200
436
473
512
419
419

0.0395
-0.9618
0.2767
0.7700
-3.8500
-3.0100
436
474
512
420
419

0.0371
-0.9599
0.2689
2.5900
-3.2900
-3.4300
436
472
512
418
419

0.0351
-0.9594
0.2801
2.1000
-4.1300
-3.3600
436
473
511
419
419

0.0415
-0.9662
0.2757
1.5400
-4.4100
-2.8000
438
473
512
419
419

0.0317
-0.9618
0.2801
1.4700
-3.9900
-3.0800
436
473
511
419
419

0.0351
-0.9599
0.2806
1.3300
-3.2900
-3.0800
436
472
513
420
420

0.0415
-0.9614
0.2708
1.6800
-3.5000
-2.8000
437
473
512
419
419

0.0410
-0.9579
0.2767
2.8000
-3.5700
-2.7300
436
473
512
419
419

0.0371
-0.9643
0.2806
2.5900
-3.2900
-2.9400
436
473
512
419
420

0.0356
-0.9618
0.2689
1.6800
-3.9900
-3.0100
436
473
512
419
420

0.0361
-0.9599
0.2752
2.8000
-3.4300
-3.0800
436
473
512
419
419

0.0405
-0.9565
0.2694
1.7500
-3.5000
-2.8700
436
473
512
419
419

0.0337
-0.9623
0.2772
1.8200
-3.5000
-3.4300
436
473
512
419
418

0.0346
-0.9594
0.2796
1.6100
-4.0600
-3.7100
436
473
511
419
419

0.0390
-0.9633
0.2752
2.1700
-3.6400
-3.2200
436
473
512
420
419

0.0415
-0.9594
0.2782
2.0300
-3.7800
-3.2200
436
473
512
418
418

0.0361
-0.9633
0.2796
1.6100
-3.5000
-3.6400
436
473
512
418
418

0.0395
-0.9540
0.2743
1.1200
-3.7800
-3.3600
436
473
512
419
421

0.0459
-0.9594
0.2718
1.6100
-3.5700
-3.0100
435
473
512
419
421

0.0434
-0.9575
0.2713
1.6100
-4.1300
-2.8000
436
473
511
419
421

0.0449
-0.9638
0.2708
2.4500
-4.9000
-3.0100
436
473
512
419
420

0.0376
-0.9609
0.2786
1.9600
-4.0600
-2.8000
436
473
512
419
420

0.0415
-0.9609
0.2762
1.8200
-3.8500
-2.6600
436
473
512
419
420

0.0356
-0.9594
0.2689
1.6100
-3.6400
-2.7300
436
473
514
419
419

0.0478
-0.9618
0.2728
1.1200
-3.9900
-2.1000
436
473
512
420
422

0.0356
-0.9594
0.2835
-3.3600
-2.1700
-1.7500
436
473
512
421
420

0.0449
-0.9848
0.2850
-7.6300
-2.8700
-2.1000
436
473
512
421
420

0.0405
-0.9745
0.2362
-15.1200
-1.3300
-1.1900
436
473
512
424
423

0.0283
-0.9716
0.2094
-10.9900
3.6400
-1.0500
436
473
507
427
425

0.0122
-0.9799
0.1962
-10.9900
2.3800
-1.4700
436
473
505
427
427

0.0229
-0.9862
0.1928
-24.9200
-3.5000
-4.0600
437
472
497
424
424

0.0151
-0.9994
0.1293
-18.0600
-4.5500
-2.9400
436
469
486
417
418

0.0376
-0.9945
0.0976
-3.6400
2.1000
4.4800
435
464
469
409
408

0.0190
-1.0004
0.0825
-1.8200
-3.2900
5.2500
434
461
449
390
389

-0.0063
-0.9858
0.0854
9.8000
-6.8600
5.6000
431
455
428
370
369

-0.0181
-0.9867
0.0947
7.0700
-6.2300
-0.6300
425
443
408
347
348

-0.0049
-0.9589
0.1196
-2.0300
-6.0900
-2.1000
419
430
389
322
322

-0.0088
-0.9784
0.0722
-12.8800
-3.0800
-4.4800
412
417
372
302
300

-0.0327
-0.9662
0.0708
-5.3200
-4.9000
-6.3000
409
409
364
289
289

0.0063
-0.9936
0.0649
2.4500
-3.9900
-7.1400
407
404
358
281
281

0.0000
-0.9897
0.0732
0.9100
-7.2100
-7.0000
405
400
352
276
277

0.0122
-0.9911
0.0683
1.4000
0.4900
-6.2300
400
397
348
273
273

0.0098
-0.9936
0.0590
11.1300
0.9800
-4.3400
396
393
342
269
269

0.0195
-0.9823
0.1049
5.1800
0.9800
-4.4800
392
390
337
263
264

0.0063
-0.9955
0.0922
-2.5900
1.4000
-4.1300
388
384
330
260
260

0.0176
-0.9911
0.0947
-1.4000
5.8100
-3.4300
382
381
327
258
258

0.0351
-0.8111
0.1225
6.6500
2.3800
-4.8300
380
377
322
256
255

0.0224
-0.9970
0.0708
0.0700
-1.4700
-3.9900
380
378
325
257
256

0.0312
-0.9877
0.0761
0.3500
0.1400
-0.5600
375
377
327
259
258

0.0029
-0.9950
0.0834
1.6800
-2.5200
0.2100
374
378
329
260
260

0.0005
-1.0072
0.0815
-2.2400
-3.0100
-1.6800
372
379
330
261
261

-0.0078
-1.0024
0.0688
2.9400
-0.1400
-1.1900
372
377
333
263
262

-0.0029
-1.0146
0.0693
6.5100
-4.2000
-1.4000
371
378
333
264
264

0.0024
-1.0097
0.0693
5.2500
-3.7100
-1.0500
369
379
335
265
265

-0.0127
-1.0014
0.0703
2.3800
-2.4500
-1.6100
368
378
337
267
267

-0.0161
-1.0019
0.0761
1.4000
-3.2900
-3.5000
368
380
338
269
269

-0.0098
-0.9975
0.0708
2.6600
-5.0400
-3.2900
368
377
337
267
268

-0.0102
-1.0024
0.0634
2.3100
-2.5900
-2.9400
368
378
336
268
268

-0.0127
-0.9877
0.0722
1.4000
-5.2500
-3.9900
368
377
337
266
267

-0.0078
-0.9931
0.0815
0.6300
-4.6900
-4.0600
368
377
338
268
267

-0.0049
-0.9887
0.0703
4.8300
-3.4300
-3.7100
368
376
339
268
267

-0.0034
-0.9897
0.0727
1.1900
-3.5000
-3.0800
368
378
338
266
268

-0.0083
-0.9877
0.0732
2.3100
-3.3600
-3.0100
368
378
337
268
268

-0.0020
-0.9955
0.0722
3.9900
-2.6600
-2.7300
368
378
339
268
268

-0.0039
-0.9902
0.0747
2.5200
-4.1300
-3.1500
369
378
339
268
268

-0.0068
-1.0004
0.0844
1.6800
-2.5200
-1.8900
369
379
341
269
268

-0.0107
-0.9902
0.0883
-1.1200
-2.2400
-2.3800
370
382
342
270
269

-0.0156
-0.9950
0.0620
0.0700
-0.8400
-1.2600
368
382
345
273
271

-0.0034
-0.9882
0.0756
-0.7700
-2.0300
-1.4000
371
383
351
277
279

-0.0049
-0.9989
0.0508
-0.9800
-8.4000
0.0000
379
390
367
285
288

-0.0176
-1.0058
0.0551
3.6400
-1.8200
-0.9100
391
402
391
308
306

-0.0283
-0.9950
0.0576
-0.6300
-7.9800
-2.4500
403
417
429
338
338

-0.0151
-0.9872
0.0673
-0.2800
-8.6100
-3.5700
413
435
470
375
375

-0.0190
-0.9736
0.0615
-17.2900
-9.4500
-7.0700
423
451
499
418
418

-0.0137
-1.0326
0.0063
-11.5500
-10.2900
-2.9400
433
467
514
440
440

-0.0112
-1.0053
-0.0288
-18.6900
-3.4300
-7.7700
435
477
520
451
451

-0.0107
-1.0033
-0.0581
-5.5300
-1.4700
-4.4800
435
482
522
457
457

0.0073
-1.0106
-0.0566
2.7300
-2.2400
-1.6100
434
484
523
459
459

-0.0039
-0.9994
-0.0444
-1.1900
-5.8100
-1.2600
436
485
524
461
461

-0.0176
-1.0043
-0.0581
7.2100
-6.2300
-1.2600
435
486
525
461
462

-0.0205
-1.0092
-0.0420
6.4400
-5.0400
-2.6600
436
486
524
464
463

-0.0288
-1.0116
-0.0512
16.8700
-3.6400
-2.8000
436
487
525
462
463

-0.0200
-0.9955
-0.0151
7.4900
-3.8500
-1.8200
437
487
525
464
461

-0.0142
-0.9921
-0.0127
1.8200
-2.3800
-0.6300
436
487
525
462
462

-0.0366
-0.9853
-0.0254
5.2500
-3.3600
-3.9900
437
486
525
462
462

-0.0298
-1.0087
-0.0015
3.0800
-2.3800
-4.5500
436
488
525
461
461

-0.0166
-1.0004
-0.0215
1.4700
-0.2800
-4.9700
436
486
525
461
461

0.0010
-1.0004
-0.0283
1.8200
-1.5400
-3.0800
436
487
525
460
460

-0.0068
-0.9960
-0.0083
-0.4200
-3.0100
-3.2200
435
486
525
461
460

-0.0185
-0.9999
-0.0181
2.4500
-0.3500
-2.6600
436
486
524
460
460

-0.0034
-1.0014
-0.0205
2.7300
-3.2900
-2.1000
436
486
525
460
459

-0.0132
-1.0063
-0.0137
2.8000
-4.0600
-0.5600
436
486
524
459
459

-0.0205
-0.9897
-0.0210
1.1200
-4.3400
-1.6800
435
486
524
458
458

-0.0249
-1.0043
-0.0171
2.1000
-3.4300
-3.3600
436
486
524
458
458

-0.0190
-1.0009
-0.0181
1.4000
-2.7300
-2.8700
436
486
524
458
456

-0.0190
-1.0087
-0.0156
-0.9100
-0.7000
-1.1900
436
486
524
457
457

-0.0386
-0.9970
-0.0307
-3.1500
0.7000
-1.8200
436
485
518
453
452

-0.0234
-0.9916
-0.0556
-0.9100
-0.8400
-0.7700
436
483
514
450
449

-0.0205
-0.9872
-0.0503
0.7000
-2.6600
-1.4000
436
483
509
446
445

-0.0264
-1.0028
-0.0493
-0.9100
-1.2600
-1.4000
435
481
504
438
440

-0.0356
-1.0038
-0.0468
-5.5300
-5.2500
-1.6100
434
478
494
429
429

-0.0400
-0.9858
-0.0659
-3.6400
-7.5600
-1.6800
432
473
484
416
417

-0.0376
-0.9819
-0.0669
4.4800
-3.1500
-2.8700
428
467
463
396
397

-0.0420
-0.9892
-0.0742
8.1900
0.2800
1.1200
423
459
439
377
376

-0.0508
-0.9926
-0.0615
11.3400
0.4200
1.1200
417
450
418
356
357

-0.0210
-1.0175
-0.0625
5.1800
0.7000
-2.3800
405
438
401
337
339

-0.0493
-0.9950
-0.0425
1.6100
5.8800
-1.4700
391
425
386
321
324

-0.0425
-1.0292
-0.0542
-4.6900
3.5700
-2.3100
376
413
370
306
307

-0.0590
-1.0072
-0.0532
-4.2000
0.5600
-4.2700
365
404
356
293
293

-0.0478
-1.0160
-0.0444
-3.9200
-0.6300
-6.0900
357
395
343
281
281

-0.0439
-0.9848
-0.0795
-1.1200
-3.0100
-7.1400
349
387
333
271
272

-0.0259
-1.0033
-0.0786
2.0300
-8.0500
-8.6100
346
384
328
266
267

-0.0229
-1.0004
-0.0854
2.4500
-5.4600
-4.9700
347
385
329
264
266

-0.0400
-0.9902
-0.0830
6.2300
-9.1700
-4.8300
350
385
333
266
266

-0.0273
-0.9911
-0.0742
1.3300
-1.9600
-5.1100
349
388
335
267
267

-0.0190
-0.9994
-0.0874
4.6200
0.3500
-4.4800
351
389
336
268
268

-0.0015
-0.9887
-0.0634
0.8400
1.5400
-4.9000
352
388
338
268
268

-0.0020
-0.9984
-0.0732
2.4500
-5.4600
-4.5500
352
389
339
269
270

-0.0181
-0.9936
-0.0586
3.5000
-3.0800
-3.1500
352
390
339
269
268

-0.0171
-0.9902
-0.0649
2.6600
-2.4500
-3.8500
352
389
340
269
270

-0.0132
-0.9892
-0.0625
2.3800
-3.7100
-3.5000
351
388
340
270
271

-0.0151
-0.9965
-0.0683
1.1200
-2.3800
-3.0800
351
390
341
270
270

-0.0166
-0.9999
-0.0634
2.7300
-2.6600
-3.8500
351
389
339
271
271

-0.0073
-0.9965
-0.0605
2.7300
-2.4500
-1.7500
350
388
340
271
270

-0.0200
-0.9853
-0.0586
-0.0700
0.0700
-3.6400
346
387
340
269
272

-0.0190
-0.9838
-0.0703
2.2400
-2.2400
-3.5700
346
387
341
271
270

-0.0107
-0.9980
-0.0659
4.2000
-4.2000
-2.8700
345
384
341
272
271

-0.0107
-0.9965
-0.0605
0.8400
-4.2700
-3.5000
341
386
345
272
272

-0.0127
-0.9965
-0.0644
1.6100
-3.8500
-2.4500
343
384
345
272
273

-0.0166
-0.9906
-0.0610
1.1200
-4.1300
-3.2200
343
386
346
274
274

-0.0156
-0.9877
-0.0576
1.1900
-5.0400
-3.9200
344
386
346
274
274

-0.0166
-0.9975
-0.0571
2.7300
-3.4300
-2.8000
344
385
347
274
275

-0.0176
-0.9955
-0.0630
0.9100
-4.0600
-2.7300
344
386
346
276
275

-0.0224
-0.9970
-0.0625
1.7500
-3.8500
-2.5900
343
384
348
275
275

-0.0146
-0.9980
-0.0639
1.7500
-2.7300
-2.1000
341
383
348
276
274

-0.0224
-0.9814
-0.0576
1.0500
-4.6200
-4.0600
341
383
349
275
276

-0.0088
-0.9994
-0.0556
2.4500
-4.0600
-3.2900
337
381
346
274
274

-0.0098
-0.9950
-0.0673
1.4700
-3.6400
-2.1700
338
381
346
275
274

-0.0161
-1.0019
-0.0610
-0.6300
-3.6400
-2.3800
339
382
348
275
275

-0.0171
-0.9906
-0.0727
2.6600
-5.3900
-2.2400
342
386
352
278
279

-0.0278
-0.9892
-0.0844
3.2900
-3.9200
0.2800
348
389
359
284
284

-0.0303
-0.9926
-0.0634
3.2200
-2.6600
0.6300
352
393
373
293
293

-0.0420
-0.9848
-0.0786
2.8000
-7.7700
-1.9600
357
396
386
299
299

-0.0254
-1.0033
-0.0854
2.6600
-6.0200
0.2100
366
403
415
313
312

-0.0351
-0.9911
-0.0522
3.7800
-10.9900
-4.1300
377
412
445
334
333

-0.0200
-0.9731
-0.0590
-1.4000
-2.9400
0.9100
390
424
472
360
360

-0.0371
-1.0155
-0.0625
4.4100
-6.2300
-0.2100
406
442
495
395
393

-0.0532
-1.0077
-0.0517
0.3500
15.1200
0.9800
417
461
513
421
421

-0.0537
-1.0033
-0.0693
1.8900
-1.2600
-1.2600
424
472
518
436
436

-0.0478
-1.0116
-0.0771
1.1900
-3.5700
-0.4900
428
479
522
445
444

-0.0547
-1.0014
-0.0644
2.9400
-3.4300
-1.7500
431
482
524
450
450

-0.0556
-0.9989
-0.0693
5.3900
-5.5300
-2.8000
432
486
525
455
454

-0.0503
-0.9892
-0.0571
2.3100
-2.8700
-2.4500
433
488
529
456
457

-0.0542
-0.9950
-0.0649
2.8000
-3.2200
-3.2200
433
489
528
459
458

-0.0620
-0.9960
-0.0571
2.2400
-4.7600
-3.3600
434
489
528
459
459

-0.0532
-0.9960
-0.0571
1.2600
-4.8300
-3.7100
434
490
528
460
460

-0.0542
-0.9858
-0.0590
2.5900
-2.7300
-3.6400
433
490
528
460
459

-0.0556
-0.9911
-0.0493
1.6800
-1.0500
-1.8900
433
491
529
459
458

-0.0605
-1.0346
-0.0532
2.3100
0.2100
0.2100
433
489
528
457
458

-0.0610
-1.0170
-0.0864
-2.9400
6.7900
6.7900
435
488
528
456
457

-0.0625
-1.0165
-0.0683
-7.5600
5.3900
10.2900
434
488
528
455
456

-0.1127
-0.9448
-0.1132
4.2000
3.9900
5.3200
433
487
527
455
455

-0.1259
-0.9633
-0.0971
15.0500
14.8400
18.6200
434
487
527
454
454

-0.1684
-0.9496
-0.0586
15.0500
29.5400
16.3100
433
486
527
453
453

-0.2167
-0.9575
-0.0630
17.1500
10.7100
-26.4600
433
486
527
452
453

-0.0820
-0.9784
-0.0576
30.6600
21.7000
2.9400
433
486
527
452
452

-0.1078
-1.0116
0.0107
40.4600
24.8500
10.8500
433
487
527
451
452

-0.1557
-0.9936
0.0815
32.2000
20.1600
12.7400
434
486
526
452
452

-0.1830
-0.9487
0.1205
32.9700
12.6000
-4.1300
434
484
527
453
452

-0.1923
-0.9472
0.2191
29.4000
9.3100
-9.0300
433
485
526
452
452

-0.1786
-0.9745
0.2216
15.7500
13.6500
5.1100
434
486
526
452
453

-0.1918
-0.9365
0.1942
-1.5400
8.6800
6.0200
435
484
526
451
451

-0.2220
-0.9482
0.2250
-7.7000
-3.0800
-4.3400
434
484
527
450
450

-0.2255
-0.9721
0.1640
-30.7300
-21.7000
-12.1800
434
484
525
447
448

-0.1893
-0.9604
0.1142
-27.4400
-21.8400
0.4900
432
480
516
441
441

-0.1942
-0.9921
0.1303
-16.7300
-20.9300
10.5000
431
477
501
430
430

-0.2225
-0.9809
0.0395
-29.0500
-20.9300
1.6100
430
475
498
424
425

-0.2357
-0.9384
0.0454
-19.8800
-12.4600
-4.4800
430
475
497
420
419

-0.2211
-0.9662
-0.0176
-31.7800
-10.6400
-3.0800
429
474
493
420
419

-0.2494
-0.9448
-0.1366
-32.3400
4.3400
-2.5900
428
473
488
419
419

-0.2952
-1.0043
-0.1693
-27.1600
-4.2700
-19.3200
423
467
464
407
406

-0.1791
-0.9189
-0.1825
-21.1400
-1.9600
1.7500
417
458
435
381
382

-0.2318
-0.9170
-0.1376
2.3800
-6.9300
-4.1300
409
448
415
359
358

-0.2201
-0.9326
-0.1137
-0.8400
-8.8900
-12.4600
401
438
398
337
337

-0.2216
-0.9340
-0.1708
-10.0100
-11.9700
-9.9400
389
426
383
315
314

-0.1991
-0.9658
-0.1420
3.9900
-5.1800
-6.2300
380
416
371
301
300

-0.1981
-0.9555
-0.1645
-2.6600
-17.5000
-2.0300
364
406
360
291
291

-0.1786
-0.9555
-0.1664
-1.3300
-0.9100
-4.9000
350
395
348
279
280

-0.1620
-0.9672
-0.1893
-2.5200
3.2900
-2.3100
333
383
335
268
269

-0.1874
-0.9482
-0.1932
1.5400
-2.3100
-4.6200
323
375
327
262
263

-0.1635
-0.9594
-0.1942
0.4900
-8.6800
-5.1800
316
371
324
258
259

-0.1576
-0.9692
-0.1937
-0.7700
-7.5600
-7.6300
317
371
324
258
256

-0.1688
-0.9579
-0.2118
10.0100
-2.7300
-4.0600
317
371
324
259
258

-0.1601
-0.9648
-0.1708
7.8400
-8.2600
-5.7400
318
373
326
259
259

-0.1674
-0.9570
-0.1786
6.0900
-2.7300
-5.0400
318
374
327
261
259

-0.1601
-0.9692
-0.1654
8.1200
-3.3600
-2.5200
319
374
328
259
259

-0.1615
-0.9736
-0.1688
2.5900
-0.6300
-0.4200
319
374
331
262
261

-0.1684
-0.9653
-0.1752
3.1500
-3.0800
-2.6600
319
374
331
263
261

-0.1664
-0.9536
-0.1527
2.8000
-3.9200
-4.2700
318
373
331
262
263

-0.1596
-0.9638
-0.1708
0.3500
-6.3700
-2.3100
318
375
331
262
262

-0.1850
-0.9667
-0.1659
0.7700
-8.8900
-6.0900
318
372
330
262
262

-0.1742
-0.9589
-0.1571
-0.8400
-5.1800
-2.5900
318
372
331
263
263

-0.1606
-0.9687
-0.1649
-4.6900
-7.5600
-3.0800
318
372
331
263
263

-0.1508
-0.9662
-0.1728
-0.5600
-7.5600
-1.1900
320
371
330
264
264

-0.1757
-0.9648
-0.1581
2.7300
-5.4600
-1.6100
318
371
331
263
264

-0.1630
-0.9579
-0.1674
1.2600
-3.9900
-3.1500
318
370
330
263
263

-0.1586
-0.9633
-0.1620
4.0600
-6.1600
-4.7600
318
371
328
262
262

-0.1508
-0.9697
-0.1630
2.5900
-1.1200
-2.3800
316
370
326
262
260

-0.1586
-0.9677
-0.1649
1.6100
-3.4300
-2.3800
315
371
326
260
261

-0.1542
-0.9731
-0.1523
-0.5600
-0.5600
0.3500
320
373
332
265
264

-0.1669
-0.9658
-0.1679
9.8000
-4.9700
-1.3300
341
389
360
280
281

-0.1952
-0.9823
-0.1781
19.0400
-7.4200
3.8500
371
412
414
315
314

-0.1889
-0.9731
-0.1401
13.4400
-10.2900
-3.7100
399
435
471
374
373

-0.1620
-0.9765
-0.1103
1.7500
-7.2100
-0.2100
416
454
501
416
415

-0.1889
-0.9687
-0.1088
-0.2100
0.7000
-2.7300
423
466
514
431
432

-0.1903
-0.9457
-0.1215
2.3100
-3.7800
-1.5400
428
475
519
439
440

-0.1718
-0.9716
-0.1322
-0.1400
-0.2100
-1.4000
431
480
523
446
447

-0.1893
-0.9677
-0.1371
1.6100
-1.6800
0.1400
431
485
525
454
453

-0.1889
-0.9692
-0.1215
5.6000
-1.6800
-2.8000
434
488
527
456
456

-0.1810
-0.9531
-0.1215
3.5000
-3.0800
-2.1000
434
489
527
458
457

-0.1918
-0.9618
-0.1220
0.2800
-4.6200
-3.7800
434
490
527
458
457

-0.1898
-0.9736
-0.1186
0.6300
-3.9200
-3.9200
434
490
527
459
458

-0.1932
-0.9692
-0.1205
0.0000
-3.2200
-3.5700
434
490
527
458
458

-0.1854
-0.9672
-0.1259
0.7700
-3.0800
-2.5900
434
490
528
458
458

-0.1859
-0.9692
-0.1249
1.8900
-5.8100
-4.8300
433
490
527
458
458

-0.1771
-0.9658
-0.1283
0.9100
-3.3600
-3.5000
433
490
527
458
458

-0.1893
-0.9633
-0.1283
2.6600
-2.7300
-2.8000
434
490
527
457
457

-0.1713
-0.9721
-0.1200
1.4000
-3.4300
-2.3800
434
492
527
458
458

-0.1928
-0.9604
-0.1249
3.0100
-5.4600
-3.5000
434
491
527
459
457

-0.1815
-0.9501
-0.1176
1.6100
-2.3800
-4.2700
434
488
526
453
452

-0.1830
-0.9789
-0.1269
1.2600
-6.7900
-4.0600
433
486
523
447
447

-0.1806
-0.9638
-0.1283
0.0700
-3.0800
-2.3100
432
484
516
444
444

-0.1869
-0.9819
-0.1279
1.5400
-2.4500
-3.6400
431
482
508
438
438

-0.1850
-0.9838
-0.1127
-0.7000
-3.3600
-5.6700
429
478
495
432
431

-0.1835
-0.9799
-0.1210
3.7100
-1.8200
-4.1300
425
472
475
417
417

-0.1747
-0.9706
-0.1191
4.9000
4.9000
-4.4800
418
463
450
397
397

-0.1830
-0.9623
-0.1225
1.2600
-0.9100
-5.9500
411
452
425
372
372

-0.1493
-0.9623
-0.1186
4.8300
-1.1900
-5.1100
401
440
404
350
352

-0.1776
-0.9662
-0.1191
-3.4300
-6.5100
-9.3800
391
428
387
332
332

-0.1762
-0.9736
-0.1025
-2.8000
-4.9000
-8.8200
381
417
373
316
315

-0.1474
-0.9833
-0.1093
1.6800
-8.0500
-7.4900
373
411
365
303
303

-0.1542
-0.9823
-0.1137
5.1100
-4.2700
-6.6500
367
406
358
297
297

-0.1303
-0.9628
-0.1054
3.7800
-7.5600
-7.2100
361
401
352
290
292

-0.1249
-0.9789
-0.1015
8.1900
-3.4300
-3.9200
357
399
348
288
287

-0.1259
-0.9745
-0.0815
4.2000
-3.4300
-2.9400
352
395
344
284
283

-0.1337
-0.9877
-0.0795
6.0200
1.5400
-2.5900
348
393
342
278
279

-0.1191
-0.9887
-0.0708
3.7100
-1.0500
-3.7800
345
390
338
276
274

-0.1347
-0.9867
-0.0654
6.0200
1.9600
-4.4100
340
386
335
272
274

-0.1161
-0.9819
-0.0786
4.9000
-3.0100
-3.5700
338
385
335
272
273

-0.1137
-0.9931
-0.0590
2.8700
-1.2600
-2.5200
334
383
331
268
270

-0.1303
-0.9789
-0.0747
-2.5900
-4.4100
-2.2400
331
380
327
266
267

-0.1161
-0.9872
-0.0566
0.6300
-2.2400
-2.3100
327
377
323
262
262

-0.1137
-0.9765
-0.0712
2.1700
-1.7500
-3.8500
318
371
317
259
258

-0.1298
-0.9970
-0.0869
2.2400
-3.2200
-2.3100
315
368
314
256
254

-0.1313
-0.9789
-0.0639
-3.1500
-3.9200
-0.3500
309
365
313
254
253

-0.1376
-0.9711
-0.0708
-2.5200
-1.4700
-1.2600
303
359
311
252
255

-0.1371
-0.9755
-0.0805
-0.2800
-2.8700
-2.3100
301
360
312
253
254

-0.1322
-0.9677
-0.0795
1.1200
-3.7800
-3.2200
302
360
314
254
256

-0.1283
-0.9843
-0.0825
1.6100
-3.7100
-2.4500
303
360
313
255
255

-0.1371
-0.9711
-0.0883
3.7800
-2.1000
-1.7500
303
361
316
256
255

-0.1347
-0.9823
-0.0830
1.6800
-4.4100
-0.9100
301
360
316
256
256

-0.1469
-0.9838
-0.0810
4.7600
-1.9600
-1.8900
302
359
316
258
257

-0.1396
-0.9833
-0.0722
0.4900
-2.0300
-0.5600
304
361
320
259
259

-0.1444
-1.0116
-0.1015
1.1900
-7.0000
-3.5000
319
376
337
269
269

-0.1342
-0.9799
-0.0844
5.8800
-7.7700
-0.4900
334
386
355
282
282

-0.1444
-0.9823
-0.0991
-1.5400
-12.1100
0.1400
349
397
382
299
299

-0.1474
-0.9721
-0.0825
1.1200
-3.3600
-0.1400
365
410
412
318
318

-0.1601
-0.9770
-0.0815
-2.5200
-2.3100
-0.4200
385
426
443
344
345

-0.1523
-0.9862
-0.1088
-2.2400
-3.1500
-0.4200
401
443
481
375
373

-0.1693
-0.9701
-0.0927
-3.4300
-2.0300
-2.3100
405
450
494
395
395

-0.1566
-0.9975
-0.1137
-6.7200
-4.4800
-2.7300
413
460
509
419
419

-0.1513
-0.9731
-0.1191
-2.4500
-4.5500
-3.8500
421
470
519
433
432

-0.1518
-0.9672
-0.1269
0.2100
-2.5200
-4.4100
425
475
521
439
440

-0.1615
-0.9740
-0.1225
-8.8900
-8.1900
-5.3200
428
479
524
447
446

-0.1654
-0.9867
-0.1552
-8.8900
-9.1700
-5.8100
431
483
525
453
454

-0.1484
-0.9662
-0.1464
-5.4600
-12.6700
-8.8900
432
487
526
462
461

-0.1508
-0.9804
-0.1552
0.8400
-10.0800
-6.1600
435
490
528
466
467

-0.1415
-0.9536
-0.1557
5.0400
-1.2600
-2.1700
435
492
530
469
468

-0.1357
-0.9672
-0.1366
1.4000
-3.0100
-2.6600
435
493
529
469
469

-0.1332
-0.9750
-0.1488
2.2400
-2.3800
-2.0300
436
494
528
469
469

-0.1508
-0.9721
-0.1386
4.4100
-3.2200
-2.3100
435
493
529
469
469

-0.1386
-0.9677
-0.1352
1.8200
-4.6900
-3.5700
436
493
528
469
469

-0.1449
-0.9697
-0.1493
2.8000
-4.6900
-3.0100
437
493
529
469
468

-0.1449
-0.9692
-0.1376
3.0100
-4.9700
-3.9900
436
493
529
468
468

-0.1352
-0.9882
-0.1415
2.1000
-1.2600
-2.9400
436
492
529
467
467

-0.1303
-0.9755
-0.1449
1.4000
-2.4500
-5.1800
436
493
528
468
466

-0.1293
-0.9648
-0.1425
1.3300
-3.5700
-3.2900
436
494
530
466
466

-0.1249
-0.9750
-0.1474
1.1900
-4.1300
-2.3800
435
493
529
465
464

-0.1318
-0.9721
-0.1503
1.6100
-1.1200
-2.3100
437
492
529
463
464

-0.1362
-0.9765
-0.1420
2.1000
-4.2700
-2.2400
436
491
528
462
461

-0.1376
-0.9589
-0.1396
3.9200
-4.9000
-3.7800
436
491
529
461
461

-0.1488
-0.9638
-0.1230
7.1400
-2.4500
-3.6400
436
488
527
456
458

-0.1186
-0.9897
-0.1254
8.6100
0.9100
-0.4900
436
485
525
450
450

-0.1342
-1.0004
-0.0864
8.7500
-1.6100
-3.5700
434
480
508
429
428

-0.1322
-1.0253
-0.0971
14.7700
-6.6500
-4.1300
429
472
486
397
397

-0.1488
-0.9687
-0.0922
8.6100
-5.3200
-7.3500
421
462
456
367
368

-0.1362
-0.9594
-0.0864
10.3600
-6.5800
-7.1400
411
450
431
341
342

-0.1337
-0.9789
-0.0664
14.7700
-15.6800
-5.8800
400
436
410
315
316

-0.1049
-0.9970
-0.0669
15.4000
-2.9400
-3.5000
385
421
391
296
298

-0.1142
-0.9936
-0.0464
-0.6300
-5.3200
-1.6800
380
406
371
280
280

-0.1240
-0.9833
-0.0571
2.2400
2.9400
-1.4000
379
395
354
267
267

-0.1474
-0.9780
-0.0459
-9.2400
-3.9900
-6.6500
367
385
341
256
257

-0.1244
-0.9984
-0.0488
5.6000
4.2700
-1.9600
354
377
332
253
252

-0.0961
-0.9994
-0.0517
-3.1500
-1.8200
-1.1900
340
368
325
249
249

-0.1064
-1.0106
-0.0810
0.6300
-2.3100
-1.7500
333
363
323
248
248

-0.1220
-0.9926
-0.0576
-8.1200
-1.6100
-0.9100
327
360
319
248
247

-0.1303
-0.9984
-0.0620
1.9600
0.9100
-0.5600
321
356
315
246
245

-0.1386
-0.9775
-0.0752
4.7600
-1.1900
-4.0600
316
352
310
243
241

-0.1240
-0.9799
-0.0630
1.7500
-6.4400
-3.7100
314
349
308
242
240

-0.1347
-0.9750
-0.0844
2.9400
-6.6500
-4.5500
314
350
308
242
240

-0.1264
-0.9799
-0.0810
3.2900
-4.3400
-3.9900
314
350
307
241
242

-0.1298
-0.9916
-0.0669
4.7600
-6.5800
-2.6600
314
350
308
240
239

-0.1337
-0.9862
-0.0874
0.6300
-6.5800
-4.4100
309
347
304
239
237

-0.1254
-0.9877
-0.0874
0.7700
-3.9900
-2.8000
309
347
303
236
237

-0.1240
-0.9843
-0.0854
1.0500
-4.6200
-3.5700
309
348
303
237
237

-0.1303
-0.9716
-0.0752
2.5200
-3.0800
-2.9400
310
346
305
238
238

-0.1215
-0.9872
-0.0834
0.7000
-4.4800
-5.1800
310
348
306
238
238

-0.1391
-0.9984
-0.0712
-9.3800
-22.4000
-11.2700
311
351
308
240
238

-0.1122
-0.9833
-0.1030
-9.2400
-19.3900
-9.1700
312
351
310
241
241

-0.0771
-0.9726
-0.1327
-3.9900
-0.9800
0.7000
313
351
311
242
243

-0.1064
-0.9628
-0.1225
6.5800
-3.2200
-2.2400
312
353
312
242
242

-0.1205
-0.9906
-0.0971
8.1900
-11.0600
-4.4100
309
347
309
241
242

-0.1230
-0.9941
-0.0913
3.6400
-9.1700
-3.6400
308
346
307
240
238

-0.1269
-0.9931
-0.0942
1.6100
-9.5900
-3.4300
323
359
321
250
251

-0.1122
-0.9726
-0.0991
27.4400
-12.8800
3.2200
380
398
395
314
314

-0.0981
-0.9448
-0.0683
22.1900
-9.6600
3.2200
421
438
488
412
413

-0.1225
-0.9784
-0.0093
-6.7900
-11.3400
4.4800
433
463
516
440
440

-0.1366
-1.0121
-0.0283
-15.1900
-8.8900
-3.3600
441
480
523
457
456

-0.1435
-0.9540
-0.0376
-4.8300
-9.3800
-7.7700
446
489
526
466
466

-0.1552
-0.9370
-0.0888
8.2600
-8.7500
-11.0600
447
492
528
469
470

-0.1069
-0.9643
-0.0503
11.6200
-3.2900
-10.5700
447
494
529
471
471

-0.0820
-0.9892
-0.0132
4.4800
5.1800
-2.6600
447
493
529
469
469

-0.0688
-0.9536
-0.0166
2.3800
-0.7700
3.1500
446
492
528
466
465

-0.1391
-0.9823
0.0190
1.3300
-9.4500
-9.6600
446
492
528
465
465

-0.1220
-0.9936
-0.0229
2.9400
-8.2600
-9.0300
445
491
528
465
464

-0.1049
-0.9794
-0.0107
5.3900
-4.2700
-7.4900
445
491
528
463
464

-0.1137
-0.9872
-0.0088
7.9100
-3.2200
-4.0600
444
491
528
462
464

-0.1215
-0.9975
0.0332
2.4500
-0.9100
-6.3000
444
489
528
462
461

-0.1244
-0.9999
-0.0005
2.3100
-1.5400
-9.3100
443
488
527
461
458

-0.0849
-1.0077
0.0078
6.5800
-2.2400
-6.5800
443
488
527
459
458

-0.0678
-0.9994
0.0176
1.1200
-9.6600
-3.2200
442
487
527
458
458

-0.0810
-0.9984
0.0083
-2.4500
-7.1400
-2.1000
442
488
526
456
457

-0.1005
-0.9980
-0.0015
1.2600
-3.8500
-3.9900
441
487
527
456
456

-0.0815
-0.9936
0.0039
2.9400
-5.4600
-2.7300
442
486
526
455
454
