-0.0966
-0.9945
0.0659
-5.5300
-5.0400
-0.2100
424
467
511
444
443

-0.1166
-0.9780
0.0712
-1.0500
-2.3100
-1.6800
425
468
511
445
446

-0.1088
-1.0063
0.0966
-20.6500
-2.3100
-2.2400
424
468
511
450
450

-0.1049
-0.9853
0.0142
-19.9500
0.5600
-0.5600
424
466
511
454
453

-0.1225
-0.9750
-0.0020
-7.4200
1.2600
-1.8900
424
469
511
458
458

-0.1157
-0.9726
-0.0171
-0.0700
-0.2100
-1.4000
424
468
511
460
460

-0.1171
-0.9999
-0.0093
2.6600
-1.7500
-2.8700
424
467
511
462
462

-0.1205
-0.9902
-0.0049
3.7100
-2.4500
-3.2200
424
467
511
462
462

-0.1249
-0.9823
-0.0117
2.3100
-1.4000
-3.9900
424
467
510
463
462

-0.1171
-0.9994
-0.0039
-2.3100
-1.3300
-4.0600
423
469
511
462
463

-0.1191
-0.9862
-0.0366
1.1200
-0.9800
-3.7100
424
467
512
463
463

-0.1078
-0.9926
-0.0239
0.6300
-2.6600
-4.2000
425
467
510
463
463

-0.1093
-0.9926
-0.0239
2.0300
-3.0800
-3.0800
423
468
510
463
463

-0.1078
-0.9819
-0.0122
2.2400
-3.2900
-3.9200
423
467
509
462
463

-0.1049
-0.9862
-0.0249
2.9400
-3.5000
-2.8000
423
466
509
462
463

-0.1078
-0.9887
-0.0268
4.9700
-3.9200
-3.7800
423
467
509
464
465

-0.1044
-0.9994
-0.0176
3.7100
-3.5700
-2.8700
422
466
508
464
463

-0.1205
-0.9823
-0.0166
1.4000
-4.0600
-4.0600
424
466
508
463
464

-0.0991
-0.9906
-0.0264
1.6800
-2.7300
-4.3400
422
466
508
464
463

-0.0913
-0.9911
-0.0020
3.9900
-4.0600
-3.0100
422
466
509
464
464

-0.0996
-0.9984
-0.0098
2.3800
-3.8500
-3.5000
422
466
508
464
466

-0.1127
-0.9804
-0.0283
5.4600
-6.3000
-4.0600
422
466
509
465
465

-0.1020
-0.9994
0.0010
3.1500
-5.1100
-2.5200
422
465
508
466
467

-0.1078
-0.9926
-0.0044
-1.7500
-3.5000
-2.9400
422
466
508
466
467

-0.0981
-1.0019
-0.0176
-2.4500
-0.6300
-2.7300
422
466
509
466
467

-0.1049
-0.9955
-0.0151
3.6400
-3.3600
-1.0500
423
465
509
464
464

-0.1108
-0.9989
-0.0176
2.7300
-3.4300
-0.7700
424
467
509
465
464

-0.1166
-1.0131
-0.0176
-1.5400
0.4900
2.4500
420
464
502
465
464

-0.1342
-0.9989
-0.0132
-0.7700
2.3800
1.2600
412
455
484
464
466

-0.1137
-0.9862
-0.0493
-10.6400
18.4100
0.3500
399
443
462
463
463

-0.1210
-0.9989
-0.0888
-18.9700
7.1400
-7.4900
380
426
434
462
463

-0.1103
-0.9614
-0.1200
-6.5100
16.1000
-4.1300
364
410
397
461
461

-0.1210
-0.9809
-0.1298
-3.2200
5.1100
-3.0100
349
396
367
459
459

-0.0937
-0.9789
-0.1210
2.8700
-2.1000
-1.3300
336
387
349
457
456

-0.1083
-0.9872
-0.1161
-3.5700
-3.8500
-0.5600
322
375
331
453
454

-0.1332
-0.9867
-0.1352
10.7800
-16.4500
-2.7300
313
367
321
452
452

-0.1205
-0.9941
-0.1074
4.2700
-20.3700
-3.2200
309
360
309
452
452

-0.1366
-0.9760
-0.1010
4.6200
-13.9300
-3.0100
308
354
304
451
450

-0.1259
-0.9887
-0.0971
0.0000
-7.0000
-3.8500
307
352
302
450
450

-0.1435
-0.9780
-0.1049
-2.3100
-6.5100
-2.3100
303
349
303
448
448

-0.1288
-0.9550
-0.1113
-4.1300
-1.9600
-2.3800
296
344
303
445
445

-0.1342
-0.9682
-0.0908
4.7600
-4.9000
-1.9600
288
340
303
443
445

-0.1391
-0.9799
-0.0913
7.4900
-3.3600
-2.1000
280
336
305
444
443

-0.1469
-0.9853
-0.0878
3.2200
-6.0200
-2.5200
278
332
304
444
443

-0.1523
-0.9887
-0.0844
1.9600
-0.4900
-3.5000
277
333
305
443
443

-0.1469
-0.9697
-0.0825
3.1500
-0.2800
-1.8200
278
334
307
442
442

-0.1469
-0.9736
-0.0712
3.0100
-3.5000
-3.2200
279
333
307
442
443

-0.1440
-0.9677
-0.0742
5.8800
-2.0300
-1.9600
278
335
310
443
442

-0.1557
-0.9789
-0.0722
6.5800
-4.9700
-2.7300
278
332
310
441
441

-0.1410
-0.9936
-0.0712
7.3500
-7.1400
-4.2700
278
333
310
442
441

-0.1362
-0.9721
-0.0576
3.0100
-3.2900
-4.3400
278
334
311
445
445

-0.1454
-0.9838
-0.0615
3.5700
1.4000
-2.3800
276
334
313
448
448

-0.1435
-0.9618
-0.0532
-3.8500
-0.1400
-1.6100
278
335
314
453
453

-0.1449
-0.9897
-0.0747
1.9600
1.7500
-0.7700
279
336
316
456
456

-0.1430
-0.9550
-0.0551
4.3400
-2.3800
-2.2400
279
336
316
458
458

-0.1459
-0.9941
-0.0571
-0.7000
-5.5300
-2.7300
278
337
316
458
458

-0.1488
-0.9965
-0.0527
4.9700
-6.1600
-2.3800
278
335
317
458
458

-0.1645
-0.9892
-0.0488
5.2500
-6.7900
-3.5700
276
336
316
458
458

-0.1415
-0.9911
-0.0498
2.0300
-4.3400
-2.4500
277
336
317
458
458

-0.1664
-0.9726
-0.0517
2.3800
-2.9400
-2.4500
277
336
317
459
459

-0.1547
-0.9780
-0.0590
3.0800
-4.9000
-3.0800
277
337
317
458
457

-0.1513
-0.9916
-0.0439
3.3600
-1.8200
-4.1300
279
338
320
457
457

-0.1508
-0.9711
-0.0356
-9.8700
3.7100
1.4700
286
340
323
455
456

-0.1596
-0.9984
-0.1103
-6.1600
-0.0700
3.0100
319
364
342
457
458

-0.1659
-0.9496
-0.0610
0.8400
-8.2600
2.2400
367
399
422
460
459

-0.1776
-1.0004
-0.1059
-3.0100
-10.0100
-4.6200
401
431
481
461
462

-0.1630
-0.9677
-0.0586
-10.5700
-19.3200
-7.8400
422
454
509
463
464

-0.1664
-0.9604
-0.0761
-0.3500
-9.8000
-3.3600
431
469
517
465
465

-0.1518
-0.9750
-0.0927
1.8200
-9.8000
-3.7800
433
477
521
467
466

-0.1405
-0.9745
-0.0908
-3.7100
-4.1300
-2.4500
434
484
524
467
467

-0.1610
-0.9799
-0.0981
2.1700
-5.8800
-3.2900
436
487
525
468
468

-0.1640
-0.9789
-0.0874
6.9300
-7.0000
-4.8300
436
489
526
468
469

-0.1693
-0.9731
-0.0688
-0.5600
-4.4100
-3.5700
436
491
527
470
469

-0.1713
-0.9658
-0.0732
3.7100
-6.3000
-4.7600
436
491
527
470
470

-0.1523
-0.9604
-0.0630
-5.9500
0.5600
-1.7500
435
489
526
470
469

-0.1664
-0.9618
-0.0971
-2.8700
6.7900
-0.0700
429
477
518
469
469

-0.1732
-0.9858
-0.0874
-9.2400
8.3300
-3.6400
417
460
487
468
468

-0.1718
-0.9745
-0.1381
-3.9900
5.6000
-2.8000
402
443
456
468
467

-0.1645
-0.9653
-0.1103
5.0400
2.4500
-6.8600
387
420
420
467
467

-0.1498
-0.9677
-0.1513
-3.3600
-4.9700
-3.5000
381
400
392
467
468

-0.1518
-0.9540
-0.1005
14.0000
2.9400
-3.4300
365
386
372
465
466

-0.1498
-0.9833
-0.1059
3.7100
-5.5300
-6.4400
344
372
349
464
464

-0.1484
-0.9745
-0.0937
4.9700
-6.7900
-5.3900
325
361
337
463
464

-0.1464
-0.9628
-0.0952
4.1300
-7.4900
-4.5500
309
355
327
461
463

-0.1557
-0.9828
-0.0693
8.9600
-9.8000
-6.5100
300
347
316
460
461

-0.1464
-0.9916
-0.0508
6.3700
-12.4600
-5.1800
290
340
308
457
457

-0.1571
-0.9911
-0.0420
2.5200
-10.4300
-2.8000
281
336
302
456
456

-0.1376
-0.9848
-0.0395
0.9800
-12.3200
-7.7700
275
329
297
454
454

-0.1371
-0.9921
-0.0468
4.3400
-10.3600
-3.0100
272
328
295
454
453

-0.1469
-0.9828
-0.0405
2.1000
-9.0300
-4.6200
270
325
296
451
452

-0.1518
-0.9799
-0.0342
2.8000
-8.3300
-5.5300
271
325
300
451
451

-0.1293
-0.9726
-0.0390
1.8900
-2.5900
-4.4100
270
322
302
449
450

-0.1249
-0.9965
-0.0288
0.0000
-1.6800
-2.3800
270
324
305
448
448

-0.1279
-0.9833
-0.0303
1.1900
-3.8500
-1.3300
271
324
307
446
446

-0.1401
-0.9682
-0.0273
1.6100
-0.9100
-2.7300
272
325
308
444
445

-0.1322
-0.9902
-0.0298
0.6300
-2.0300
-2.8700
272
325
311
443
444

-0.1410
-0.9819
-0.0307
2.3800
-5.6700
-4.0600
274
327
312
443
443

-0.1479
-1.0033
-0.0361
7.3500
-3.0800
-2.9400
276
329
312
443
442

-0.1415
-0.9877
-0.0224
2.8700
-4.6200
-3.6400
277
329
313
442
441

-0.1508
-0.9970
-0.0327
7.5600
-6.3000
-3.4300
278
329
314
442
442

-0.1352
-0.9814
-0.0151
4.1300
-3.3600
-3.4300
278
330
316
442
442

-0.1347
-0.9819
-0.0342
5.6000
-3.6400
-3.2200
279
331
314
442
442

-0.1337
-0.9833
-0.0171
4.9000
-5.8800
-3.3600
280
330
317
442
442

-0.1327
-0.9819
0.0010
4.1300
-3.0100
-2.6600
280
331
316
443
442

-0.1410
-0.9853
-0.0029
4.3400
-4.8300
-3.2200
281
330
318
440
441

-0.1254
-0.9780
0.0049
3.1500
-4.7600
-2.7300
280
330
317
439
442

-0.1318
-0.9877
0.0054
2.3100
-5.6700
-2.5200
281
330
318
442
441

-0.1322
-0.9789
0.0112
5.9500
-6.5100
-4.4100
281
330
321
442
443

-0.1200
-0.9765
0.0264
-23.3100
-7.3500
-0.4200
296
345
334
447
446

-0.1030
-0.9399
-0.0151
-2.5200
-7.0000
3.4300
353
383
394
450
451

-0.1118
-0.9453
0.0390
18.2000
-6.0200
3.5000
396
419
468
452
452

-0.1327
-1.0160
0.0278
2.1000
-0.9800
1.8200
425
450
507
453
455

-0.1942
-1.0028
0.0146
9.1000
-3.5700
-0.0700
433
471
519
457
457

-0.1527
-0.9614
0.0420
0.7000
-4.4800
-1.3300
434
482
523
460
460

-0.1693
-0.9775
0.0122
1.4000
-4.6900
0.2100
435
487
527
463
463

-0.1747
-1.0043
0.0244
6.3000
-5.3200
-3.4300
437
490
527
464
464

-0.1791
-0.9848
0.0317
4.1300
-6.0900
-3.9900
439
490
527
464
464

-0.1732
-0.9828
0.0356
3.9900
-3.9200
-3.1500
437
491
527
464
463

-0.1752
-0.9638
0.0366
-8.8900
-1.8200
-7.8400
436
487
526
462
461

-0.1454
-0.9658
0.0395
-9.7300
-2.1700
-1.3300
429
477
523
461
461

-0.1810
-0.9814
-0.0137
-6.0900
1.4700
-4.3400
416
457
491
461
461

-0.1674
-0.9794
-0.0029
4.8300
-10.2200
-9.1000
411
429
440
461
461

-0.1454
-0.9975
0.0059
17.2200
-4.1300
-6.9300
400
410
400
461
461

-0.1225
-0.9926
0.0346
-1.6800
-7.9800
-8.4000
392
397
379
460
459

-0.1376
-0.9892
0.0410
4.0600
-4.5500
-6.7200
385
391
367
459
458

-0.1240
-0.9833
0.0312
-1.8900
-4.4800
-5.7400
380
386
362
457
457

-0.1059
-0.9814
0.0512
-2.3100
-3.0100
-3.4300
375
380
353
454
454

-0.1283
-0.9555
-0.0054
-7.7700
3.2200
-1.8200
365
373
343
451
451

-0.1259
-0.9667
0.0229
-8.3300
2.5200
-2.1000
354
362
333
448
448

-0.1220
-0.9648
0.0137
1.6100
-1.8200
-2.6600
345
355
326
447
447

-0.1186
-0.9804
0.0117
1.0500
-2.8700
-3.5700
333
348
323
446
446

-0.1171
-0.9804
0.0190
-1.6800
-2.9400
-2.8700
323
344
322
445
444

-0.1420
-0.9921
0.0127
1.6100
-3.1500
-3.6400
316
340
322
443
443

-0.1259
-0.9882
0.0195
-3.0100
-2.8700
-5.1800
315
339
323
442
443

-0.1259
-0.9799
0.0039
7.9100
-1.7500
-1.9600
310
335
325
442
442

-0.1196
-0.9926
0.0273
6.7200
-4.2700
-0.8400
306
334
326
441
441

-0.1444
-0.9789
0.0200
10.2200
1.0500
-2.1000
299
331
326
439
440

-0.1322
-0.9897
0.0205
2.7300
-1.9600
-3.5700
297
331
327
440
440

-0.1269
-0.9902
0.0273
3.5700
-7.4200
-2.8000
296
331
328
439
440

-0.1313
-0.9711
0.0190
3.4300
-3.2200
-3.2900
295
331
327
441
440

-0.1205
-0.9858
0.0312
3.2900
-1.0500
-2.5200
296
331
327
438
439

-0.1347
-0.9882
0.0239
3.1500
-4.8300
-3.3600
298
331
328
439
441

-0.1059
-0.9960
0.0337
2.4500
-5.1100
-1.8900
299
332
328
439
440

-0.1425
-0.9794
0.0376
-0.2100
-5.1800
-4.3400
299
332
327
440
440

-0.1352
-0.9804
0.0371
1.1900
-2.3800
-3.4300
299
331
329
440
439

-0.1332
-0.9882
0.0342
-5.1100
-2.3800
-3.5700
299
331
328
440
439

-0.1103
-0.9799
0.0190
2.8700
-4.4100
-2.6600
291
331
328
440
440

-0.1279
-0.9848
0.0429
3.4300
-5.2500
-2.4500
289
329
330
440
440

-0.1254
-0.9814
0.0498
0.2800
-4.0600
-3.4300
287
328
329
440
440

-0.1240
-0.9872
0.0327
2.6600
-3.7800
-3.9900
287
327
329
440
440

-0.1176
-0.9819
0.0454
-1.1200
-2.5200
-2.8700
288
330
328
442
441

-0.1244
-0.9804
0.0332
-11.6200
-1.6100
-3.8500
290
334
332
440
441

-0.1215
-0.9750
0.0146
-2.1700
-4.6200
-5.7400
293
338
334
440
440

-0.1279
-0.9833
0.0093
-1.8900
2.5900
-2.5900
310
352
357
441
442

-0.1064
-1.0019
-0.0063
-5.6700
-6.6500
-0.4200
347
380
411
445
445

-0.1279
-0.9931
0.0059
-1.1200
-4.2700
0.2800
383
413
466
447
447

-0.1376
-0.9892
-0.0288
-3.8500
-11.7600
0.3500
408
437
495
448
448

-0.1762
-0.9965
-0.0268
1.8200
-11.1300
1.1200
427
459
512
451
451

-0.1591
-1.0150
-0.0395
2.1000
-7.7000
2.4500
432
472
520
455
455

-0.1474
-0.9862
-0.0332
-2.4500
-9.9400
4.4100
432
481
524
464
465

-0.1752
-0.9902
-0.0488
5.8800
-9.7300
0.4200
433
489
529
469
469

-0.1581
-0.9936
-0.0459
9.5200
-8.3300
-2.0300
437
493
528
472
472

-0.1484
-0.9862
-0.0166
2.7300
-2.9400
-1.8200
438
495
529
473
473

-0.1791
-0.9867
-0.0322
1.7500
-1.1900
-2.5900
439
495
529
473
473

-0.1635
-0.9833
-0.0220
4.3400
-4.1300
-2.5900
438
495
529
473
473

-0.1557
-0.9750
-0.0293
-3.2200
-0.1400
-3.9900
438
495
528
473
473

-0.1606
-0.9789
-0.0468
4.7600
-4.1300
-2.9400
434
493
528
473
473

-0.1698
-0.9794
-0.0425
-0.9100
1.4000
-4.2700
427
487
527
473
473

-0.1547
-0.9726
-0.0595
-1.4700
2.5200
-2.8700
412
473
522
472
472

-0.1571
-0.9799
-0.0439
-7.2800
6.1600
-4.7600
392
455
504
471
470

-0.1591
-0.9706
-0.0595
-2.4500
5.8100
-3.2200
368
433
454
468
468

-0.1693
-0.9677
-0.0654
2.9400
1.2600
-7.2100
345
412
418
467
467

-0.1298
-1.0019
-0.0639
10.9900
-3.7100
-4.0600
324
396
389
464
464

-0.1352
-0.9848
-0.0210
5.8100
-7.8400
-3.0800
309
386
368
463
463

-0.1430
-0.9862
-0.0386
7.0000
-3.2200
-1.8200
298
376
355
461
461

-0.1357
-0.9833
-0.0454
5.6000
-2.4500
-1.8900
289
369
341
459
458

-0.1362
-0.9706
-0.0400
9.5900
-5.2500
-3.9200
279
361
336
459
458

-0.1415
-0.9862
-0.0151
6.2300
-10.0100
-3.3600
268
351
338
457
457

-0.1479
-0.9716
-0.0054
4.2000
-7.8400
-2.9400
261
345
339
457
456

-0.1508
-0.9819
-0.0063
2.1700
-4.6200
-3.0800
256
342
339
456
456

-0.1405
-1.0043
-0.0166
4.5500
-7.4200
-3.1500
253
338
340
455
455

-0.1357
-0.9975
-0.0029
9.6600
-8.5400
-4.4100
251
335
340
452
451

-0.1444
-0.9882
0.0176
6.3000
-9.0300
-2.8700
249
335
341
450
451

-0.1396
-0.9716
0.0161
3.5700
-7.4200
-2.7300
249
334
341
450
450

-0.1449
-0.9809
0.0181
5.6700
-3.7100
-2.8000
248
330
341
450
449

-0.1435
-0.9780
0.0181
4.9000
-4.3400
-2.6600
246
327
341
449
450

-0.1396
-0.9911
0.0185
2.6600
-4.3400
-3.4300
245
326
341
449
449

-0.1362
-1.0058
0.0210
1.7500
-2.0300
-2.2400
245
327
342
449
449

-0.1420
-0.9931
-0.0024
7.2800
-2.5200
-4.4800
245
327
342
448
448

-0.1230
-0.9916
0.0259
2.6600
-4.3400
-2.1700
245
325
341
448
448

-0.1362
-0.9892
0.0185
0.2100
-2.3100
-2.8000
245
327
342
448
447

-0.1435
-0.9823
0.0176
5.7400
-2.6600
-3.3600
244
325
342
447
447

-0.1244
-0.9828
0.0185
2.8000
-3.4300
-1.9600
243
323
341
446
447

-0.1332
-0.9780
0.0181
1.6100
-5.2500
-3.5700
245
324
341
447
447

-0.1337
-0.9662
0.0185
2.3100
-2.6600
-2.4500
243
323
340
448
446

-0.1313
-0.9843
0.0142
3.2900
-3.6400
-3.3600
241
319
341
445
446

-0.1288
-0.9853
0.0205
0.2100
-1.4000
-2.5900
240
321
340
446
446

-0.1420
-1.0009
0.0249
-0.5600
-6.1600
-4.2000
241
320
339
447
447

-0.1357
-0.9902
0.0185
0.4900
-4.0600
-2.8700
242
320
340
447
447

-0.1215
-0.9775
0.0190
-19.1100
1.1200
-2.9400
257
336
340
450
447

-0.1108
-0.9823
-0.0254
4.9000
-0.2800
1.1200
304
374
379
451
451

-0.1581
-1.0014
-0.0249
2.3800
-3.6400
-3.9900
364
416
458
454
455

-0.1527
-0.9941
0.0107
-1.6800
-15.1200
-5.4600
400
447
498
456
456

-0.1542
-1.0009
0.0010
-4.6900
-3.5700
-1.2600
421
467
512
458
458

-0.1357
-0.9984
0.0073
-2.2400
-18.4800
-2.3800
434
483
520
460
461

-0.1606
-0.9916
-0.0151
5.8100
-15.0500
-2.8700
435
489
524
465
465

-0.1405
-0.9794
0.0068
-4.3400
-0.9100
0.4200
437
491
526
467
467

-0.1684
-0.9804
-0.0210
-3.9200
-5.4600
-4.4800
440
494
527
468
468

-0.1405
-0.9926
-0.0044
2.2400
-4.5500
-3.6400
439
493
528
469
468

-0.1459
-0.9921
-0.0264
1.8900
-3.0800
-3.0100
441
494
528
469
469

-0.1566
-0.9911
-0.0073
2.5200
-4.6200
-4.3400
440
494
528
469
468

-0.1542
-0.9814
-0.0146
1.0500
-3.9900
-3.2900
439
494
528
469
469

-0.1527
-0.9862
-0.0137
-0.2100
-3.2900
-4.4800
439
494
529
469
469

-0.1484
-0.9740
-0.0244
0.1400
-1.9600
-5.6700
436
492
526
468
468

-0.1332
-0.9799
-0.0346
-11.2000
2.1700
-4.8300
425
477
518
467
467

-0.1347
-1.0072
-0.0581
15.6800
9.1000
-2.2400
405
456
487
466
467

-0.1537
-0.9862
-0.0366
20.8600
-0.9800
-4.1300
378
432
443
466
465

-0.1113
-1.0053
-0.0190
15.8200
-4.7600
-4.6200
347
408
398
463
463

-0.1479
-0.9833
0.0049
6.0900
-0.1400
-3.5700
325
391
370
461
461

-0.1205
-0.9609
0.0220
11.5500
-7.7000
-4.9700
303
376
346
457
459

-0.0991
-0.9740
0.0171
1.4700
-8.2600
-2.5900
288
364
329
453
455

-0.1342
-0.9838
0.0176
-0.2100
-9.1000
-6.5100
281
355
318
453
453

-0.1176
-0.9853
0.0239
1.8200
-5.6000
-4.4800
274
350
315
454
453

-0.1074
-0.9599
0.0229
-1.6800
-4.6900
-5.1100
264
341
313
454
453

-0.1044
-0.9765
0.0239
-3.5000
-5.9500
-2.5900
253
331
313
452
453

-0.1322
-0.9945
0.0122
3.3600
-4.7600
-1.6800
245
323
315
453
454

-0.1137
-0.9945
0.0156
4.9000
-6.8600
-3.9200
240
318
316
453
453

-0.1152
-0.9882
0.0171
5.8800
-4.2700
-2.7300
238
314
316
452
453

-0.1171
-0.9945
0.0190
4.9700
-2.8000
-3.5000
237
313
318
452
452

-0.1127
-0.9916
0.0229
3.2900
-3.0100
-2.7300
237
312
317
452
452

-0.1176
-0.9848
0.0205
5.5300
-3.3600
-2.8700
236
312
318
451
450

-0.1215
-0.9838
0.0234
2.3800
-3.2200
-2.8000
235
310
319
450
449

-0.1157
-1.0043
0.0190
5.1800
-3.0800
-3.3600
233
309
319
449
449

-0.1152
-0.9799
0.0293
3.5700
-3.2200
-3.0800
232
309
319
448
448

-0.1186
-0.9819
0.0307
5.1100
-4.4100
-2.2400
233
309
320
448
448

-0.1166
-0.9814
0.0356
4.2700
-4.8300
-4.4100
233
307
321
448
448

-0.1074
-0.9892
0.0464
1.0500
-6.3700
-2.8000
231
309
320
448
447

-0.1181
-0.9911
0.0483
2.4500
-8.2600
-4.8300
231
307
321
448
448

-0.1161
-0.9984
0.0527
3.2200
-7.3500
-4.3400
230
307
322
449
448

-0.1118
-0.9887
0.0605
4.6900
-6.0200
-3.2200
230
308
321
446
447

-0.1118
-1.0004
0.0532
3.1500
-4.0600
-3.0100
231
308
320
446
445

-0.1137
-0.9828
0.0547
7.7000
-6.0900
-2.1000
232
307
321
446
446

-0.1069
-0.9999
0.0605
3.8500
-4.7600
-1.8900
231
307
322
445
446

-0.1186
-0.9877
0.0625
2.9400
-6.3000
-3.0100
230
305
321
445
446

-0.1118
-0.9819
0.0654
2.3100
-5.3200
-3.0100
229
305
322
445
446

-0.1161
-0.9858
0.0683
1.2600
-4.1300
-3.3600
230
305
322
446
446

-0.1235
-0.9970
0.0644
1.8900
-3.6400
-2.7300
231
308
323
447
446

-0.1181
-0.9906
0.0717
-4.3400
-5.4600
-2.3100
232
308
324
446
446

-0.1235
-0.9736
0.0659
-7.2100
1.1900
1.6100
237
313
326
446
446

-0.1283
-0.9677
0.0371
-15.3300
-5.8100
-4.0600
246
322
326
447
446

-0.1264
-0.9589
0.0303
-3.4300
-3.7100
-2.3100
262
338
341
448
448

-0.1283
-0.9941
0.0210
-4.6900
-0.4900
-2.6600
276
349
349
447
448

-0.1381
-0.9941
0.0166
-9.1000
-5.4600
17.3600
321
381
390
447
447

-0.1240
-0.9809
0.0293
-5.9500
-14.7700
2.1700
373
418
470
448
449

-0.1503
-1.0092
-0.0307
4.9700
-20.5100
4.2700
421
464
515
458
458

-0.1401
-0.9882
0.0332
-5.1800
-12.8800
1.4000
435
485
524
465
465

-0.1854
-0.9984
-0.0098
-10.6400
-7.9100
-0.7000
440
491
527
470
468

-0.1684
-0.9897
0.0000
-2.8700
-48.1600
-3.4300
444
494
528
471
471

-0.1957
-0.9677
-0.0293
11.8300
-11.9000
-8.3300
448
496
529
472
471

-0.1591
-1.0170
0.0244
14.0700
8.9600
1.4000
449
496
531
471
470

-0.2206
-0.9399
-0.0044
-28.1400
11.8300
-31.3600
449
494
529
467
466

-0.0722
-0.9457
-0.0454
25.3400
13.6500
-26.8100
445
491
528
462
462

-0.0332
-0.9902
0.0239
12.2500
6.7900
-21.0000
443
490
526
459
459

-0.0537
-0.9931
0.0605
12.3200
6.1600
-17.4300
442
487
525
458
458

0.0015
-1.0155
0.0395
5.8100
-1.5400
-11.2700
442
486
525
456
455

-0.0488
-0.9833
0.1000
9.6600
-0.3500
-11.6900
440
485
524
452
452

0.0268
-1.0141
0.0586
8.1200
-7.4200
-12.6000
440
484
525
449
449

0.0185
-1.0131
0.0595
5.4600
-4.6900
-7.0700
438
483
523
447
446

-0.0171
-0.9965
0.0722
-0.6300
-7.0700
-10.9200
440
483
522
446
446

0.0464
-1.0146
0.0747
1.7500
-6.0900
-9.8700
439
482
522
444
445

0.0634
-1.0038
0.0634
1.6100
-5.3200
-6.2300
437
482
521
443
443

0.0410
-0.9823
0.0644
4.8300
-5.1800
-4.0600
438
480
521
440
441

0.0586
-1.0136
0.0839
5.0400
-2.1000
-2.9400
436
480
520
441
440

0.0473
-0.9975
0.0742
11.5500
1.1900
-5.0400
435
479
520
440
440

0.0512
-0.9745
0.0791
8.5400
-2.1000
-5.1800
435
479
520
440
440

0.0708
-1.0087
0.1200
12.3900
-4.6200
-3.5700
435
479
520
439
440

0.0459
-0.9945
0.1161
2.1700
-5.7400
-6.0200
434
478
520
439
439

0.0498
-0.9828
0.1147
5.0400
0.8400
-7.6300
434
480
520
439
439

0.0771
-0.9984
0.0956
3.2900
-3.9200
-6.0200
434
478
519
438
439

0.0888
-0.9887
0.1054
7.3500
-4.9700
-3.2200
434
477
519
439
439

0.0630
-0.9872
0.1396
11.7600
2.1700
-1.0500
433
477
519
439
439

0.0634
-0.9955
0.1684
9.1000
4.2700
-6.2300
433
477
519
439
439