0.0791
-0.9477
0.3157
2.3800
-4.2000
-3.2200
427
465
515
425
425

0.0810
-0.9394
0.3231
2.7300
-2.6600
-3.0100
427
465
515
427
425

0.0844
-0.9409
0.3172
2.3800
-3.0800
-2.9400
427
465
517
425
424

0.0820
-0.9448
0.3231
2.1700
-3.2900
-3.0800
427
465
515
425
425

0.0844
-0.9487
0.3206
2.3100
-2.5200
-3.7100
428
465
515
425
425

0.0864
-0.9404
0.3157
2.6600
-4.3400
-3.6400
427
465
514
425
425

0.0883
-0.9423
0.3270
2.6600
-4.2000
-3.0100
427
464
515
425
424

0.0908
-0.9418
0.3109
2.2400
-4.0600
-3.0100
427
465
515
425
425

0.0844
-0.9394
0.3172
2.6600
-3.5700
-3.3600
427
465
515
424
426

0.0878
-0.9472
0.3323
2.6600
-3.7800
-2.9400
427
464
515
425
425

0.0786
-0.9399
0.3177
1.1200
-3.9200
-3.4300
426
465
514
424
424

0.0908
-0.9350
0.3216
2.1700
-3.1500
-3.7800
427
465
516
425
425

0.0917
-0.9414
0.3177
2.1000
-4.6900
-3.5700
427
465
515
425
424

0.0903
-0.9433
0.3187
3.8500
-3.5700
-2.5900
428
465
515
424
425

0.0927
-0.9467
0.3314
1.2600
-4.0600
-3.2900
427
466
515
424
425

0.0869
-0.9370
0.3201
0.7700
-2.8000
-4.1300
427
465
515
425
426

0.0942
-0.9462
0.3157
1.7500
-2.8000
-3.9200
427
465
515
425
425

0.0976
-0.9448
0.3196
0.5600
-3.3600
-2.5200
427
465
515
424
425

0.0893
-0.9379
0.3152
1.2600
-3.4300
-2.9400
427
465
514
425
425

0.0913
-0.9438
0.3192
1.5400
-3.7800
-3.0800
427
465
515
425
425

0.0888
-0.9443
0.3109
1.8200
-3.8500
-3.2200
427
465
515
424
425

0.0952
-0.9506
0.3143
1.8900
-3.0800
-3.4300
427
466
515
425
424

0.0947
-0.9423
0.3113
1.1900
-4.1300
-3.1500
427
465
514
425
424

0.0854
-0.9438
0.3157
1.1200
-3.0100
-3.0100
427
465
514
426
426

0.0917
-0.9404
0.3109
1.3300
-1.9600
-3.1500
427
465
515
424
424

0.0981
-0.9526
0.3192
-0.6300
-1.6100
-3.0800
427
465
515
425
424

0.0888
-0.9433
0.3040
-0.2800
-2.2400
-2.8000
427
466
515
424
425

0.0917
-0.9516
0.3294
-2.3100
-5.1100
-2.7300
427
464
515
424
424

0.0903
-0.9492
0.3065
-2.3100
-3.0100
-3.8500
426
464
514
425
424

0.0878
-0.9453
0.2904
0.2100
-1.8200
-3.1500
427
465
514
424
425

0.0956
-0.9531
0.2972
1.3300
-3.2900
-2.9400
427
464
514
424
423

0.0878
-0.9536
0.2943
1.4000
-4.2000
-2.8000
427
464
514
424
424

0.0805
-0.9526
0.2982
3.4300
-3.3600
-3.4300
427
464
513
424
424

0.0874
-0.9506
0.3016
1.6800
-4.1300
-3.2200
427
465
513
424
424

0.0839
-0.9550
0.3001
1.3300
-3.8500
-3.2200
428
465
513
424
424

0.0820
-0.9516
0.2904
2.9400
-3.5700
-3.5700
427
464
513
424
424

0.0937
-0.9540
0.2952
1.5400
-3.9900
-2.8000
427
465
512
424
424

0.0854
-0.9545
0.2982
1.6100
-2.8000
-3.2200
428
466
513
424
424

0.0878
-0.9506
0.2977
1.9600
-3.2900
-3.4300
427
464
513
424
424

0.0922
-0.9545
0.2972
2.6600
-3.9200
-3.1500
427
464
512
424
423

0.0859
-0.9536
0.2982
2.1000
-3.9200
-2.8000
427
464
513
423
425

0.0869
-0.9511
0.3026
1.6800
-4.4100
-3.4300
427
464
514
423
424

0.0908
-0.9555
0.3021
1.8900
-3.2900
-3.3600
427
464
513
425
424

0.0937
-0.9526
0.3006
1.6800
-4.3400
-3.2900
427
464
513
422
424

0.0908
-0.9492
0.2972
2.0300
-3.7800
-3.2900
426
466
513
423
424

0.0913
-0.9511
0.2967
1.1200
-4.0600
-2.7300
427
464
513
423
424

0.0854
-0.9511
0.2884
1.3300
-3.6400
-3.0100
427
466
515
424
423

0.0898
-0.9614
0.2957
-3.5700
-2.0300
-0.4900
427
464
513
424
423

0.0820
-0.9579
0.2850
-6.1600
-0.7700
1.1900
427
464
512
422
421

0.0722
-0.9745
0.2689
-14.1400
1.2600
2.3100
427
464
509
421
421

0.0620
-0.9672
0.2411
-13.4400
2.9400
3.3600
427
461
504
421
421

0.0517
-0.9658
0.2040
-16.5900
0.0000
-0.1400
426
461
497
419
420

0.0478
-0.9628
0.1825
-3.3600
1.8200
0.4900
426
460
497
419
419

0.0576
-0.9936
0.1806
-17.1500
6.8600
4.9700
426
458
483
403
403

0.0239
-1.0058
0.1479
-23.7300
-2.8700
6.5100
426
457
478
400
400

0.0234
-1.0028
0.1205
-39.0600
10.6400
7.6300
424
447
445
385
386

-0.0356
-0.9823
0.0595
-35.3500
12.3200
1.7500
418
429
405
362
362

-0.0249
-1.0033
-0.0200
-40.6700
-3.6400
-19.6000
404
411
368
321
320

0.0444
-1.0463
-0.0971
-9.5200
-10.9900
-1.8200
377
386
336
275
274

0.0312
-1.0160
-0.1401
-1.8200
-0.8400
2.4500
349
363
308
244
245

-0.0166
-1.0033
-0.1132
1.9600
-15.8900
-18.5500
323
343
290
229
228

0.0342
-1.0131
-0.1523
8.2600
-8.5400
-7.3500
295
324
279
220
220

0.0268
-0.9726
-0.1293
21.4900
4.4800
-6.8600
271
306
272
217
218

0.0239
-0.9862
-0.0527
11.6200
6.7900
-6.5100
249
292
266
217
217

0.0434
-0.9945
-0.1030
7.4200
-1.8900
1.1900
240
289
263
218
218

0.0537
-0.9848
-0.0869
-12.1100
-1.3300
-1.2600
233
289
262
218
220

0.0444
-1.0043
-0.1083
-10.3600
-7.7700
0.2800
234
287
261
218
219

0.0351
-1.0160
-0.1459
-16.5200
-8.1900
6.3000
231
287
257
213
214

0.0117
-0.9589
-0.1625
-30.1000
-15.1900
0.7000
228
287
256
208
208

-0.0024
-0.9853
-0.2045
-20.4400
-13.6500
-1.9600
224
286
255
202
201

0.0151
-0.9540
-0.2464
-16.3800
-6.3000
-0.9100
226
286
259
199
199

0.0102
-0.9487
-0.2782
-16.1000
-5.6700
-0.7000
226
287
260
199
199

0.0102
-0.9501
-0.2723
-9.7300
-10.9900
-1.9600
226
288
262
200
199

-0.0112
-0.9618
-0.2860
-7.4200
-9.8700
-0.7700
227
289
263
201
200

-0.0176
-0.9272
-0.3152
-4.6200
-5.6000
0.0000
227
289
264
203
203

-0.0210
-0.9243
-0.3030
-6.9300
-8.3300
-1.8200
227
290
266
204
203

-0.0224
-0.9287
-0.3196
-6.7900
-9.8700
0.1400
229
290
267
206
206

-0.0312
-0.9223
-0.3201
-9.6600
-11.6900
-2.2400
229
290
269
206
205

-0.0366
-0.9204
-0.3426
-4.6900
-7.3500
-0.4200
229
291
269
204
206

-0.0483
-0.9257
-0.3543
-1.1900
-3.3600
-1.6800
230
291
271
206
207

-0.0571
-0.9223
-0.3528
1.2600
-2.4500
-4.3400
231
293
271
207
207

-0.0464
-0.9335
-0.3543
1.6800
-2.3800
-2.8000
231
293
273
207
209

-0.0459
-0.9331
-0.3523
1.2600
-3.3600
-3.0100
231
292
272
209
209

-0.0459
-0.9189
-0.3431
0.3500
-2.1000
-2.7300
231
293
274
209
208

-0.0400
-0.9423
-0.3504
0.4200
-2.3100
-2.7300
231
293
274
209
210

-0.0551
-0.9223
-0.3592
4.9000
-3.2900
-3.2900
232
295
275
210
210

-0.0561
-0.9404
-0.3528
7.8400
-3.2900
-3.8500
232
296
274
209
209

-0.0415
-0.9472
-0.3514
10.1500
-4.6900
-4.2000
234
297
276
211
212

-0.0517
-0.9560
-0.3372
22.7500
-7.0000
-7.9100
236
298
279
212
213

-0.0356
-0.9438
-0.3055
23.7300
0.9100
-0.4200
242
303
282
214
214

-0.0278
-0.9575
-0.2718
45.7100
8.3300
3.3600
258
306
288
219
219

-0.0488
-0.9677
-0.2020
34.0200
2.7300
2.6600
287
323
302
231
231

-0.0664
-0.9906
-0.1557
24.1500
1.0500
1.0500
318
342
325
246
246

-0.0669
-1.0189
-0.1215
8.1900
-5.1100
0.2800
352
367
361
274
274

-0.0673
-1.0048
-0.1279
9.3800
-1.6100
-0.0700
381
393
415
311
311

-0.0712
-0.9828
-0.1015
11.0600
0.0000
1.9600
404
417
466
355
356

-0.0717
-0.9828
-0.1161
9.9400
-4.6900
1.5400
420
438
493
383
383

-0.0898
-0.9799
-0.1166
6.7900
2.7300
-0.2800
431
456
511
407
407

-0.0913
-0.9926
-0.1054
-1.4700
-0.4900
-2.9400
434
470
518
420
420

-0.0854
-0.9745
-0.1098
-12.1800
-2.3100
-3.0800
435
479
522
430
430

-0.0717
-0.9804
-0.1430
-7.4200
-2.7300
-3.6400
437
483
524
442
440

-0.0844
-0.8877
-0.1298
8.0500
-6.7900
-2.9400
438
485
525
448
448

-0.0820
-0.9819
-0.1425
1.2600
-3.4300
-2.2400
438
487
525
452
452

-0.0874
-0.9672
-0.1313
2.5900
-3.1500
-4.2700
437
488
526
452
452

-0.0791
-0.9794
-0.1313
1.6100
-4.5500
-4.2000
440
488
527
453
454

-0.0761
-0.9877
-0.1371
1.9600
-5.5300
-4.1300
438
487
526
454
454

-0.0805
-0.9789
-0.1381
-1.5400
-8.4000
-6.4400
438
488
526
453
452

-0.0883
-0.9819
-0.1537
-6.5100
-12.8100
-9.8700
438
487
526
450
450

-0.0634
-0.9980
-0.1435
-0.2800
-10.6400
-6.6500
438
488
526
449
449

-0.0537
-0.9618
-0.1513
-3.7800
-6.9300
-5.8100
437
486
526
445
446

-0.0683
-0.9618
-0.1581
-1.5400
-14.6300
-8.5400
439
486
525
440
439

-0.0595
-0.9780
-0.1757
3.4300
-19.6700
-11.1300
437
486
524
434
433

-0.0215
-0.9916
-0.1362
-12.1100
-22.4700
-12.7400
438
485
522
422
422

-0.0522
-0.9482
-0.1654
-10.0800
-25.2700
-9.4500
437
482
517
408
407

-0.0571
-0.9609
-0.1952
-15.3300
-13.9300
-4.0600
437
477
495
373
373

-0.0244
-0.9745
-0.2211
-9.6600
-2.7300
0.1400
436
461
446
328
327

-0.0605
-0.9623
-0.2440
-19.8100
-2.7300
-2.1000
429
432
400
282
283

-0.0434
-0.9321
-0.2425
1.7500
0.5600
-0.7000
409
395
357
253
252

-0.0381
-0.9409
-0.2347
3.7100
4.7600
-0.4200
377
366
324
233
233

-0.0581
-0.9726
-0.2425
-5.2500
5.4600
-2.5900
343
349
305
221
221

-0.0590
-0.9604
-0.2528
-4.4800
-0.3500
-1.0500
317
331
293
213
214

-0.0415
-0.9570
-0.2650
-9.1700
2.6600
-1.4000
297
319
285
209
208

-0.0429
-0.9238
-0.2455
-0.9100
-0.4900
-0.6300
288
315
280
206
206

-0.0346
-0.9701
-0.2723
-6.3700
0.9800
-0.7000
277
312
275
205
205

-0.0688
-0.9599
-0.2816
1.6100
1.6100
1.5400
268
312
271
203
201

-0.0659
-0.9570
-0.2816
5.3900
-2.2400
-0.7700
260
308
269
201
201

-0.0664
-0.9765
-0.2884
2.1700
-4.1300
-1.6100
257
309
269
202
203

-0.0800
-0.9594
-0.3021
-3.4300
-6.5800
-3.0800
255
309
270
205
205

-0.0673
-0.9584
-0.2845
0.2800
-3.7100
-1.4000
257
310
272
207
206

-0.0551
-0.9487
-0.3050
-0.4900
-4.5500
-2.6600
258
309
273
207
208

-0.0512
-0.9453
-0.2952
-3.6400
-5.1800
-4.9700
258
311
275
208
207

-0.0781
-0.9453
-0.3172
2.0300
-4.8300
-4.4100
259
313
276
209
209

-0.0727
-0.9521
-0.3045
4.4100
-4.6200
-4.6900
259
311
277
208
210

-0.0610
-0.9658
-0.3001
2.5900
-3.1500
-2.5200
261
314
278
209
210

-0.0732
-0.9428
-0.3016
4.9700
-6.7200
-4.3400
260
315
279
210
211

-0.0586
-0.9443
-0.3021
2.3100
-4.8300
-3.5000
262
315
280
211
211

-0.0678
-0.9501
-0.2948
3.4300
-4.4100
-3.2900
263
315
281
211
210

-0.0781
-0.9399
-0.2918
3.0800
-4.4800
-3.2900
262
316
281
211
212

-0.0752
-0.9438
-0.2991
1.3300
-3.9900
-3.1500
262
314
280
212
212

-0.0634
-0.9531
-0.2996
1.6100
-2.6600
-2.3800
261
315
281
214
212

-0.0708
-0.9438
-0.3113
2.8000
-3.6400
-3.2900
262
315
281
212
212

-0.0586
-0.9565
-0.2996
0.2800
-4.7600
-2.7300
263
314
281
212
214

-0.0639
-0.9418
-0.3016
1.9600
-4.8300
-4.6200
262
315
283
213
213

-0.0615
-0.9457
-0.2977
2.2400
-5.1800
-3.5000
261
315
281
213
213

-0.0615
-0.9545
-0.3026
2.9400
-5.0400
-2.8700
262
316
283
213
212

-0.0590
-0.9389
-0.2952
1.3300
-5.5300
-3.6400
262
315
283
213
214

-0.0571
-0.9370
-0.2957
3.0100
-5.3900
-3.9900
263
316
284
212
212

-0.0522
-0.9599
-0.2962
3.5700
-3.7800
-3.7100
263
318
285
214
214

-0.0561
-0.9521
-0.2904
1.8900
-1.9600
-2.9400
268
319
286
214
217

-0.0615
-0.9550
-0.2962
7.7000
1.8200
-3.6400
273
321
291
219
220

-0.0605
-0.9594
-0.2923
13.5800
-0.3500
-2.7300
295
339
309
230
227

-0.0576
-0.9858
-0.2474
10.9900
-4.4800
-3.1500
318
352
334
249
249

-0.0547
-0.9701
-0.2552
14.7700
-7.0700
-2.8700
348
372
376
278
277

-0.0571
-0.9511
-0.2377
15.9600
-2.9400
-1.0500
380
399
436
326
327

-0.0542
-0.9789
-0.2113
12.8800
-10.5700
0.4200
407
428
479
372
374

-0.0610
-0.9726
-0.1942
-3.1500
-14.2800
0.2100
422
451
502
401
401

-0.0961
-0.9828
-0.1840
-4.4800
-0.8400
-0.7000
433
466
514
415
416

-0.0766
-1.0360
-0.1898
3.0800
-2.5900
-0.6300
435
480
521
428
428

-0.0776
-0.9858
-0.1947
7.0700
-7.9100
-4.2000
438
487
524
441
442

-0.0737
-0.9653
-0.2172
3.0800
-5.3900
-4.4800
440
491
526
453
453

-0.0864
-0.9775
-0.1986
8.8200
-8.2600
-4.1300
441
493
528
458
458

-0.0688
-0.9955
-0.1840
6.5800
-4.8300
-3.5000
440
493
527
457
457

-0.0732
-0.9897
-0.1884
3.2900
-2.1700
-3.0100
441
494
527
458
458

-0.0737
-0.9770
-0.1825
3.4300
-3.9200
-3.0100
440
494
527
457
458

-0.0654
-0.9867
-0.1806
1.4700
-4.2700
-3.9200
440
494
527
457
458

-0.0786
-0.9740
-0.1850
1.6800
-0.9800
-3.5700
440
493
527
456
455

-0.0620
-0.9950
-0.1810
2.2400
-2.7300
-3.2200
440
491
525
452
452

-0.0615
-0.9853
-0.1728
-6.0900
-4.4100
-4.8300
437
488
519
445
446

-0.0630
-0.9614
-0.1801
-11.1300
-0.3500
-3.9900
436
484
504
436
436

-0.0400
-0.9604
-0.2015
-3.8500
0.3500
0.6300
433
474
474
416
416

-0.0600
-0.9511
-0.2064
-2.8000
-3.2900
-2.7300
427
461
443
377
378

-0.0776
-0.9760
-0.2333
-16.8000
-13.5800
-4.2700
405
432
396
331
331

-0.0810
-1.0033
-0.2567
-1.6100
0.2100
-4.9000
376
401
357
290
291

-0.0415
-0.9648
-0.2255
-1.4000
-4.5500
-3.3600
343
376
329
264
264

-0.0547
-0.9736
-0.2196
-4.2700
-10.1500
-9.3100
314
355
306
246
245

-0.0571
-0.9780
-0.2460
-4.5500
-5.9500
-6.9300
286
338
293
232
232

-0.0303
-0.9526
-0.2425
-4.9700
-14.2100
-6.8600
269
326
284
223
226

-0.0483
-0.9209
-0.2699
-8.5400
-7.6300
-7.9100
259
319
282
221
220

-0.0532
-0.9731
-0.2601
-4.6900
-13.0200
-6.0200
249
312
277
216
216

-0.0195
-0.9360
-0.2577
-23.8000
-0.4900
-0.1400
239
305
272
211
212

-0.0371
-0.9404
-0.3109
-8.2600
1.1900
2.5200
234
305
272
208
208

-0.0542
-0.9360
-0.3206
-11.8300
-2.0300
-0.7000
233
307
271
208
207

-0.0127
-0.8891
-0.3011
-21.4900
-7.2800
-4.4800
228
306
272
211
211

-0.0425
-0.9106
-0.3333
-6.0900
-7.0000
-1.7500
228
309
274
211
212

-0.0522
-0.9428
-0.3211
-3.5000
-3.8500
0.0700
227
309
273
211
211

-0.0386
-0.9277
-0.3367
-21.1400
-10.8500
-1.4700
226
310
273
208
210

-0.0673
-0.8935
-0.3904
-15.9600
-10.0800
-1.0500
225
310
275
212
212

-0.0893
-0.8862
-0.3826
-5.5300
-9.5900
-3.7100
227
310
276
213
214

-0.0639
-0.9057
-0.3880
-6.8600
-6.5100
-4.4100
224
310
278
215
216

-0.0805
-0.9116
-0.4046
2.6600
-6.2300
-4.1300
226
312
278
216
218

-0.0810
-0.9213
-0.3933
3.0100
-7.0000
-5.7400
227
314
279
217
216

-0.0747
-0.9126
-0.3933
1.4000
-5.5300
-6.0900
228
315
280
217
218

-0.1469
-0.9453
-0.3592
-19.3200
-47.4600
-55.4400
228
316
281
219
219

-0.0771
-0.9252
-0.4553
-13.1600
-48.6500
-45.7100
230
319
282
219
218

0.0063
-0.8926
-0.4763
-1.5400
-46.3400
-39.4100
232
320
282
220
218

0.0229
-0.8413
-0.4929
-16.5200
-40.1100
-27.3000
230
320
283
220
218

0.0752
-0.8394
-0.4973
-9.9400
-43.4700
-39.0600
232
320
285
219
219

0.1069
-0.8789
-0.5139
-1.3300
-64.6100
-52.3600
233
322
284
220
220

0.1147
-0.8642
-0.5109
1.4700
-68.3900
-40.4600
233
322
284
220
221

0.1122
-0.8623
-0.5241
11.4800
-23.1700
-14.5600
236
323
286
221
222

0.0620
-0.8652
-0.4978
31.0100
0.6300
-3.2200
242
327
290
223
223

0.0825
-0.8730
-0.4412
24.5000
39.9700
12.2500
269
342
306
232
234

0.0708
-0.9013
-0.3987
33.6000
39.8300
9.9400
307
369
340
247
246

0.1322
-0.9477
-0.3060
27.5800
47.6000
24.2900
347
401
398
295
294

0.0898
-0.9555
-0.2874
12.3200
55.5100
32.2000
381
426
453
346
345

0.0434
-0.9731
-0.2913
14.5600
61.8800
34.3000
406
447
486
386
387

0.0229
-0.9575
-0.2440
8.8200
48.3700
20.7200
422
464
508
411
411

-0.0181
-0.9472
-0.2201
2.8000
13.5100
3.2900
432
481
520
433
434

0.0039
-0.9828
-0.2133
-2.1000
-2.8700
3.0800
436
488
524
451
451

0.0083
-0.9701
-0.2362
-13.3000
-1.6100
1.6800
438
493
527
461
461

-0.0386
-0.9755
-0.2801
0.3500
-1.8200
-4.6200
441
496
529
466
466

0.0039
-0.9653
-0.2845
2.2400
-1.4700
-1.7500
441
497
529
470
468

-0.0039
-0.9765
-0.2591
2.1700
-4.6900
-4.4800
441
498
530
471
471

-0.0249
-0.9545
-0.2723
5.1800
-2.7300
-4.4100
442
498
530
472
472

0.0093
-0.9482
-0.2430
-6.5800
-0.2800
-1.1900
441
498
530
473
474

-0.0181
-0.9448
-0.2596
-1.1900
-2.6600
-4.2700
441
498
531
472
472

-0.0176
-0.9575
-0.2533
-7.4200
-8.4700
-3.0100
442
496
530
473
473

-0.0068
-0.9492
-0.2752
-14.8400
-0.3500
1.2600
438
491
530
472
471

-0.0176
-0.9453
-0.3123
-6.1600
-0.2100
-0.4200
435
480
520
461
461

-0.0181
-0.9555
-0.3113
-10.7100
8.9600
3.8500
427
462
475
443
442

-0.0342
-0.9243
-0.3260
-10.2200
4.2700
-0.0700
415
442
429
397
397

-0.0307
-0.9443
-0.3416
3.7100
5.2500
-0.2100
399
421
389
350
351

-0.0137
-0.9316
-0.3279
8.6800
3.3600
0.1400
385
403
358
305
303

-0.0239
-0.9170
-0.3187
6.9300
1.0500
-1.4700
365
384
336
271
271

-0.0361
-0.9443
-0.3099
9.8700
6.4400
-1.7500
347
364
317
249
248

-0.0381
-0.9579
-0.3065
0.8400
-0.7700
-2.2400
329
349
302
236
238

-0.0239
-0.9482
-0.3016
6.1600
-6.3000
-4.4800
312
337
293
229
228

-0.0322
-0.9453
-0.2948
1.3300
-1.1900
-3.9200
296
324
287
223
222

-0.0195
-0.9492
-0.2889
7.5600
-5.6000
0.1400
282
312
280
219
219

-0.0566
-0.9687
-0.2938
4.2700
-3.5000
-2.6600
272
306
276
217
217

-0.0317
-0.9706
-0.2830
-5.3200
1.5400
0.4900
259
296
272
216
216

-0.0464
-0.9828
-0.3148
-5.1100
1.6100
-1.8200
254
293
267
215
215

-0.0239
-0.9570
-0.2962
-9.8700
1.8200
-0.1400
248
291
262
212
212

-0.0488
-0.9296
-0.3226
-6.5100
-3.7800
-1.6800
244
287
262
212
211

-0.0366
-0.9482
-0.3206
-8.1900
-8.4000
-5.7400
241
286
263
211
211

-0.0176
-0.9316
-0.3235
-10.4300
-9.4500
-6.0900
239
283
264
211
210

-0.0449
-0.9379
-0.3650
8.5400
-10.1500
-2.4500
239
283
265
208
208

-0.0283
-0.9448
-0.3411
-13.6500
-1.8900
3.2900
237
285
266
208
210

-0.0468
-0.9335
-0.3855
-20.5800
-2.7300
3.1500
235
284
267
210
210

-0.0566
-0.8740
-0.4133
-14.7000
-6.5100
-1.4000
234
284
269
210
209

-0.0600
-0.8911
-0.4221
0.0000
-6.0900
-4.6200
237
286
271
211
209

-0.0590
-0.8950
-0.4168
-0.8400
-7.9100
-3.5000
235
286
271
212
212

-0.0688
-0.8955
-0.4290
-2.5200
-4.1300
-2.4500
237
288
272
214
213

-0.0571
-0.8921
-0.4270
0.6300
-4.6900
-3.5700
238
288
272
215
215

-0.0625
-0.8916
-0.4226
2.9400
-4.4100
-4.6900
239
289
275
215
215

-0.0620
-0.9023
-0.4168
1.9600
-4.6200
-2.5200
238
289
273
214
215

-0.0659
-0.9096
-0.4211
1.8200
-3.5000
-2.9400
238
289
274
215
214

-0.0498
-0.9008
-0.4226
1.0500
-6.3700
-3.2900
238
290
275
217
218

-0.0717
-0.8911
-0.4226
3.2200
-5.1800
-3.7800
238
290
275
217
217

-0.0669
-0.9096
-0.4158
1.6100
-5.6700
-3.1500
239
289
276
217
216

-0.0756
-0.8950
-0.4153
0.9100
-4.2700
-3.7800
240
290
276
218
217

-0.0712
-0.9023
-0.4143
2.5200
-6.5800
-4.6900
240
293
276
217
217

-0.0712
-0.9004
-0.4280
2.1700
-4.9700
-5.0400
240
291
277
218
219

-0.0615
-0.9121
-0.4270
7.9100
-5.1100
-5.8100
241
292
277
219
219

-0.0630
-0.9189
-0.4177
10.3600
-6.7900
-16.3800
245
295
282
221
221

-0.0630
-0.8994
-0.3938
20.4400
-14.0700
-22.6800
256
301
296
228
230

0.0010
-0.9189
-0.3675
35.0700
0.4900
-5.8100
298
328
322
248
249

0.0063
-0.9331
-0.3089
34.7200
16.3100
8.0500
340
357
363
279
280

-0.0517
-0.9423
-0.2479
39.9700
9.7300
5.7400
371
384
411
315
315

-0.0434
-1.0009
-0.1928
56.6300
-8.2600
2.7300
399
408
459
356
356

-0.0512
-1.0209
-0.1352
35.1400
-3.2200
4.4100
421
438
493
391
390

-0.0683
-1.0053
-0.0551
35.7000
-0.6300
-0.5600
436
463
511
409
408

-0.0673
-1.0292
-0.0132
17.2900
-18.3400
-5.0400
442
485
521
423
422

-0.0561
-0.9843
-0.0049
19.6000
-6.8600
-2.0300
447
491
525
432
432

-0.0839
-1.0146
0.0381
4.5500
-8.6800
-3.5700
448
492
526
439
439

-0.0791
-0.8750
0.0337
-0.4900
-2.6600
-2.4500
451
494
528
446
446

-0.0878
-0.9892
0.0239
3.1500
-1.4700
-3.0100
449
496
529
452
453

-0.0703
-0.9882
0.0312
3.0800
-1.3300
-2.3100
450
496
529
454
456

-0.0717
-0.9970
0.0351
3.8500
-2.7300
-2.4500
450
497
529
455
454

-0.0908
-0.9994
0.0405
6.0900
-4.2000
-3.7800
450
497
530
455
455

-0.0786
-0.9989
0.0517
2.3800
-4.2700
-2.9400
450
497
529
455
454

-0.0883
-0.9902
0.0444
1.9600
-2.3800
-1.8200
451
498
530
453
453

-0.0805
-0.9984
0.0478
0.5600
-4.3400
-3.6400
450
497
530
455
453

-0.0869
-0.9945
0.0361
3.0800
-2.7300
-3.2900
449
497
530
453
453

-0.0839
-1.0024
0.0498
4.0600
-4.5500
-4.1300
450
497
529
452
452

-0.0859
-0.9906
0.0429
0.2100
-1.3300
-7.5600
449
496
528
441
441

-0.0732
-0.9853
0.0610
-17.7100
3.2900
-3.9200
445
485
497
423
424

-0.0532
-1.0033
0.0298
-28.2800
-8.1200
-10.7800
438
454
444
367
366

-0.0727
-0.9594
-0.0371
-16.1000
-6.6500
-9.3800
426
429
393
320
319

-0.0273
-1.0058
-0.0766
-23.1700
-15.2600
-14.2100
408
400
361
281
279

-0.0625
-0.9823
-0.1127
-8.3300
-20.0200
-12.7400
392
380
337
261
261

-0.0468
-0.9945
-0.1264
-15.2600
-18.1300
-15.8900
375
365
320
248
247

0.0093
-0.9843
-0.1908
-9.5900
-4.4800
-6.0900
360
349
306
234
233

-0.0127
-0.9770
-0.1952
-13.9300
-2.6600
-0.0700
328
327
292
221
220

0.0005
-0.9487
-0.2240
-6.2300
-4.2700
-1.4700
303
313
283
212
213

0.0054
-0.9677
-0.2235
-14.3500
-4.6200
0.8400
287
303
278
209
209

-0.0020
-0.9765
-0.2538
-0.1400
-5.9500
-1.1200
278
298
277
207
207

-0.0024
-0.9633
-0.2577
-4.3400
-3.8500
-1.8200
274
300
274
205
206

0.0020
-0.9467
-0.2401
-0.7700
-4.6900
-2.7300
272
299
272
204
204

-0.0078
-0.9701
-0.2464
8.1900
-3.9200
-4.2700
263
299
270
206
205

-0.0166
-0.9589
-0.2523
-5.3200
-3.1500
0.1400
261
296
270
206
206

-0.0078
-0.9545
-0.2694
-10.6400
-5.4600
-2.6600
258
296
271
203
204

-0.0181
-0.9682
-0.2816
-0.2800
-6.5100
-2.5900
256
295
272
205
204

-0.0224
-0.9521
-0.2782
-3.6400
-10.3600
-0.7000
251
294
273
207
205

-0.0244
-0.9960
-0.3162
-1.9600
-14.2800
-1.0500
249
295
275
206
207

-0.0356
-0.9496
-0.3201
-2.3800
-14.9800
-3.7100
246
294
278
209
209

-0.0361
-0.9526
-0.3231
-5.3200
-4.4100
-0.1400
242
296
278
211
212

-0.0381
-0.9248
-0.3387
-3.9200
-4.2700
-1.5400
238
296
280
212
213

-0.0512
-0.9248
-0.3357
0.3500
-5.5300
-1.8900
238
298
281
212
214

-0.0473
-0.9462
-0.3450
0.9800
-5.2500
-2.3100
236
297
280
214
214

-0.0386
-0.9252
-0.3382
-3.2900
-4.6200
-3.6400
237
298
280
215
215

-0.0371
-0.9296
-0.3416
-2.7300
-8.4700
-3.9900
237
297
283
217
217

-0.0512
-0.9326
-0.3597
0.2100
-7.4900
-2.4500
239
299
283
216
217

-0.0571
-0.9209
-0.3606
1.2600
-4.8300
-3.5000
239
299
283
218
217

-0.0410
-0.9370
-0.3553
-1.4700
-4.5500
-3.4300
239
300
284
218
217

-0.0420
-0.9160
-0.3650
-0.9100
-4.6200
-2.3800
239
302
285
218
217

-0.0464
-0.9033
-0.3655
-2.1700
-3.8500
-3.2200
240
301
285
218
218

-0.0400
-0.9199
-0.3655
-1.6100
-3.3600
-3.5700
241
301
285
218
218

-0.0361
-0.9223
-0.3675
-0.6300
-5.4600
-3.8500
243
301
285
219
219

-0.0381
-0.9213
-0.3670
-1.3300
-5.9500
-3.3600
243
301
286
218
219

-0.0566
-0.9199
-0.2503
2.5900
-3.1500
-3.4300
242
303
287
220
220

-0.0547
-0.9165
-0.3665
2.1700
-1.2600
-3.8500
244
304
287
219
220

-0.0508
-0.9262
-0.3714
3.7100
0.8400
-4.2700
246
304
290
222
223

-0.0830
-0.9316
-0.3894
22.3300
-0.4200
-15.3300
255
310
299
228
226

-0.0161
-0.9404
-0.3245
43.8200
6.7900
1.6100
267
317
312
236
236

0.0171
-0.9672
-0.2430
22.4000
1.6100
3.4300
289
330
326
248
248

-0.0351
-0.9506
-0.2425
17.0800
-4.7600
-0.2800
318
348
345
265
267

-0.0332
-0.9775
-0.2167
21.2800
-7.1400
1.4000
357
374
388
302
302

-0.0229
-0.9555
-0.2015
13.5100
-4.6200
-0.7000
393
404
452
353
353

-0.0434
-0.9658
-0.1972
-0.7700
5.1100
1.8900
420
432
487
389
390

-0.0615
-0.9882
-0.1903
2.3800
-7.9100
-1.6800
434
459
509
411
411

0.0020
-0.9658
-0.1728
7.2800
-4.2000
1.7500
437
474
518
422
423

-0.0400
-0.9521
-0.1703
4.6200
-0.9800
0.0700
442
484
523
435
435

-0.0542
-0.9570
-0.1830
6.0900
-0.2800
2.0300
446
489
525
443
444

-0.0815
-0.9721
-0.1552
4.9000
-8.2600
0.7000
451
493
526
453
453

-0.0571
-0.9780
-0.1542
3.2900
-10.0800
0.4900
455
496
528
461
461

-0.0830
-0.9760
-0.1542
4.4800
-19.8100
-7.8400
456
498
529
470
471

-0.0537
-0.9945
-0.1523
6.8600
-22.1900
-5.3900
458
499
530
476
477

-0.0800
-0.9750
-0.1298
4.3400
-6.9300
-1.8900
460
500
531
478
478

-0.0712
-0.9906
-0.1108
5.1100
-5.6000
-1.8900
460
500
531
479
479

-0.0825
-0.9804
-0.1401
7.2100
-28.1400
0.8400
460
501
531
479
479

-0.0825
-0.9819
-0.1269
6.0200
-1.4700
-2.8000
462
501
532
479
479

-0.0737
-0.9814
-0.1293
0.8400
-1.0500
-1.2600
462
502
532
479
479

-0.0756
-0.9887
-0.1308
3.9900
-1.6100
-1.6800
459
501
532
479
479

-0.0683
-0.9941
-0.1459
2.8700
10.4300
-1.4000
460
503
531
478
478

-0.0961
-0.9843
-0.1435
-0.2100
-6.1600
-3.9200
461
501
532
478
478

-0.0727
-0.9877
-0.1269
3.1500
-6.1600
-1.3300
461
502
533
478
477

-0.0859
-0.9755
-0.1254
-2.4500
-2.7300
-4.0600
460
501
531
477
477

-0.0839
-0.9760
-0.1352
1.8200
-4.9000
-3.6400
460
501
532
477
477

-0.0776
-0.9755
-0.1274
-2.4500
-1.8900
-4.5500
460
501
533
476
476

-0.0795
-0.9872
-0.1376
-0.1400
-2.3800
-3.7800
458
501
531
475
475
