0.2040
-0.7081
0.6598
0.9100
-3.9200
-1.8200
437
475
517
401
401

0.2045
-0.7198
0.7022
-0.2800
-3.7100
-3.2200
438
475
518
400
401

0.2020
-0.7349
0.7076
-11.3400
-1.6800
-3.8500
438
476
517
402
402

0.2084
-0.7354
0.6671
-18.5500
-6.3000
-1.1200
439
474
517
403
404

0.2523
-0.7784
0.6393
-33.0400
-17.5000
5.7400
439
475
517
405
405

0.2035
-0.8018
0.6159
-41.2300
-37.1700
7.2800
438
474
519
404
404

0.2308
-0.8779
0.5793
-55.6500
-27.9300
14.1400
438
474
516
403
403

0.2030
-0.8862
0.4304
-67.1300
-29.2600
23.5900
438
475
517
406
406

0.1952
-0.9287
0.2123
-64.6100
-0.9800
38.0800
438
480
518
417
418

0.0825
-0.9135
0.1157
-49.0700
-7.9800
19.1100
437
483
519
430
430

0.0776
-0.9931
0.1215
-31.7100
-2.4500
4.2700
437
484
520
437
436

0.1386
-1.0170
0.0576
-36.9600
-15.3300
1.6800
437
485
521
438
439

0.0927
-0.9887
-0.0185
-24.3600
-23.1000
-6.0200
437
485
523
438
440

0.0795
-1.0458
-0.0908
-18.6200
-8.4700
14.7700
439
484
521
437
436

-0.0464
-0.9682
-0.0429
-5.8800
-9.8700
-1.5400
437
483
521
435
435

0.1083
-1.0146
-0.0752
-15.3300
-10.2900
11.1300
437
483
521
434
435

0.0322
-0.9980
-0.1113
-10.8500
-13.2300
13.7900
437
484
521
434
433

-0.0337
-0.9340
-0.0971
3.0100
-15.6800
-3.4300
437
482
521
431
431

-0.0059
-1.0189
-0.0859
-1.4700
-17.1500
-6.5100
436
482
522
431
431

-0.0112
-1.0321
-0.1444
-6.4400
-4.6200
3.9200
437
482
520
431
429

-0.0259
-0.9394
-0.1308
-0.8400
-0.2800
-1.1200
437
483
521
429
430

0.0312
-0.9004
-0.1288
3.5700
-9.1000
-20.8600
437
482
521
428
429

0.0142
-1.0263
-0.1635
3.0100
-7.8400
-7.6300
438
482
521
427
428

-0.0010
-0.9970
-0.1430
-2.7300
-5.9500
-7.4900
438
482
522
426
426

0.0288
-0.9731
-0.1523
5.4600
-11.7600
-12.6700
438
482
520
423
423

0.0600
-0.9775
-0.1410
5.7400
-5.7400
-6.2300
437
482
520
423
423

0.0512
-0.9906
-0.1279
2.4500
-5.9500
-7.0000
438
482
522
421
422

0.0522
-0.9950
-0.1279
-2.3800
-5.8800
-5.6000
437
482
520
420
419

0.0712
-1.0258
-0.1342
-5.8800
-7.3500
5.1100
437
482
520
421
421

0.0634
-0.9994
-0.1254
-2.3100
-6.1600
6.7900
438
482
520
422
423

0.0386
-0.9819
-0.1493
-5.7400
-10.0800
3.8500
437
482
520
425
424

0.0083
-0.9755
-0.1747
1.4000
-9.1000
5.8800
438
482
520
428
429

-0.0093
-0.9828
-0.1601
-0.4900
-12.1800
1.8200
438
482
521
434
433

-0.0122
-0.9648
-0.1713
3.9200
-5.4600
-1.2600
438
482
521
436
436

-0.0063
-0.9858
-0.1293
-4.7600
-10.7100
-5.9500
438
483
521
442
442

0.0059
-0.9853
-0.1698
-10.1500
-5.8800
-0.5600
438
483
521
449
449

-0.0068
-0.9833
-0.1986
-3.2900
2.1700
-0.4200
438
483
522
457
456

-0.0107
-0.9706
-0.1893
4.1300
-0.7000
-1.6800
438
484
522
458
459

-0.0190
-0.9760
-0.1952
3.4300
-0.7700
0.2800
438
485
523
461
461

-0.0298
-0.9936
-0.1801
5.1100
-0.6300
-1.5400
438
484
524
463
462

-0.0146
-0.9897
-0.1801
1.2600
-6.3000
-4.3400
438
485
523
463
463

-0.0190
-0.9794
-0.1747
1.8900
-8.2600
-7.0000
438
483
523
462
461

-0.0083
-0.9931
-0.1869
-3.5700
-19.1800
-5.9500
438
484
523
461
462

-0.0185
-0.9945
-0.2172
-1.8200
-17.7800
-6.0200
438
483
524
461
461

-0.0224
-0.9911
-0.2084
3.0100
-11.2700
-5.3200
438
483
524
461
460

-0.0171
-0.9760
-0.1889
7.7700
5.5300
0.4200
438
484
524
461
460

-0.0176
-0.9623
-0.1879
-0.0700
0.2100
-3.7100
438
485
524
459
460

-0.0190
-0.9755
-0.1801
-3.6400
-5.1800
-3.4300
439
484
525
455
455

-0.0044
-0.9736
-0.1957
-2.2400
-7.5600
-3.7100
438
483
523
448
448

-0.0073
-0.9931
-0.2152
-0.9800
-7.6300
-2.5900
438
482
521
438
439

0.0005
-0.9780
-0.2181
1.2600
11.8300
5.6000
438
482
521
422
421

-0.0395
-0.9828
-0.1859
-0.5600
-21.2100
-12.1800
437
483
523
393
394

-0.0293
-0.9877
-0.2357
4.2000
-14.0700
-10.9900
437
484
522
370
368

0.0024
-0.9887
-0.2342
10.2900
-2.7300
-1.5400
437
485
522
338
336

-0.0181
-0.9755
-0.2201
10.0800
-4.7600
-3.9900
437
483
522
294
292

-0.0142
-0.9838
-0.2020
8.1200
-9.3800
-4.8300
437
485
522
266
267

0.0117
-0.9897
-0.2128
4.3400
-1.2600
-0.9800
436
484
521
256
256

-0.0010
-0.9711
-0.2089
6.7900
0.5600
-2.1700
437
484
522
247
249

-0.0020
-0.9682
-0.1932
2.9400
2.7300
0.0000
436
485
522
247
247

0.0015
-0.9648
-0.1801
4.2700
5.0400
5.6700
436
485
524
243
242

-0.0142
-0.9867
-0.1747
-2.5200
7.3500
4.1300
437
484
523
238
238

-0.0220
-0.9716
-0.1869
1.5400
2.1700
3.0800
436
485
521
242
240

-0.0210
-0.9692
-0.1908
-0.2800
7.9100
0.9100
436
486
521
247
246

-0.0224
-0.9858
-0.1806
2.5900
0.4900
0.9800
436
489
522
252
253

-0.0527
-0.9794
-0.1928
5.3200
-3.9900
-2.8700
437
488
524
256
256

-0.0537
-0.9716
-0.1962
3.6400
-2.9400
-1.7500
438
490
524
259
259

-0.0386
-0.9799
-0.1742
0.8400
-3.9200
-4.4100
438
493
525
262
261

-0.0351
-0.9682
-0.1879
3.9900
-8.7500
-3.7100
438
490
525
263
264

-0.0195
-0.9721
-0.1810
4.1300
-4.6900
-3.7100
438
492
525
265
265

-0.0366
-0.9770
-0.1752
8.1900
-0.7000
-0.9100
440
492
527
266
264

-0.0512
-0.9716
-0.1459
10.9200
0.2100
1.4700
439
493
526
268
268

-0.0405
-0.9877
-0.1240
4.6900
0.0700
0.7700
439
491
527
268
266

-0.0537
-0.9950
-0.1352
4.4100
4.1300
0.9100
439
492
525
269
268

-0.0620
-0.9882
-0.1157
-0.8400
-4.4100
-2.2400
440
492
525
268
270

-0.0576
-0.9862
-0.1357
4.4800
-6.3700
-1.4000
440
492
527
271
271

-0.0625
-0.9877
-0.1371
3.9200
-0.6300
-0.4200
440
491
525
274
274

-0.0756
-0.9897
-0.1318
2.0300
0.5600
-1.1200
440
492
526
273
274

-0.0781
-0.9887
-0.1269
1.1900
-1.1900
-3.2900
441
492
526
274
275

-0.0683
-0.9823
-0.1313
2.8000
-1.8200
-3.4300
441
492
525
276
275

-0.0717
-0.9848
-0.1322
0.0000
-2.3800
-3.9900
442
492
526
277
275

-0.0595
-0.9858
-0.1425
-0.3500
-2.5200
-2.3800
441
492
525
276
276

-0.0722
-0.9877
-0.1337
-1.4700
-2.6600
-2.5900
441
492
526
276
276

-0.0654
-0.9823
-0.1562
-0.2100
-3.3600
-2.8700
440
491
526
277
277

-0.0551
-0.9780
-0.1552
2.3100
-2.5900
-2.5900
441
491
525
277
277

-0.0737
-0.9809
-0.1469
3.2900
-2.4500
-3.0800
440
491
525
277
277

-0.0683
-0.9745
-0.1347
-14.9100
-11.7600
-12.1100
442
490
525
280
278

-0.0561
-0.9614
-0.1908
-1.3300
-18.5500
-11.2000
441
490
524
351
353

-0.0107
-0.9360
-0.2577
-5.1800
-13.9300
-1.3300
442
489
525
413
415

-0.0595
-0.9697
-0.1845
1.2600
3.2200
4.5500
442
490
526
441
441

-0.0595
-0.9906
-0.1791
1.0500
3.0100
1.3300
443
491
527
454
454

-0.0654
-0.9789
-0.1708
2.7300
0.4200
0.8400
442
492
529
462
461

-0.0834
-0.9511
-0.1864
3.2900
0.9100
-2.4500
441
492
530
470
469

-0.0791
-0.9672
-0.1854
-2.1700
-2.6600
-1.0500
441
493
529
474
474

-0.0649
-0.9716
-0.1932
-2.5900
-3.3600
0.0000
441
494
528
478
477

-0.0883
-0.9755
-0.2137
0.8400
-4.6200
-1.1200
441
495
530
479
478

-0.0805
-0.9853
-0.2303
3.9200
-3.4300
-2.8700
442
496
530
480
480

-0.0630
-0.9853
-0.2152
3.1500
-1.6800
-3.4300
440
496
530
480
481

-0.0786
-0.9575
-0.2225
-0.3500
-3.5000
-5.6000
441
498
530
480
481

-0.0590
-0.9618
-0.2167
1.2600
-2.1000
-2.8700
441
496
531
481
482

-0.0800
-0.9726
-0.2137
-1.4700
-2.8000
-3.6400
440
496
531
481
480

-0.0688
-0.9819
-0.2211
2.4500
-4.3400
-4.4100
440
496
530
480
479

-0.0639
-0.9697
-0.2186
-13.1600
-4.6900
-6.7900
440
495
530
477
477

-0.0605
-0.9540
-0.2728
-14.4900
-15.5400
-14.0000
439
494
531
466
466

-0.0322
-0.9755
-0.2694
0.4900
-10.6400
-12.1800
439
494
530
437
437

-0.0405
-0.9316
-0.2572
-3.2200
-12.3200
-16.0300
439
494
529
382
383

-0.0137
-0.9579
-0.2869
-1.5400
-15.3300
-13.7900
439
494
529
339
340

-0.0078
-0.9687
-0.3021
10.6400
-0.4200
-4.4100
439
494
529
298
298

-0.0156
-0.9516
-0.2821
15.6100
0.0700
-4.3400
438
493
529
264
266

0.0005
-0.9706
-0.2679
12.1100
-0.8400
-2.7300
438
494
527
250
251

-0.0039
-0.9618
-0.2479
5.6000
3.0800
-0.4200
438
493
527
246
245

-0.0059
-0.9765
-0.2557
11.2000
-1.8200
-1.4000
438
493
527
244
244

-0.0078
-0.9428
-0.2474
8.0500
-0.6300
-0.8400
437
493
524
241
243

-0.0054
-0.9804
-0.2269
8.1200
-6.5800
-3.2200
438
492
521
241
241

0.0005
-0.9540
-0.2274
0.2100
-7.3500
-3.1500
438
493
518
241
241

-0.0088
-0.9057
-0.2420
-6.8600
-3.1500
-4.6900
439
495
514
240
241

-0.0029
-0.9740
-0.2562
0.7000
-6.6500
-7.2100
438
493
515
242
242

0.0200
-0.9697
-0.2235
1.8200
-0.7700
-3.4300
438
493
514
243
244

0.0083
-0.9784
-0.2323
2.6600
-6.0900
-1.1900
438
493
514
243
242

-0.0063
-0.9614
-0.2401
1.8900
-3.2900
-1.6800
438
494
516
245
245

-0.0083
-0.9604
-0.2323
-2.3800
-3.9200
-3.5700
438
493
515
246
245

-0.0044
-0.9682
-0.2523
1.4700
-6.0200
-4.0600
438
494
515
246
244

-0.0024
-0.9692
-0.2391
-0.4900
-3.9900
-3.4300
439
494
515
246
246

-0.0181
-0.9609
-0.2411
0.7000
-4.8300
-3.0100
439
493
515
247
246

-0.0015
-0.9701
-0.2391
0.7000
-4.1300
-1.8900
441
494
514
247
247

-0.0044
-0.9701
-0.2406
0.7700
-5.8800
-2.1700
440
494
514
247
247

-0.0015
-0.9618
-0.2494
1.5400
-6.6500
-3.9200
439
493
512
248
246

-0.0054
-0.9628
-0.2464
3.3600
-3.0100
-2.6600
438
494
513
246
249

-0.0015
-0.9711
-0.2347
0.2800
0.3500
-1.7500
439
493
513
250
247

0.0166
-0.9443
-0.2308
6.3000
5.1800
0.3500
439
493
512
251
251

-0.0142
-0.9662
-0.2455
9.3800
6.6500
-3.7100
438
493
513
255
256

0.0000
-0.9809
-0.2279
6.6500
-8.4700
-3.9200
439
495
513
268
268

-0.0176
-0.9750
-0.2250
7.5600
-7.8400
-4.0600
438
493
517
319
318

-0.0059
-0.9804
-0.2084
10.7800
-8.3300
-1.1200
440
494
519
385
385

-0.0010
-0.9926
-0.2069
0.9800
-9.2400
3.7800
439
494
524
421
421

-0.0322
-0.9780
-0.1996
8.5400
-2.9400
0.7000
440
495
526
447
447

-0.0200
-0.9804
-0.1932
2.6600
0.5600
-2.7300
440
497
528
466
466

-0.0112
-0.9692
-0.1928
0.9800
-5.0400
-3.6400
440
496
530
474
474

-0.0181
-0.9736
-0.1981
-9.9400
-4.4100
-1.8200
440
495
529
478
479

-0.0254
-0.9789
-0.2211
-2.7300
-5.8100
-0.7700
440
496
529
482
481

-0.0283
-0.9545
-0.2308
-4.0600
-3.4300
-3.1500
440
496
529
483
483

-0.0254
-0.9775
-0.2298
2.2400
-4.2700
-2.0300
440
496
529
484
483

-0.0298
-0.9701
-0.2259
0.5600
-3.9200
-2.6600
439
496
530
484
484

-0.0376
-0.9667
-0.2455
0.8400
-6.5100
-5.3900
441
496
530
484
484

-0.0317
-0.9770
-0.2284
-2.4500
-5.8100
-4.9000
440
496
529
484
485

-0.0327
-0.9575
-0.2308
-4.7600
-7.4900
-12.6000
440
498
529
482
482

-0.0185
-0.9662
-0.2484
-6.6500
-16.8700
-17.5700
441
496
529
475
475

0.0239
-0.9633
-0.2660
-0.4900
0.0000
-5.2500
440
496
529
465
464

-0.0054
-0.9594
-0.2518
1.2600
-6.5100
-6.7200
440
497
531
433
432

0.0190
-0.9252
-0.2220
-2.3100
-9.5200
-8.8200
440
495
528
380
381

0.0337
-0.9677
-0.2450
2.1000
-7.3500
-5.9500
439
494
527
328
329

0.0185
-0.9736
-0.2562
6.3700
-1.4700
-5.1800
439
495
527
286
287

0.0161
-0.9945
-0.2294
0.7000
4.6900
-1.6100
439
492
527
266
265

0.0229
-0.9745
-0.2352
1.2600
-0.1400
-2.8700
438
491
527
254
254

0.0332
-1.0028
-0.2460
6.3700
0.7000
-1.8200
439
492
526
253
251

0.0346
-0.9555
-0.2396
1.3300
-1.4700
0.5600
440
492
524
251
250

0.0122
-0.9701
-0.2469
-0.6300
0.2800
-1.5400
440
491
522
247
248

0.0083
-0.9628
-0.1913
-0.8400
-5.2500
-2.9400
439
491
520
248
246

0.0307
-0.9848
-0.2391
0.5600
-4.7600
-1.9600
440
491
518
245
246

0.0259
-0.9633
-0.2455
-0.9100
-5.0400
-3.8500
439
492
517
245
246

0.0342
-0.9545
-0.2479
-0.4900
-7.9100
-5.3900
438
493
518
245
245

0.0483
-0.9633
-0.2582
1.9600
-5.2500
-1.9600
439
492
517
245
245

0.0351
-0.9716
-0.2552
1.4700
-4.7600
-2.1700
439
492
516
247
245

0.0322
-0.9662
-0.2455
0.9800
-10.8500
-3.9900
440
493
515
246
245

0.0215
-0.9609
-0.2445
3.0800
-8.4700
-4.0600
439
493
515
245
245

0.0322
-0.9604
-0.2386
-0.4200
-4.2000
-3.2200
439
492
513
246
246

0.0132
-0.9667
-0.2494
0.7700
-5.5300
-3.5700
439
492
512
246
246

0.0239
-0.9677
-0.2513
0.7000
-5.3200
-2.2400
440
492
512
247
248

0.0137
-0.9526
-0.2591
0.5600
-2.7300
-3.2200
439
492
512
247
247

0.0268
-0.9682
-0.2513
-1.8900
-4.3400
-2.5200
439
492
512
248
247

0.0224
-0.9570
-0.2718
1.0500
-6.4400
-4.4800
440
492
513
249
250

0.0342
-0.9550
-0.2635
-0.2100
-2.7300
-2.5200
440
492
513
250
249

0.0185
-0.9701
-0.2621
1.8900
-4.1300
-2.9400
440
493
513
250
250

0.0283
-0.9614
-0.2816
2.1700
-3.2900
-3.5700
441
492
514
250
252

0.0293
-0.9550
-0.2655
3.9200
-6.4400
-1.6100
440
492
514
251
251

0.0215
-0.9721
-0.2528
4.2000
-7.9100
-3.0800
440
490
514
253
253

0.0005
-0.9423
-0.2625
-1.7500
-8.9600
-8.4700
439
491
514
254
253

0.0386
-0.9550
-0.2904
-3.3600
8.4000
-1.1900
439
488
513
259
260

0.0371
-0.9614
-0.2972
3.5000
7.0700
0.4900
438
487
514
265
266

0.0020
-0.9579
-0.2840
0.0000
-7.4200
-4.5500
438
486
513
287
285

0.0210
-0.9536
-0.2772
5.1100
-11.4100
-5.4600
438
485
513
327
327

0.0449
-0.9604
-0.2713
8.7500
-7.4900
0.6300
440
486
516
383
382

0.0112
-0.9658
-0.2772
11.4100
-11.4100
-1.8900
439
489
518
413
413

0.0220
-0.9521
-0.2806
5.1100
1.5400
-1.5400
439
490
522
431
433

0.0107
-0.9819
-0.2460
-0.4900
-20.0900
-10.5000
441
490
525
450
451

0.0049
-0.9545
-0.2362
1.3300
-10.2900
-5.2500
440
491
527
463
464

0.0288
-0.9511
-0.2606
0.6300
-7.6300
-4.4100
440
492
527
471
471

0.0234
-0.9648
-0.2640
1.6800
-3.0800
-3.5000
440
494
527
477
475

0.0137
-0.9662
-0.2650
2.6600
-4.8300
-4.1300
439
494
527
477
477

0.0361
-0.9706
-0.2674
3.2900
-3.6400
-3.7100
440
493
528
478
478

0.0249
-0.9614
-0.2611
1.4000
-3.7800
-3.4300
440
493
528
477
477

0.0200
-0.9555
-0.2528
5.7400
-1.6800
-3.4300
440
493
528
477
477

0.0205
-0.9628
-0.2577
1.0500
-4.2700
-4.9000
440
493
529
475
476

0.0444
-0.9506
-0.2616
0.4900
-1.4700
-3.6400
440
493
528
474
474

0.0410
-0.9575
-0.2679
-1.4000
-6.5800
-7.0000
440
493
528
470
470

0.0395
-0.9662
-0.2616
-0.4900
-3.2200
-7.2800
440
493
527
457
456

0.0468
-0.9872
-0.2733
2.6600
-10.2200
-9.1000
442
493
526
420
421

0.0288
-0.9565
-0.2894
-0.0700
-9.8000
-7.1400
440
493
521
389
389

0.0786
-0.9521
-0.2630
-0.0700
-5.7400
-5.5300
440
492
507
367
366

0.0561
-0.9501
-0.2728
-13.7200
-6.0200
-8.6800
441
494
486
340
340

0.0566
-0.9467
-0.3177
-7.0000
-11.6200
-7.9800
441
493
469
327
326

0.0815
-0.9560
-0.3123
-3.2900
-14.9100
-10.5700
441
491
455
314
315

0.0996
-0.9418
-0.3060
-10.7100
-8.9600
-5.3900
440
491
445
305
305

0.0898
-0.9238
-0.3440
-12.2500
-10.1500
-4.5500
441
489
435
293
293

0.0493
-0.9570
-0.3704
-3.5000
-17.5700
-9.0300
441
489
433
286
285

0.0805
-0.9340
-0.4002
-6.0900
-3.3600
4.9700
441
489
435
275
274

0.0586
-0.9399
-0.4172
3.2900
3.9200
7.7700
442
490
441
268
270

0.0634
-0.9072
-0.4075
3.6400
-1.7500
0.1400
441
490
450
265
266

0.0839
-0.9238
-0.3928
2.4500
-2.6600
-1.6100
441
491
457
264
264

0.0766
-0.9170
-0.3899
1.9600
-0.9800
-0.9800
441
491
465
264
264

0.0644
-0.9199
-0.4080
3.7100
-1.8200
1.0500
441
491
465
265
264

0.0732
-0.9209
-0.3963
3.1500
-7.7000
-3.7800
441
492
466
265
266

0.0703
-0.9267
-0.3997
3.2900
-2.8000
-1.3300
441
494
469
268
267

0.0566
-0.9194
-0.3958
3.2900
-3.9900
-1.1200
441
494
468
269
268

0.0503
-0.9213
-0.3933
1.8900
-4.6900
-4.2700
440
493
469
268
267

0.0756
-0.9121
-0.3855
1.8900
-7.3500
-2.6600
441
493
471
268
269

0.0488
-0.9091
-0.3938
0.4900
-4.1300
-4.4800
441
492
473
271
270

0.0673
-0.9145
-0.3997
1.1900
-2.5200
-2.7300
440
495
477
272
272

0.0732
-0.9048
-0.3811
9.8700
-7.5600
-5.0400
442
495
482
274
274

0.0947
-0.9135
-0.3499
12.8800
-7.7000
-3.3600
443
494
488
275
276

0.0737
-0.9331
-0.3245
4.3400
-7.3500
-2.1700
442
494
494
276
277

0.0761
-0.9326
-0.3221
13.7900
-2.4500
5.2500
442
494
501
279
278

0.0259
-0.9262
-0.2952
3.9200
-7.0700
-5.4600
443
495
506
279
278

0.0634
-0.9540
-0.2860
-1.1900
-6.7900
-3.2900
443
496
509
280
280

0.0400
-0.9501
-0.3187
1.4700
-2.9400
-3.2900
444
493
509
281
282

0.0727
-0.9506
-0.3211
0.7000
-1.1200
-0.4200
443
495
509
281
281

0.0454
-0.9360
-0.3265
-0.9100
-7.5600
-7.6300
443
494
508
284
283

0.0556
-0.9423
-0.3152
7.4200
6.2300
-2.9400
443
494
508
298
299

0.0381
-0.9316
-0.3118
11.5500
-8.6800
-8.0500
445
494
508
364
364

0.0898
-0.9770
-0.2801
3.9200
-8.6800
-5.0400
442
494
511
404
406

0.0200
-0.9238
-0.2694
5.6700
-6.9300
-4.6900
444
495
520
440
441

0.0849
-0.9443
-0.2513
-14.8400
-7.4200
-4.8300
444
496
525
459
459

0.0844
-0.9355
-0.3026
-3.5000
3.3600
-0.0700
444
498
527
470
469

0.0610
-0.9623
-0.3070
6.9300
-8.1900
-5.5300
444
499
529
474
474

0.0820
-0.9565
-0.2850
5.3200
-6.0200
-2.3100
445
499
529
477
477

0.0756
-0.9584
-0.2752
1.4700
-4.2700
-1.4700
444
499
530
475
476

0.0615
-0.9521
-0.2835
0.4200
-3.1500
-4.6200
444
500
529
474
475

0.0844
-0.9540
-0.2996
-0.0700
-1.4700
-4.4100
443
500
529
475
473

0.0927
-0.9633
-0.3201
0.9100
-0.7000
-2.1700
444
499
528
463
464

0.0688
-0.9570
-0.2835
3.8500
-12.3900
-7.7700
444
499
529
454
456

0.0947
-0.9604
-0.2908
3.0100
-2.3800
-1.5400
443
499
529
438
438

0.0771
-0.9496
-0.2928
3.0100
-10.9200
-2.3100
444
499
528
412
413

0.0771
-0.9784
-0.3006
22.2600
-2.9400
-1.8200
444
499
528
401
401

0.0791
-0.9604
-0.2786
8.8900
-4.7600
-4.0600
443
499
525
379
378

0.0820
-0.9604
-0.2557
-1.4700
-5.6700
-5.0400
444
498
513
345
346

0.0776
-0.9941
-0.2577
-6.7900
-13.4400
-10.3600
443
499
504
296
297

0.1230
-0.9638
-0.2894
-2.0300
3.2200
-0.7000
443
499
505
270
270

0.0830
-0.9677
-0.2952
-1.5400
-10.6400
-5.4600
444
498
504
265
262

0.0830
-0.9438
-0.2923
-0.3500
-3.7800
-0.7700
444
498
504
256
257

0.0981
-0.9531
-0.3109
-0.5600
1.1900
-0.9100
443
499
502
255
255

0.0791
-0.9501
-0.3060
0.9100
-1.3300
-0.5600
442
498
501
258
258

0.1020
-0.9716
-0.3157
-1.5400
0.0000
-0.3500
443
498
497
257
258

0.0947
-0.9360
-0.3045
-6.2300
-2.8700
-2.7300
443
497
493
258
257

0.0913
-0.9252
-0.3167
-3.2900
-5.2500
-2.0300
444
498
490
256
257

0.0849
-0.9399
-0.3328
-2.3100
-1.6100
-1.3300
444
497
489
257
258

0.0776
-0.9423
-0.3426
-1.4000
-6.7900
-2.5200
443
499
486
260
258

0.0908
-0.9404
-0.3436
-0.9800
-2.1700
-1.1900
444
497
485
261
260

0.0913
-0.9379
-0.3406
2.5200
-5.7400
-3.4300
443
497
485
260
262

0.1005
-0.9316
-0.3367
0.6300
-6.3000
-2.0300
443
496
484
263
263

0.0698
-0.9277
-0.3357
-0.5600
-8.1200
-3.9200
443
498
485
265
264

0.0810
-0.9404
-0.3616
1.7500
-0.2100
-1.1900
443
498
485
265
264

0.0771
-0.9350
-0.3518
1.4700
-3.1500
-3.0800
444
497
484
265
267

0.0883
-0.9399
-0.3411
1.8900
-4.4100
-2.8000
444
496
483
266
266

0.0781
-0.9374
-0.3460
1.0500
-7.2100
-1.8200
443
496
483
266
266

0.0654
-0.9257
-0.3436
-0.7000
-3.5700
-0.8400
443
495
482
266
266

0.0747
-0.9267
-0.3460
-0.4900
-6.3000
-5.8100
443
496
481
266
266

0.0854
-0.9370
-0.3548
-2.8000
-6.7200
-5.2500
443
493
480
267
269

0.0844
-0.9252
-0.3548
-1.7500
-1.6100
-5.5300
443
495
482
268
270

0.0673
-0.9077
-0.3421
-6.8600
-5.2500
-0.6300
443
494
484
269
269

0.0571
-0.9140
-0.3684
-10.4300
-15.7500
-17.4300
443
494
491
271
272

0.1166
-0.9155
-0.3611
0.3500
7.0000
-2.9400
442
493
496
275
273

0.0864
-0.9233
-0.3899
-0.7700
-0.4200
-2.4500
442
494
497
277
277

0.0639
-0.9218
-0.3743
-1.1900
-4.1300
-5.4600
441
493
499
280
280

0.0932
-0.9282
-0.3489
-3.9200
-5.5300
-8.1200
441
493
500
284
285

0.0717
-0.9155
-0.4026
-4.9700
-10.1500
-7.0000
441
494
501
314
312

0.0771
-0.9135
-0.3850
2.7300
-2.7300
-3.6400
441
493
502
362
362

0.1015
-0.9179
-0.3982
11.1300
-9.1700
-4.9700
443
494
505
393
392

0.0761
-0.9496
-0.3558
11.2700
-15.1900
-7.6300
442
494
508
405
404

0.1820
-0.8672
-0.3670
-3.3600
-13.2300
-5.4600
443
494
508
408
407

0.0815
-0.9189
-0.3499
-10.6400
-18.4100
-14.0000
443
496
509
410
410

0.1020
-0.8804
-0.4773
-25.8300
-5.3200
5.8100
443
495
510
410
410

0.0444
-0.8828
-0.4582
-17.8500
-7.1400
-9.1700
443
494
510
408
409

0.0869
-0.8799
-0.5017
-16.1700
3.0100
-6.4400
444
494
510
407
407

0.0966
-0.8398
-0.5588
-9.5200
-3.0100
-7.4900
442
494
511
405
407

0.0996
-0.8423
-0.5383
-3.0800
-1.1900
-6.7200
443
495
510
405
405

0.1288
-0.8496
-0.5339
-2.0300
-3.2900
-4.5500
444
494
510
480
479

0.1049
-0.8423
-0.5300
-0.1400
-1.1900
-6.3000
443
493
509
402
403

0.1235
-0.8462
-0.5309
1.1900
-1.6800
-4.4100
444
493
509
473
473

0.1113
-0.8560
-0.5163
4.1300
-1.8200
-4.5500
443
493
510
402
402
