0.3914
-0.9287
-0.1601
1.0500
-2.3800
-3.0100
441
476
506
420
420

0.3802
-0.9091
-0.1776
0.4200
-4.2000
-4.6200
440
476
506
421
420

0.3875
-0.9130
-0.1850
3.0100
-3.7800
-4.3400
442
476
506
420
421

0.3904
-0.9121
-0.1723
4.1300
-5.3200
-3.9200
440
476
506
420
420

0.3850
-0.9140
-0.1620
3.3600
-4.0600
-3.8500
440
476
505
420
420

0.3909
-0.9179
-0.1581
2.8000
-3.5000
-3.4300
440
476
506
420
420

0.3889
-0.9096
-0.1513
1.8900
-3.5000
-3.8500
442
475
506
419
419

0.3943
-0.9189
-0.1776
3.8500
-3.0100
-2.8700
441
476
506
419
419

0.3909
-0.9091
-0.1566
2.8700
-3.0800
-3.0100
440
477
506
419
419

0.3884
-0.9077
-0.1620
0.7000
-1.8900
-3.7800
440
476
506
419
419

0.3953
-0.9170
-0.1679
0.9100
-2.4500
-2.5900
440
476
506
419
419

0.3919
-0.9101
-0.1615
0.7700
-3.2200
-2.6600
440
476
506
419
419

0.3938
-0.9179
-0.1752
0.9100
-1.9600
-2.0300
441
478
506
419
418

0.3982
-0.9150
-0.1786
0.8400
-2.4500
-2.7300
439
476
506
417
418

0.3904
-0.9077
-0.1703
2.3100
-2.6600
-2.7300
438
476
505
419
419

0.3860
-0.9096
-0.1688
3.0100
-2.2400
-3.4300
438
476
506
419
420

0.3884
-0.9106
-0.1703
1.4700
-2.7300
-3.2900
439
476
508
419
418

0.3958
-0.9087
-0.1615
2.3800
-4.2000
-3.4300
439
476
505
419
419

0.3855
-0.9145
-0.1635
1.4700
-4.2700
-2.5900
437
476
505
420
419

0.3850
-0.9062
-0.1737
3.7800
-3.1500
-4.6200
438
477
506
419
418

0.4050
-0.9135
-0.1630
3.2900
-5.1800
-2.5900
438
476
506
420
419

0.3948
-0.9121
-0.1425
2.0300
-4.2000
-2.8000
438
478
506
419
419

0.3933
-0.9189
-0.1513
-5.3200
-5.6000
-3.2200
436
476
506
419
418

0.3953
-0.9101
-0.1615
-1.3300
-3.0800
-2.1700
436
476
508
419
419

0.3953
-0.9106
-0.1742
-0.8400
-3.2900
-2.7300
436
476
508
418
419

0.3870
-0.9160
-0.1781
1.3300
-3.6400
-3.9200
435
476
506
419
419

0.3938
-0.9101
-0.1586
3.1500
-4.0600
-5.9500
436
475
506
419
419

0.3948
-0.9116
-0.1645
0.9100
-4.1300
-2.9400
435
476
506
419
419

0.3889
-0.9048
-0.1796
3.1500
-3.7100
-6.8600
433
476
508
418
419

0.4285
-0.9277
-0.1810
9.5200
-6.9300
-4.8300
432
476
506
419
419

0.4197
-0.9057
-0.1669
9.5900
-4.9000
-0.1400
430
475
506
418
418

0.3963
-0.8989
-0.1391
2.1000
-7.9800
-4.4800
428
473
506
418
417

0.3997
-0.9150
-0.1693
-0.0700
-15.1900
-3.2900
428
473
507
419
419

0.3884
-0.9204
-0.1357
10.9900
-9.8000
-3.7100
429
472
508
421
420

0.3782
-0.8960
-0.1566
6.2300
-13.6500
-2.7300
425
470
511
420
419

0.3821
-0.9370
-0.0756
13.8600
-8.4700
-0.8400
422
467
512
421
421

0.3792
-0.9365
-0.1069
2.0300
-17.2900
0.4200
412
449
513
423
423

0.4109
-0.9340
-0.1166
10.7100
-12.2500
4.3400
389
410
514
423
424

0.3460
-0.9087
-0.1025
23.1000
-6.1600
4.8300
345
360
515
424
425

0.3270
-0.9248
-0.1020
31.7100
-11.0600
-0.3500
322
345
514
422
421

0.3860
-0.9462
-0.1020
30.7300
-17.0800
-5.8800
310
345
513
416
416

0.3611
-0.9501
-0.0693
14.8400
-11.4100
-8.6100
308
346
514
410
410

0.3431
-0.9457
-0.0376
13.7200
-14.0000
-10.8500
300
340
514
409
408

0.3723
-0.9335
-0.0483
-15.2600
-6.9300
-8.9600
299
343
511
413
413

0.4011
-0.9701
-0.0927
-1.4000
-1.7500
-2.7300
298
344
476
422
423

0.3640
-0.9174
-0.0498
6.1600
10.9900
-6.1600
297
344
434
428
429

0.3670
-0.9160
-0.0434
-2.8700
-3.9900
-6.3700
295
342
375
431
430

0.3660
-0.9594
-0.0883
20.1600
-4.5500
-6.0900
285
331
336
432
433

0.4006
-0.9350
-0.0332
19.7400
-22.1200
-5.1800
277
319
317
435
435

0.3811
-0.9389
-0.0205
17.5700
-35.2100
-0.6300
271
311
304
436
436

0.3387
-0.9306
0.0015
9.2400
-54.4600
-11.4100
265
304
299
433
433

0.4821
-0.9604
-0.0498
5.6000
-37.8000
-17.8500
258
299
296
431
432

0.4109
-0.9101
-0.0795
27.2300
-28.7700
-28.7700
258
298
299
431
430

0.4363
-0.8667
-0.0327
5.5300
-24.7100
-6.7200
258
298
303
430
429

0.4416
-0.9043
-0.0127
21.4900
-23.2400
-18.9000
259
299
306
419
418

0.4534
-0.9116
-0.0156
32.1300
-10.5700
-16.4500
262
300
311
412
412

0.4519
-0.8843
0.0220
50.8900
-23.8000
-28.6300
264
303
316
410
410

0.5163
-0.8599
0.0693
52.2900
-39.2700
-23.8000
266
304
319
413
411

0.5563
-0.8359
0.1288
34.3700
-26.1800
-15.6100
266
307
321
405
406

0.5329
-0.8350
0.1523
41.7900
-27.3000
-24.0100
268
308
324
404
405

0.5422
-0.7808
0.1825
31.7100
-23.1700
-26.8800
269
309
327
404
405

0.6661
-0.7564
0.1708
23.5900
-12.3200
-17.0100
270
309
332
406
405

0.6695
-0.7276
0.2147
15.6800
-16.2400
-3.4300
269
312
333
406
407

0.6500
-0.7427
0.2045
11.9000
-21.2800
-4.2000
271
312
334
408
407

0.6154
-0.7393
0.1942
41.8600
-76.5100
-16.4500
272
316
336
408
408

0.7379
-0.7159
0.2250
63.7700
-111.0200
13.7200
274
317
336
408
408

0.8340
-0.7247
0.1279
17.3600
-32.6900
9.1700
278
323
337
412
410

0.6334
-0.7052
0.1835
17.5700
-16.4500
-4.2700
280
328
339
413
412

0.6354
-0.7637
0.1010
7.8400
-38.0100
13.3700
279
327
337
410
411

0.6856
-0.7242
0.1240
-30.5200
-30.4500
11.1300
274
321
328
405
406

0.6934
-0.7579
0.0015
-20.6500
-1.8900
-22.3300
270
318
322
396
397

0.6832
-0.7183
0.0444
-1.0500
2.1700
-13.8600
263
319
323
393
393

0.6764
-0.6925
0.0932
-10.0100
-26.5300
16.8000
258
319
324
395
393

0.6676
-0.7452
-0.0156
-10.2200
-12.2500
-0.4200
259
319
324
397
396

0.6730
-0.7623
-0.0020
-5.5300
-7.8400
-0.4200
260
318
328
406
407

0.6812
-0.7554
-0.0298
3.6400
-8.4000
3.7100
263
320
328
413
414

0.6734
-0.7169
-0.0234
15.5400
17.5000
-29.6100
288
338
320
412
412

0.7286
-0.6954
0.0190
-7.0000
-5.2500
-19.2500
324
376
333
413
414

0.7422
-0.7242
0.0561
2.1000
12.3200
-18.4800
358
421
356
421
420

0.7730
-0.7130
0.0864
-4.9000
3.7800
-13.8600
388
452
369
426
426

0.7564
-0.7022
0.1025
18.0600
9.1000
-12.8800
399
461
381
430
430

0.6978
-0.6446
0.1459
59.3600
-60.6200
10.1500
388
416
356
427
427

0.8623
-0.6578
0.1347
16.5200
8.1900
-8.8200
357
357
324
412
412

0.7745
-0.6471
0.1688
-0.7000
9.5200
2.0300
315
331
307
407
409

0.7452
-0.6027
0.1928
-18.8300
3.3600
-6.7900
269
303
284
408
408

0.7344
-0.6359
0.1196
9.4500
-2.8700
-5.6000
249
286
275
406
408

0.7652
-0.6690
0.1142
4.8300
-8.8900
-3.7100
240
280
272
402
403

0.7657
-0.6285
0.2006
9.0300
-8.9600
16.5900
234
281
277
396
395

0.7828
-0.6388
0.1308
13.3000
-13.3000
-3.3600
235
285
278
398
399

0.7793
-0.6539
0.1601
20.7900
-13.5100
-6.1600
236
286
279
400
400

0.7749
-0.6549
0.1645
12.1100
-16.3800
-4.7600
236
286
280
402
402

0.7764
-0.6403
0.1698
-4.9700
-9.6600
-2.8000
235
288
281
403
403

0.7676
-0.6490
0.1410
-0.3500
-3.3600
-2.1700
237
289
283
403
403

0.7598
-0.6661
0.1435
2.5900
-8.2600
-4.6900
239
289
284
404
404

0.7632
-0.6603
0.1181
-0.5600
-2.0300
-6.0200
239
292
286
403
403

0.7754
-0.6407
0.1332
0.0000
-2.1700
-5.4600
239
291
286
402
402

0.7681
-0.6559
0.1254
-0.3500
-6.5800
-4.0600
239
292
287
402
402

0.7608
-0.6520
0.1327
3.2200
-6.6500
-3.1500
242
291
287
400
400

0.7618
-0.6393
0.1357
3.0100
-5.3200
-4.2700
242
293
286
400
399

0.7632
-0.6417
0.1318
1.0500
-5.9500
-3.0100
243
293
287
398
398

0.7627
-0.6486
0.1269
3.5700
-3.9200
-4.5500
241
293
287
397
396

0.7730
-0.6354
0.1342
3.0100
-5.1800
-2.8000
243
294
289
397
397

0.7749
-0.6412
0.1283
1.1200
-3.5700
-2.1700
242
294
289
395
396

0.7642
-0.6505
0.1303
4.2700
0.3500
-5.1100
243
294
290
396
395

0.7696
-0.6403
0.1381
5.6000
0.0700
-3.2200
243
295
291
396
396

0.7706
-0.6344
0.1606
-4.6200
4.6900
5.1100
247
301
298
401
401

0.8037
-0.6427
0.1435
-5.8100
3.0100
-0.3500
259
317
315
404
405

0.7725
-0.6700
0.1147
-17.5000
10.2900
10.2900
292
342
347
408
407

0.7169
-0.6866
0.1674
-7.4200
10.3600
0.9800
339
401
407
409
408

0.6773
-0.6915
0.1952
7.2800
10.5000
-1.0500
381
450
474
415
415

0.7320
-0.6705
0.1440
-1.5400
17.7100
-3.8500
411
475
505
420
418

0.5929
-0.7037
0.3045
14.8400
9.3800
-2.8000
429
485
519
423
424

0.8013
-0.6681
0.1235
20.9300
25.2000
-4.6900
442
492
523
429
429

0.7169
-0.7149
0.2733
35.0000
7.1400
-8.2600
448
494
526
435
434

0.7017
-0.6720
0.2811
9.7300
2.8000
-7.4200
450
495
527
438
438

0.7135
-0.6710
0.3523
8.6800
-0.6300
-3.9900
452
496
528
443
442

0.7066
-0.6598
0.3035
19.1800
-15.8200
-1.3300
453
497
527
444
445

0.7139
-0.6549
0.2977
1.9600
-3.2200
-5.4600
452
498
528
446
447

0.6954
-0.6642
0.3050
3.6400
-6.1600
-2.5200
452
498
529
447
446

0.7135
-0.6588
0.3011
-1.5400
-5.6700
-1.8200
452
498
529
447
447

0.7076
-0.6564
0.2987
2.1000
-8.3300
-1.1900
452
498
529
448
447

0.7218
-0.6622
0.2840
3.0100
-3.1500
-3.6400
452
498
528
446
446

0.7071
-0.6559
0.2884
9.2400
-5.1100
-8.8900
450
499
528
446
446

0.7159
-0.6466
0.3050
2.3100
-7.1400
-7.7000
449
500
528
446
446

0.7159
-0.6490
0.2948
7.6300
0.4900
-1.0500
443
498
512
444
443

0.7310
-0.6534
0.2928
-6.9300
-4.1300
-4.9000
440
493
495
443
444

0.7296
-0.6476
0.2816
6.3700
-8.1900
-6.6500
437
491
482
442
441

0.7203
-0.6373
0.2991
5.8800
-7.6300
-4.2000
430
481
468
438
439

0.7427
-0.6461
0.2996
-2.7300
-13.2300
-0.4200
440
463
455
432
432

0.7354
-0.6120
0.3026
8.0500
-2.1000
-5.5300
431
439
429
426
426

0.7774
-0.6281
0.3030
19.0400
1.3300
-3.3600
423
403
387
423
424

0.6798
-0.6237
0.2821
11.6200
-4.4800
-1.0500
411
365
349
420
420

0.7608
-0.6412
0.2616
1.2600
8.8200
-2.1000
408
346
329
412
411

0.7335
-0.6466
0.3050
1.9600
15.5400
1.1900
408
339
327
393
394

0.7296
-0.6461
0.2869
8.5400
6.8600
-7.2100
407
334
324
379
378

0.7398
-0.6212
0.3670
2.5900
-5.2500
-3.0100
392
325
318
373
374

0.7374
-0.6046
0.3616
0.6300
-4.3400
-7.0000
363
318
310
374
375

0.7159
-0.6305
0.3240
-4.3400
-4.8300
-4.1300
335
316
310
377
377

0.7359
-0.6310
0.3416
-1.0500
7.0700
-4.4800
308
313
309
378
377

0.7213
-0.5958
0.3719
0.0000
-6.3700
-5.7400
285
306
301
377
377

0.7247
-0.6334
0.3172
0.9100
-9.5900
0.2800
271
295
300
374
374

0.7349
-0.6251
0.3196
-3.0100
-8.4700
3.7100
269
291
298
373
372

0.7266
-0.6466
0.2913
2.5900
-6.9300
0.4200
267
289
299
373
372

0.7457
-0.6281
0.3148
-0.2800
-3.3600
-4.5500
267
290
300
373
373

0.7164
-0.6344
0.3050
-0.9800
-5.1100
-8.5400
266
291
301
374
373

0.7266
-0.6281
0.2977
-3.0100
-4.6200
-5.8100
263
291
300
374
374

0.7383
-0.6242
0.3060
-1.0500
-6.1600
-0.4200
262
289
302
374
373

0.7325
-0.6193
0.2913
-4.0600
-5.6000
-3.0800
260
292
302
375
375

0.7305
-0.6412
0.3006
-5.2500
-8.6100
0.8400
260
293
303
374
376

0.7310
-0.6383
0.2948
-3.2900
-5.9500
-2.2400
260
294
304
375
375

0.7261
-0.6364
0.2806
0.0000
-3.7100
-5.6000
258
294
304
377
376

0.7413
-0.6490
0.2782
2.0300
-0.7000
1.2600
257
294
305
376
378

0.7618
-0.6315
0.2835
3.0800
-3.4300
0.8400
257
298
306
377
376

0.7335
-0.6383
0.3123
-1.3300
-1.6800
3.0100
257
297
307
377
378

0.7037
-0.6456
0.2796
-1.5400
-5.8800
-5.9500
257
299
308
377
377

0.7164
-0.6642
0.2591
9.3100
-3.7800
-12.3200
258
297
308
379
377

0.7525
-0.6461
0.2918
-1.8200
-0.4900
1.1900
257
298
307
377
378

0.7344
-0.6432
0.2801
0.2100
-8.3300
-1.6800
258
298
308
378
377

0.7266
-0.6461
0.2884
-5.2500
-4.9000
0.0700
258
300
309
379
378

0.7193
-0.6627
0.2718
-5.3200
1.2600
3.8500
260
301
309
378
377

0.7422
-0.6403
0.3099
-15.7500
-0.4200
0.6300
266
301
307
379
378

0.7178
-0.6554
0.2738
-10.9900
1.3300
-2.5200
270
302
308
379
379

0.7257
-0.6720
0.2689
0.9800
16.9400
-4.2700
276
304
309
380
381

0.7115
-0.6324
0.3123
-14.9100
21.7000
-4.3400
300
310
318
382
382

0.7052
-0.6593
0.2826
-3.9900
12.8100
-4.6200
325
333
340
385
384

0.6783
-0.6642
0.3074
18.9000
8.1200
-14.2800
359
369
375
387
389

0.7340
-0.6578
0.2850
2.2400
-0.4200
-4.9000
395
419
447
394
395

0.7300
-0.6378
0.3572
-2.7300
14.4200
-0.3500
424
452
494
402
401

0.6856
-0.6515
0.3836
0.7700
-4.9000
-3.9200
436
469
511
409
408

0.6939
-0.6407
0.3138
-0.2100
4.8300
-4.2000
441
479
521
417
416

0.6920
-0.6744
0.3109
14.0000
4.6200
-1.6100
445
485
523
426
427

0.6920
-0.6315
0.3372
12.8100
6.0900
-1.3300
450
488
527
435
435

0.6983
-0.6354
0.3465
21.2100
-4.1300
-1.7500
454
491
528
440
440

0.6988
-0.6368
0.3836
10.5000
-7.2100
-2.8000
453
493
528
442
441

0.7017
-0.6285
0.3733
9.8700
-5.3900
-4.4100
454
494
529
442
442

0.6959
-0.6188
0.3806
7.5600
-3.5000
-5.6700
453
494
529
443
443

0.6925
-0.6237
0.3894
8.4000
-7.7000
-1.3300
454
494
529
442
442

0.7017
-0.6251
0.3855
10.4300
-7.0700
-3.2200
453
495
529
441
441

0.7139
-0.6085
0.3948
10.9900
-7.6300
-4.2000
453
494
528
440
441

0.7066
-0.5934
0.3880
2.2400
-4.1300
-6.0200
451
494
528
438
438

0.6959
-0.6261
0.3240
5.3900
-13.0200
3.0800
444
491
527
435
434

0.7559
-0.6212
0.3460
0.5600
-4.6200
-3.9200
434
477
529
432
432

0.7452
-0.5661
0.4114
-10.2900
-2.1700
-10.0800
419
450
526
431
432

0.7540
-0.5876
0.3880
-4.2700
-4.4800
-6.2300
391
414
519
431
430

0.7261
-0.6066
0.3577
3.9900
-5.2500
-8.8900
347
376
502
429
429

0.6368
-0.5090
0.4138
2.2400
-12.0400
-5.3900
284
340
480
429
429

0.7447
-0.5534
0.3889
5.2500
-4.9000
-7.3500
259
318
429
429
429

0.7432
-0.5529
0.4006
11.4800
3.0800
-12.6000
243
295
355
429
429

0.7418
-0.5832
0.4050
10.0100
-6.8600
-5.0400
233
284
326
428
428

0.7935
-0.5451
0.4065
1.2600
-7.1400
-4.2700
221
275
307
422
423

0.7730
-0.5139
0.4168
0.2100
-7.7700
3.0100
217
269
298
410
410

0.7706
-0.5275
0.4046
-7.2100
-7.4200
3.0800
217
268
293
396
397

0.7647
-0.5539
0.3997
-3.7800
-6.0900
3.6400
214
266
292
386
387

0.7505
-0.5563
0.3836
-3.2900
-9.3100
2.4500
213
266
290
375
376

0.7237
-0.5695
0.3577
3.3600
-8.2600
-2.5900
213
267
286
368
368

0.7730
-0.5710
0.3772
-0.7000
-6.2300
1.9600
215
269
287
362
362

0.7574
-0.5749
0.3645
-1.3300
-6.1600
2.3800
215
271
289
365
365

0.7579
-0.5768
0.3675
-3.4300
-4.4100
4.2700
217
272
291
367
367

0.7462
-0.5919
0.3558
-4.6900
-7.4900
2.2400
218
273
295
369
367

0.7340
-0.6080
0.3401
-3.4300
-2.1000
-3.0800
217
276
296
369
369

0.7564
-0.6100
0.3445
-1.8200
-3.7100
-0.7700
220
276
298
370
370

0.7349
-0.6007
0.3445
0.1400
-5.4600
-3.9900
218
277
299
370
370

0.7383
-0.6100
0.3323
-4.2700
-3.8500
-3.5700
219
277
299
371
372

0.7383
-0.6105
0.3235
-1.2600
-3.2200
-2.9400
221
278
299
371
371

0.7383
-0.6051
0.3343
-3.3600
-5.0400
-3.4300
221
279
300
371
372

0.7222
-0.6212
0.3201
-0.8400
-7.1400
-3.2200
222
280
300
371
370

0.7325
-0.6276
0.3113
0.9800
-7.9100
-1.0500
223
280
304
372
371

0.7447
-0.6246
0.3055
2.6600
-5.3900
-3.7800
222
281
303
371
371

0.7442
-0.6071
0.2991
1.5400
-3.5000
-5.7400
222
281
305
373
372

0.7437
-0.6290
0.2948
5.8100
-3.2900
-5.8100
223
280
304
373
375

0.7501
-0.6071
0.3089
2.3800
-0.4900
-8.0500
224
281
305
373
373

0.7379
-0.6071
0.3177
1.4000
-5.8100
-1.4700
223
282
307
374
374

0.7505
-0.6017
0.3138
0.4900
-2.9400
-0.7700
223
280
306
374
374

0.7422
-0.6080
0.2996
10.7800
-4.5500
-4.4100
224
282
307
374
375

0.7603
-0.6066
0.3284
-1.1900
1.4700
5.4600
226
286
310
376
377

0.7398
-0.5836
0.3392
-37.5200
1.6800
-3.0100
240
305
336
381
382

0.7203
-0.6651
0.2747
-3.2200
-4.3400
-5.3900
278
338
393
386
386

0.7544
-0.6334
0.3113
12.3900
-2.5200
1.4700
318
374
442
392
391

0.7296
-0.6505
0.3065
-2.7300
2.0300
-1.4700
357
416
482
401
401

0.7422
-0.6344
0.3157
1.6800
5.1100
-0.4200
388
448
510
412
411

0.7071
-0.6437
0.3089
2.1000
3.4300
-8.8900
408
473
519
421
421

0.7037
-0.6320
0.3484
3.7100
7.5600
-8.6800
422
483
524
427
428

0.7105
-0.6446
0.3621
17.7100
-4.7600
-2.5200
431
489
526
434
433

0.6978
-0.6354
0.3582
5.1100
-2.8000
-1.8900
436
493
527
436
437

0.7110
-0.6276
0.3445
2.1000
-1.1900
-1.7500
439
494
529
435
437

0.7296
-0.6251
0.3421
1.1900
-3.6400
-1.3300
440
494
528
437
437

0.7017
-0.6315
0.3572
2.7300
-3.0800
-0.7700
440
496
528
437
437

0.7237
-0.6222
0.3504
4.2000
-3.8500
-2.1000
441
496
528
437
437

0.7110
-0.6310
0.3523
5.8100
-7.4200
-2.4500
440
495
528
436
436

0.7169
-0.6285
0.3636
2.4500
-4.6900
-1.9600
441
495
528
436
434

0.7135
-0.6227
0.3553
1.6800
-6.7900
-2.9400
440
495
528
434
435

0.7017
-0.6276
0.3587
-2.1700
-1.5400
-4.1300
439
494
527
435
434

0.7208
-0.6300
0.3494
1.5400
-8.2600
-2.4500
437
492
527
433
434

0.7017
-0.6237
0.3392
3.6400
-8.3300
-7.9800
434
476
514
433
433

0.7066
-0.6222
0.3475
2.3800
-3.8500
-8.1900
419
437
474
433
433

0.7379
-0.6281
0.3494
11.2000
-5.5300
-4.9000
401
401
444
434
433

0.7081
-0.6080
0.3616
3.5000
0.4900
-8.7500
379
368
413
432
432

0.7252
-0.6159
0.3753
9.6600
2.3800
-12.8100
340
338
379
431
431

0.6861
-0.5841
0.3675
3.4300
3.2900
-12.2500
302
315
351
430
428

0.7188
-0.5841
0.3845
7.9100
-3.8500
-3.9200
272
294
327
423
422

0.7608
-0.6261
0.4026
2.8000
-1.1900
-3.7800
252
280
297
414
413

0.7588
-0.5583
0.4026
3.0800
2.8700
-0.2100
241
272
281
404
405

0.7374
-0.5402
0.3924
-1.2600
-4.6200
9.3100
235
265
275
392
390

0.7403
-0.5651
0.3870
-1.4700
-3.6400
1.4700
233
264
274
383
383

0.7379
-0.5812
0.3680
3.3600
-0.9800
-3.7100
232
263
272
375
375

0.7510
-0.5851
0.4211
4.4800
2.3800
-1.4000
231
263
274
371
370

0.7374
-0.5895
0.3748
3.5700
2.3100
-2.4500
231
264
274
368
368

0.7330
-0.5954
0.3899
-2.3800
0.7000
3.9200
232
266
277
366
364

0.7135
-0.5905
0.3714
-0.9100
-10.0100
5.3900
234
267
281
367
365

0.6852
-0.6261
0.3514
-3.7100
-5.1100
-0.7700
235
269
284
366
365

0.6983
-0.6378
0.3489
-2.2400
-1.4700
-3.8500
235
271
288
364
363

0.7242
-0.6144
0.3523
-3.1500
-3.9900
-3.5000
236
272
289
361
361

0.7100
-0.6124
0.3670
-1.1900
-1.6100
-0.3500
236
273
290
361
362

0.7115
-0.6320
0.3436
-1.9600
-4.6900
-2.7300
235
274
290
361
361

0.7120
-0.6281
0.3426
0.1400
-1.1900
-3.0800
236
276
292
361
361

0.7281
-0.6285
0.3514
-0.0700
-1.8200
-5.5300
235
276
292
361
362

0.7261
-0.6359
0.3440
1.4700
-4.6900
-2.1000
238
279
293
364
362

0.7164
-0.6217
0.3582
-0.2100
-3.2900
-0.5600
238
279
294
365
364

0.7066
-0.6364
0.3362
0.4200
-3.7800
-1.5400
239
280
295
364
367

0.7125
-0.6378
0.3396
0.4900
-3.7100
-3.2200
240
280
294
365
366

0.7110
-0.6378
0.3294
1.8900
-3.6400
-3.5700
238
280
295
367
367

0.7208
-0.6344
0.3382
1.6100
-4.2000
-2.2400
239
281
296
368
367

0.7100
-0.6403
0.3426
0.3500
-5.8800
0.1400
239
281
295
369
368

0.7003
-0.6437
0.3279
1.0500
-5.4600
-2.1700
240
282
296
368
369

0.7174
-0.6427
0.3250
1.1900
-6.0200
-2.9400
240
281
296
368
369

0.7076
-0.6490
0.3221
4.7600
-7.9100
-0.4900
241
282
297
368
368

0.7105
-0.6461
0.3323
-10.7800
0.7000
-1.7500
242
285
297
368
368

0.6998
-0.6281
0.3138
-3.8500
1.8200
-1.6800
251
294
308
369
371

0.8418
-0.7340
0.3104
-9.0300
-3.4300
-3.5700
288
326
348
377
376

0.6710
-0.6407
0.3270
-2.3800
-9.8000
2.7300
332
365
399
386
386

0.7164
-0.6568
0.2884
2.8700
-12.1100
-0.2800
367
399
450
396
394

0.7115
-0.6544
0.2806
-4.3400
-4.6900
-0.1400
394
426
490
400
400

0.7096
-0.7027
0.2791
-10.0800
-1.4000
-5.0400
418
455
512
406
407

0.6842
-0.6554
0.2923
16.2400
1.3300
-5.5300
431
475
521
416
415

0.7066
-0.6525
0.3299
-1.4000
8.4700
-1.4000
441
486
525
420
419

0.7432
-0.7008
0.2982
-6.5100
4.6900
-9.9400
448
491
527
424
424

0.6661
-0.6568
0.3323
12.3200
-7.9800
-8.4000
451
494
528
431
432

0.6983
-0.6324
0.3567
11.2000
-16.1700
-7.7000
452
495
527
436
436

0.7159
-0.6300
0.3528
3.7100
-2.5900
-3.3600
452
496
528
436
436

0.7183
-0.6242
0.3455
3.0800
-2.3800
-2.3100
452
497
529
436
436

0.7130
-0.6427
0.3426
7.7700
-3.2200
-1.9600
452
498
528
436
436

0.7017
-0.6403
0.3601
5.5300
-0.2100
-6.9300
452
497
529
436
437

0.7149
-0.6237
0.3631
5.0400
-4.2700
-4.3400
451
497
528
437
437

0.7203
-0.6178
0.3723
5.2500
-4.9700
-2.7300
452
498
530
435
436

0.7203
-0.6183
0.3675
4.4800
-3.4300
-2.9400
453
497
528
436
435

0.7017
-0.6129
0.3748
3.2200
-4.9000
-3.2900
453
498
529
436
435

0.7056
-0.6178
0.3704
3.5000
-4.7600
-2.0300
453
497
529
434
433

0.7125
-0.6183
0.3733
3.7100
-4.0600
-2.3800
453
498
530
432
432

0.7276
-0.6320
0.3782
0.9100
-1.1900
-7.9100
453
498
528
432
430

0.7188
-0.6242
0.3689
4.9700
-3.9200
-5.1800
451
495
527
430
431

0.7393
-0.6242
0.3660
9.3800
-3.9900
-6.0200
444
484
524
428
427

0.7408
-0.5958
0.3689
9.2400
5.3900
-16.5900
427
458
502
429
427

0.7125
-0.6085
0.3582
14.5600
6.5100
-6.9300
406
424
467
425
425

0.7398
-0.5397
0.4080
-5.7400
-16.8000
-5.1800
381
373
391
420
420

0.7369
-0.5768
0.4153
5.6000
4.9700
-8.3300
359
337
331
411
411

0.7359
-0.5617
0.4080
5.1100
1.2600
-5.2500
336
315
296
405
404

0.7501
-0.5710
0.4280
-4.4800
0.4900
-8.8200
312
297
278
396
395

0.7388
-0.5646
0.4314
-13.0200
7.3500
-0.2100
294
286
268
383
383

0.7569
-0.5378
0.4016
-4.9700
-1.1900
4.4100
284
279
266
369
369

0.7354
-0.5861
0.4114
8.4700
-2.8000
-4.4800
282
277
267
361
360

0.7139
-0.5695
0.4211
1.0500
-2.3100
-1.1200
282
280
272
357
356

0.7115
-0.5841
0.4177
-0.7000
-7.2100
1.1200
284
280
275
354
355

0.7135
-0.5866
0.4021
-2.4500
-4.0600
-2.3100
284
281
277
353
353

0.7247
-0.6120
0.3972
4.8300
-6.2300
-2.2400
283
282
278
352
354

0.7096
-0.5876
0.4036
0.4900
-0.9800
-5.8800
273
278
282
352
352

0.7203
-0.5710
0.3982
-4.5500
-4.3400
-1.8200
260
270
284
351
351

0.7325
-0.6076
0.3802
0.3500
-6.7900
-3.3600
253
269
284
352
352

0.7061
-0.6163
0.3806
-1.2600
-6.1600
-0.8400
250
268
285
350
351

0.7213
-0.5973
0.3777
2.1700
-7.2100
-0.2100
251
272
286
351
353

0.7135
-0.6134
0.3714
2.6600
-8.2600
-3.7800
248
272
289
351
352

0.7174
-0.6159
0.3699
4.1300
-1.1900
-9.8000
241
272
290
351
352

0.7178
-0.5963
0.3855
2.8700
-0.1400
-6.0200
232
275
289
352
352

0.7300
-0.5924
0.3909
-5.2500
-5.4600
3.4300
231
276
291
353
352

0.7218
-0.6129
0.3601
-1.9600
-2.4500
-4.9700
231
277
291
353
353

0.7305
-0.6149
0.3821
-6.5100
-2.3100
-3.2900
230
277
291
354
354

0.7042
-0.6120
0.3792
-6.3700
-7.5600
-5.8100
230
278
292
353
354

0.7193
-0.5051
0.3675
-4.9700
-3.1500
1.6800
232
280
292
355
354

0.7349
-0.6300
0.3543
-7.7000
-7.4200
0.0000
232
279
292
354
354

0.7193
-0.6237
0.3475
0.5600
-4.4800
-2.6600
233
280
292
354
355

0.7154
-0.6456
0.3484
0.9100
-5.8800
0.7700
233
282
293
355
354

0.7042
-0.6266
0.3601
-0.0700
-5.6000
-2.4500
234
280
293
354
355

0.7105
-0.6339
0.3484
-1.3300
-5.3200
-2.9400
236
281
294
356
356

0.7174
-0.6285
0.3514
-3.0800
-3.8500
-1.1200
234
283
294
356
357

0.7096
-0.6227
0.3523
-7.9100
-7.2800
-0.9100
236
281
295
357
359

0.6969
-0.6281
0.3538
-25.6900
-0.4200
26.3900
239
284
294
359
357

0.7081
-0.6754
0.2772
-17.7100
9.8700
4.7600
245
291
297
360
361

0.6847
-0.7325
0.2904
-3.7100
1.6800
-8.7500
267
310
320
365
363

0.6837
-0.6837
0.2704
20.2300
-4.0600
-2.0300
326
357
371
374
375

0.6788
-0.6627
0.2455
11.9700
-8.4700
-3.9900
400
423
470
386
384

0.6803
-0.6734
0.2704
21.9800
5.9500
-11.7600
429
458
511
401
401

0.7144
-0.6500
0.3836
16.5200
12.5300
-5.7400
443
482
524
417
416

0.6930
-0.6393
0.3450
13.5800
0.3500
-0.4900
450
491
526
429
429

0.6583
-0.6412
0.4002
4.1300
4.7600
5.2500
454
495
528
439
439

0.6383
-0.6168
0.4075
-0.4200
1.3300
0.8400
455
498
529
446
446

0.6910
-0.6256
0.3904
7.4200
-5.1800
8.5400
457
499
530
453
453

0.6700
-0.6549
0.3977
-9.1000
6.6500
4.6200
457
500
530
457
458

0.6583
-0.6934
0.3880
-10.4300
-16.5900
3.3600
458
501
531
459
459

0.6593
-0.6661
0.3943
8.6800
-3.0800
1.5400
457
500
531
459
460

0.6500
-0.6939
0.3855
0.0000
-3.3600
0.2800
458
500
531
457
457

0.6446
-0.6954
0.3680
0.9800
-4.9700
0.4900
457
501
531
457
459

0.6407
-0.6695
0.3816
0.0700
-6.0900
-0.2800
455
501
530
456
456

0.6202
-0.7257
0.3865
-1.8900
-2.6600
0.0000
457
500
530
454
454

0.6095
-0.6847
0.3836
-5.8100
-3.4300
-0.9800
456
501
531
453
453

0.6368
-0.6949
0.3597
1.8200
-0.2100
-1.8900
456
500
531
451
450

0.6329
-0.7125
0.3538
-4.6900
-7.2100
4.7600
456
500
530
450
450