-0.2450
-0.9077
-0.3450
0.7700
-0.7000
-3.7800
432
472
509
429
429

-0.2211
-0.9033
-0.3631
-1.4000
0.2100
-6.5800
430
471
510
429
428

-0.1957
-0.9023
-0.3611
-1.1200
-0.9100
-10.6400
431
472
512
431
430

-0.1684
-0.8862
-0.3728
-4.9700
-2.6600
-6.8600
432
471
509
429
428

-0.1898
-0.9067
-0.3748
2.2400
-8.1200
-2.5200
432
472
509
427
430

-0.2098
-0.9096
-0.3909
3.5000
-3.4300
-5.3200
435
472
510
430
430

-0.1976
-0.9033
-0.3719
-3.0100
-2.5200
-4.4100
432
472
509
430
430

-0.1976
-0.9018
-0.3816
-2.6600
-1.6800
-3.4300
432
470
510
431
431

-0.1835
-0.8965
-0.3821
-0.3500
-3.2900
-5.9500
432
471
512
431
431

-0.1825
-0.8813
-0.3894
0.4900
-2.5200
-2.8700
432
471
509
430
431

-0.1791
-0.8891
-0.3836
1.8900
-3.0800
-3.7100
432
471
510
431
431

-0.1820
-0.8833
-0.3880
2.3800
-0.0700
-3.6400
432
471
510
431
431

-0.1645
-0.8926
-0.3723
1.5400
-3.6400
-4.6200
433
471
508
431
431

-0.1649
-0.8862
-0.3933
1.3300
-4.6200
-2.8700
432
473
510
431
431

-0.1810
-0.9023
-0.3850
1.8200
-3.5700
-1.6800
432
471
508
432
432

-0.1869
-0.8994
-0.3943
1.6800
-3.8500
-3.5700
432
470
508
431
431

-0.1796
-0.8940
-0.3963
4.0600
-3.6400
-3.0100
432
470
510
431
432

-0.1703
-0.9052
-0.3806
1.4000
-4.6200
-2.4500
432
470
508
432
431

-0.1830
-0.8950
-0.3841
1.5400
-3.7800
-2.8000
432
470
507
430
431

-0.1840
-0.8999
-0.3865
1.9600
-3.3600
-3.4300
433
471
508
432
431

-0.1737
-0.8960
-0.3870
1.7500
-3.9200
-3.7100
432
470
508
430
432

-0.1703
-0.9023
-0.3816
0.1400
-4.2000
-2.3100
432
470
508
432
432

-0.1840
-0.8877
-0.3914
0.4200
-4.0600
-3.9900
434
471
507
431
431

-0.1854
-0.8911
-0.3943
0.7700
-3.0800
-2.5900
432
469
505
431
431

-0.1869
-0.8891
-0.3967
0.9800
-1.0500
-6.5100
432
461
484
429
429

-0.1640
-0.8989
-0.3899
0.6300
-0.6300
-13.7900
429
434
431
423
423

-0.1464
-0.9287
-0.4036
-4.2700
-1.5400
-8.7500
413
400
378
409
411

-0.1449
-0.8672
-0.4246
4.4800
-3.5000
-5.2500
389
359
326
388
388

-0.1444
-0.9311
-0.3743
1.9600
-10.6400
-9.7300
357
315
285
369
367

-0.1308
-0.9565
-0.4138
11.8300
-1.1900
-5.1800
324
285
258
344
344

-0.1191
-0.9501
-0.4455
-14.2800
-16.0300
4.9000
289
264
244
323
322

-0.1303
-0.8589
-0.4490
5.5300
-21.5600
7.1400
274
255
241
305
305

-0.1796
-0.8647
-0.4548
5.5300
-17.6400
-6.5100
267
250
240
299
299

-0.1903
-0.9189
-0.4114
9.2400
-10.7100
-10.1500
263
249
241
298
298

-0.1469
-0.9023
-0.3826
10.5000
-8.1200
-6.3700
260
252
241
297
298

-0.1415
-0.9062
-0.3689
6.0200
-8.9600
-3.0100
258
253
243
299
299

-0.1591
-0.9082
-0.3626
2.8000
-5.8100
-3.2200
263
256
246
300
301

-0.1684
-0.9038
-0.3606
-1.6800
-2.8700
-4.6900
263
258
249
304
306

-0.1806
-0.8789
-0.3938
-25.5500
6.4400
7.5600
281
270
260
318
317

-0.1932
-0.8789
-0.3865
5.9500
-9.1700
6.6500
327
315
301
351
352

-0.2030
-0.8852
-0.3758
-3.9200
0.1400
4.2000
373
374
384
381
379

-0.1825
-0.8930
-0.3636
13.0900
-30.1700
8.1900
405
429
471
403
402

-0.2015
-0.9340
-0.3660
15.1200
-7.4900
9.6600
431
468
506
423
423

-0.2347
-0.9072
-0.3850
-3.2200
-5.9500
-4.2700
442
487
519
443
444

-0.1635
-0.8833
-0.3489
-1.4000
-7.2800
-4.8300
447
494
524
451
451

-0.2411
-0.8760
-0.3353
3.5700
-8.1900
-4.1300
451
499
527
453
453

-0.2308
-0.8896
-0.3333
3.4300
-4.4800
0.2800
453
500
528
455
456

-0.2298
-0.9082
-0.3314
5.8100
-4.4100
-3.2900
453
501
528
455
454

-0.2396
-0.9189
-0.3436
6.0900
-3.9200
-2.1000
454
500
528
456
453

-0.2391
-0.9179
-0.3494
8.8200
-2.5200
-3.7100
454
500
529
454
453

-0.2323
-0.9213
-0.3318
3.5700
-3.5000
-0.7000
454
500
528
453
454

-0.2474
-0.9174
-0.3343
1.7500
-5.2500
-1.8200
454
500
527
453
453

-0.2499
-0.9116
-0.3353
1.6800
0.4200
-1.1200
453
496
525
452
451

-0.2430
-0.9228
-0.3152
-0.9800
-0.2100
-6.5100
449
473
503
448
446

-0.2225
-0.9189
-0.3396
-5.4600
2.9400
-11.2700
436
437
458
437
440

-0.2323
-0.8960
-0.3465
-4.7600
3.5000
-11.5500
412
390
389
428
428

-0.2123
-0.9048
-0.3401
-2.5200
3.5000
-9.9400
384
345
327
408
409

-0.1981
-0.8955
-0.3538
2.4500
4.9700
-4.1300
360
316
289
394
395

-0.1723
-0.8682
-0.3143
1.1200
-0.1400
-6.5800
329
288
266
379
379

-0.1835
-0.8696
-0.3709
5.1800
-5.1800
-1.7500
293
268
249
366
366

-0.1728
-0.9389
-0.3762
7.5600
-8.6100
5.6700
272
256
243
348
348

-0.1767
-0.9106
-0.3670
-9.8000
-9.2400
9.1000
261
249
240
330
331

-0.2225
-0.8813
-0.4011
-0.7000
-13.0200
-1.7500
257
249
240
323
323

-0.2206
-0.9008
-0.3689
1.2600
-8.4700
-5.3200
255
251
241
323
321

-0.2347
-0.9160
-0.3601
1.3300
-3.5700
-8.9600
257
249
244
322
321

-0.1869
-0.8672
-0.3675
-2.1700
-1.7500
-4.4800
260
253
245
324
326

-0.2152
-0.8667
-0.3655
-5.1800
2.4500
-4.1300
265
256
249
330
333

-0.2294
-0.8457
-0.3972
7.6300
10.7100
-6.5800
284
266
259
351
350

-0.1928
-0.9062
-0.4016
17.3600
-14.0700
11.7600
312
291
289
382
381

-0.1884
-0.9140
-0.3211
10.8500
-13.6500
17.4300
380
379
397
418
418

-0.2230
-0.9453
-0.3011
16.0300
-9.4500
11.9000
422
450
489
437
435

-0.2450
-0.9174
-0.3411
82.1100
-30.6600
6.3000
440
485
520
442
443

-0.2547
-0.8989
-0.3026
5.5300
-9.2400
4.0600
448
496
525
449
447

-0.2821
-0.9292
-0.2987
8.5400
-7.2100
-1.8900
451
501
526
449
449

-0.2684
-0.9194
-0.2918
4.0600
-7.2100
-4.1300
453
501
528
450
449

-0.2728
-0.9048
-0.2977
5.7400
-4.9700
-2.5200
453
502
528
450
449

-0.2767
-0.9121
-0.2806
3.3600
-3.5000
-0.4900
453
502
528
450
451

-0.2801
-0.9140
-0.2743
1.8900
-3.6400
-2.1000
453
504
529
450
450

-0.2747
-0.9262
-0.2913
1.9600
-4.7600
-2.5900
453
502
529
450
452

-0.2713
-0.9116
-0.3060
4.0600
-4.9000
-5.1100
451
501
527
449
449

-0.2796
-0.9160
-0.2840
0.5600
0.2100
-0.2800
452
500
527
449
448

-0.2801
-0.9453
-0.3318
-4.0600
0.9100
-3.4300
450
487
522
447
446

-0.2694
-0.9033
-0.3284
-4.4800
-1.8900
-0.0700
446
473
508
443
445

-0.2577
-0.9165
-0.3162
-0.4200
-2.3800
-1.8200
445
471
501
442
443

-0.2660
-0.9145
-0.3265
-2.3800
-3.0100
-6.5800
442
461
481
442
442

-0.2562
-0.8950
-0.3250
-0.0700
-0.4200
-2.8700
440
454
473
440
440

-0.2699
-0.8603
-0.2904
-4.4100
-0.2100
-8.8200
435
440
445
436
436

-0.2513
-0.8657
-0.3040
-6.3000
0.2100
-10.6400
419
409
402
430
430

-0.1996
-0.8789
-0.3274
-13.5800
-12.8800
-6.2300
390
369
349
413
413

-0.2396
-0.8930
-0.3152
-8.2600
-11.1300
-11.5500
358
328
300
395
396

-0.2186
-0.8833
-0.3948
-9.9400
-7.9800
-15.2600
330
296
268
376
376

-0.2108
-0.9067
-0.3914
-7.0700
-5.4600
-12.9500
305
272
254
357
358

-0.1625
-0.8555
-0.3831
-10.9900
-9.2400
-5.4600
289
261
245
338
341

-0.1776
-0.8828
-0.4109
-3.1500
-12.5300
-8.4000
278
254
244
329
329

-0.1981
-0.8833
-0.4202
-2.2400
-12.5300
-7.3500
273
251
244
322
322

-0.1889
-0.8828
-0.4299
1.4000
-6.5100
-3.3600
282
250
246
324
326

-0.1864
-0.8716
-0.4070
2.3800
-4.0600
0.0700
281
254
247
328
327

-0.1947
-0.8823
-0.4163
-1.2600
-2.2400
0.4900
288
261
253
333
331

-0.1903
-0.8530
-0.3723
2.1000
-2.9400
-7.9100
293
265
254
333
331

-0.1840
-0.8760
-0.4026
-1.6800
-3.0100
-6.0200
293
265
258
334
335

-0.1713
-0.8613
-0.4128
3.8500
-3.0800
-3.9900
302
269
261
338
336

-0.1669
-0.9350
-0.4494
30.3100
-6.2300
5.3200
341
315
302
369
371

-0.1991
-0.8657
-0.3089
12.2500
2.5900
5.2500
376
376
382
394
394

-0.1937
-0.9443
-0.3406
15.3300
-8.6800
-3.0800
401
427
477
416
417

-0.2030
-0.8818
-0.3226
10.2200
-6.6500
-3.5700
416
459
510
429
431

-0.2069
-0.9374
-0.3401
-0.6300
-11.2700
-11.4100
422
476
523
438
439

-0.2094
-0.9057
-0.3182
6.0900
-6.3700
-4.2000
426
483
524
440
440

-0.1986
-0.8896
-0.2918
3.0100
-4.4800
-4.7600
426
483
525
439
441

-0.1932
-0.9057
-0.3055
1.0500
-5.9500
-1.8900
428
484
524
441
440

-0.2196
-0.9116
-0.2952
0.4900
-3.6400
-5.3200
430
483
525
439
439

-0.2176
-0.9077
-0.3050
-0.6300
-1.6800
-5.9500
427
480
525
438
438

-0.1986
-0.9121
-0.3118
0.2800
-3.2200
-3.3600
426
481
526
437
437

-0.1937
-0.9238
-0.3182
2.4500
-2.5900
-2.9400
427
480
524
436
436

-0.2103
-0.9262
-0.3157
0.2800
-3.4300
-2.5200
427
478
523
435
434

-0.2001
-0.9199
-0.3201
0.0000
-3.5000
-1.0500
427
477
522
436
434

-0.1996
-0.9267
-0.3006
-2.5200
-1.6800
-0.4900
424
469
517
433
433

-0.1986
-0.9013
-0.3196
-4.0600
-3.5700
-4.6200
423
460
507
431
432

-0.2084
-0.9043
-0.3260
2.3100
-3.0800
-2.3800
422
457
501
432
432

-0.2133
-0.9160
-0.3221
0.7000
-3.5700
-5.8100
419
447
483
431
432

-0.2079
-0.9106
-0.3255
-14.6300
0.4200
-10.2900
411
411
422
426
426

-0.1952
-0.9282
-0.3811
-4.4800
-1.0500
-8.4000
384
366
355
414
414

-0.1854
-0.9199
-0.3328
-11.9000
-6.1600
-7.5600
359
326
304
402
402

-0.1742
-0.8950
-0.4158
-5.8100
-4.1300
-11.4800
332
294
272
388
389

-0.1606
-0.9267
-0.3928
-7.0700
-9.3800
-12.8100
306
274
254
367
367

-0.1498
-0.9980
-0.3099
-9.1000
-13.7900
-8.3300
287
261
248
341
340

-0.1523
-0.8477
-0.4255
1.6800
-17.9200
-8.1200
275
253
244
328
326

-0.1859
-0.8682
-0.4236
11.2700
-14.4900
-6.1600
267
251
246
319
319

-0.1664
-0.8979
-0.3972
11.0600
-11.8300
-5.8800
263
249
247
314
314

-0.1649
-0.8789
-0.3850
3.2900
-11.8300
-1.1200
277
251
247
316
317

-0.1820
-0.8862
-0.3743
-1.2600
-7.0000
1.1900
278
252
249
315
317

-0.1884
-0.8935
-0.3748
-4.0600
-2.0300
3.2200
280
254
249
320
320

-0.1859
-0.9072
-0.4036
-9.5200
2.3800
5.0400
286
256
254
324
323

-0.1972
-0.8755
-0.4036
-4.4800
2.4500
7.1400
295
269
260
331
333

-0.1981
-0.8823
-0.4124
2.1000
3.7100
7.3500
324
300
290
350
350

-0.2020
-0.8677
-0.3787
19.6000
0.6300
4.4800
356
345
339
373
374

-0.2030
-0.9038
-0.4743
9.2400
-1.8900
7.5600
384
387
414
393
394

-0.2176
-0.8804
-0.3597
19.8100
2.5200
11.8300
405
428
477
410
410

-0.2386
-0.9189
-0.3377
24.8500
-4.6900
4.1300
422
460
504
421
421

-0.2338
-0.9077
-0.3348
11.6900
-5.6700
-1.9600
430
477
515
427
426

-0.2606
-0.9252
-0.3040
3.0800
-5.6000
-4.7600
435
484
521
431
432

-0.2528
-0.9189
-0.2874
3.5700
-1.8200
-1.8900
437
489
522
436
436

-0.2577
-0.9087
-0.2791
0.7700
-1.8200
-0.9800
438
489
524
437
436

-0.2499
-0.9106
-0.2845
-2.0300
-5.2500
-1.6100
437
489
522
436
435

-0.2508
-0.8901
-0.2777
0.3500
-4.0600
-2.5900
436
488
522
436
436

-0.2533
-0.9150
-0.2811
3.4300
-3.7800
-4.6200
435
488
523
436
436

-0.2460
-0.9199
-0.2952
1.3300
-4.4800
-3.5700
436
487
521
435
435

-0.2489
-0.9218
-0.2889
1.8200
-4.6900
-3.5000
435
486
520
435
436

-0.2484
-0.9204
-0.2918
1.8200
-4.3400
-4.2700
434
483
519
434
434

-0.2469
-0.9326
-0.2962
1.0500
-3.1500
-4.4800
432
480
518
433
433

-0.2469
-0.9228
-0.3040
1.3300
-2.4500
-6.3000
430
473
509
432
433

-0.2352
-0.9209
-0.2899
-6.7200
-2.3800
-7.0700
425
460
491
432
431

-0.2308
-0.9355
-0.3548
-5.6000
-1.9600
-6.0900
420
443
465
430
431

-0.2323
-0.9111
-0.3567
-9.1700
-2.8700
-6.4400
415
420
436
429
429

-0.2235
-0.8945
-0.3514
-10.9900
-4.4800
-11.0600
404
397
398
425
425

-0.2045
-0.9023
-0.3304
-6.3000
-3.8500
-10.2900
385
366
347
418
419

-0.1996
-0.9140
-0.3704
2.8700
-6.3700
-10.5000
364
329
308
411
411

-0.2020
-0.9126
-0.3670
-4.4800
-5.0400
-11.7600
335
294
273
396
397

-0.1830
-0.9057
-0.3518
-7.1400
-11.6200
-20.0200
300
269
251
370
371

-0.1435
-0.9004
-0.4055
-18.9000
-16.8700
-2.5200
271
251
242
340
338

-0.1654
-0.8501
-0.4577
12.1100
-0.0700
-13.0200
259
247
241
321
321

-0.1591
-0.7520
-0.3694
13.3700
-14.2800
-8.6100
254
251
241
314
316

-0.1552
-0.8926
-0.3504
1.4000
-7.6300
-3.1500
253
251
243
313
315

-0.1566
-0.9023
-0.3684
3.9200
-8.8900
-3.7100
251
255
242
312
312

-0.1645
-0.8921
-0.3699
8.7500
-7.5600
-3.3600
250
258
244
311
311

-0.1615
-0.9321
-0.3665
5.4600
-3.7100
-2.7300
254
256
245
314
313

-0.1527
-0.9316
-0.3709
0.0000
-0.4200
3.3600
257
260
247
319
318

-0.1523
-0.9194
-0.3889
-0.4900
12.5300
28.1400
265
264
251
324
326

-0.2118
-0.9111
-0.3977
-10.0800
4.2700
25.2700
310
286
272
344
345

-0.2528
-0.8974
-0.4343
14.6300
-2.1700
-3.9900
351
339
329
369
368

-0.2464
-0.9209
-0.3943
15.4700
-6.5800
-7.7000
385
399
430
386
387

-0.2172
-0.8965
-0.3616
25.6900
-2.6600
-6.3000
408
441
490
404
402

-0.2220
-0.8901
-0.3416
22.1900
-3.3600
-5.5300
427
470
514
414
414

-0.2464
-0.9643
-0.3177
0.1400
-2.3800
-16.1000
433
489
524
425
424

-0.2098
-0.9418
-0.2708
22.1200
-4.8300
-9.3800
436
494
527
434
434

-0.1850
-0.9423
-0.2664
12.5300
-6.4400
-4.3400
439
498
528
438
437

-0.1874
-0.9438
-0.2542
8.1200
-5.6700
0.0000
440
499
528
438
438

-0.2020
-0.9462
-0.2708
3.5000
-2.1000
-1.6100
442
499
528
437
438

-0.1981
-0.9438
-0.2684
1.1900
-4.3400
-3.0100
440
499
528
438
437

-0.2084
-0.9487
-0.2743
3.6400
-3.7800
-1.3300
439
498
528
437
437

-0.2123
-0.9565
-0.2733
1.1900
-3.2900
-5.1800
439
498
528
436
436

-0.2040
-0.9384
-0.2679
3.4300
-1.8900
-1.8900
438
497
527
437
435

-0.2050
-0.9536
-0.2747
2.8000
-1.7500
-1.8900
440
496
527
435
433

-0.2137
-0.9433
-0.2655
2.8000
-2.3800
-5.2500
439
497
527
433
434

-0.2050
-0.9321
-0.2596
-6.1600
-2.6600
-5.1800
435
490
525
431
432

-0.1889
-0.9316
-0.3011
-4.0600
2.8000
-2.8000
432
481
517
433
430

-0.2064
-0.9140
-0.3099
0.4200
2.1700
-6.3000
431
479
514
427
427

-0.1674
-0.9282
-0.3192
4.7600
2.0300
-1.4000
430
476
515
427
427

-0.1918
-0.9414
-0.3118
-1.6800
1.6800
-4.9700
424
467
500
427
426

-0.1820
-0.9218
-0.2957
-0.8400
0.1400
-10.5700
418
448
473
424
424

-0.1566
-0.9145
-0.3289
3.7800
-2.5200
0.9800
417
442
464
422
422

-0.1752
-0.9550
-0.2987
0.0000
-3.8500
-4.4100
413
439
458
421
421

-0.1830
-0.9199
-0.3172
0.4900
-1.7500
-3.0100
415
439
459
420
420

-0.1610
-0.9443
-0.3079
-7.0000
-0.3500
-6.5800
417
448
475
420
420

-0.1596
-0.9292
-0.3040
-5.0400
-5.7400
-11.6200
421
457
494
419
421

-0.1176
-0.9038
-0.3192
-3.1500
-6.3700
-1.6800
424
462
502
422
422

-0.1606
-0.9135
-0.3382
4.4100
-3.4300
-1.2600
423
463
501
423
422

-0.1566
-0.9321
-0.3377
7.7000
-6.4400
-10.2200
424
462
502
422
422

-0.1298
-0.9355
-0.3157
2.6600
-7.9800
-8.6100
423
460
502
422
422