0.3040
-0.9340
-0.2108
3.9900
-1.4700
-3.4300
436
482
521
437
437

0.3104
-0.9404
-0.2094
5.8800
-1.0500
-3.0800
437
484
522
438
438

0.3172
-0.9345
-0.2059
4.4100
-0.9800
0.1400
437
483
522
438
437

0.2908
-0.9326
-0.1918
4.2700
-2.9400
0.0700
437
483
522
438
438

0.2928
-0.9379
-0.1864
4.2000
-4.9700
-2.8000
437
483
523
438
438

0.3030
-0.9384
-0.1903
0.8400
-3.5000
-2.3100
437
483
522
438
437

0.3040
-0.9418
-0.1976
2.3100
-3.0800
-3.9900
437
483
522
438
438

0.3079
-0.9370
-0.1898
4.6200
-2.8700
-2.8000
437
483
522
438
437

0.3079
-0.9389
-0.1889
2.1700
-4.6200
-3.3600
437
483
524
437
438

0.3050
-0.9428
-0.1874
1.9600
-3.7800
-3.7800
437
483
522
438
438

0.3118
-0.9409
-0.1854
1.6100
-2.8700
-3.1500
437
484
522
436
437

0.3030
-0.9428
-0.1859
2.3800
-4.3400
-2.2400
436
482
522
436
437

0.3060
-0.9399
-0.1796
4.0600
-2.3800
-4.7600
438
483
521
437
436

0.2967
-0.9404
-0.1791
9.2400
-7.7700
-5.7400
438
484
522
436
437

0.3084
-0.9394
-0.1737
3.7100
-4.4100
-3.2200
438
483
522
436
436

0.3055
-0.9394
-0.1688
0.8400
-3.4300
-3.3600
436
483
522
436
436

0.3070
-0.9453
-0.1708
1.1900
-3.7100
-3.2900
436
482
522
436
436

0.3099
-0.9335
-0.1781
1.8900
-2.5900
-3.5700
437
483
522
437
436

0.3143
-0.9374
-0.1781
0.8400
-3.8500
-2.4500
436
483
522
436
436

0.3074
-0.9384
-0.1742
1.8200
-4.4100
-3.6400
437
483
522
436
436

0.3055
-0.9418
-0.1845
2.3800
-6.2300
-3.7800
437
483
524
436
436

0.3109
-0.9384
-0.1752
2.3100
-4.4800
-2.9400
437
483
522
436
436

0.3128
-0.9409
-0.1791
1.1200
-2.9400
-2.3800
436
484
522
436
438

0.3079
-0.9379
-0.1810
1.1900
-3.6400
-2.8000
436
482
522
436
436

0.2967
-0.9331
-0.1732
1.1200
-4.4100
-3.5000
436
482
522
436
438

0.3050
-0.9384
-0.1830
2.0300
-3.9900
-3.6400
438
483
522
437
437

0.3187
-0.9370
-0.1786
1.7500
-3.8500
-2.9400
436
482
522
438
437

0.3074
-0.9345
-0.1796
1.3300
-2.9400
-3.0800
436
484
522
438
436

0.3113
-0.9335
-0.1801
2.3100
-4.1300
-3.7800
436
482
524
435
436

0.3138
-0.9409
-0.1830
2.9400
-4.0600
-3.2200
436
483
522
436
436

0.3172
-0.9384
-0.1742
1.4000
-3.9200
-2.5200
435
483
522
436
436

0.3182
-0.9370
-0.1801
1.2600
-3.9900
-2.6600
435
482
522
437
437

0.3104
-0.9467
-0.1737
-2.5900
-2.4500
-3.9200
433
483
522
436
436

0.3113
-0.9496
-0.1523
6.1600
-1.0500
-10.9200
425
473
521
436
437

0.3314
-0.9628
-0.1420
22.1200
-0.7000
-24.9200
413
459
522
436
437

0.3235
-0.9589
-0.1371
39.2700
-6.0900
-42.2100
395
442
524
434
434

0.4060
-0.9526
-0.0532
68.6700
-1.4000
-51.7300
372
423
527
425
426

0.4543
-0.8642
-0.0107
76.2300
-0.3500
-49.7000
352
403
527
421
422

0.5675
-0.8198
0.1606
87.3600
-17.4300
-44.7300
334
384
526
413
414

0.6334
-0.7115
0.2152
45.6400
-16.1000
-37.5900
315
360
525
410
411

0.6778
-0.6969
0.2679
46.0600
-11.6900
-29.5400
308
352
525
404
405

0.7379
-0.6373
0.3109
33.7400
-11.4800
-22.4000
304
348
527
399
399

0.7291
-0.5939
0.3182
25.1300
-13.2300
-22.3300
302
345
524
398
397

0.7837
-0.6105
0.3221
15.7500
0.6300
-16.5900
293
340
524
393
392

0.7520
-0.5695
0.3562
2.5900
-15.1200
-0.4900
284
332
524
388
388

0.8096
-0.5324
0.2996
8.6800
1.9600
-11.5500
281
329
523
386
386

0.7774
-0.6281
0.3865
0.4900
-10.7100
-9.0300
276
324
523
382
381

0.8237
-0.5993
0.3514
24.0800
-9.0300
-17.2900
271
322
524
379
379

0.7852
-0.4865
0.3353
33.2500
-2.5200
-7.8400
270
321
523
377
377

0.8135
-0.5051
0.3494
8.6100
-12.0400
4.2000
273
322
523
375
375

0.8081
-0.5246
0.3436
-1.8200
-10.2200
-3.7800
276
325
523
374
373

0.8067
-0.5197
0.3357
-3.4300
-14.1400
5.5300
276
327
525
375
374

0.8076
-0.5270
0.3167
1.4700
-4.3400
-3.0100
276
327
525
374
374

0.8286
-0.5261
0.3309
-2.5200
-0.4900
-3.0800
275
328
523
375
374

0.8062
-0.5266
0.3118
1.2600
-2.3100
-5.1800
274
327
523
373
375

0.8013
-0.5334
0.3055
4.4100
-4.2700
-2.5200
273
327
523
374
374

0.8076
-0.5222
0.3216
3.5000
-4.9700
-5.9500
274
327
523
374
374

0.8037
-0.5207
0.3240
7.2100
-1.7500
1.2600
275
329
524
374
375

0.8042
-0.5319
0.3250
3.9200
-6.7200
1.6100
275
331
523
375
375

0.8023
-0.5314
0.3396
0.0000
-4.2000
2.8000
275
332
522
375
374

0.8037
-0.5251
0.3348
0.2100
-3.1500
0.0700
276
332
522
375
376

0.8067
-0.5290
0.3318
3.2900
-3.7100
-2.4500
279
332
523
373
373

0.8037
-0.5266
0.3416
9.1000
-4.2000
5.0400
281
335
524
373
373

0.7950
-0.5388
0.3509
-1.5400
-3.3600
2.1700
282
335
524
374
374

0.7823
-0.5544
0.3333
-1.5400
-0.2800
-3.7100
281
335
524
373
373

0.7881
-0.5358
0.3372
6.4400
-4.4100
0.0700
281
335
524
372
372

0.7925
-0.5334
0.3655
0.0700
-2.8000
-3.8500
281
336
523
371
370

0.7876
-0.5475
0.3509
-3.3600
-0.5600
-2.9400
280
336
524
371
371

0.7823
-0.5383
0.3523
-4.6900
-1.8200
14.2800
280
339
522
371
372

0.7408
-0.5602
0.3045
-5.3900
-5.6000
-0.4900
281
340
521
372
372

0.7544
-0.6198
0.3396
12.4600
4.1300
-12.0400
280
341
518
373
372

0.7515
-0.5485
0.3562
8.3300
-9.3100
4.9000
287
346
517
375
375

0.7305
-0.5724
0.3353
-6.8600
-16.4500
10.7100
299
367
519
382
382

0.7627
-0.5836
0.3211
0.8400
-9.7300
30.1700
334
409
517
389
389

0.7540
-0.6154
0.3372
-3.9900
-8.1900
28.6300
364
430
517
395
394

0.6949
-0.6403
0.3113
-18.6200
-16.0300
45.9900
383
441
517
398
397

0.6422
-0.7354
0.2913
-19.1100
-14.2800
53.4800
400
455
518
400
400

0.5978
-0.7969
0.2113
-12.1800
-8.8200
34.6500
421
474
520
406
406

0.5119
-0.8579
0.2074
-0.2100
-17.7100
27.7200
436
488
523
414
414

0.5061
-0.8491
0.1801
-15.0500
-7.8400
3.0800
443
494
524
426
426

0.4685
-0.8760
0.1659
10.7100
-2.6600
-11.8300
446
496
527
437
437

0.5002
-0.8882
0.2133
4.2000
-3.7800
-3.4300
449
499
528
443
443

0.5139
-0.8486
0.1923
18.0600
-4.6200
-13.2300
449
499
530
446
446

0.5075
-0.8481
0.2216
12.8800
-4.9000
-3.2200
449
500
529
447
448

0.5095
-0.8447
0.2191
2.9400
-1.0500
-1.7500
451
500
529
448
447

0.4997
-0.8369
0.2372
-1.8900
-5.0400
-0.7700
451
500
529
448
447

0.5036
-0.8457
0.2074
-0.2800
-4.1300
-4.2000
451
500
529
447
446

0.5022
-0.8481
0.2377
2.3800
-7.7700
-4.0600
451
502
529
447
447

0.5095
-0.8394
0.2245
2.2400
-1.9600
-9.1000
452
501
529
446
447

0.5080
-0.8472
0.2108
4.9700
-6.3000
-0.7000
450
500
530
443
443

0.5119
-0.8452
0.2152
0.7700
0.8400
-15.9600
449
502
530
440
441

0.5168
-0.7876
0.2386
6.7900
-7.2100
-20.2300
448
498
529
440
440

0.5466
-0.8013
0.2479
4.8300
8.9600
-28.4200
447
496
529
439
439

0.5812
-0.7901
0.2577
14.3500
18.4800
-46.0600
435
492
529
438
438

0.6071
-0.7554
0.2796
6.7900
0.2100
-37.9400
418
480
527
438
437

0.6198
-0.7056
0.2733
23.5200
0.3500
-29.4000
376
432
524
433
433

0.6852
-0.7120
0.3601
5.2500
9.5200
-19.1800
341
381
524
431
430

0.6974
-0.7076
0.3431
14.0700
3.2900
-24.3600
311
346
524
427
426

0.6978
-0.6359
0.3655
17.9900
-3.6400
-15.6800
292
331
525
423
423

0.7257
-0.6207
0.3894
18.9700
-1.3300
-21.4200
283
326
525
423
421

0.7588
-0.5724
0.4250
26.6700
-4.2000
-24.1500
281
325
525
418
418

0.7647
-0.5309
0.4236
6.7900
-10.6400
-13.2300
280
325
527
412
412

0.7676
-0.4992
0.4250
13.0900
-8.3300
-11.4800
281
328
526
400
401

0.7735
-0.4919
0.4324
0.2100
-10.1500
4.6900
284
330
525
389
390

0.7832
-0.5226
0.4133
2.0300
-7.3500
3.2900
286
334
526
384
384

0.7715
-0.5207
0.4172
-2.1000
-6.7900
2.1000
287
337
526
378
378

0.7671
-0.5314
0.3987
1.1200
-6.3000
-1.4000
289
340
526
376
376

0.7710
-0.5163
0.4016
-2.8000
-7.6300
-2.7300
288
340
526
377
377

0.7774
-0.5290
0.3958
-0.7000
-8.8200
-2.0300
292
341
526
377
376

0.7730
-0.5348
0.3967
1.6800
-5.3200
0.4900
291
341
526
377
377

0.7730
-0.5217
0.3928
0.7700
-5.2500
-6.4400
291
341
526
378
378

0.7720
-0.5363
0.3782
-0.4200
-6.6500
-6.2300
291
341
527
377
376

0.7769
-0.5187
0.3792
3.4300
-8.1200
-5.5300
291
341
526
375
375

0.7813
-0.5236
0.3587
5.1800
-4.6900
-3.0100
292
344
527
375
377

0.7940
-0.5285
0.3572
4.1300
-5.3200
-4.2700
292
343
527
374
375

0.7823
-0.5275
0.3680
6.4400
-6.5800
-2.3100
292
344
526
375
375

0.7818
-0.5309
0.3626
5.8800
-6.0900
-5.1100
292
343
526
375
376

0.7852
-0.5236
0.3601
3.7800
-4.9700
-4.2000
292
344
526
375
376

0.7837
-0.5226
0.3665
4.8300
-3.7100
-5.5300
292
345
527
376
376

0.7925
-0.5153
0.3680
-0.2800
-3.9900
-2.5900
293
345
528
376
376

0.7779
-0.5236
0.3699
-0.9100
-2.6600
-2.1000
292
347
526
376
376

0.7788
-0.5158
0.3645
1.8900
0.2100
-2.8700
296
350
526
377
376

0.7920
-0.5158
0.3792
-0.6300
-2.1700
-2.8700
296
351
527
376
375

0.7920
-0.5075
0.3743
-0.1400
-2.9400
1.8200
296
353
525
377
377

0.7857
-0.5197
0.3821
-0.9800
-4.8300
1.4000
299
358
525
379
379

0.7774
-0.5192
0.3963
2.4500
-1.7500
8.3300
314
382
527
379
381

0.7525
-0.5368
0.3499
9.1700
-3.0100
1.1900
341
418
525
383
383

0.7652
-0.5300
0.3465
5.3200
-7.3500
-4.3400
378
451
525
386
386

0.7540
-0.5529
0.3367
13.0900
-11.3400
-12.4600
396
473
525
386
387

0.7823
-0.5012
0.3714
28.2100
-18.4800
-12.4600
411
492
526
391
392

0.8145
-0.4738
0.3533
5.6000
-8.9600
-8.0500
419
494
526
394
394

0.8067
-0.4841
0.3372
6.3000
-1.0500
-3.8500
426
498
526
398
399

0.8174
-0.4851
0.3938
2.8000
-4.7600
0.2800
430
498
527
402
401

0.7813
-0.4690
0.3836
11.9000
-5.4600
-0.7000
436
499
527
406
407

0.8159
-0.4860
0.3948
5.8100
-3.9200
-7.7000
440
499
528
414
411

0.8076
-0.4719
0.4046
7.4200
-5.1100
-5.2500
444
500
527
418
419

0.8106
-0.4553
0.4163
4.4100
-1.8900
-1.1200
446
500
529
422
423

0.8047
-0.4592
0.4006
7.1400
-5.4600
2.8700
446
501
528
423
423

0.7925
-0.4865
0.4075
3.5000
-4.4100
-3.4300
447
501
529
423
423

0.8145
-0.4675
0.4080
0.4900
-1.0500
-2.7300
447
501
530
424
423

0.7896
-0.4631
0.4041
3.1500
-2.8700
-4.6900
446
501
529
423
423

0.8106
-0.4724
0.4085
2.8000
-5.4600
-1.6100
446
501
529
422
422

0.8135
-0.4670
0.4099
1.0500
-0.7700
-6.3700
445
500
529
420
420

0.8403
-0.4255
0.4363
-4.0600
-1.3300
1.4700
440
499
529
418
418

0.7452
-0.5051
0.3577
11.1300
-4.8300
3.7100
424
493
529
416
416

0.8130
-0.4490
0.3884
3.4300
-5.0400
-0.9100
413
477
530
414
416

0.8154
-0.4675
0.4255
1.7500
-0.8400
-8.0500
401
455
529
412
413

0.7681
-0.4724
0.4216
-0.6300
-8.8200
-3.4300
378
431
528
412
411

0.8154
-0.4382
0.3777
6.5800
-0.3500
-6.0200
346
393
529
409
409

0.7871
-0.4914
0.4026
2.2400
-0.2800
-0.9800
322
362
530
406
406

0.7925
-0.4597
0.3914
2.5900
-6.4400
0.6300
301
340
528
402
402

0.8062
-0.4841
0.4050
-2.8000
0.0700
-2.2400
295
339
528
397
397

0.7969
-0.4826
0.4192
-8.6800
2.2400
-3.9900
291
336
528
395
396

0.7920
-0.4973
0.4202
-5.3200
-3.9900
-2.8700
284
332
527
389
389

0.8008
-0.4626
0.3870
-7.1400
-0.3500
-1.8200
282
332
527
382
383

0.7950
-0.4900
0.3928
-2.1000
-3.4300
-3.3600
283
332
527
380
380

0.7813
-0.5114
0.3948
3.8500
-2.8000
-4.7600
283
335
527
377
376

0.7823
-0.4992
0.4026
-0.0700
-6.2300
-3.1500
283
336
527
377
375

0.7871
-0.5041
0.4075
-3.3600
-3.0800
-3.4300
284
336
527
376
376

0.7896
-0.4963
0.3875
-0.1400
-2.5900
-3.3600
284
337
527
377
377

0.7959
-0.4890
0.4041
-7.1400
-5.1100
0.1400
285
339
527
377
378

0.7808
-0.5168
0.3841
1.8900
-1.8200
-2.5200
288
339
527
378
377

0.7735
-0.5061
0.3894
-0.1400
-2.5200
-1.5400
285
343
527
376
376

0.7862
-0.5178
0.3860
0.5600
-4.9000
-2.8700
288
342
526
376
376

0.7974
-0.5163
0.3831
0.5600
-7.0700
-0.7700
288
344
528
377
375

0.7906
-0.5134
0.3787
2.7300
-4.2700
-3.7100
289
345
527
377
376

0.7954
-0.5197
0.3699
3.2900
-4.9700
-3.2900
289
344
526
377
376

0.7979
-0.5114
0.3748
3.7100
-4.2700
-5.5300
290
346
527
379
378

0.7920
-0.5085
0.3889
0.8400
-3.9900
-4.4100
291
347
527
376
377

0.7930
-0.5129
0.3753
1.3300
-4.2700
-4.2000
290
346
526
377
378

0.7915
-0.5012
0.3899
1.2600
-4.0600
-3.6400
290
348
526
379
378

0.7867
-0.5104
0.3802
1.7500
-4.5500
-3.7100
290
347
526
377
378

0.7945
-0.4987
0.3758
0.7700
-4.4800
-3.9900
291
348
526
378
378

0.7910
-0.5065
0.3753
0.7700
-3.5700
-3.8500
292
347
528
379
380

0.7847
-0.5085
0.3621
2.0300
-4.9700
-3.5000
292
349
526
380
379

0.8032
-0.5061
0.3806
0.6300
-5.8100
-4.9000
292
349
526
380
380

0.8013
-0.5036
0.3733
3.5700
-5.4600
-3.0100
292
350
526
381
380

0.8130
-0.4860
0.3836
-7.1400
-1.1900
5.1100
298
360
527
380
382

0.7891
-0.5178
0.3723
-1.6800
6.7200
-2.9400
311
380
527
382
381

0.7574
-0.5422
0.3762
1.2600
-3.7100
-1.8900
329
399
525
385
383

0.7940
-0.5114
0.3831
-0.0700
1.4000
-1.1900
352
423
527
387
387

0.7764
-0.5446
0.3709
12.9500
-3.1500
3.4300
368
438
525
392
392

0.7696
-0.5036
0.3884
3.9900
-0.2100
1.4700
384
458
525
397
397

0.7544
-0.5373
0.4133
8.9600
-4.8300
-2.4500
393
472
526
401
400

0.7627
-0.5290
0.4314
8.1900
-4.6200
-4.2000
402
484
526
401
402

0.7847
-0.4992
0.4143
3.8500
0.7000
-2.4500
411
491
526
404
406

0.7837
-0.5065
0.4285
5.4600
0.7700
-1.1900
421
495
528
409
408

0.7788
-0.5163
0.4377
-4.1300
-3.2200
-5.3200
431
498
527
414
414

0.7564
-0.5056
0.4455
11.4100
-3.5000
-5.9500
441
500
527
420
420

0.7481
-0.4919
0.4602
4.9700
-4.0600
-3.5700
448
500
530
424
424

0.7642
-0.4880
0.4568
4.9000
-5.1100
-2.2400
449
501
529
425
427

0.7618
-0.4900
0.4470
1.7500
-3.7100
-2.7300
450
502
529
426
425

0.7593
-0.4909
0.4509
-2.3100
-2.8000
-3.0100
451
502
528
428
426

0.7666
-0.4963
0.4480
-2.0300
-3.0100
-3.3600
451
501
528
426
428

0.7706
-0.4968
0.4431
-2.5200
-3.4300
-3.0800
452
501
529
426
427

0.7564
-0.4963
0.4460
1.9600
-8.2600
1.1900
444
501
528
424
425

0.7740
-0.5163
0.4163
4.3400
-3.4300
-11.1300
436
500
528
423
422

0.7540
-0.4856
0.4656
6.7900
-22.9600
-19.4600
413
469
528
418
419

0.7862
-0.4797
0.4368
-2.5900
-2.7300
-12.1800
394
439
529
419
418

0.7637
-0.4470
0.4055
-6.7900
6.2300
-22.5400
362
408
528
418
417

0.7735
-0.4329
0.4168
0.4200
0.9800
-10.3600
325
366
527
417
416

0.8311
-0.3860
0.4343
5.0400
1.2600
-5.8800
301
348
528
414
412

0.8101
-0.4524
0.4348
-6.0200
-3.5000
1.3300
299
344
528
412
413

0.7886
-0.4675
0.4041
1.2600
-1.3300
-5.7400
295
343
528
409
409

0.8081
-0.4543
0.4265
-1.3300
-9.3100
-3.5700
292
342
527
405
405

0.8072
-0.4397
0.4011
-3.2200
-7.1400
-3.3600
291
344
528
399
401

0.8291
-0.4529
0.4168
-1.7500
-9.5200
-3.2900
292
346
528
397
397

0.8203
-0.4412
0.4002
-2.8000
-11.4800
-0.4900
293
348
528
397
396

0.8452
-0.4529
0.3977
2.5200
-9.1000
0.1400
295
348
527
395
396

0.8276
-0.4616
0.3753
3.0800
-7.5600
-1.1200
294
349
527
394
396

0.8262
-0.4538
0.3777
2.0300
-6.5100
-3.2900
295
349
527
395
395

0.8272
-0.4646
0.3816
-1.1900
-5.6700
-1.8900
295
350
527
392
393

0.8115
-0.4670
0.3684
0.9800
-6.9300
-1.8200
294
351
527
392
393

0.8276
-0.4651
0.3733
3.2200
-8.0500
0.9100
296
352
527
392
393

0.8306
-0.4656
0.3621
3.1500
-4.0600
-4.0600
297
353
526
391
391

0.8203
-0.4651
0.3631
1.8900
-5.3900
-2.8000
297
353
526
391
391

0.8247
-0.4631
0.3723
2.1000
-3.8500
-1.8900
296
353
526
392
391

0.8272
-0.4582
0.3601
1.7500
-2.2400
-2.1700
298
355
526
393
392

0.8169
-0.4641
0.3684
-0.1400
-3.6400
-4.4100
297
355
527
392
392

0.8301
-0.4787
0.3489
-0.0700
-3.7800
-6.3700
298
355
526
393
393

0.8359
-0.4524
0.3694
-0.1400
-2.3100
-2.1000
299
355
526
393
393

0.8345
-0.4641
0.3694
-2.7300
-2.3800
-1.7500
299
356
526
393
393

0.8374
-0.4743
0.3572
0.4900
-2.2400
-2.9400
299
356
526
393
393

0.8194
-0.4729
0.3553
-1.3300
-2.9400
-5.3900
300
357
525
394
394

0.8169
-0.4778
0.3626
-5.9500
-2.5200
-13.0900
299
357
525
393
395

0.8481
-0.4553
0.3553
0.1400
-3.0800
-0.5600
300
357
525
395
394

0.8369
-0.4587
0.3719
-5.9500
7.7700
2.8700
306
365
524
396
396

0.8262
-0.4934
0.3582
-9.5900
-1.8200
6.0900
322
385
523
398
398

0.7964
-0.4895
0.3621
-3.0100
5.9500
2.1700
351
418
524
402
402

0.8052
-0.5114
0.3445
-3.7100
7.3500
3.5700
379
440
523
407
407

0.7979
-0.5226
0.3636
0.4200
8.8200
0.3500
397
460
524
412
413

0.7984
-0.5217
0.3928
0.2800
18.9700
-7.0700
413
472
525
420
420

0.8047
-0.5046
0.4348
-5.0400
3.0100
-4.6200
424
483
526
428
428

0.7447
-0.5236
0.4216
0.3500
2.8700
-2.3800
432
489
527
432
434

0.7613
-0.5158
0.4231
2.9400
0.0700
2.8000
439
495
528
435
435

0.7452
-0.5231
0.4046
3.4300
2.1000
-3.1500
445
498
528
437
437

0.7344
-0.5226
0.4494
8.4000
-1.7500
-7.2800
448
501
529
440
439

0.7447
-0.5012
0.4573
11.6200
1.2600
-6.5800
449
500
530
441
442

0.7613
-0.4948
0.4738
4.1300
-1.6800
-2.1700
451
501
530
442
444

0.7393
-0.5007
0.4577
7.2100
-1.5400
-5.4600
451
501
532
442
443

0.7462
-0.4924
0.4753
4.7600
-3.9900
-2.7300
451
501
530
444
443

0.7544
-0.4865
0.4724
6.0200
-3.5000
-4.6200
451
503
530
443
443

0.7486
-0.4826
0.4719
3.2200
-6.3000
-2.8700
452
502
531
443
443

0.7574
-0.4851
0.4778
7.9100
-7.7700
-8.7500
453
502
530
442
442

0.7940
-0.5002
0.5017
2.1700
-3.8500
-4.4100
451
496
530
439
439

0.7325
-0.4738
0.4890
10.2900
-14.8400
-3.4300
448
482
530
436
435

0.7481
-0.4831
0.4821
-16.3100
-14.4900
-13.9300
440
473
530
434
435

0.7867
-0.4738
0.4387
-6.0900
-13.0200
-18.0600
428
461
529
431
430

0.7837
-0.4895
0.4353
-0.5600
-13.8600
-8.6100
417
446
530
426
426

0.7935
-0.4982
0.4211
-6.3700
-3.9900
-3.2900
403
426
530
422
422

0.7749
-0.4865
0.4358
-0.0700
-1.4700
-6.2300
381
399
528
417
417

0.7964
-0.4534
0.4226
5.3900
-6.0200
-5.6700
361
382
528
413
412

0.8140
-0.4602
0.3738
4.6200
-4.5500
-5.2500
347
366
527
408
407

0.7901
-0.4402
0.3987
2.4500
-10.5700
-3.1500
333
356
526
405
404

0.8189
-0.4587
0.4016
3.1500
-10.2900
-5.1100
322
344
526
399
399

0.8096
-0.4568
0.3758
4.2000
-4.8300
-5.9500
313
331
526
394
394

0.8218
-0.4319
0.4163
-3.0100
-1.5400
-2.3100
307
327
526
390
390

0.8218
-0.4421
0.4080
-0.3500
-5.9500
-2.3800
305
325
526
388
386

0.8023
-0.4612
0.3919
2.0300
-10.9200
-7.2800
307
328
525
384
384

0.8325
-0.4207
0.4099
3.5000
-8.1900
-3.6400
307
329
526
381
381

0.8481
-0.4465
0.3928
5.2500
-2.5900
-2.5900
306
330
526
379
377

0.8477
-0.4265
0.4094
-5.3200
-5.3200
-1.2600
309
332
526
378
378

0.8301
-0.4475
0.4002
-1.0500
-6.8600
-5.6000
309
335
526
379
378

0.8242
-0.4494
0.3841
-1.8900
-6.8600
-3.2900
309
337
526
377
379

0.8286
-0.4299
0.3826
1.5400
-4.4800
-3.9200
309
337
527
377
377

0.8350
-0.4416
0.3841
-1.9600
-3.6400
-4.3400
309
338
527
377
377

0.8335
-0.4387
0.3816
-0.1400
-7.9800
1.3300
310
340
527
376
378

0.8306
-0.4392
0.3748
2.8000
-5.0400
-3.8500
311
340
526
376
377

0.8384
-0.4543
0.3733
3.3600
-4.9700
-4.1300
312
343
526
379
377

0.8379
-0.4358
0.3680
2.8000
-4.0600
-4.7600
312
343
526
377
378

0.8237
-0.4529
0.3626
4.4800
-4.1300
-2.9400
312
344
527
378
377

0.8262
-0.4377
0.3782
5.3200
-3.5000
-6.6500
313
344
527
380
380

0.8477
-0.4226
0.3748
-1.4000
-3.8500
-4.7600
314
345
526
378
378

0.8501
-0.4358
0.3704
1.8900
-2.2400
-4.1300
313
344
526
379
378

0.8316
-0.4280
0.3826
4.9700
-2.9400
-1.7500
314
347
527
379
378

0.8320
-0.4372
0.3753
-2.8700
-4.4100
-1.6100
314
347
527
379
379

0.8433
-0.4465
0.3626
0.0000
-3.5700
-3.5700
314
347
526
380
380

0.8447
-0.4421
0.3738
3.4300
-3.7100
-5.4600
314
348
526
379
379

0.8428
-0.4294
0.3753
5.0400
-4.3400
-3.7800
313
348
526
379
379

0.8218
-0.4338
0.3670
4.3400
-4.4800
-4.8300
315
347
526
378
378

0.8506
-0.4280
0.3723
5.5300
-4.3400
-4.2700
313
347
526
380
380

0.8457
-0.4221
0.3850
-0.1400
1.8900
-9.6600
312
346
526
379
378

0.8491
-0.4431
0.3665
4.2000
-3.2200
-2.7300
311
349
526
378
378

0.8520
-0.4182
0.3958
0.2800
-3.5700
-4.0600
312
350
526
379
379

0.8569
-0.4192
0.3792
4.2000
-3.9200
-3.7800
313
350
525
379
379

0.8423
-0.3977
0.4534
-0.3500
-6.9300
-2.8700
310
349
526
379
379

0.8525
-0.4197
0.3758
6.0900
-2.5200
-6.1600
309
351
526
379
379

0.8447
-0.4011
0.3963
0.9100
-3.5700
-1.1900
309
350
526
379
378

0.8428
-0.4172
0.3597
1.3300
-5.8100
-2.7300
312
351
527
379
379

0.8657
-0.4172
0.3826
1.4000
-7.4200
-0.9800
315
354
526
380
380

0.8520
-0.4046
0.3919
0.8400
-1.6100
-0.8400
320
359
526
382
383

0.8511
-0.4094
0.3875
-1.2600
0.0700
-2.5900
329
374
527
384
385

0.8203
-0.4255
0.3880
0.9800
-4.3400
-7.2800
338
397
526
388
389

0.8423
-0.4065
0.4319
5.4600
-3.7800
8.6100
367
432
527
393
393

0.8228
-0.4377
0.3958
14.0000
-6.1600
0.9800
385
452
527
396
396

0.8325
-0.4319
0.4207
5.2500
-5.1800
7.7000
398
463
526
397
399

0.8223
-0.4314
0.4133
-3.0800
-2.3800
12.8100
414
474
526
400
399

0.8208
-0.4353
0.3880
-3.0100
0.8400
30.4500
421
483
526
407
407

0.7579
-0.5085
0.3572
-15.3300
-17.9900
60.7600
428
488
527
418
416

0.7505
-0.5661
0.3484
-15.1200
-12.5300
23.4500
428
492
528
424
423

0.6969
-0.6281
0.3479
-1.8900
-4.3400
19.1800
431
496
530
430
430

0.6622
-0.6822
0.3255
-18.8300
-29.4700
81.3400
435
498
530
438
437

0.6188
-0.7989
0.2420
-46.5500
-74.7600
148.1900
437
498
529
440
441

0.5266
-0.8945
0.1244
-24.9900
-52.7100
116.6200
437
498
531
442
441

0.3240
-0.9345
0.1401
-8.1200
-4.3400
62.5800
438
498
529
442
442

0.1142
-0.9223
0.0986
-15.6800
-1.4000
53.5500
438
498
529
442
442

-0.0112
-0.9999
0.0425
-7.3500
0.5600
14.3500
438
498
529
442
444

-0.0239
-1.0009
0.0522
-3.3600
0.7700
-17.9900
438
499
528
443
441

0.0600
-1.0043
0.0473
0.9800
0.2800
-19.3200
438
498
530
441
441

0.0917
-0.9970
0.0322
2.6600
-0.6300
-11.2000
438
498
529
441
441

0.0956
-1.0150
0.0449
-5.4600
5.5300
-13.8600
438
498
529
440
439

0.1005
-1.0063
0.0229
5.9500
-0.4900
-12.6700
437
498
528
438
438

0.1240
-0.9897
0.0366
5.6000
-1.3300
-5.4600
437
498
529
436
436

0.1484
-0.9882
0.0508
0.8400
1.4700
-14.1400
438
496
530
435
435

0.1420
-0.9906
0.0151
4.3400
1.0500
-19.4600
434
495
527
431
432

0.1557
-0.9872
0.0449
-2.9400
4.1300
-16.7300
434
494
527
429
429

0.1967
-0.9623
0.0473
-1.7500
-5.1800
-4.2000
431
492
527
427
426

0.2128
-0.9667
0.0346
-7.5600
-1.3300
-3.4300
430
492
527
426
425

0.2015
-0.9833
0.0649
-1.3300
1.1200
-2.3100
430
491
527
425
426

0.1850
-0.9872
0.0307
-1.4000
-1.4700
-0.7000
430
492
526
424
424

0.1601
-0.9862
0.0483
3.0100
-3.7800
-3.3600
429
491
526
423
424

0.1806
-0.9911
0.0473
5.5300
-5.1100
-3.2200
430
491
526
424
422

0.1898
-0.9853
0.0400
6.4400
-1.6800
-6.3000
430
491
525
422
422

0.2059
-0.9770
0.0493
2.5200
2.4500
-4.7600
428
490
526
422
422

0.1996
-0.9672
0.0488
1.4700
-4.3400
-3.2200
428
490
527
421
422

0.2059
-0.9814
0.0444
2.1000
-4.9000
-2.1700
428
491
525
421
422