0.0425
-0.9609
-0.2377
2.6600
-3.7800
-1.4000
427
469
513
426
426

0.0395
-0.9760
-0.2157
3.9900
-10.2200
-1.9600
428
469
512
425
426

0.0093
-0.9682
-0.2259
4.6900
-5.2500
-6.1600
428
469
511
425
425

0.0649
-0.9809
-0.1815
2.5900
-7.2100
-2.5200
428
468
511
426
426

0.0293
-0.9775
-0.2220
2.8000
-1.1900
-3.0800
428
467
511
426
426

0.0483
-0.9682
-0.2059
-2.9400
-4.7600
-2.8700
429
468
511
425
426

0.0390
-0.9789
-0.2264
5.8100
-0.4900
-0.9100
428
468
512
427
426

0.0420
-0.9819
-0.2113
0.7700
-5.9500
-3.3600
428
469
510
425
427

0.0332
-0.9745
-0.1996
1.4000
-3.9200
-3.5700
429
468
510
425
426

0.0420
-0.9775
-0.2255
1.4000
-4.3400
-4.2700
428
468
510
426
426

0.0488
-0.9701
-0.1981
2.8000
-3.2200
-3.8500
428
468
510
426
426

0.0405
-0.9828
-0.2084
1.8200
-2.7300
-4.2700
426
466
512
427
427

0.0498
-0.9721
-0.2201
1.8900
-4.2700
-3.0800
427
467
509
426
427

0.0410
-0.9755
-0.2172
3.7100
-4.7600
-3.2200
428
467
510
424
426

0.0366
-0.9809
-0.2074
3.7100
-5.2500
-4.9700
428
467
510
426
425

0.0590
-0.9804
-0.1874
2.5900
-4.8300
-1.1900
426
467
509
426
426

0.0322
-0.9765
-0.1996
-0.0700
-3.2200
-3.3600
427
467
510
426
426

0.0434
-0.9643
-0.2074
0.2800
-3.5000
-3.6400
427
467
510
427
426

0.0381
-0.9804
-0.2152
0.9100
-4.2700
-4.6900
429
467
509
426
425

0.0615
-0.9833
-0.1967
1.7500
3.4300
-0.4900
427
467
510
426
426

0.0322
-0.9838
-0.2152
-0.1400
-1.4700
-4.2000
427
467
510
425
426

0.0517
-0.9692
-0.2216
0.5600
-3.9200
-4.4100
427
466
510
426
426

0.0488
-0.9667
-0.2201
3.4300
-4.2700
-5.5300
427
466
510
426
426

0.0634
-0.9784
-0.2079
3.9200
-3.0800
-4.1300
429
466
510
426
426

0.0644
-0.9843
-0.1972
0.7700
-3.1500
-4.2000
426
466
510
426
426

0.0586
-0.9658
-0.2069
0.7700
-2.5900
-4.2700
427
466
509
426
426

0.0630
-0.9823
-0.2108
0.7700
-2.1700
-4.3400
427
466
511
426
426

0.0717
-0.9799
-0.2128
0.8400
-4.4100
-3.9200
427
467
510
426
426

0.0712
-0.9770
-0.2157
1.5400
-2.5900
-2.8700
427
466
510
425
428

0.0678
-0.9755
-0.2181
1.3300
-3.7800
-3.0800
427
466
509
426
426

0.0542
-0.9623
-0.2216
3.1500
-3.9900
-4.3400
428
466
510
426
426

0.0786
-0.9823
-0.2040
2.7300
-5.1800
-3.1500
427
467
511
426
427

0.0698
-0.9804
-0.2001
-0.1400
-5.6700
-2.6600
427
465
509
425
426

0.0630
-0.9594
-0.2216
-0.4200
-3.5000
-3.2200
427
466
509
426
426

0.0727
-0.9731
-0.2313
4.5500
-4.9000
-3.5000
426
465
509
425
426

0.0766
-0.9760
-0.2094
3.5000
-4.3400
-2.4500
427
465
509
426
426

0.0600
-0.9819
-0.1991
1.6800
-4.2000
-3.2900
427
466
509
426
426

0.0756
-0.9750
-0.2128
-1.4000
-2.6600
-3.3600
427
465
508
426
424

0.0825
-0.9716
-0.2323
1.3300
-3.1500
-1.8900
427
466
509
426
425

0.0649
-0.9716
-0.2235
1.4700
-3.1500
-3.2900
427
466
508
424
424

0.0630
-0.9750
-0.2259
0.7700
-5.1800
-4.0600
427
464
508
423
423

0.0747
-0.9721
-0.2162
-0.9100
-4.9700
-2.1700
427
463
506
423
423

0.0732
-0.9677
-0.2211
-2.1700
-5.6700
-0.3500
426
463
503
424
423

0.0532
-0.9570
-0.2318
-5.1800
-3.0800
-1.4700
427
463
502
424
425

0.0678
-0.9633
-0.2406
-1.7500
-0.0700
-1.5400
427
462
500
425
425

0.0673
-0.9711
-0.2420
-1.9600
-3.6400
-1.8200
426
460
497
420
420

0.0488
-0.9697
-0.2625
-10.5700
-6.7200
-4.7600
427
456
489
410
410

0.0693
-0.9292
-0.3167
-17.7800
-8.0500
-3.4300
426
434
438
381
381

0.0571
-0.9379
-0.3192
-16.4500
-7.7000
-5.1800
424
398
383
354
354

0.0756
-0.9194
-0.3431
-14.4200
-0.6300
-2.8700
423
354
337
317
317

0.0527
-0.9077
-0.3445
-22.6100
-7.1400
-12.1100
423
334
307
289
288

0.1235
-0.8989
-0.3792
-32.9000
1.8200
10.4300
419
327
301
268
268

0.0327
-0.9282
-0.4509
-34.6500
-14.0000
-9.3800
412
325
304
254
254

0.0576
-0.8701
-0.4987
-8.0500
-3.8500
-0.0700
407
325
305
246
247

0.0664
-0.8594
-0.5090
9.7300
4.6200
4.1300
404
324
305
244
244

0.0259
-0.8657
-0.4704
10.5000
-0.7000
-4.6200
404
324
305
244
245

0.0878
-0.8955
-0.4778
13.1600
17.0100
13.5800
402
318
303
243
243

0.0063
-0.8784
-0.4524
4.1300
9.1000
2.1000
403
320
302
245
245

0.0127
-0.8906
-0.4480
3.9200
1.4700
-2.8700
403
320
303
242
241

0.0488
-0.8882
-0.4416
-5.6700
0.8400
0.6300
405
320
302
239
239

0.0112
-0.8896
-0.4563
-4.2000
0.5600
-0.2100
406
320
300
240
240

0.0215
-0.8838
-0.4548
-1.4700
-4.3400
-5.0400
404
320
301
242
242

0.0332
-0.8901
-0.4714
1.2600
-3.9200
-1.9600
403
320
302
242
241

0.0298
-0.8769
-0.4514
-0.4200
-4.6200
-1.8200
396
321
304
242
242

0.0264
-0.8818
-0.4690
7.0700
-3.5000
-3.7800
393
320
303
243
244

0.0342
-0.8808
-0.4534
2.3800
-5.3900
-2.3800
391
321
304
243
244

0.0268
-0.8896
-0.4509
2.3800
-3.7100
-2.5900
392
319
306
244
245

0.0254
-0.8896
-0.4602
2.1000
-8.1900
-7.2800
397
322
307
247
247

0.0322
-0.8857
-0.4499
2.1000
-7.9100
-4.3400
401
324
308
249
249

0.0317
-0.8857
-0.4553
1.5400
-5.1100
-2.5200
405
325
310
250
249

0.0234
-0.8916
-0.4529
1.4700
-2.8700
-4.1300
407
325
309
250
250

0.0322
-0.8706
-0.4490
-19.1100
-2.3100
-16.0300
405
330
318
257
259

0.0405
-0.8882
-0.4680
0.4900
-28.1400
-28.0000
405
342
333
271
271

0.0908
-0.8501
-0.4807
15.1200
-42.4200
-24.3600
415
378
383
308
308

0.0634
-0.8745
-0.4631
-0.3500
-24.2200
-5.7400
420
416
448
361
361

0.0322
-0.8891
-0.4436
25.3400
-5.5300
-1.1200
425
446
490
396
396

0.0615
-0.9374
-0.3958
16.3100
4.5500
5.6000
430
470
511
421
422

0.0400
-0.9379
-0.3894
4.9000
7.4200
11.1300
432
480
519
439
440

0.0073
-0.9292
-0.3694
8.1900
-1.8200
0.9800
434
487
523
448
448

0.0434
-0.9296
-0.3494
2.2400
-6.9300
-1.7500
434
490
527
453
453

0.0059
-0.9389
-0.3894
8.4000
-7.5600
-2.7300
436
494
527
460
460

-0.0083
-0.9111
-0.3714
13.6500
-5.3900
-5.8100
437
495
530
463
463

0.0122
-0.9365
-0.3465
1.6800
-7.4200
-6.8600
437
495
529
464
465

0.0112
-0.9340
-0.3489
-0.2100
-7.8400
-7.8400
437
496
530
464
464

0.0224
-0.9301
-0.3587
-5.6700
-9.2400
-7.4200
437
495
529
463
462

0.0112
-0.9121
-0.3714
-15.1900
-5.4600
-5.7400
437
494
528
461
461

0.0093
-0.9409
-0.3680
-15.0500
2.7300
-6.6500
436
488
528
460
460

0.0161
-0.9101
-0.4148
-19.2500
-11.2700
-8.4700
434
473
510
455
457

0.0503
-0.8867
-0.4582
-10.1500
6.9300
1.1200
432
451
476
451
451

0.0625
-0.8896
-0.4534
-20.0200
4.0600
-4.9000
429
431
440
437
438

0.0512
-0.8955
-0.4773
-9.1700
7.0700
-2.5200
424
409
396
407
408

0.0517
-0.8696
-0.4943
-9.1000
13.6500
1.9600
420
385
355
370
369

0.0522
-0.8233
-0.4914
-7.0000
0.2800
-0.5600
415
354
319
333
333

0.0595
-0.8545
-0.5002
3.1500
-3.0800
-5.6000
410
333
298
311
312

0.0761
-0.8418
-0.4699
1.0500
-7.9100
-4.9000
401
318
282
296
296

0.0630
-0.8789
-0.4631
7.1400
-11.6200
-8.4700
391
309
274
284
285

0.0805
-0.8784
-0.4646
3.7100
-4.6900
-4.5500
383
303
271
275
274

0.0669
-0.8828
-0.4602
2.9400
-6.3700
-1.8900
378
301
271
268
269

0.0600
-0.8691
-0.4660
0.3500
-4.2700
1.8200
370
298
268
263
265

0.0449
-0.8642
-0.4699
0.7700
-9.9400
-7.0700
367
296
269
263
262

0.0717
-0.8677
-0.4607
-3.2900
-12.1100
-6.8600
362
294
268
260
261

0.0669
-0.8745
-0.4704
-4.4800
-14.4200
-7.4900
358
293
269
262
262

0.0747
-0.8774
-0.5026
3.1500
-14.2100
-9.0300
348
291
267
262
262

0.0522
-0.8784
-0.4519
-6.3000
-15.6100
-12.6700
332
285
266
263
262

0.0830
-0.8882
-0.4895
-10.9200
-19.3200
-14.6300
335
287
268
265
265

0.0483
-0.8286
-0.5270
-15.6800
-18.4100
-15.8200
339
288
267
267
267

0.0615
-0.8447
-0.5490
1.9600
-12.0400
-12.8100
358
292
272
268
268

0.0795
-0.8345
-0.5329
-3.3600
-17.0800
-7.2800
378
296
277
267
268

0.0273
-0.8403
-0.5344
-7.1400
-11.5500
-6.4400
399
299
278
265
267

0.0625
-0.8276
-0.5490
0.7700
-7.7700
-1.6100
413
304
281
266
266

0.0166
-0.8442
-0.5309
4.9000
-11.1300
-2.5200
424
309
286
265
264

0.0561
-0.8462
-0.5173
4.4800
-8.5400
-2.6600
429
309
289
265
265

0.0386
-0.8403
-0.5270
-0.1400
-4.9000
-4.1300
430
311
290
265
264

0.0381
-0.8516
-0.5500
5.9500
-8.1900
-3.2200
431
312
290
264
264

0.0346
-0.8545
-0.5339
6.7200
-4.5500
-3.8500
431
313
291
264
265

0.0327
-0.8628
-0.5153
6.3000
-12.8800
-7.6300
430
313
291
264
265

0.0527
-0.8462
-0.5383
-3.5700
-6.3700
-3.9200
428
314
289
264
265

0.0669
-0.8194
-0.5475
0.3500
0.6300
-0.8400
430
313
291
264
264

0.0464
-0.8413
-0.5329
2.5900
-5.8800
-3.9200
430
316
292
265
265

0.0551
-0.8491
-0.5363
1.0500
-4.0600
-2.8000
431
317
293
265
265

0.0532
-0.8316
-0.5461
4.2000
-6.5100
-2.5200
431
319
295
266
265

0.0605
-0.8169
-0.5231
-6.5800
-1.1200
2.5200
425
324
300
271
271

0.0439
-0.7886
-0.5456
-5.6000
30.9400
8.4700
418
333
318
291
289

0.0356
-0.8296
-0.5573
11.1300
10.5700
-0.3500
419
355
343
316
317

0.0468
-0.8384
-0.5309
5.6000
9.8000
9.8700
424
391
405
361
361

0.0673
-0.8535
-0.5041
22.8900
7.1400
6.7900
427
429
481
409
408

0.0386
-0.8623
-0.4778
2.3100
-3.6400
7.0000
432
459
513
432
432

0.0200
-0.8930
-0.4748
-0.3500
-8.1900
-0.4200
434
480
525
451
451

0.0371
-0.9013
-0.4934
6.5100
-1.7500
-0.0700
436
490
527
460
460

-0.0024
-0.8764
-0.4831
10.5000
-10.0100
-9.9400
438
493
528
463
463

0.0288
-0.8838
-0.4807
2.8000
-7.9100
-5.3900
441
495
529
465
465

0.0229
-0.8838
-0.4612
1.6100
-7.8400
-4.9700
440
497
530
465
467

0.0181
-0.8696
-0.4738
-0.8400
-7.0700
-6.0200
440
497
530
465
465

0.0122
-0.8608
-0.4699
-2.1700
-7.6300
-10.0100
442
496
529
463
463

0.0195
-0.8794
-0.4636
-13.5100
-15.3300
-16.8700
439
493
527
459
458

0.0483
-0.8545
-0.4968
-24.5000
2.1000
-6.6500
441
472
509
451
451

0.0449
-0.8535
-0.5231
-7.3500
0.9800
-1.8900
441
417
466
442
441

0.0547
-0.8442
-0.5231
-6.6500
-1.7500
-3.7800
440
376
398
424
423

0.0278
-0.8501
-0.5519
-1.7500
-6.1600
-5.7400
440
356
354
390
390

0.0454
-0.8379
-0.5739
3.3600
-10.6400
-7.4900
439
338
325
357
355

0.0234
-0.8628
-0.5549
8.3300
-11.6900
-8.6800
438
323
301
330
329

0.0508
-0.8198
-0.5744
-3.3600
-6.3700
-2.6600
431
305
284
309
309

0.0342
-0.8023
-0.5807
-4.4800
-4.5500
0.7000
424
299
277
294
294

0.0595
-0.7735
-0.5763
-17.5700
-4.5500
-1.7500
419
299
271
278
278

0.0405
-0.7847
-0.5856
-19.8100
-5.3200
-6.1600
420
303
270
268
267

0.0434
-0.7915
-0.6212
-2.2400
-8.4700
-12.3900
417
304
272
266
266

0.0298
-0.7974
-0.6232
-4.2000
-6.7900
-4.9700
417
306
274
265
265

0.0434
-0.7676
-0.6232
-1.6100
-6.7900
-3.8500
416
307
275
266
268

0.0386
-0.7637
-0.6344
-0.0700
-5.1800
-6.1600
413
309
277
268
268

0.0586
-0.7779
-0.6368
0.9800
-1.4000
-4.9000
410
309
279
268
268

0.0366
-0.7496
-0.6149
-1.4700
-3.9200
-7.0700
406
308
280
271
270

0.0508
-0.7774
-0.6446
9.3100
-4.5500
-1.0500
401
307
280
269
271

0.0503
-0.7745
-0.6310
7.5600
-2.3800
0.2800
400
307
282
271
272

0.0244
-0.7862
-0.6290
-1.6100
-1.9600
-1.8200
399
308
281
273
273

0.0537
-0.7554
-0.6593
-0.8400
2.3800
2.0300
404
310
283
275
274

0.0566
-0.7413
-0.6495
-0.9100
4.7600
3.5000
405
311
283
276
276

0.0425
-0.7618
-0.6412
1.9600
0.2800
-0.0700
408
313
286
277
276

0.0576
-0.7398
-0.6495
5.2500
2.5200
3.9900
410
312
287
277
277

0.0459
-0.7525
-0.6368
1.2600
-0.7700
-2.2400
410
312
288
278
278

0.0625
-0.7510
-0.6329
0.5600
-6.0900
-5.5300
411
313
286
279
279

0.0605
-0.7618
-0.6305
3.5000
-6.3700
-2.4500
411
314
288
279
280

0.0293
-0.7671
-0.6261
11.9700
-16.5200
-3.2200
415
320
297
293
291

0.0112
-0.7886
-0.6095
23.8700
-3.1500
-11.6200
426
354
340
327
327

0.0961
-0.7920
-0.6095
31.9200
-0.1400
-1.9600
429
408
439
372
373

0.0752
-0.8618
-0.5212
22.8900
2.5900
0.8400
432
452
502
407
407

0.0351
-0.8584
-0.5114
18.9000
0.0000
1.2600
435
477
520
429
429

0.0483
-0.8589
-0.3860
12.3900
-2.1000
-0.4200
437
488
526
443
442

0.0395
-0.8774
-0.5017
7.3500
-0.9800
-0.5600
438
493
528
452
453

0.0244
-0.8452
-0.4836
9.5200
-2.5900
-3.9900
440
495
530
457
457

0.0337
-0.8594
-0.4724
-2.9400
-6.2300
-5.1100
441
497
529
459
461

0.0566
-0.8735
-0.4880
1.0500
-6.9300
-3.7100
442
498
530
460
460

0.0503
-0.8642
-0.4773
4.9000
-7.1400
-5.8100
441
498
529
462
462

0.0532
-0.8808
-0.4817
4.4100
-5.1800
-4.9700
441
499
530
463
463

0.0483
-0.8804
-0.4807
3.5700
-6.6500
-4.0600
442
499
530
462
462

0.0532
-0.8896
-0.4690
3.6400
-4.9700
-4.4100
441
498
531
462
462

0.0561
-0.8682
-0.4846
4.8300
-5.0400
-3.1500
442
499
530
462
462

0.0439
-0.8696
-0.4568
0.9100
-4.4100
-3.9200
441
499
530
462
462

0.0625
-0.8896
-0.4651
-0.0700
-3.3600
-6.1600
442
499
530
461
460

0.0620
-0.8696
-0.4641
-2.8000
-6.3000
-6.1600
441
499
530
457
457

0.0405
-0.8667
-0.4602
-20.3000
-7.3500
-7.7000
442
497
525
447
447

0.0791
-0.8394
-0.5578
-17.1500
10.2900
2.8700
441
491
492
438
437

0.0288
-0.8623
-0.5202
2.8000
1.1900
-5.4600
440
469
463
425
425

0.0556
-0.8560
-0.5061
-2.3800
-2.4500
-3.0800
441
433
415
399
399

0.0444
-0.8506
-0.5022
5.0400
-4.2000
-1.9600
439
395
369
366
366

0.0664
-0.8496
-0.5197
1.0500
-7.2800
-7.6300
439
371
343
338
337

0.0771
-0.8072
-0.5144
-4.9700
-3.0800
-6.8600
439
353
321
306
307

0.0795
-0.8477
-0.5236
-2.1700
-12.6700
-8.8900
437
336
305
284
286

0.1025
-0.8350
-0.5305
-1.8200
-14.0000
-10.9200
436
330
299
268
267

0.0761
-0.8574
-0.5295
7.4900
-14.8400
-7.3500
434
327
296
262
260

0.0976
-0.8213
-0.5300
-4.2700
-7.6300
-5.3200
429
325
294
259
259

0.0996
-0.8311
-0.5358
-4.5500
-11.2000
-9.0300
427
324
295
257
257

0.0776
-0.7984
-0.5500
-12.0400
-5.5300
-2.7300
427
325
299
259
260

0.1015
-0.8223
-0.5588
-3.9900
2.3800
-1.5400
426
325
302
262
262

0.0878
-0.8272
-0.5661
-16.1700
-5.5300
-0.7700
427
325
303
262
262

0.0834
-0.8159
-0.5583
-0.1400
-7.5600
-1.0500
428
326
303
262
264

0.0791
-0.8042
-0.5636
1.0500
-1.4000
-1.1200
429
327
305
265
265

0.0898
-0.8164
-0.5680
-0.2800
-5.6000
-6.5100
429
327
305
267
266

0.0893
-0.8091
-0.5680
-3.7100
-5.1800
-3.1500
430
328
307
266
265

0.0825
-0.7945
-0.5714
0.7700
-2.4500
-2.7300
427
328
308
264
265

0.1005
-0.8237
-0.5705
0.2100
-0.7700
-4.0600
426
328
308
267
266

0.0864
-0.8003
-0.5895
3.8500
-7.0700
-3.3600
425
328
310
267
266

0.0742
-0.8203
-0.5710
5.6700
-5.6000
-5.6700
424
329
310
268
267

0.0795
-0.8272
-0.5749
4.5500
-6.1600
-3.9200
423
329
311
267
267

0.0844
-0.8228
-0.5763
3.9900
-6.0900
-2.9400
424
329
312
268
269

0.0620
-0.8184
-0.5739
7.9100
-6.7200
-4.6200
424
329
312
269
267

0.0717
-0.8237
-0.5607
8.4700
-4.9700
-4.2700
425
330
313
268
269

0.0913
-0.8247
-0.5627
4.4100
-6.3000
-2.9400
425
331
313
267
269

0.0805
-0.8086
-0.5558
-1.5400
-10.9200
-2.0300
427
335
318
273
273

0.0532
-0.8228
-0.5588
3.7100
-10.0100
-8.3300
427
343
329
288
288

0.1122
-0.8389
-0.5641
15.8200
-3.1500
-4.0600
432
376
377
328
326

0.1025
-0.8516
-0.5314
17.8500
-4.2700
0.3500
434
412
441
375
375

0.0854
-0.8862
-0.4904
10.0100
9.7300
3.0100
435
449
489
409
406

0.0703
-0.8867
-0.3714
16.8700
2.4500
1.2600
436
473
514
426
426

0.0732
-0.8799
-0.4758
2.6600
7.4200
1.4000
438
486
523
441
441

0.0791
-0.8940
-0.4509
3.5000
-5.3900
-4.5500
437
491
527
456
454

0.0698
-0.8926
-0.4812
5.1800
-3.3600
-2.8000
440
493
529
460
461

0.0654
-0.8789
-0.4782
9.9400
-3.7800
-4.3400
439
495
529
462
463

0.0747
-0.8867
-0.4597
4.9000
-4.4100
-4.6900
440
497
530
464
464

0.0717
-0.8882
-0.4626
-1.5400
-1.1900
-3.8500
440
496
530
464
465

0.0669
-0.8711
-0.4641
-0.4200
-2.0300
-4.6200
440
496
530
463
464

0.0927
-0.8916
-0.4680
6.0200
-0.3500
-2.3800
440
497
530
463
463

0.0688
-0.8735
-0.4368
2.1700
-5.0400
-3.6400
441
496
530
464
464

0.0678
-0.8882
-0.4621
1.9600
-3.7800
-5.9500
440
497
530
463
464

0.0869
-0.8896
-0.4631
5.4600
-5.6000
-4.1300
440
496
530
464
462

0.0761
-0.8794
-0.4309
-7.2800
-1.9600
-3.2900
440
495
530
460
461

0.0888
-0.8706
-0.4597
-16.7300
-1.4700
-3.3600
439
493
528
459
459

0.0834
-0.8325
-0.4651
-13.3000
-5.7400
-5.8100
439
490
526
455
455

0.0859
-0.8438
-0.4821
-33.9500
-10.4300
-8.1900
439
483
516
449
449

0.1020
-0.8374
-0.5534
-12.6700
-0.9100
-1.1900
439
478
504
440
440

0.0874
-0.8350
-0.5675
-1.8200
-2.7300
-4.6200
440
471
491
432
432

0.0781
-0.8164
-0.5461
-15.8900
-1.4700
-3.8500
439
461
452
420
422

0.1191
-0.8662
-0.5339
-6.2300
6.5100
-3.9200
441
451
431
412
413

0.1635
-0.7637
-0.5636
-15.6100
5.0400
-0.9800
438
436
408
390
390

0.1235
-0.7867
-0.6134
-12.0400
3.6400
-2.5200
438
408
383
353
353

0.0952
-0.8223
-0.6188
-4.9000
-9.4500
-11.6900
437
391
363
327
327

0.1025
-0.8194
-0.6637
11.9000
-21.2800
-18.3400
436
375
347
308
309

0.1171
-0.7354
-0.6754
-10.3600
1.3300
-1.7500
435
362
337
291
293

0.1157
-0.7291
-0.6817
-11.4800
2.9400
5.1800
433
352
328
276
277

0.1196
-0.6900
-0.7242
-19.3200
4.5500
7.8400
431
343
320
263
263

0.0869
-0.7037
-0.6837
-7.9100
-12.1800
-4.6900
428
342
321
259
259

0.1098
-0.6886
-0.7125
-2.3800
-0.2800
3.5700
424
344
321
256
256

0.0581
-0.7061
-0.7071
-3.7800
-3.2900
-3.6400
421
343
321
257
255

0.0512
-0.6647
-0.6934
-7.7000
-5.2500
-4.4800
420
344
322
257
257

0.1342
-0.6891
-0.6778
-9.2400
-17.0100
-10.9900
419
344
323
259
261

0.1142
-0.6739
-0.7037
-4.0600
-12.5300
-8.0500
419
344
324
261
261

0.0956
-0.6934
-0.6993
-2.1700
-7.5600
-5.8100
418
345
324
261
262

0.0996
-0.6886
-0.7198
-0.2800
-7.7700
-4.9700
417
344
325
265
266

0.0854
-0.6891
-0.7120
-0.9100
-5.3900
-4.3400
419
344
326
270
270

0.1054
-0.6871
-0.7266
3.9900
-1.6800
-4.0600
419
346
327
272
272

0.0996
-0.6974
-0.7047
2.7300
-5.1800
-5.2500
418
344
325
273
271

0.1039
-0.6978
-0.7105
2.8000
-7.0700
-5.2500
418
344
326
274
273

0.0991
-0.6803
-0.7013
2.3100
-8.8200
-5.0400
418
345
325
275
275

0.0986
-0.6969
-0.7052
0.1400
-4.8300
-3.2200
418
345
327
275
276

0.0903
-0.6915
-0.7237
2.1000
-3.6400
-3.1500
418
345
327
278
278

0.0976
-0.7066
-0.7242
6.7900
-0.3500
-1.2600
417
344
328
277
277

0.1010
-0.7154
-0.7252
7.5600
3.7800
-0.3500
418
346
327
279
279

0.0937
-0.7081
-0.7222
9.4500
2.0300
-1.1900
418
347
330
281
279

0.0844
-0.7300
-0.7164
12.8800
-4.0600
-4.1300
419
347
330
280
280

0.1015
-0.7247
-0.7017
11.9000
-11.7600
-13.0200
418
348
331
273
272

0.1020
-0.7383
-0.6866
12.1100
-8.1200
-11.2700
420
353
336
270
270

0.1108
-0.7149
-0.6578
25.2700
-14.0000
-13.7900
420
362
344
279
279

0.0620
-0.8374
-0.6432
36.4700
-41.8600
-20.0200
425
385
379
316
317

0.1108
-0.7681
-0.5885
21.5600
-27.7200
-10.1500
428
408
426
362
363

0.0805
-0.7808
-0.6281
23.0300
-7.5600
-4.9700
432
445
485
416
416

0.0971
-0.8633
-0.5275
16.8000
-10.3600
13.6500
436
475
513
443
443

0.0561
-0.8320
-0.5397
5.5300
11.9000
8.8200
438
487
522
459
457

0.0429
-0.8267
-0.5910
1.2600
0.5600
-2.3800
438
492
527
463
466

0.0522
-0.8306
-0.5514
3.3600
-9.7300
-8.4700
439
496
529
467
469

0.1113
-0.8247
-0.5231
0.0700
-9.7300
-2.9400
439
494
528
467
467

0.1186
-0.8213
-0.5261
5.8800
-12.7400
8.5400
439
493
528
467
468

0.0337
-0.8584
-0.4914
0.9100
-22.2600
3.7100
438
492
528
465
465

0.0122
-0.8423
-0.4953
-7.1400
-12.8800
2.5200
438
490
527
464
464

-0.0137
-0.8359
-0.5207
-12.7400
-18.3400
-0.9100
438
488
527
462
461

-0.0181
-0.7876
-0.5807
-17.5000
-0.5600
4.4100
438
488
526
461
461

-0.0361
-0.7774
-0.6237
-12.3900
-5.5300
2.4500
438
487
525
460
460

-0.0342
-0.7632
-0.6520
-9.8700
-3.4300
0.6300
438
485
526
459
459

-0.0376
-0.7466
-0.6715
-3.3600
-2.3800
-4.5500
438
485
527
458
458

-0.0493
-0.7510
-0.6573
-4.3400
-3.2200
-5.1100
438
484
526
458
456

-0.0224
-0.7442
-0.6764
-4.9700
-2.1700
-5.6700
438
484
525
455
456

-0.0073
-0.7252
-0.6769
-4.5500
-4.4800
-4.3400
438
484
524
455
455

-0.0029
-0.7471
-0.6612
-2.0300
-7.7000
-5.5300
438
484
524
455
453
