0.1279
-0.9970
-0.0312
1.7500
-2.4500
-3.4300
437
466
511
416
416

0.1230
-0.9931
-0.0395
0.9100
-3.3600
-3.0800
437
466
511
415
417

0.1210
-0.9911
-0.0371
0.6300
-3.7100
-2.8700
438
466
511
415
415

0.1220
-0.9916
-0.0381
0.1400
-3.9900
-3.2200
437
466
512
415
415

0.1225
-0.9916
-0.0429
0.4200
-4.6200
-3.5000
438
466
511
415
413

0.1220
-0.9872
-0.0464
0.6300
-4.0600
-3.4300
437
466
510
414
414

0.1283
-0.9989
-0.0449
0.6300
-2.9400
-2.8000
437
466
512
412
413

0.1200
-0.9862
-0.0425
-3.3600
-4.3400
-2.5900
437
465
510
411
411

0.1235
-0.9941
-0.0678
-0.2800
-1.8900
-2.3800
437
465
510
411
411

0.1186
-0.9867
-0.0639
2.3800
-2.8700
-3.1500
436
465
510
412
412

0.1181
-0.9902
-0.0532
0.7700
-3.7100
-3.3600
437
465
510
412
412

0.1186
-0.9911
-0.0532
1.9600
-3.0100
-3.4300
437
464
510
410
411

0.1191
-0.9965
-0.0493
0.6300
-3.9900
-3.5000
437
464
509
412
411

0.1303
-0.9902
-0.0630
0.9100
-3.7800
-2.7300
437
465
510
412
411

0.1215
-0.9950
-0.0595
1.0500
-3.8500
-3.2200
437
465
511
412
412

0.1210
-0.9877
-0.0581
-2.0300
-4.4800
-3.3600
437
465
508
411
411

0.1215
-0.9945
-0.0693
-0.6300
-3.2900
-3.4300
436
464
510
411
411

0.1132
-0.9887
-0.0664
1.2600
-3.9200
-2.5900
437
465
508
411
412

0.1200
-0.9838
-0.0615
0.5600
-3.5700
-3.2900
437
464
508
411
411

0.1157
-0.9994
-0.0698
-0.5600
-3.7100
-2.3100
437
464
507
410
410

0.1157
-0.9887
-0.0805
3.4300
-3.9200
-3.2200
437
463
506
411
409

0.1215
-0.9853
-0.0756
2.1000
-3.8500
-3.1500
437
463
507
408
410

0.1220
-0.9926
-0.0732
1.0500
-2.7300
-2.1700
437
461
507
408
409

0.1186
-0.9887
-0.0805
-3.2200
-4.2000
-0.4900
438
461
507
407
407

0.1078
-0.9848
-0.0903
-12.7400
-6.3000
2.6600
438
460
505
404
403

0.1249
-0.9984
-0.1513
-10.4300
-17.7800
4.3400
437
459
504
404
403

0.1118
-1.0863
-0.1474
14.9100
-5.9500
9.0300
437
459
504
404
404

0.0298
-1.0024
-0.1074
-2.3800
-19.1800
16.0300
437
461
505
406
406

-0.0185
-0.9672
-0.1366
12.0400
-15.4700
1.4000
439
460
505
406
406

0.0068
-0.9706
-0.0771
16.7300
2.0300
-1.8900
437
461
505
406
405

0.0512
-0.9384
-0.0532
5.8800
4.5500
-7.9800
437
460
505
407
406

0.1620
-0.9087
-0.0571
-2.8700
-11.9700
-5.9500
436
460
504
405
404

0.0366
-1.0141
-0.0449
-8.6800
-1.7500
-3.7800
436
459
504
402
403

-0.0268
-1.0433
-0.1127
-9.7300
-4.7600
-5.9500
436
458
505
401
401

0.0610
-0.9921
-0.1435
-7.1400
0.0000
-0.8400
436
456
502
401
401

0.0795
-0.9745
-0.1191
-1.7500
1.6100
1.9600
437
453
499
399
399

0.0146
-0.9931
-0.1132
-10.7800
6.1600
-4.1300
437
446
486
390
389

0.0234
-0.9989
-0.1542
-27.9300
-2.5200
-7.6300
436
440
465
372
370

0.0610
-0.9794
-0.1976
-29.5400
-0.7000
-6.3000
436
430
442
351
352

0.0210
-0.9872
-0.2479
-24.9200
10.2900
-12.2500
436
396
414
328
328

0.0571
-0.9677
-0.2782
-12.7400
-1.7500
-14.0700
434
360
378
309
309

0.1118
-0.9916
-0.3138
6.6500
8.9600
-4.2000
427
336
349
301
301

0.0952
-0.9394
-0.2889
-5.5300
-2.4500
-4.9700
419
318
318
287
287

0.1181
-0.9394
-0.2874
8.8200
0.9800
-3.7100
411
306
297
281
281

0.1322
-0.9555
-0.2611
-3.5700
24.5000
7.4900
408
303
294
273
274

0.0771
-0.9501
-0.2943
3.7800
5.3200
8.6800
411
306
297
270
271

0.0317
-0.9306
-0.2899
6.0900
-2.8700
21.2100
412
310
303
269
269

0.0127
-0.9540
-0.2869
18.0600
5.8100
-4.1300
414
314
309
267
267

0.0078
-1.0238
-0.2440
69.0900
16.1700
-156.3800
419
318
308
267
267

0.1781
-0.9911
-0.1225
105.0000
4.9700
-191.5900
421
326
309
264
264

0.5031
-0.6349
0.0752
153.9300
-51.2400
-155.3300
421
332
312
269
268

0.7769
-0.4675
0.2538
100.6600
10.1500
-107.6600
420
335
316
272
271

0.9736
-0.2757
0.3421
108.7100
-27.9300
-24.5000
417
339
320
273
273

0.9038
-0.3426
0.4002
178.3600
-103.5300
65.7300
421
345
323
277
277

0.9428
-0.2694
0.3060
179.9000
-165.4100
103.4600
420
348
329
281
281

1.0829
-0.2923
0.1713
142.7300
-109.4800
96.3200
418
351
333
286
284

0.9804
-0.4119
0.2552
89.2500
-71.9600
125.3000
416
351
336
289
289

0.9282
-0.5885
0.1498
49.4900
-15.1900
137.0600
417
351
339
291
291

0.5934
-0.7052
0.2547
1.0500
-13.9300
111.7200
419
348
338
292
292

0.4797
-0.8872
0.1235
-64.1200
-18.3400
131.2500
420
341
334
287
287

0.2235
-1.0316
0.0239
-51.9400
37.3100
120.0500
422
333
333
276
275

-0.0010
-0.9740
-0.0761
-49.2800
39.3400
60.4800
422
332
328
277
278

-0.1532
-1.0189
-0.1825
-24.7100
26.8100
25.9700
424
332
328
277
276

-0.1835
-0.9931
-0.2523
15.4000
12.8100
-13.2300
422
334
327
278
276

-0.0820
-0.9804
-0.1806
11.7600
3.5700
-12.7400
423
335
327
277
277

-0.0171
-0.9926
-0.1903
4.7600
13.2300
-10.6400
421
335
328
277
278

0.0117
-0.9789
-0.2186
8.0500
51.5900
-6.0900
418
337
331
279
280

0.0512
-0.9443
-0.1269
6.6500
32.8300
-10.2200
420
344
343
290
291

0.0034
-0.9438
-0.1708
7.2100
43.4700
-8.1900
422
357
376
309
309

0.0073
-0.9911
-0.1630
24.8500
30.2400
-13.5100
424
377
407
330
330

0.0556
-0.9862
-0.1005
1.0500
46.2700
-9.3100
429
413
449
358
358

0.0488
-0.9892
-0.1523
0.0000
56.2100
-14.4200
434
447
482
386
387

0.0859
-0.9980
-0.1498
-8.0500
73.7100
-11.8300
436
465
503
405
405

0.1518
-1.0272
-0.1786
-7.7000
120.7500
-3.9900
439
472
513
422
421

0.1723
-1.1082
-0.2225
-23.0300
153.8600
17.0800
440
473
517
438
437

0.1640
-0.9902
-0.1435
-1.8200
145.6700
39.9000
440
473
520
447
446

0.1537
-0.9799
-0.1025
-26.1100
234.2200
99.1900
443
476
523
454
454

-0.1791
-0.9506
-0.1698
-29.7500
95.9700
45.0800
444
483
525
459
460

-0.1269
-0.9623
-0.1908
-22.5400
24.8500
9.3100
445
487
527
463
462

-0.0766
-0.9579
-0.2591
-15.5400
22.0500
8.4000
447
489
528
466
465

-0.0576
-0.9389
-0.2996
6.0200
9.4500
-0.4900
448
491
528
465
466

-0.0659
-0.9658
-0.2474
14.7000
4.7600
-0.7700
450
492
530
467
467

-0.0839
-0.9833
-0.2406
1.4000
-2.0300
-3.2900
449
491
530
467
467

-0.0444
-0.9658
-0.2494
5.1100
-1.5400
-0.7000
450
493
530
468
468

-0.0581
-0.9609
-0.2479
6.8600
-3.6400
-1.6100
449
492
529
467
468

-0.0615
-0.9584
-0.2435
2.6600
-3.0100
-2.9400
451
493
530
467
468

-0.0590
-0.9750
-0.2606
5.1100
0.0700
-4.4800
450
493
530
468
468

-0.0717
-0.9897
-0.2538
1.8200
0.4200
-2.2400
451
492
530
467
467

-0.0532
-0.9604
-0.2689
-11.6900
-2.3100
-1.4700
449
491
530
467
467

-0.0810
-0.9384
-0.3045
-6.9300
-0.3500
-2.4500
446
490
529
467
466

-0.1030
-0.9770
-0.2899
-33.8800
-11.9000
-8.4000
448
475
523
462
462

-0.0683
-0.9121
-0.3499
-18.7600
-4.6200
-2.8700
448
457
497
454
455

-0.0537
-0.9096
-0.3748
-6.0900
-7.0700
-8.4700
448
434
469
438
439

-0.0415
-0.8984
-0.4900
-7.4200
-1.1900
-11.0600
447
398
432
407
406

-0.0586
-0.9428
-0.3797
3.3600
-10.9200
-12.5300
446
372
393
378
378

-0.0512
-0.9189
-0.3684
10.0100
-14.9100
-16.4500
443
349
352
338
337

0.0049
-0.9013
-0.3582
-3.2900
-22.7500
-16.7300
438
336
325
311
310

0.0249
-0.9170
-0.3592
4.3400
-3.2200
4.2700
433
324
311
290
290

-0.0215
-0.9433
-0.3640
3.2900
-2.1700
-4.6200
425
323
306
275
274

-0.0473
-0.9257
-0.3650
-2.1000
-26.2500
-24.1500
420
322
304
264
265

-0.0551
-0.9633
-0.3953
16.6600
-31.2900
-27.7900
416
320
302
266
266

0.0181
-0.9477
-0.3875
28.9800
-12.4600
-2.5200
420
319
303
267
267

-0.1039
-0.8760
-0.2874
37.2400
6.5100
1.1900
426
320
308
267
268

-0.0932
-0.8867
-0.2469
22.7500
-5.9500
-79.1700
430
321
310
267
267

-0.0083
-0.9038
-0.1806
113.5400
-10.7100
-206.7800
433
325
312
264
264

0.7164
-0.4031
0.0791
123.7600
-22.3300
-138.8800
434
331
319
268
268

0.6812
-0.4870
0.1108
165.6900
-101.0800
-161.4900
430
340
325
275
275

1.0233
-0.3245
0.0273
194.5300
-118.7200
5.3200
430
348
333
283
282

1.0272
-0.3948
-0.0015
158.4100
-148.4000
79.2400
430
350
335
285
287

0.9833
-0.4631
0.0034
196.3500
-168.1400
117.8100
430
352
340
290
290

0.9575
-0.6495
-0.1342
112.0000
-64.7500
97.8600
430
350
338
294
294

0.7725
-0.7135
0.0683
75.2500
-20.8600
130.6900
431
348
338
295
295

0.5958
-0.7671
0.0566
44.3100
-20.5800
103.4600
432
344
340
296
296

0.3514
-0.9087
0.0307
18.2700
-25.9700
95.3400
434
346
341
294
295

0.3689
-0.8833
0.1810
-13.8600
-2.6600
123.5500
432
343
339
291
292

0.0200
-0.9833
-0.0781
-27.7200
27.4400
80.7100
432
337
336
288
288

-0.1181
-1.0770
-0.1147
-5.5300
2.8700
33.9500
430
339
334
283
283

-0.1923
-0.9496
-0.0981
1.6100
-5.1800
-1.9600
431
339
336
283
284

-0.0917
-1.0014
-0.1200
-7.1400
11.1300
-12.2500
431
341
336
284
284

-0.0839
-0.9633
-0.1635
-8.4700
26.6700
1.4700
425
344
340
284
286

-0.0654
-0.9433
-0.1523
10.1500
47.1800
-0.9100
425
364
374
303
302

-0.0849
-0.9828
-0.1684
8.6100
28.3500
-9.5200
427
391
414
328
327

-0.0512
-1.0048
-0.1884
8.6800
50.1900
-7.1400
429
417
447
353
352

-0.0932
-0.9970
-0.1986
21.4200
56.9800
-9.5900
432
438
469
373
372

-0.0088
-1.0165
-0.1669
52.5700
58.0300
-16.9400
438
464
501
394
396

0.0781
-1.0775
-0.0268
-0.2800
89.5300
-25.0600
444
478
518
417
418

0.1035
-1.0243
-0.0566
2.5200
121.5900
-29.4700
448
487
524
428
428

0.1186
-0.9575
-0.0439
-0.1400
158.2700
-24.1500
450
491
525
430
429

0.1166
-0.9008
0.0122
-5.4600
139.2300
-0.7700
450
493
528
432
433

0.0542
-0.9511
0.0508
-22.3300
95.3400
13.8600
451
494
528
436
437

0.0766
-0.9609
-0.0098
-33.8100
120.5400
21.2800
450
494
529
441
441

0.0195
-0.9780
-0.0971
-22.3300
89.6000
19.3900
451
496
529
447
449

-0.0390
-0.9858
-0.0303
-9.5200
11.4100
-2.3100
452
496
531
450
449

0.0454
-1.0194
-0.0693
-3.4300
2.1000
-5.7400
451
496
532
451
450

0.0478
-1.0072
-0.1103
8.6800
-1.8900
-7.0000
451
496
530
451
449

0.0400
-0.9970
-0.0800
6.1600
2.3100
-6.7200
452
496
530
449
451

0.0342
-0.9892
-0.0786
-0.5600
0.0000
-6.0200
452
497
532
449
450

0.0468
-0.9716
-0.0522
3.6400
-5.6000
-4.9000
451
497
530
448
449

0.0351
-0.9921
-0.0566
-7.0000
-4.6200
-4.9000
453
497
530
448
448

0.0610
-0.9955
-0.1113
-7.0700
0.2800
-1.6800
452
497
530
446
447

0.0351
-0.9945
-0.1137
-1.4700
2.0300
-2.9400
451
496
530
446
446

-0.0039
-0.9750
-0.1200
-5.1100
14.3500
-7.8400
451
495
529
445
446

0.0454
-0.9984
-0.1444
-6.8600
10.0100
-16.7300
451
473
528
440
439

0.0415
-1.0131
-0.0947
17.5000
-10.7100
-33.5300
450
453
522
418
418

0.1108
-0.9662
-0.2196
-39.1300
-27.5100
-29.1900
448
432
495
387
386

0.1742
-0.9204
-0.3070
-51.2400
-17.0800
-20.7200
445
408
458
352
352

0.1767
-0.9233
-0.3562
-18.9700
-8.4000
-13.4400
444
379
411
329
330

0.1771
-0.9443
-0.3963
0.8400
-7.4200
-13.3000
440
354
367
307
307

0.2220
-0.9457
-0.4070
13.0900
24.7100
-1.1200
436
337
335
284
284

0.1615
-0.9150
-0.3958
9.3100
5.0400
-5.9500
427
328
318
275
276

0.1742
-0.8930
-0.3928
4.5500
-2.5900
-10.8500
417
320
312
272
272

0.1879
-0.9111
-0.3875
11.9700
-1.1200
-19.9500
413
316
305
272
272

0.1908
-0.9135
-0.3723
32.7600
15.8200
-22.2600
415
316
304
273
273

0.2386
-0.9540
-0.3450
56.2800
54.9500
-154.9800
418
321
307
274
274

0.1576
-0.6934
-0.1864
146.3000
56.9800
-257.6700
420
334
318
276
276

0.7686
-0.4865
0.0878
172.0600
21.8400
-115.2200
422
342
325
283
282

0.8301
-0.3684
0.2869
221.6900
18.9000
-43.1900
421
348
329
289
289

0.8150
-0.2162
0.4065
215.6000
-31.7100
23.1700
419
353
334
294
296

0.9462
-0.0610
0.3572
213.3600
-143.7800
161.4200
417
358
340
299
298

1.0546
-0.2196
0.1337
187.6000
-140.4900
152.5300
418
357
343
300
302

1.0150
-0.4226
0.1362
107.5200
-109.6200
195.5100
418
355
342
299
299

0.8506
-0.6120
0.0942
85.0500
-80.8500
178.5700
421
346
343
297
297

0.5968
-0.8452
0.1708
44.6600
-17.6400
105.0700
420
344
343
295
295

0.3289
-0.9487
0.1298
-2.6600
-14.9800
109.1300
423
343
342
295
295

0.0791
-0.9399
0.1059
-71.4700
4.2700
117.3200
427
337
344
289
289

-0.0171
-0.9331
0.0049
-80.3600
30.1000
50.0500
425
335
342
290
290

-0.0869
-0.8906
-0.0849
-85.2600
7.7000
26.6700
425
334
328
289
290

-0.1332
-0.9555
-0.2377
-43.1200
-2.0300
-6.4400
427
336
332
292
290

-0.0952
-0.9828
-0.1581
-3.6400
-11.6200
-7.8400
424
337
334
291
291

-0.0673
-0.9838
-0.1908
-4.2700
-17.1500
-11.0600
425
338
335
292
291

-0.0327
-0.9633
-0.2240
7.0700
20.2300
-7.0000
423
343
343
296
295

0.0844
-0.9565
-0.2259
5.9500
105.4200
-11.6200
425
359
375
312
311

0.0024
-0.9858
-0.2323
-5.6000
91.9100
-4.4800
427
390
420
337
337

0.0137
-1.0414
-0.2425
27.6500
55.7900
-15.2600
432
424
458
363
363

0.1020
-0.9784
-0.2011
25.1300
57.1900
-11.1300
434
443
479
381
381

0.1664
-0.9409
-0.1669
17.5700
58.9400
-6.0900
437
462
500
395
396

0.1415
-0.9784
-0.1527
10.6400
77.7000
-6.8600
440
476
515
408
407

0.1854
-1.0321
-0.1532
0.5600
141.6800
1.4000
443
483
523
420
420

0.1918
-0.9916
-0.0537
-5.7400
189.7700
18.4100
446
489
525
436
436

0.0415
-0.9618
-0.0508
-15.8200
123.1300
21.2100
449
494
527
449
448

0.0669
-0.9892
0.0166
-18.5500
58.2400
9.8700
452
496
529
454
454

0.0712
-0.9862
-0.0298
-5.7400
19.1100
1.5400
452
496
529
457
456

0.0839
-1.0072
-0.0356
1.6800
5.7400
-3.4300
454
497
529
458
458

0.0942
-0.9867
-0.0381
5.6700
8.8900
-3.3600
452
499
530
458
457

0.0956
-0.9843
-0.0220
-3.9200
8.0500
1.8200
453
497
531
457
457

0.1078
-1.0170
-0.0464
-4.0600
2.4500
4.0600
453
496
529
450
450

0.0893
-1.0165
-0.0888
-12.3200
10.0100
3.7800
453
495
530
447
447

0.0878
-0.9941
-0.1322
4.2000
7.2800
1.6800
453
492
527
445
444

0.0722
-1.0048
-0.1020
-1.4000
1.2600
1.3300
454
487
527
440
440

0.0351
-1.0102
-0.1142
-15.4000
-20.3700
-9.5900
454
480
524
430
431

0.0859
-0.9614
-0.1825
-28.7700
-6.9300
-6.7200
453
465
517
419
420

0.1000
-0.9575
-0.1918
-45.2200
2.4500
-0.7700
454
441
489
397
398

0.0839
-0.9243
-0.2830
-20.0200
10.2900
-3.3600
453
412
454
373
372

0.0830
-0.9482
-0.2948
-12.4600
-0.8400
-5.0400
453
388
425
358
356

0.0883
-0.9628
-0.2738
-12.9500
5.6700
-3.0800
450
366
398
343
343

0.0991
-0.9462
-0.3001
-10.9900
7.2800
-4.2700
449
351
370
326
326

0.1366
-0.9662
-0.3060
-24.7100
16.5200
0.6300
444
342
346
308
307

0.1410
-0.9082
-0.3533
-11.0600
1.6800
0.5600
440
338
332
295
295

0.1703
-0.9184
-0.3626
-10.2200
16.7300
-0.5600
437
333
326
287
286

0.1347
-0.9130
-0.3631
9.2400
21.3500
-1.8900
438
332
318
287
286

0.1479
-0.8984
-0.3387
43.7500
54.6000
-103.4600
437
334
318
284
284

0.3328
-0.8735
-0.2098
88.4100
39.2700
-181.7200
437
341
319
285
284

0.4465
-0.8706
-0.0464
156.9400
36.8900
-153.0200
437
346
325
289
290

0.6163
-0.6876
0.0991
169.2600
1.1900
-167.3700
436
351
330
293
294

0.8589
-0.3582
0.2372
203.2100
-60.7600
-70.0700
435
354
335
301
301

0.9555
-0.1606
0.2562
185.2900
-171.2900
40.5300
432
358
337
305
304

1.1029
-0.1820
-0.0259
182.2100
-166.6000
66.2900
427
360
340
311
310

1.0956
-0.2728
-0.1620
107.6600
-121.1000
70.4200
424
360
340
313
314

0.9765
-0.4236
-0.2015
89.1800
-70.6300
75.8100
424
359
341
315
316

0.8935
-0.5651
-0.2011
65.9400
-47.6700
117.6000
420
356
339
315
315

0.6900
-0.7281
-0.2308
13.3700
-6.5800
128.8000
422
353
339
314
314

0.4397
-0.7169
-0.1845
-27.1600
12.7400
111.0200
424
347
336
310
312

0.3719
-0.8579
-0.2533
-38.2200
1.8200
23.5900
427
347
336
309
310

0.2108
-0.9135
-0.3611
-22.1900
6.7900
-3.0100
426
346
335
309
308

0.2728
-0.9057
-0.3558
-15.6100
31.7100
-6.0200
426
349
337
310
311

0.3001
-0.9008
-0.3680
-9.5900
53.4800
-3.1500
424
352
343
312
312

0.2948
-0.8857
-0.3338
-9.5900
45.9200
9.1000
425
362
365
325
326

0.2650
-0.8838
-0.3240
0.4900
31.5000
33.0400
426
381
408
348
348

0.2269
-0.9472
-0.3201
13.7200
25.7600
23.0300
434
423
456
382
380

0.2469
-0.9911
-0.2450
15.0500
46.8300
26.8100
438
452
485
404
404

0.2484
-0.9755
-0.2518
4.6900
59.2200
47.3900
442
471
506
417
416

0.1962
-0.9296
-0.2342
-5.1100
59.4300
32.3400
443
481
518
430
429

0.1103
-0.9780
-0.2137
18.6200
102.2000
2.1700
446
488
523
438
438

0.0820
-0.9672
-0.0874
26.2500
53.6900
6.0200
449
492
526
444
445

0.1762
-0.9833
-0.0376
-2.9400
59.6400
15.0500
451
495
528
448
448

0.1425
-0.9609
-0.1035
-40.8800
91.0700
26.6700
451
495
529
453
453

-0.0488
-0.9565
-0.0625
-5.0400
63.0000
11.3400
453
496
530
458
458

0.0639
-1.0092
-0.0747
7.4900
10.0800
0.2100
452
496
530
460
459

0.1103
-0.9921
-0.1410
3.7100
25.2700
-2.1700
452
497
530
460
461

0.1259
-0.9970
-0.1322
6.6500
23.3800
-1.1200
454
498
531
462
464

0.1171
-0.9960
-0.0898
10.8500
12.9500
-3.8500
453
499
533
463
463

0.1215
-0.9916
-0.1098
12.6000
4.5500
-2.0300
454
499
533
464
463

0.1235
-0.9897
-0.0771
7.7000
0.5600
0.1400
455
499
531
463
463

0.1259
-1.0004
-0.0971
-9.2400
-6.5800
3.7100
455
500
531
461
462

0.1376
-1.0111
-0.1401
-11.9700
7.5600
3.5000
454
492
531
460
460

0.1322
-0.9980
-0.1820
-2.9400
21.7700
0.4900
454
478
531
459
460

0.0956
-0.9823
-0.1801
1.8200
-5.7400
-1.5400
454
480
531
457
456

0.1078
-0.9633
-0.1942
-13.3000
4.5500
0.2100
454
489
530
457
455

0.1064
-0.9799
-0.1537
-9.8700
-7.8400
-1.1900
454
491
530
447
447

0.1362
-0.9804
-0.2054
-11.0600
19.1100
0.3500
454
465
463
425
423

0.0786
-0.9926
-0.2338
2.1000
2.7300
-12.5300
455
436
405
398
398

0.0947
-0.9555
-0.2381
-15.4700
-4.4100
-16.9400
454
383
355
362
363

0.1625
-0.9428
-0.2650
-34.6500
1.2600
-15.6100
450
346
324
332
332

0.1991
-0.9477
-0.3235
-25.6900
13.7200
-1.5400
443
331
304
302
302

0.1635
-0.9692
-0.3109
-30.5200
22.9600
-9.7300
432
329
299
282
282

0.1747
-0.8921
-0.3943
-33.2500
11.5500
-6.6500
423
329
302
267
266

0.2196
-0.8764
-0.4114
5.7400
13.7200
-3.2900
422
327
306
265
264

0.2235
-0.9043
-0.3865
24.7100
31.5700
8.5400
422
325
306
263
265

0.1869
-0.9711
-0.3455
21.9800
31.5000
-0.5600
426
324
306
261
260

0.1371
-0.9599
-0.3440
52.0800
4.2000
2.6600
433
326
307
261
260

0.1601
-0.9516
-0.2167
92.1900
27.3000
-15.2600
437
327
306
258
259

0.1859
-0.8560
-0.0874
140.3500
47.4600
-127.5400
438
329
309
257
258

0.4138
-0.6642
0.2201
149.8700
43.1200
-149.5900
439
336
316
262
260

0.4929
-0.6412
0.3821
140.0000
49.9800
-137.8300
437
341
323
272
271

0.8584
-0.3099
0.4319
154.2800
48.0900
-162.8200
435
353
331
278
277

0.8735
-0.0488
0.5705
160.9300
-61.0400
-11.9000
429
363
341
283
282

0.9013
0.0659
0.4172
190.1200
-142.5900
141.5400
424
370
344
287
287

1.0931
-0.0229
0.1908
155.0500
-150.9200
169.4000
424
372
345
291
292

1.0741
-0.2074
0.0185
112.3500
-143.5000
192.9200
423
368
343
289
291

1.0575
-0.4778
-0.0532
49.8400
-111.9300
208.0400
425
365
344
289
289

0.7408
-0.7998
-0.1542
9.8000
-49.5600
171.5700
428
359
345
287
287

0.3963
-0.8623
-0.1410
-62.6500
-22.0500
96.3200
429
354
345
287
288

0.2294
-0.8613
-0.1835
-22.8900
25.9700
22.5400
429
350
343
288
289

0.1484
-0.9062
-0.2362
-15.7500
23.9400
-8.3300
429
352
345
288
291

0.1913
-0.9438
-0.2552
-8.3300
31.0800
-12.4600
430
350
344
290
290

0.2054
-0.9457
-0.2362
-9.6600
5.5300
-5.6000
431
352
346
289
290

0.2474
-0.9282
-0.2577
-13.3000
19.8100
-3.2200
430
353
346
290
290

0.2396
-0.9355
-0.2728
-5.4600
22.1900
-2.5900
428
356
349
295
294

0.2235
-0.9282
-0.2542
10.7800
14.2800
-1.3300
430
362
355
304
304

0.2308
-0.9521
-0.2518
15.6100
-0.2100
14.8400
431
380
382
325
324

0.2338
-0.9545
-0.2357
10.1500
20.1600
6.9300
436
416
434
362
363

0.2054
-0.9682
-0.2850
28.7700
95.6200
14.2800
443
453
490
403
405

0.2650
-1.0243
-0.1484
26.8800
60.7600
3.7100
448
477
518
432
433

0.1957
-1.0594
-0.0883
18.8300
59.9900
-13.0900
451
492
527
449
450

0.1864
-0.9623
-0.0415
23.3800
69.4400
-13.9300
451
499
530
460
460

0.2094
-0.9931
-0.0195
27.3700
55.7900
-13.0200
454
499
532
457
456

0.2035
-0.9521
0.1093
15.4700
4.8300
-4.6900
454
500
531
457
457

0.2381
-0.9604
0.0698
-11.7600
31.7100
-10.0800
455
502
532
457
456

0.2957
-0.9775
0.0088
-25.9000
61.3200
-9.8700
456
500
531
455
455

0.2645
-0.9780
0.0112
-27.7900
82.7400
-13.0200
455
501
531
452
453

0.2743
-0.9448
-0.0185
-26.4600
140.0700
-6.9300
454
498
531
450
449

0.1937
-0.9550
0.0137
-14.0700
19.8800
10.6400
453
498
530
445
446

0.3357
-0.9887
-0.0098
-6.0200
21.7000
13.0200
453
494
529
440
440

0.2743
-0.9648
0.0029
-9.8700
41.9300
11.1300
451
494
528
438
438

0.1762
-0.9814
0.0005
6.6500
30.4500
7.0000
451
493
528
434
435

0.1718
-0.9794
0.0449
-2.8000
14.9800
-3.2900
451
492
526
437
436

0.1420
-0.9701
0.0332
-17.0100
-2.3800
-5.5300
451
492
526
435
434

0.1889
-1.0111
-0.0610
-1.8200
0.0700
-5.0400
450
493
525
435
434

0.1786
-0.9950
-0.0410
-0.8400
0.2800
-5.8800
450
490
525
432
432

0.1991
-0.9965
-0.0556
-3.9200
-3.9900
-4.4100
449
490
526
431
432

0.1986
-0.9780
-0.0337
3.0100
-4.5500
-5.7400
449
490
524
430
431

0.1903
-0.9838
-0.0420
-0.2100
-7.0000
-8.1900
449
490
524
429
429

0.2225
-0.9882
-0.0586
4.7600
-6.3700
-6.5800
449
490
524
427
427

0.2294
-0.9697
-0.0386
5.9500
-5.8800
-3.6400
449
489
525
426
426

0.1972
-0.9687
-0.0346
0.5600
-0.5600
-7.4900
450
489
523
425
425

0.2401
-0.9867
-0.0532
1.0500
-6.4400
-4.1300
449
489
522
424
426

0.2230
-0.9760
-0.0361
3.1500
-3.0100
-3.1500
448
489
523
422
424

0.2133
-0.9653
-0.0498
0.3500
-9.1000
-2.8000
449
489
524
423
423

0.2201
-0.9784
-0.0420
1.8200
-5.8800
-3.4300
449
491
523
423
423

0.2172
-0.9765
-0.0508
0.5600
-3.5700
-4.1300
449
488
523
425
425

0.2269
-0.9716
-0.0581
0.1400
-2.8700
-5.3200
449
489
523
425
425