0.2440
-0.9374
0.2591
0.6300
-4.8300
-2.4500
418
461
522
442
440

0.2518
-0.9384
0.2538
0.3500
-5.6700
-1.4000
419
462
522
439
441

0.2538
-0.9350
0.2528
1.7500
-4.6200
-0.3500
418
461
522
440
440

0.2469
-0.9526
0.2889
-10.5700
-3.2200
8.1900
418
461
522
440
440

0.2416
-0.9682
0.2557
-20.6500
-5.3900
7.9800
417
462
523
440
440

0.2201
-0.9575
0.1659
-15.8200
-12.4600
6.7200
417
460
522
440
442

0.2245
-0.9701
0.1640
-21.2800
-17.2200
9.8700
417
461
523
441
441

0.1903
-0.9843
0.1196
-32.7600
-53.3400
4.4100
420
466
522
441
442

0.1254
-0.9828
0.0698
-14.3500
-41.3700
0.4200
422
476
522
446
446

0.1391
-0.9989
0.0161
-11.2000
-30.1700
1.0500
428
485
525
451
451

0.1674
-0.9843
0.0249
0.4900
-18.6200
5.7400
433
490
524
453
454

0.1513
-0.9731
0.0107
2.5200
-27.4400
-3.2200
435
493
525
455
457

0.1425
-0.9916
-0.0117
1.6800
-27.3700
-6.0900
436
492
525
457
457

0.1625
-0.9926
-0.0117
1.8200
-9.3800
-0.9800
438
493
524
458
458

0.1303
-0.9770
-0.0190
-1.9600
-8.6100
-2.9400
439
494
525
459
459

0.1571
-1.0014
-0.0220
1.4000
-3.9200
-2.5200
438
495
526
459
460

0.1688
-0.9965
-0.0234
2.5200
0.7700
-0.9100
439
497
526
459
459

0.1405
-0.9950
-0.0307
0.2800
-3.7800
-2.8000
440
495
526
461
461

0.1684
-0.9950
-0.0351
-3.0100
-4.6200
-2.7300
440
496
526
462
462

0.1581
-0.9892
-0.0366
1.4000
-0.7000
-1.6800
442
497
526
461
461

0.1459
-0.9945
-0.0327
-2.5200
-4.1300
-3.9900
441
497
526
461
461

0.1484
-0.9838
-0.0527
-3.4300
-11.4100
-9.1700
441
497
527
460
460

0.1684
-0.9921
-0.0712
-4.4100
-9.4500
-5.3900
442
497
526
461
461

0.1737
-0.9916
-0.0874
-5.0400
-2.0300
-1.6100
442
497
526
461
461

0.1635
-0.9882
-0.0956
-2.3100
3.9200
-0.0700
443
496
526
463
461

0.1684
-0.9916
-0.1078
-2.7300
-3.9900
-2.9400
443
497
526
462
462

0.1601
-0.9814
-0.0937
-2.1700
-4.6900
-2.1000
442
496
526
462
462

0.1586
-0.9862
-0.1137
0.7000
-2.8700
-2.6600
442
496
525
462
462

0.1645
-0.9848
-0.1132
4.3400
-2.6600
-2.6600
444
496
525
461
461

0.1523
-0.9897
-0.1015
1.7500
-4.4100
-4.2700
443
496
525
462
461

0.1596
-0.9862
-0.1108
0.7000
-3.5700
-3.0100
442
497
525
461
461

0.1576
-0.9819
-0.1093
1.4000
-2.7300
-3.5700
443
495
525
461
462

0.1606
-0.9882
-0.1093
2.3800
-2.4500
-3.1500
444
495
525
461
460

0.1630
-0.9819
-0.1064
1.3300
-3.0100
-3.7800
441
495
527
461
460

0.1649
-0.9814
-0.1127
0.6300
-3.2900
-3.5000
442
496
527
460
461

0.1596
-0.9867
-0.1137
2.4500
-2.9400
-3.5700
443
495
525
461
461

0.1615
-0.9828
-0.1196
2.5900
-4.4800
-3.3600
443
495
527
462
462

0.1606
-0.9843
-0.1035
3.7800
-2.8700
-3.4300
441
495
525
460
460

0.1693
-0.9814
-0.1147
0.7000
-3.2200
-3.0800
441
496
525
461
460

0.1596
-0.9804
-0.1196
1.7500
-4.4800
-3.5700
443
494
525
460
459

0.1571
-0.9760
-0.1064
2.5200
-5.6000
-4.2700
442
494
525
460
460

0.1732
-0.9823
-0.1088
1.1900
-3.5000
-2.5200
443
493
525
460
459

0.1713
-0.9775
-0.1098
2.1000
-3.8500
-2.3800
442
494
524
460
460

0.1547
-0.9750
-0.1181
2.0300
-3.7100
-3.2900
442
492
526
460
459

0.1581
-0.9804
-0.1118
2.4500
-4.4100
-3.9900
442
491
525
459
459

0.1679
-0.9911
-0.1103
2.1700
-4.2000
-2.8700
442
492
525
459
460

0.1649
-0.9877
-0.1035
1.7500
-3.3600
-3.0800
441
493
526
458
458

0.1669
-0.9828
-0.1118
1.1900
-3.9200
-3.0800
442
492
525
459
459

0.1693
-0.9760
-0.1064
2.1700
-3.5000
-3.9900
443
492
525
459
458

0.1708
-0.9892
-0.1088
1.6800
-3.7800
-1.8200
442
492
526
460
459

0.1674
-0.9853
-0.1059
-0.4200
-2.4500
-1.8200
442
491
525
459
460

0.1581
-0.9862
-0.1137
-0.0700
-7.1400
-3.3600
439
489
525
460
460

0.1732
-0.9750
-0.1200
-1.4700
-6.7200
-3.9900
432
482
525
459
459

0.1703
-0.9692
-0.1293
11.3400
-13.9300
-2.3800
418
429
527
461
460

0.1679
-0.9906
-0.1186
0.5600
-4.2000
-1.5400
406
377
526
461
461

-0.0542
-0.9648
-0.1098
7.0700
3.2900
-5.0400
410
377
525
462
463

0.1576
-0.9784
-0.1069
-10.7100
7.7700
0.8400
410
368
524
468
468

0.1698
-0.9804
-0.1200
-4.9700
2.4500
0.3500
403
343
525
469
470

0.1640
-0.9609
-0.1332
-0.5600
6.2300
-1.6800
371
331
524
470
471

0.1552
-0.9775
-0.1098
-8.6100
1.1900
0.0000
352
328
524
472
472

0.1386
-0.9877
-0.1186
-9.1000
-9.2400
-3.7100
319
323
523
473
473

0.1630
-0.9692
-0.1405
-2.8000
-0.2100
-4.7600
298
321
521
474
472

0.1503
-0.9902
-0.1625
-3.2200
2.1000
-2.7300
292
318
521
475
473

0.1571
-0.9550
-0.1703
-7.2100
-11.3400
-11.7600
291
319
522
474
473

0.1498
-0.9604
-0.1752
-8.4000
-29.4000
-12.6700
292
319
523
474
474

0.1708
-0.9399
-0.2235
-12.3900
-10.5700
-8.4700
293
322
524
474
475

0.1557
-0.9560
-0.2206
-1.8900
-5.2500
-3.7100
296
323
525
474
474

0.1669
-0.9560
-0.2289
-4.2000
-4.9000
-7.0000
298
322
525
474
474

0.1742
-0.9399
-0.2308
4.0600
-5.1800
-6.5800
299
324
525
474
474

0.1913
-0.9536
-0.2162
-2.2400
-7.5600
-5.0400
301
324
526
473
474

0.2015
-0.9531
-0.2347
2.4500
-7.9100
-6.0900
304
324
526
474
473

0.1957
-0.9575
-0.2191
1.0500
-1.1200
-3.2200
305
326
526
473
473

0.1796
-0.9555
-0.2206
0.9800
-4.5500
-4.6200
306
326
527
472
475

0.1815
-0.9540
-0.2269
3.3600
-4.1300
-2.3100
308
327
526
473
474

0.1801
-0.9506
-0.2206
1.5400
0.7700
-1.4000
303
327
527
473
473

0.1884
-0.9638
-0.2303
2.9400
-2.3100
-3.2200
300
327
527
473
472

0.1810
-0.9570
-0.2040
1.5400
-1.6800
-1.9600
296
327
526
472
472

0.1889
-0.9672
-0.2211
1.4700
-3.7800
-3.0100
292
326
526
472
472

0.1942
-0.9555
-0.2152
1.1200
-4.4800
-3.5000
290
326
526
472
472

0.1771
-0.9526
-0.2084
-0.5600
-2.5900
-1.4700
289
326
526
472
472

0.1835
-0.9804
-0.2259
1.8200
-3.3600
-4.9700
287
327
527
471
471

0.1669
-0.9570
-0.2211
3.5000
-1.4700
-4.8300
288
326
526
472
472

0.1913
-0.9618
-0.2279
5.7400
-2.3100
-2.8700
285
327
526
472
473

0.1879
-0.9658
-0.2050
-2.7300
-6.5800
2.1000
291
329
526
472
471

0.1601
-0.9623
-0.2411
8.2600
-4.2700
-2.2400
295
334
526
472
473

0.1981
-0.9638
-0.2225
7.3500
-8.4700
-0.1400
337
361
527
471
471

0.2118
-0.9716
-0.2103
14.2800
-16.8000
-0.4200
367
395
523
472
472

0.1786
-0.9823
-0.2108
11.0600
2.5200
-0.3500
394
431
522
472
472

0.1869
-0.9877
-0.2118
7.3500
6.9300
-0.2100
413
452
521
472
472

0.1884
-0.9682
-0.2094
13.8600
-1.6100
1.8900
424
470
522
472
471

0.1303
-0.9809
-0.1815
9.5900
-4.6200
2.5900
431
486
525
472
473

0.1230
-0.9789
-0.1527
3.0800
-5.6700
-1.0500
436
492
525
473
474

0.1654
-1.0092
-0.1976
3.2900
-1.6800
-0.7000
440
496
527
472
473

0.1488
-0.9877
-0.1527
-2.4500
-8.4700
-2.1000
444
499
527
474
473

0.1610
-0.9716
-0.1879
-0.7700
-3.2200
-0.1400
445
500
529
473
473

0.1376
-0.9848
-0.2460
5.6700
-9.5900
-4.7600
447
500
528
473
474

0.1391
-0.9804
-0.1835
3.9200
-4.2000
-2.7300
448
503
529
473
474

0.1474
-0.9775
-0.1854
1.1900
-2.3800
-3.4300
448
502
529
473
475

0.1518
-0.9794
-0.1850
4.0600
-3.8500
-3.9200
449
502
529
475
474

0.1625
-0.9662
-0.2103
-3.5000
-5.7400
-4.8300
448
502
529
474
474

0.1410
-0.9628
-0.1976
-3.2200
-3.6400
-3.9200
448
502
529
474
473

0.1615
-0.9594
-0.2064
-8.1900
-1.9600
-4.5500
448
502
531
473
474

0.1523
-0.9550
-0.1884
-7.3500
-1.9600
-1.8200
441
500
529
473
473

0.1523
-0.9775
-0.2294
5.5300
-10.3600
-5.0400
435
482
529
474
474

0.1527
-0.9736
-0.1898
5.3200
-3.9200
-4.2000
431
474
529
475
474

0.1693
-0.9687
-0.1947
4.3400
0.0000
-5.1100
410
447
529
475
475

0.1684
-0.9653
-0.2030
5.8800
-5.2500
-3.2200
378
387
529
475
475

0.1557
-0.9662
-0.1918
-0.6300
5.6700
0.3500
346
348
529
474
474

0.1596
-0.9633
-0.1991
-3.5000
2.8000
0.5600
323
334
529
476
476

0.1586
-0.9819
-0.2113
-2.1700
2.1700
-0.9100
310
329
529
475
475

0.1630
-0.9745
-0.2250
2.7300
-1.8900
-5.1800
307
325
529
475
475

0.1776
-0.9672
-0.2059
-2.7300
-7.0000
-5.1100
304
324
529
475
475

0.1874
-0.9638
-0.2216
2.4500
-7.9800
-3.0100
304
324
529
475
474

0.1566
-0.9623
-0.2284
-5.6700
-10.5700
-3.6400
305
326
529
474
476

0.1732
-0.9218
-0.2216
-4.9700
-12.2500
-4.5500
307
324
528
475
474

0.1640
-0.9614
-0.2318
-2.3100
-5.8800
-3.3600
315
322
530
473
474

0.1493
-0.9477
-0.2269
2.3100
-3.0100
-3.2200
316
322
529
472
472

0.1684
-0.9511
-0.2211
-2.1700
-7.7000
-7.3500
317
323
528
471
471

0.1620
-0.9638
-0.2367
2.3800
-3.8500
-3.7100
318
324
528
470
471

0.1654
-0.9453
-0.2269
0.8400
-4.2700
-3.2900
320
325
529
469
469

0.1742
-0.9506
-0.2367
-1.5400
-5.6000
-4.7600
320
326
528
469
469

0.1601
-0.9345
-0.2391
-0.5600
-8.7500
-4.0600
321
326
528
468
469

0.1664
-0.9565
-0.2362
3.7100
-6.3000
-4.8300
321
327
528
468
468

0.1703
-0.9706
-0.2274
3.0800
-2.2400
-4.0600
321
328
528
467
467

0.1835
-0.9618
-0.2338
0.7700
-7.3500
-2.8000
321
328
528
465
466

0.1669
-0.9677
-0.2367
5.2500
0.7000
-3.4300
309
328
527
465
465

0.1815
-0.9760
-0.2377
4.1300
-0.2100
-4.3400
299
329
527
466
465

0.1742
-0.9550
-0.2196
6.5100
-0.7700
-3.8500
297
330
527
465
465

0.1879
-0.9697
-0.2230
1.7500
4.1300
2.2400
301
332
527
466
467

0.1723
-0.9599
-0.2264
1.7500
-13.1600
-10.1500
339
354
528
470
470

0.1640
-0.9384
-0.2342
12.1100
-2.5900
-5.1800
393
408
527
471
471

0.2069
-0.9560
-0.1981
10.6400
-10.9200
-5.7400
413
442
527
473
473

0.1728
-0.9726
-0.1928
4.9000
-8.6800
-4.3400
427
462
527
472
472

0.1879
-0.9536
-0.1874
11.3400
2.3100
1.1900
435
474
528
472
472

0.1820
-0.9506
-0.1898
-21.0700
4.1300
1.2600
441
486
528
472
474

0.1893
-0.9604
-0.2176
-18.7600
-1.1900
0.2100
445
492
528
473
472

0.1728
-0.9614
-0.2416
-13.0900
-9.1000
-3.3600
450
496
529
473
473

0.2172
-0.8852
-0.2225
-5.3200
-5.7400
-4.2700
451
498
530
473
473

0.1737
-0.9560
-0.2152
0.2100
-5.6700
-4.1300
449
498
530
472
473

0.1703
-0.9570
-0.2240
0.8400
-4.5500
-3.8500
449
498
530
473
473

0.1752
-0.9589
-0.2259
6.2300
-3.9200
-5.3200
450
499
530
472
474

0.1669
-0.9638
-0.2318
-0.0700
-3.8500
-3.7100
450
499
530
474
473

0.1708
-0.9516
-0.2181
-6.0200
-2.2400
-4.8300
448
498
530
473
473

0.1640
-0.9521
-0.2435
-0.9800
-9.5900
-3.9900
442
497
530
474
473

0.2050
-0.9765
-0.2523
12.8800
-16.2400
-6.7900
428
484
529
474
473

0.2020
-0.9082
-0.1576
16.1000
3.5000
-3.8500
411
460
530
472
473

0.2045
-0.9677
-0.2196
-1.0500
12.7400
-3.2900
387
437
529
473
474

0.2020
-0.9692
-0.2098
3.2200
17.0100
6.1600
373
412
528
474
474

0.1542
-0.9692
-0.2103
7.4900
4.2000
3.9900
341
387
528
473
473

0.1596
-0.9653
-0.1854
2.5200
10.0800
5.3200
317
374
529
474
474

0.1713
-0.9814
-0.1972
1.6800
-3.0800
-0.1400
302
367
529
474
475

0.1327
-0.9750
-0.1962
13.2300
-3.5000
-1.6800
269
341
529
474
474

0.1337
-0.9648
-0.1659
-6.6500
-4.0600
0.4900
252
330
528
475
474

0.1552
-0.9643
-0.1918
-11.1300
-13.0200
-2.7300
245
325
527
474
474

0.1542
-0.9521
-0.2206
-5.0400
-6.5800
-3.7800
243
327
529
474
474

0.1357
-0.9536
-0.2328
0.7000
-3.6400
-5.3200
246
328
528
473
474

0.1410
-0.9628
-0.2186
7.2100
4.9000
-6.6500
247
330
530
474
474

0.1732
-0.9755
-0.1952
4.8300
0.4200
-5.6000
248
331
529
473
473

0.1742
-0.9506
-0.1923
-0.4900
-0.7700
-4.0600
251
332
529
473
472

0.1640
-0.9623
-0.2001
0.4200
-2.8700
-6.6500
250
332
529
473
472

0.1796
-0.9516
-0.2006
2.1000
-7.0700
-5.0400
252
333
529
472
470

0.1737
-0.9482
-0.1791
1.7500
-4.2700
-3.2900
250
333
529
470
471

0.1771
-0.9697
-0.1879
0.9800
-1.1900
-1.9600
251
333
529
470
471

0.1796
-0.9614
-0.1889
3.1500
-2.3100
-3.0100
252
332
529
471
471

0.1684
-0.9706
-0.1776
-2.5900
-4.6200
-1.6100
253
334
528
470
471

0.1688
-0.9731
-0.1874
2.8700
-3.0800
-3.4300
254
334
528
470
470

0.1630
-0.9770
-0.1913
1.4000
-4.2700
-3.5000
254
334
528
470
470

0.1645
-0.9633
-0.1845
2.0300
-4.9000
-4.2000
255
334
527
472
470

0.1932
-0.9658
-0.1781
-0.8400
-5.6000
-1.4000
257
335
527
470
470

0.1674
-0.9658
-0.1757
2.1700
-2.4500
3.2900
257
339
528
471
470

0.1693
-0.9780
-0.2264
6.0900
12.7400
-0.3500
279
360
525
471
473

0.1566
-0.9423
-0.1981
16.0300
2.1000
-0.0700
302
381
524
472
473

0.1557
-0.9662
-0.1591
-0.3500
-10.9200
-6.1600
336
413
523
472
472

0.1718
-0.9736
-0.1479
1.0500
-8.8900
-2.5900
353
427
523
472
474

0.1742
-0.9594
-0.1742
-5.2500
-10.0800
-4.2000
373
441
522
473
472

0.1810
-0.9575
-0.1845
-3.0800
1.4000
-0.8400
384
448
522
473
473

0.1713
-0.9736
-0.1747
-0.0700
-3.4300
-2.5900
395
456
522
473
473

0.1776
-0.9736
-0.1942
4.5500
-4.9700
-1.8900
403
466
523
473
473

0.1713
-0.9804
-0.1732
5.4600
-7.7700
0.4200
415
476
524
474
473

0.1815
-0.9882
-0.1937
4.6200
-0.7000
-0.4900
423
484
525
473
472

0.1547
-0.9804
-0.1732
2.3800
-4.9700
-1.6800
424
489
526
472
473

0.1493
-0.9653
-0.1820
35.3500
-24.0100
0.9100
428
490
527
473
474

0.1571
-0.9784
-0.1996
82.8100
-21.6300
-3.7800
428
493
528
474
474

0.1684
-0.9736
-0.1698
10.0100
-4.9000
-2.1700
429
496
531
475
475

0.1493
-0.9853
-0.1684
6.3700
-3.3600
-3.9900
431
496
529
475
474

0.1503
-0.9697
-0.1669
2.4500
-6.0200
-2.2400
432
498
530
475
474

0.1532
-0.9487
-0.1586
-3.6400
-9.5200
-3.3600
432
499
530
474
473

0.1420
-0.9736
-0.1347
-1.8900
-4.2000
-3.3600
431
499
530
474
473

0.1674
-0.9765
-0.1757
-3.5700
-6.1600
-3.0100
431
500
530
474
476

0.1420
-0.9633
-0.0766
-0.7700
-5.7400
-4.3400
431
501
530
474
474

0.1469
-0.9726
-0.1801
-4.4100
-3.0800
-2.9400
431
501
530
474
474

0.1523
-0.9716
-0.1898
-3.2900
-1.5400
-0.2800
431
498
530
475
474

0.1518
-0.9721
-0.1962
-5.6000
6.6500
0.4900
422
491
530
474
474

0.1425
-0.7945
0.2684
-44.1700
7.6300
-9.3100
420
487
528
475
474

0.1620
-0.9765
-0.2840
-2.8700
12.1100
-5.9500
414
479
525
474
474

0.1957
-0.9389
-0.2757
-9.5900
-1.6100
-2.1700
398
468
520
475
474

0.1698
-0.9697
-0.2777
11.1300
-6.7900
-6.3700
370
444
519
475
475

0.1566
-0.9950
-0.2801
11.2000
-9.1000
-8.8900
326
407
520
476
476

0.1684
-0.9638
-0.2411
9.1700
-10.7800
-8.4000
284
364
522
475
476

0.1635
-0.9682
-0.2338
8.4700
-20.2300
-11.7600
259
340
524
477
476

0.1435
-0.9804
-0.2318
6.7200
-12.5300
-5.1800
248
333
524
476
476

0.1527
-0.9579
-0.2396
7.2800
4.5500
0.6300
246
330
526
476
475

0.1440
-0.9545
-0.2196
2.8700
-11.9700
-3.9900
247
330
528
476
477

0.1527
-0.9711
-0.2450
6.9300
1.1900
-2.3100
248
332
527
477
478

0.1508
-0.9701
-0.2342
0.4900
-5.2500
-6.3000
249
333
528
477
477

0.1776
-0.9653
-0.2362
7.7700
-0.6300
-2.1000
251
334
527
477
476

0.1762
-0.9628
-0.2274
5.6700
0.7700
-3.7800
252
336
527
477
476

0.1713
-0.9399
-0.2294
4.0600
0.1400
-3.5700
253
336
527
477
477

0.1937
-0.9609
-0.2245
0.0700
-3.4300
-3.0800
254
337
526
477
476

0.1884
-0.9399
-0.2176
0.4200
-5.3900
-2.6600
254
337
527
477
477

0.1786
-0.9706
-0.2303
4.3400
-4.1300
-3.7100
254
339
527
477
477

0.1742
-0.9555
-0.2176
1.4700
-5.3200
-6.0200
256
338
526
478
477

0.1737
-0.9726
-0.2323
3.6400
-2.9400
-3.8500
256
340
526
477
477

0.1893
-0.9448
-0.2255
0.8400
-6.3000
-3.6400
257
341
526
477
477

0.1747
-0.9633
-0.2264
3.0800
-3.4300
-4.9000
258
342
526
476
477

0.1884
-0.9780
-0.2201
5.3200
1.6100
-1.4700
259
342
528
477
476

0.1923
-0.9716
-0.2137
3.9900
-5.5300
-3.2900
260
342
525
478
476

0.1932
-0.9721
-0.2274
3.0800
-7.7000
-0.4200
259
342
526
476
476

0.1908
-0.9628
-0.2362
-0.9100
-7.3500
-3.5000
263
342
526
476
476

0.1835
-0.9701
-0.2269
1.6100
1.1900
2.0300
262
343
526
476
476

0.1962
-0.9653
-0.2313
-1.4700
9.3100
2.4500
263
344
526
476
476

0.1732
-0.9692
-0.2352
5.4600
0.2100
-3.0100
275
353
527
477
476

0.1762
-0.9589
-0.2435
15.4700
9.4500
-2.7300
305
376
527
477
479

0.1889
-0.9716
-0.2445
5.6700
-0.3500
3.6400
351
418
528
478
477

0.1357
-0.9770
-0.1889
-1.4700
-7.1400
-1.1200
393
449
528
478
478

0.1796
-0.9604
-0.1923
25.5500
-9.6600
-0.4200
408
464
529
478
477

0.1693
-0.9721
-0.1688
17.5700
-11.3400
-5.8100
414
476
530
478
478

0.1781
-0.9804
-0.1288
15.2600
-10.8500
-2.5200
426
486
529
479
477

0.1708
-0.9750
-0.1254
19.5300
-1.1900
-0.2100
437
491
529
477
478

0.1703
-0.9897
-0.0893
8.2600
2.8000
2.0300
443
494
530
480
478

0.1532
-0.9911
-0.0752
8.5400
-10.5700
-3.6400
446
497
530
478
478

0.1381
-0.9814
-0.0683
-7.3500
-19.8800
-0.9800
447
500
532
479
479

0.1327
-0.9902
-0.1288
3.7800
-2.2400
-3.8500
450
500
531
478
478

0.1391
-0.9897
-0.1035
2.7300
-1.1900
-2.2400
448
500
532
479
478

0.1435
-1.1239
-0.0908
4.3400
-0.3500
-1.4000
449
501
532
478
478

0.1435
-0.9945
-0.0942
3.0800
-5.8100
-4.9700
448
501
532
479
478

0.1386
-0.9887
-0.1083
1.9600
-5.6700
-5.3900
448
501
531
478
478

0.1464
-0.9789
-0.1049
1.7500
-6.6500
-5.4600
450
502
531
477
478

0.1479
-0.9955
-0.1010
-0.7000
-5.6700
-5.2500
448
500
530
478
478

0.1493
-0.9862
-0.1166
-5.9500
-8.9600
-8.4000
448
500
531
478
478

0.1649
-0.9823
-0.1362
-16.6600
-14.7700
-9.0300
445
500
531
478
478

0.1698
-0.9736
-0.1630
-15.8200
-11.2000
-7.9800
441
499
530
478
479

0.1571
-0.9604
-0.2030
-8.8200
-7.3500
-4.2700
428
491
530
478
477

0.1913
-0.9540
-0.2235
-10.9900
-7.0700
-0.0700
408
440
529
477
478

0.1137
-0.9653
-0.2250
-3.6400
-6.5100
-4.8300
372
376
528
479
479

0.1698
-0.9677
-0.2098
-6.9300
-6.4400
-2.1000
336
334
529
479
479

0.1869
-0.9306
-0.2191
-2.6600
-4.2700
-3.0800
315
324
528
479
479

0.1332
-0.9819
-0.2308
2.0300
2.3800
-1.8200
310
320
527
479
479

0.1732
-0.9618
-0.2503
6.7200
-0.2800
-3.2200
306
320
527
479
479

0.1708
-0.9789
-0.2323
2.1000
-0.4900
0.2100
308
319
527
479
479

0.1918
-0.9662
-0.2416
-5.8800
-7.2800
0.9100
310
319
528
479
479

0.1405
-0.9618
-0.2494
0.2800
-3.0800
-2.1000
311
322
527
478
478

0.1542
-0.9862
-0.2562
3.9900
2.4500
-3.5700
313
324
528
477
477

0.1308
-0.9628
-0.2420
4.2700
-3.0100
-7.5600
315
325
528
476
476

0.1640
-0.9750
-0.2333
0.5600
-5.5300
-5.8100
314
324
528
475
476

0.1493
-0.9321
-0.2342
-5.6000
-8.1200
-3.9900
315
326
528
476
475

0.1708
-0.9560
-0.2523
-5.0400
-5.5300
-3.5700
316
329
528
476
476

0.1723
-0.9448
-0.2582
1.1900
-3.1500
-0.4200
317
329
528
474
475

0.1566
-0.9550
-0.2611
2.7300
-0.2100
-3.7800
320
331
528
475
473

0.1718
-0.9584
-0.2625
4.4800
-2.3100
-2.5900
322
331
528
471
471

0.1669
-0.9560
-0.2582
5.9500
-1.4000
-4.2000
323
330
528
471
470

0.1840
-0.9482
-0.2572
2.8000
-2.0300
-1.6100
324
332
528
469
470

0.1591
-0.9374
-0.2645
5.9500
1.8200
-2.6600
328
335
528
463
463

0.1801
-0.9560
-0.2440
6.7900
-1.5400
-1.2600
331
336
529
455
456

0.1479
-0.9579
-0.2499
2.7300
-3.7800
-4.0600
333
338
529
451
449

0.1737
-0.9570
-0.2489
3.2900
-6.0200
-7.9800
333
338
530
447
446

0.1801
-0.9575
-0.2474
5.8100
-0.1400
-5.7400
337
339
529
447
447

0.1820
-0.9501
-0.2230
17.2900
2.6600
-3.6400
361
361
530
454
453

0.1625
-0.9423
-0.1908
21.2100
10.1500
-4.1300
394
402
529
465
463

0.1942
-0.9331
-0.1313
14.2800
-6.4400
-10.5700
414
433
529
468
468

0.2230
-0.9653
-0.1220
23.6600
-18.0600
-8.7500
425
456
529
470
470

0.1786
-0.9511
-0.0996
-3.1500
-4.2000
3.5700
434
476
529
470
469

0.1098
-0.9394
-0.1088
-8.7500
-25.9700
-6.7200
445
495
530
470
471

0.2167
-0.9672
-0.1000
-7.3500
-8.1200
1.0500
451
498
531
472
473

0.1786
-0.9765
-0.0834
-22.6100
-4.7600
-5.9500
452
500
532
475
474

0.2601
-0.9618
-0.1669
-7.6300
-8.6100
-2.9400
454
502
533
475
477

0.1947
-0.9506
-0.1698
0.9800
-7.8400
-9.2400
455
503
534
476
475

0.2001
-0.9594
-0.1566
8.9600
-5.3900
-9.8000
455
503
533
475
476

0.2259
-0.9794
-0.1362
6.0200
1.3300
-1.3300
455
504
534
475
477

0.2176
-0.9740
-0.1318
-1.0500
3.6400
-5.8800
456
505
534
475
477

0.1932
-1.0209
-0.1508
-1.1900
2.7300
-10.8500
456
505
534
474
474

0.2430
-0.9804
-0.1557
-2.7300
-4.4800
-2.3100
456
506
532
472
471

0.2133
-0.9116
-0.1137
-11.2700
-3.1500
-8.9600
454
503
532
468
468

0.1859
-0.9575
-0.1586
-24.9900
-72.8000
-17.6400
453
503
534
464
465

0.2850
-0.8979
-0.2064
-28.7700
-28.7700
5.8800
452
502
531
462
460

0.1015
-0.9496
-0.3148
-31.9900
-10.7100
-6.6500
452
501
530
459
459

0.2494
-0.9350
-0.3372
-2.5200
9.9400
-2.7300
453
499
531
457
457

0.2133
-0.9238
-0.4011
-22.2600
-13.9300
-7.6300
450
498
530
457
458

0.2118
-0.8857
-0.4182
-30.3100
-9.3100
-3.5700
450
497
531
459
458

0.2313
-0.8560
-0.4636
-34.4400
-2.0300
-3.5700
451
497
530
458
458

0.2484
-0.7818
-0.5183
-24.7800
14.9100
5.5300
450
496
530
458
459

0.2264
-0.8091
-0.5807
-6.5100
4.4100
-7.7700
451
496
530
457
457

0.2547
-0.8047
-0.5719
-13.5100
-3.2900
-6.5800
450
495
530
457
456

0.2342
-0.7818
-0.5802
-10.8500
-9.2400
-5.4600
450
495
530
455
455

0.2474
-0.7788
-0.5656
-2.5900
15.9600
-7.9800
449
495
530
454
454

0.2830
-0.7954
-0.5890
-6.0200
-0.7000
-3.6400
449
495
529
456
455
