0.0712
-0.9614
-0.0346
1.7500
-0.2100
-1.6100
434
482
524
465
465

0.0644
-0.9926
-0.0537
6.0900
-3.6400
-5.2500
434
481
524
464
465

0.0688
-1.0067
-0.0268
0.9800
-5.3900
-4.6200
433
482
524
465
464

0.0820
-1.0004
-0.0400
4.8300
-8.4000
-4.0600
434
482
525
466
466

0.0737
-1.0033
-0.0239
0.9100
-5.6000
-4.2700
434
481
526
466
466

0.2006
-0.9643
-0.0410
1.1900
2.5200
-3.0800
434
481
524
461
461

0.0727
-1.0072
-0.0259
3.6400
-0.4900
2.0300
434
482
525
458
459

0.0508
-0.9945
-0.0195
3.5700
-1.0500
-1.8900
434
481
524
457
457

0.3206
-0.9472
-0.0468
4.7600
1.8900
-1.5400
433
481
525
457
457

0.0508
-0.9789
-0.0351
1.4700
-1.9600
0.4900
434
480
525
457
457

0.0420
-1.0067
-0.0273
-7.0000
-5.6700
-4.7600
434
480
524
458
457

0.0727
-0.9989
-0.0561
0.2800
-3.0800
-1.1200
434
482
524
459
458

0.0590
-0.9858
-0.0522
3.2900
-3.0100
-2.3800
433
481
525
459
459

0.0522
-1.0004
-0.0429
1.6100
-2.1700
-4.1300
433
481
525
459
459

0.0703
-0.9902
-0.0405
-0.6300
-3.2900
-2.4500
434
481
524
459
459

0.0595
-0.9931
-0.0464
1.3300
-2.9400
-2.9400
434
481
524
459
458

0.0630
-1.0024
-0.0537
0.9800
-2.3100
-2.8000
434
481
523
459
460

0.0825
-0.9877
-0.0590
0.7700
-3.3600
-1.7500
434
482
524
459
459

0.0786
-0.9897
-0.0503
1.8200
-7.0700
-2.6600
433
482
524
459
461

0.0561
-0.9965
-0.0405
3.5700
-4.6200
-1.4700
434
481
523
459
459

0.0615
-0.9960
-0.0410
-0.1400
-2.5900
-2.8700
434
481
524
459
460

0.0620
-0.9931
-0.0512
-0.9800
-3.2200
-3.0100
434
482
524
459
458

0.0678
-0.9950
-0.0556
1.4000
-3.1500
-3.3600
434
483
524
458
459

0.0742
-1.0019
-0.0634
2.1000
-3.9200
-1.6800
434
481
524
460
459

0.0649
-1.0009
-0.0429
0.9100
-3.9900
-1.6100
434
482
524
460
459

0.0590
-0.9921
-0.0517
0.9800
-3.4300
-1.8900
434
481
525
460
460

0.0620
-0.9941
-0.0561
-0.8400
-4.6900
-1.6100
435
482
524
460
460

0.0561
-0.9931
-0.0600
-3.0800
-4.2700
-1.8200
435
481
524
460
460

0.0615
-0.9960
-0.0649
-5.9500
-3.8500
-1.4700
436
481
525
460
460

0.0527
-1.0038
-0.0908
-6.1600
-2.6600
-0.6300
434
482
525
462
461

0.0381
-0.9862
-0.1083
-12.0400
-2.1700
-0.4200
434
482
525
462
463

0.0415
-0.9906
-0.1518
-5.7400
-1.1900
-1.3300
434
481
525
463
464

0.0464
-0.9667
-0.1405
-0.7700
-4.1300
-2.7300
434
482
526
464
464

0.0464
-0.9941
-0.1230
1.0500
-4.9000
-4.4100
434
481
526
464
464

0.0468
-0.9931
-0.1205
-0.4900
-4.4800
-3.9200
434
483
526
465
464

0.0351
-0.9926
-0.1298
3.1500
-3.7800
-4.2000
434
481
527
465
466

0.0468
-0.9867
-0.1249
1.1200
-4.1300
-3.5700
435
482
526
465
465

0.0386
-0.9906
-0.1327
3.1500
-3.5700
-4.4100
434
482
528
466
465

0.0498
-0.9911
-0.1279
1.5400
-3.5000
-3.9200
434
481
526
464
465

0.0498
-0.9887
-0.1274
1.8900
-2.3100
-3.4300
433
482
525
465
465

0.0478
-0.9921
-0.1425
1.2600
-3.5700
-2.5900
433
482
526
466
465

0.0483
-0.9994
-0.1235
1.8900
-4.0600
-1.8900
434
482
527
464
465

0.0449
-0.9941
-0.1264
2.8000
-3.6400
-1.3300
433
481
528
466
465

0.0473
-0.9989
-0.1308
1.3300
-4.3400
1.5400
434
481
526
465
465

0.0220
-0.9970
-0.1186
1.6800
-2.1700
1.8200
434
482
527
465
465

0.0171
-0.9843
-0.1386
-6.3700
0.0000
-0.9800
433
480
528
465
464

0.0298
-0.9789
-0.1420
0.5600
-3.9900
-0.7000
431
479
527
464
465

0.0181
-0.9809
-0.1444
2.0300
-2.4500
-1.4700
432
478
527
466
466

0.0234
-0.9980
-0.1279
-0.4200
-4.1300
-2.1700
430
475
526
466
466

0.0171
-0.9916
-0.1645
-1.8200
-4.2000
-3.3600
430
467
522
469
469

0.0166
-0.9897
-0.1718
-5.0400
4.0600
-1.5400
426
454
502
470
470

0.0288
-0.9843
-0.1801
-6.0900
0.7000
-1.6800
423
441
479
471
470

0.0332
-0.9755
-0.1781
-11.3400
-1.8200
-2.3100
420
430
457
471
473

0.0337
-1.0024
-0.2074
-10.0800
-1.9600
0.5600
415
414
420
471
470

-0.0093
-0.9531
-0.2362
-11.2000
-8.9600
1.3300
390
379
381
472
472

0.0200
-0.9614
-0.2396
-13.3000
-7.9800
0.2800
368
343
346
472
472

0.0381
-0.9765
-0.2152
-22.9600
-2.4500
6.5800
350
316
319
475
473

0.0102
-0.9599
-0.2616
17.9900
6.8600
17.1500
322
305
314
477
477

-0.0551
-0.9814
-0.2425
21.9800
5.6700
11.7600
283
289
305
478
478

-0.0503
-0.9433
-0.2450
6.7200
14.9800
11.4100
248
271
289
478
478

-0.0771
-0.9370
-0.2128
-1.6100
10.2900
12.8100
241
268
284
474
475

-0.0815
-0.9560
-0.2333
-24.1500
-13.5100
-4.3400
233
270
280
463
463

-0.0986
-0.9335
-0.2821
-21.2800
3.0800
4.1300
230
276
278
438
436

-0.1205
-0.9736
-0.3294
-20.5100
8.8200
9.5900
230
280
275
414
415

-0.1308
-0.9428
-0.3709
-15.8900
5.6000
3.7800
229
285
269
394
394

-0.1205
-0.9248
-0.3841
2.2400
-2.9400
-0.9800
229
287
266
384
383

-0.1288
-0.8921
-0.3704
-3.7100
-3.5000
-4.2000
230
287
264
374
375

-0.1220
-0.9116
-0.3689
2.6600
-2.2400
-1.4700
232
288
263
369
369

-0.1327
-0.9277
-0.3806
6.7900
-1.0500
-0.7000
232
289
263
364
363

-0.1401
-0.8896
-0.3772
2.2400
-3.9900
-2.6600
233
292
262
360
359

-0.1318
-0.9062
-0.3767
-0.7000
-3.1500
-1.1900
235
291
260
353
354

-0.1279
-0.8828
-0.3777
-2.4500
-6.5800
-3.5700
234
292
262
356
356

-0.1200
-0.9101
-0.3831
2.1700
-3.7100
-6.2300
236
293
263
354
354

-0.1064
-0.9121
-0.3787
-3.0800
-4.9000
-3.1500
235
292
263
353
354

-0.1293
-0.9057
-0.3806
1.1200
-4.3400
-5.3200
236
294
264
352
353

-0.1093
-0.8965
-0.3772
-3.3600
-5.4600
-2.3800
237
294
263
354
355

-0.1293
-0.9130
-0.4109
1.4700
-12.9500
-4.1300
237
293
267
362
363

-0.1401
-0.9277
-0.3899
1.3300
-6.0900
-3.8500
238
295
267
373
373

-0.1513
-0.8930
-0.3943
4.0600
-16.3100
-13.9300
239
296
271
390
390

-0.1391
-0.9043
-0.3699
16.8000
-15.4000
-17.9200
238
298
277
421
421

-0.0922
-0.9179
-0.3538
20.2300
-8.6800
-9.4500
241
305
288
437
438

-0.0952
-0.8999
-0.3211
11.7600
4.9700
-3.9900
242
308
290
451
451

-0.0717
-0.9540
-0.2933
6.5800
-1.1900
-1.7500
245
312
293
455
454

-0.0844
-0.9501
-0.3074
7.2800
-4.0600
-0.6300
244
312
296
457
457

-0.1113
-0.9433
-0.2991
3.6400
-4.8300
-3.8500
246
312
296
458
458

-0.1210
-0.9423
-0.3338
15.6100
-24.5000
-12.7400
260
316
336
471
470

-0.0932
-0.8652
-0.2743
40.8800
-5.8100
-11.8300
363
376
448
478
477

-0.0366
-0.9833
-0.1698
7.0000
7.2800
0.2800
421
453
506
480
480

-0.0766
-1.0053
-0.1576
3.1500
-8.1200
0.2800
439
485
521
482
483

-0.1030
-0.9843
-0.1859
8.7500
-1.6800
3.8500
447
499
525
483
483

-0.1015
-0.9843
-0.1845
6.7200
-7.3500
-5.3200
449
503
528
484
485

-0.1166
-0.9892
-0.2118
2.5200
-2.3800
0.1400
452
506
529
484
486

-0.1083
-0.9799
-0.1981
5.1800
-1.4700
-2.9400
455
506
530
485
485

-0.1103
-0.9784
-0.2020
9.5900
-4.6200
-3.7100
454
507
531
485
486

-0.1191
-0.9799
-0.1879
3.7100
-3.2200
-3.0800
454
508
531
485
486

-0.1074
-0.9760
-0.1937
4.6900
-5.6700
-3.9200
454
508
531
486
486

-0.1127
-0.9711
-0.1850
0.4200
-3.5000
-3.3600
454
508
531
486
486

-0.1127
-0.9526
-0.1884
0.9800
-4.2000
-4.7600
452
508
531
486
486

-0.1142
-0.9950
-0.1957
-20.5800
4.4800
-0.7000
454
505
530
486
486

-0.0908
-0.9511
-0.2547
-6.7900
1.5400
0.7700
451
496
528
486
486

-0.1196
-0.9453
-0.2655
-3.1500
1.9600
-0.5600
444
477
510
487
486

-0.0981
-0.9560
-0.2455
-11.5500
2.8000
5.1100
436
456
486
485
485

-0.1147
-0.9306
-0.2757
-10.5000
-3.9900
3.5700
417
413
458
485
484

-0.1293
-0.9209
-0.2948
1.1900
-5.1100
-1.4000
388
380
421
484
485

-0.1244
-0.9311
-0.2884
7.0700
-2.5900
-0.7000
361
356
390
483
484

-0.1381
-0.9457
-0.2835
-7.5600
-5.2500
6.3700
333
335
370
480
481

-0.1303
-0.9394
-0.3070
-31.6400
3.8500
13.1600
306
322
353
476
477

-0.1850
-0.8838
-0.3860
-25.0600
-1.7500
2.5200
286
314
341
468
469

-0.1898
-0.9033
-0.4207
5.6000
-9.1000
-5.4600
271
307
335
466
466

-0.1874
-0.8843
-0.3919
11.4100
-4.7600
-5.9500
262
306
336
465
466

-0.1703
-0.8999
-0.3802
3.1500
2.9400
4.5500
257
304
335
465
464

-0.1669
-0.8994
-0.3792
-16.4500
2.9400
5.7400
253
303
335
461
461

-0.1928
-0.9248
-0.4563
-19.3900
2.3100
5.9500
252
304
331
455
455

-0.2162
-0.8579
-0.4699
-2.8000
0.4200
1.1200
252
308
326
449
451

-0.1767
-0.8433
-0.4538
-18.2000
-3.5000
-3.7800
252
308
321
444
445

-0.1781
-0.8145
-0.4851
-7.3500
-1.6100
-1.2600
253
314
320
443
443

-0.1889
-0.8408
-0.4914
-8.4000
-6.2300
-5.7400
254
315
318
441
441

-0.1796
-0.8486
-0.4929
-0.9100
-3.5700
-4.6200
254
316
318
443
441

-0.1762
-0.8667
-0.5280
-4.3400
-9.2400
-10.5700
258
316
317
446
445

-0.2074
-0.8164
-0.5061
5.9500
-7.9800
-6.5100
258
317
320
452
452

-0.1976
-0.8530
-0.4787
13.0900
-4.6900
-9.3800
258
316
321
457
458

-0.1669
-0.8296
-0.4592
9.1700
-0.7700
-1.5400
260
319
321
459
460

-0.1806
-0.8613
-0.4597
6.0900
-4.4800
-6.3700
261
319
323
461
462

-0.1781
-0.8374
-0.4475
1.6100
-3.4300
-4.3400
263
321
324
462
462

-0.1703
-0.8394
-0.4470
-3.9200
-5.2500
-4.2000
263
320
324
462
462

-0.1620
-0.8599
-0.4382
9.4500
-11.5500
-6.3000
264
322
326
462
463

-0.1723
-0.8926
-0.4075
11.9000
-18.3400
-11.9000
270
328
338
466
466

-0.1864
-0.8764
-0.4158
24.5700
-17.0100
-17.9900
286
336
385
474
472

-0.1630
-0.8901
-0.3216
19.3900
-14.9100
-11.3400
302
340
410
476
476

-0.1440
-0.9174
-0.2982
13.5100
-16.3100
-13.9300
322
354
432
477
477

-0.1386
-0.9184
-0.2938
13.5100
-18.6200
-19.3200
376
401
462
479
479

-0.1225
-0.9570
-0.2582
10.5700
-6.8600
-9.8700
416
446
492
481
482

-0.1259
-0.9399
-0.2357
1.8900
-5.6700
-7.4200
432
469
511
482
482

-0.0942
-0.9370
-0.2284
-4.0600
-1.9600
-6.1600
439
483
519
482
482

-0.1083
-0.9355
-0.2416
-5.1800
-9.6600
-2.6600
446
492
524
483
482

-0.1186
-0.9238
-0.2684
-6.7900
-4.9000
-2.3800
448
497
526
483
483

-0.1039
-0.9316
-0.3192
-14.2800
-1.7500
-3.3600
449
500
528
485
485

-0.1264
-0.9433
-0.2913
3.0100
-3.5700
-2.1000
449
502
530
484
485

-0.1215
-0.9321
-0.2621
1.5400
-5.3900
-1.8900
451
503
530
485
485

-0.1240
-0.9409
-0.2489
1.5400
-3.6400
-1.1900
452
505
531
485
485

-0.1298
-0.9448
-0.2528
1.0500
-3.1500
-2.5900
453
504
531
486
485

-0.1210
-0.9477
-0.2586
0.7700
-2.7300
-3.0800
452
504
531
486
486

-0.1210
-0.9399
-0.2469
-1.2600
-1.4700
-1.1200
451
506
531
485
485

-0.0005
-0.9472
-0.2489
5.8100
-6.2300
-2.3800
452
505
532
487
485

-0.1396
-0.9721
-0.2660
-20.2300
4.1300
-0.7000
449
493
527
486
485

-0.1405
-0.9228
-0.2855
-25.3400
11.2000
9.1700
445
467
493
485
485

-0.1357
-0.9062
-0.3455
-5.1800
0.0700
4.6900
435
435
464
485
484

-0.1303
-0.9062
-0.3440
-2.1700
-2.3800
0.7000
414
402
429
483
483

-0.1552
-0.8886
-0.3543
7.1400
-3.0800
-2.3100
388
376
397
481
483

-0.1571
-0.8882
-0.3523
1.6100
4.4100
1.6100
357
349
368
481
481

-0.1479
-0.9326
-0.3577
-7.0000
0.1400
3.2900
327
327
338
478
479

-0.1752
-0.9335
-0.3831
5.6000
-8.5400
-2.1700
304
314
327
478
476

-0.1835
-0.9277
-0.3650
21.9100
-11.7600
-6.2300
283
299
313
475
475

-0.1845
-0.9306
-0.3055
14.9100
-5.8800
-1.6800
268
286
304
470
471

-0.1767
-0.9350
-0.2957
3.1500
-1.4700
0.0000
258
279
298
466
466

-0.1747
-0.9238
-0.3177
2.1000
-3.1500
-0.8400
252
273
292
462
461

-0.1796
-0.9145
-0.3045
-1.4700
1.4000
-1.0500
246
271
289
449
449

-0.1640
-0.9379
-0.3094
-4.7600
-6.5100
-2.1700
245
273
286
435
435

-0.1767
-0.9331
-0.3265
2.3100
-10.0800
-7.9800
243
274
288
435
434

-0.1728
-0.9301
-0.3113
7.1400
-6.9300
-5.4600
246
275
290
441
441

-0.1850
-0.9433
-0.3070
3.3600
-5.1800
-3.7100
246
276
293
443
445

-0.1879
-0.9296
-0.2957
6.2300
-3.0800
-3.0800
245
277
296
445
445

-0.1737
-0.9257
-0.2879
3.7800
-2.5200
-3.2200
248
277
298
446
445

-0.1806
-0.9350
-0.2913
3.0800
-4.6900
-4.3400
249
278
297
447
446

-0.1796
-0.9360
-0.2923
2.0300
-2.3800
-4.4100
249
276
298
446
447

-0.1684
-0.9306
-0.2879
1.7500
-4.5500
-3.4300
249
280
298
446
446

-0.1757
-0.9189
-0.2889
2.8000
-5.3200
-3.8500
250
279
300
446
446

-0.1747
-0.9340
-0.2835
2.7300
-5.3200
-5.2500
252
279
301
446
446

-0.1703
-0.9467
-0.2801
3.7100
-7.4900
-9.3800
255
283
305
448
448

-0.1566
-0.9223
-0.2826
-6.7900
-7.3500
-11.0600
267
293
315
452
451

-0.1532
-0.9301
-0.2796
11.9700
-13.5800
-14.0000
297
316
343
458
459

-0.1503
-0.9384
-0.2440
8.9600
0.7000
-10.1500
351
356
393
461
461

-0.1342
-0.9433
-0.3694
4.2000
0.9800
-5.0400
390
402
447
464
464

-0.1454
-0.9472
-0.2216
3.5700
2.5200
-7.0700
409
436
484
468
469

-0.1176
-0.9545
-0.2406
2.5200
-3.1500
-5.9500
423
455
506
471
471

-0.1230
-0.9506
-0.2352
10.2200
-3.2900
-4.2700
426
462
511
471
472

-0.1166
-0.9604
-0.2494
3.8500
-4.2000
-1.9600
431
469
518
472
472

-0.1308
-0.9731
-0.2484
15.4000
-11.9000
-7.2800
434
480
522
474
475

-0.1200
-0.9565
-0.2401
10.8500
0.2100
-0.8400
435
487
526
477
477

-0.1279
-0.9692
-0.2411
8.4000
-3.4300
-0.2100
437
492
528
479
481

-0.1220
-0.9692
-0.2318
5.9500
-3.9900
-4.9000
439
495
529
483
481

-0.1254
-0.9687
-0.2313
6.3700
-3.9200
-2.7300
442
497
530
483
482

-0.1044
-0.9716
-0.2425
5.6700
-2.8000
-1.7500
441
497
532
483
482

-0.1240
-0.9760
-0.2328
9.1700
-5.4600
-6.7200
441
497
531
482
483

-0.1069
-0.9740
-0.2259
0.7000
-2.9400
-3.1500
441
497
530
482
482

-0.1074
-0.9628
-0.2347
-0.3500
-3.2200
-3.2200
440
496
530
483
482

-0.1025
-0.9487
-0.2430
-2.3100
0.3500
-2.2400
440
494
530
482
482

-0.0996
-0.9667
-0.2401
-5.4600
-3.0800
-2.7300
440
494
530
481
482

-0.1059
-0.9677
-0.2577
-6.0200
-1.3300
2.7300
439
486
528
481
481

-0.1181
-0.9579
-0.2669
-6.2300
3.2200
0.0000
435
474
508
480
480

-0.1293
-0.9462
-0.2860
1.4700
8.6100
4.0600
427
451
476
479
481

-0.1186
-0.9726
-0.2830
3.6400
-1.4000
-2.1000
414
422
444
477
477

-0.1147
-0.9736
-0.2801
13.2300
-5.9500
-1.1900
399
392
409
473
474

-0.1122
-0.9721
-0.2796
6.6500
0.6300
5.4600
383
364
371
469
469

-0.0869
-0.9496
-0.2923
-8.9600
3.2200
2.1700
357
346
353
456
456

-0.1327
-0.9170
-0.2948
-9.3100
-6.5100
-3.1500
328
331
336
447
447

-0.1362
-0.9292
-0.3109
-11.2000
-3.3600
2.3800
303
320
323
442
441

-0.1723
-0.9457
-0.3357
-9.2400
-7.2100
-0.4200
285
312
312
437
436

-0.1737
-0.9248
-0.3436
-14.4200
-13.4400
-14.0000
269
305
307
434
435

-0.1537
-0.9028
-0.3572
6.9300
-8.1200
-6.3000
264
307
307
437
438

-0.1542
-0.9540
-0.3431
5.8100
-6.0900
-5.7400
262
310
306
443
443

-0.1508
-0.9570
-0.3470
13.3000
-4.6200
-2.5900
265
314
307
448
448

-0.1566
-0.9174
-0.3260
20.0900
-2.5200
-9.1700
266
319
311
453
454

-0.1713
-0.9111
-0.3050
9.3100
9.1700
-0.9800
260
322
313
457
457

-0.1103
-0.9428
-0.3143
-1.8200
6.3700
9.4500
259
325
315
457
457

-0.1493
-0.9399
-0.3201
-8.9600
1.6100
1.1200
262
328
316
455
456

-0.1449
-0.9199
-0.3470
0.8400
-1.7500
2.9400
264
330
316
455
455

-0.1601
-0.9213
-0.3460
1.4000
-3.9200
-0.1400
263
329
320
455
454

-0.1508
-0.9067
-0.3538
1.6100
-3.2900
-1.4700
265
331
320
457
456

-0.1415
-0.9077
-0.3323
-1.6100
-3.6400
-3.7100
264
331
320
456
454

-0.1552
-0.9140
-0.3475
-3.5700
-2.3100
-1.4700
265
331
321
453
453

-0.1537
-0.9072
-0.3484
-2.2400
-4.0600
-1.4700
265
333
321
453
452

-0.1586
-0.9087
-0.3553
0.7700
-2.8000
-6.0200
265
334
322
450
451

-0.1435
-0.9209
-0.3440
-1.3300
-6.6500
-0.0700
265
334
323
449
449

-0.1557
-0.9296
-0.3509
-1.1900
-2.8000
2.1000
269
334
326
451
451

-0.1674
-0.8974
-0.3567
-1.1900
-7.6300
5.6700
273
340
335
454
454

-0.1884
-0.8969
-0.3382
21.1400
-15.1200
-5.5300
285
357
378
460
460

-0.1918
-0.9409
-0.2708
29.0500
-20.6500
-14.2800
331
384
423
466
467

-0.1698
-0.9321
-0.2059
35.0000
-4.2700
-12.1100
374
412
453
471
469

-0.1620
-0.9740
-0.1601
10.7800
2.1700
-3.5700
406
438
479
474
472

-0.1757
-0.9726
-0.1645
8.7500
3.4300
0.4900
429
461
505
476
475

-0.1469
-0.9584
-0.1371
9.7300
-1.3300
-0.2100
443
477
519
478
478

-0.1669
-0.9618
-0.1298
5.8800
-3.9200
4.0600
447
488
524
482
480

-0.1474
-0.9740
-0.1503
4.5500
-6.2300
-3.5000
449
494
528
482
482

-0.1737
-0.9628
-0.1322
-0.0700
-1.2600
-3.2900
451
498
529
483
482

-0.1610
-0.9828
-0.1415
-0.0700
-0.5600
-3.4300
451
500
529
483
483

-0.1791
-0.9770
-0.1225
4.8300
-1.8900
-3.0100
451
499
530
483
483

-0.1742
-0.9716
-0.1435
7.1400
-2.5900
-4.2700
451
501
531
483
483

-0.1737
-0.9862
-0.1381
7.4900
-3.6400
-2.7300
451
500
530
484
484

-0.1713
-0.9784
-0.1659
-0.8400
-2.5200
-2.5200
450
500
530
484
484

-0.1771
-0.9731
-0.1513
4.6200
-2.7300
-2.8700
451
498
530
483
483

-0.1547
-0.9658
-0.1440
-6.7900
0.3500
-1.5400
449
494
530
482
484

-0.1674
-0.9784
-0.1786
0.3500
-2.2400
-0.8400
443
490
530
483
484

-0.1723
-0.9692
-0.1845
-6.9300
7.1400
4.6200
432
480
528
483
483

-0.2108
-0.9609
-0.2259
-11.4100
-2.3800
-1.9600
407
454
520
482
482

-0.1898
-0.9628
-0.2420
-8.2600
-5.0400
1.9600
378
434
493
480
480

-0.2025
-0.9833
-0.2499
14.0700
-17.8500
-8.6800
342
403
466
480
480

-0.1825
-0.9706
-0.2054
-5.8100
-9.4500
2.1700
308
375
431
477
477

-0.1991
-0.9501
-0.1781
-16.3800
3.7800
8.8900
282
352
390
470
471

-0.2172
-0.9165
-0.2455
-26.1800
4.7600
5.9500
260
339
372
454
454

-0.2103
-0.9213
-0.2733
-37.1000
9.3100
5.0400
248
331
355
441
441

-0.2367
-0.9062
-0.3309
-27.3000
2.0300
2.0300
242
326
340
432
431

-0.2435
-0.8823
-0.3870
-8.8200
0.0000
-7.3500
239
320
327
427
427

-0.2294
-0.8662
-0.3802
-6.0900
-6.7200
-11.3400
237
318
320
422
422

-0.2206
-0.8721
-0.3777
-7.8400
-3.2200
-7.4200
236
318
320
421
420

-0.2172
-0.8794
-0.3743
-6.2300
-4.1300
-6.4400
237
321
320
419
419

-0.2118
-0.8633
-0.3777
-11.8300
-11.1300
-11.1300
236
322
319
419
419

-0.2040
-0.8833
-0.4055
-6.6500
-9.7300
-12.1100
236
323
321
422
421

-0.2128
-0.8760
-0.3997
-4.7600
-7.7700
-5.2500
236
326
322
426
426

-0.2323
-0.8935
-0.4060
-0.9100
-4.9700
-6.0200
238
326
325
430
430

-0.2225
-0.8584
-0.4070
-0.5600
-6.4400
-6.0900
238
326
326
434
434

-0.2211
-0.8867
-0.4080
0.3500
-8.1900
-8.2600
239
327
329
439
438

-0.2094
-0.8730
-0.3797
-0.4900
-5.9500
-5.8800
238
328
331
443
443

-0.2289
-0.8916
-0.3826
0.3500
-3.7800
-7.0700
239
329
332
445
444

-0.2230
-0.8940
-0.3899
7.4900
-5.7400
-4.3400
240
329
333
444
445

-0.2133
-0.9174
-0.3767
6.3700
-7.4200
-6.5800
239
329
334
447
447

-0.2123
-0.9072
-0.3728
2.8000
-1.3300
-3.5000
241
329
333
449
448

-0.2015
-0.8965
-0.3719
-3.4300
-1.9600
-4.4800
241
328
335
447
447

-0.1967
-0.8955
-0.3792
0.3500
-5.3900
-6.1600
240
331
336
446
447

-0.2128
-0.8984
-0.3855
3.7100
-14.0000
-6.3700
247
331
346
449
448

-0.2142
-0.8950
-0.3743
19.5300
-7.0000
-14.9800
259
340
364
454
455

-0.1976
-0.8974
-0.3260
20.9300
-34.0200
-32.9700
301
377
412
466
465

-0.1625
-0.9257
-0.2474
18.9700
-14.7700
-19.1800
357
415
449
470
470

-0.1391
-0.9457
-0.2176
-1.1900
-12.1800
-10.6400
398
444
487
473
475

-0.1610
-0.8872
-0.2494
5.2500
-5.9500
-6.8600
426
471
516
478
478

-0.1669
-0.9999
-0.2220
17.0100
-1.9600
-4.0600
436
487
526
482
482

-0.1435
-0.9692
-0.2069
6.0200
4.1300
-3.4300
442
495
528
482
482

-0.1318
-0.9550
-0.1893
-7.0000
2.3100
1.8200
446
499
530
485
483

-0.1449
-0.9692
-0.2079
-4.6200
4.0600
-1.5400
450
503
532
486
486

-0.1537
-1.0092
-0.2552
-8.4700
7.3500
-3.0100
452
503
532
485
485

-0.1513
-0.9111
-0.2747
-1.6100
1.6800
-12.2500
452
504
532
485
485

-0.0976
-0.9462
-0.2533
-9.5200
2.5900
-18.5500
452
504
532
483
483

-0.0688
-0.8638
-0.2460
-15.6100
1.4000
-10.7100
451
503
531
481
481

-0.0571
-0.9091
-0.3216
-17.7100
-17.6400
-17.7800
450
501
532
480
479

-0.0303
-0.9262
-0.2381
-9.1000
-15.6100
-19.6700
448
500
530
478
478

-0.0381
-0.9531
-0.2996
-12.8800
-10.3600
-10.0100
447
496
529
475
475

-0.0722
-0.9516
-0.3094
-12.6000
-9.2400
-13.6500
445
495
528
472
474

0.0039
-0.9223
-0.3406
-1.0500
-5.3900
-1.9600
445
494
527
471
469

-0.0210
-0.9370
-0.3518
2.6600
1.8900
1.8900
444
492
527
468
468

-0.0332
-0.9199
-0.3514
-0.8400
3.2200
-2.8700
446
493
527
468
468

-0.0185
-0.9370
-0.3177
1.1200
3.9200
-3.2200
445
493
527
468
469

-0.0200
-0.9121
-0.3367
-1.7500
39.2700
-1.8900
444
492
527
468
470

-0.0024
-0.9623
-0.2962
6.5100
5.2500
1.6800
444
492
526
469
468

0.0049
-0.9643
-0.3089
3.0100
-2.0300
1.3300
444
492
526
468
468

0.0068
-0.9575
-0.3606
5.6700
-11.8300
4.5500
445
492
528
468
468

-0.0878
-0.9428
-0.2733
-5.3900
-7.2100
-2.3800
444
492
528
468
468