-0.4143
-0.8789
0.1884
3.6400
-4.6900
-1.9600
419
478
518
413
414

-0.4172
-0.8769
0.1889
4.0600
-4.1300
-1.9600
419
478
518
413
414

-0.4148
-0.8735
0.2059
2.6600
-3.5000
-2.5200
419
479
519
413
414

-0.4216
-0.8711
0.2020
2.8000
-4.2000
-2.1000
418
478
518
414
414

-0.4250
-0.9989
0.1991
3.2200
-3.5000
-2.5900
416
478
518
412
413

-0.4187
-0.8818
0.1967
2.5900
-3.9900
-4.4800
417
478
518
414
412

-0.3972
-0.8818
0.2157
2.2400
-3.8500
4.4100
418
477
518
414
414

-0.4665
-0.8618
0.2181
0.0700
-6.8600
-8.4000
417
478
518
416
414

-0.4602
-0.8525
0.2011
7.7700
-4.6200
-7.7000
418
478
517
414
414

-0.4153
-0.8784
0.1932
4.0600
-2.8700
-6.9300
419
476
518
412
414

-0.3880
-0.8862
0.1996
2.1000
-2.2400
-11.0600
418
478
518
414
413

-0.3494
-0.8901
0.2367
-4.1300
-1.7500
-1.8200
418
478
518
416
413

-0.3987
-0.8662
0.1986
-4.5500
-4.9000
3.0100
418
478
518
414
414

-0.4377
-0.8213
0.1635
3.1500
-4.2000
2.8000
418
478
517
412
413

-0.4221
-0.8799
0.2103
14.9800
-4.9700
-7.7700
418
478
518
413
416

-0.3753
-0.9248
0.2255
-2.2400
-3.1500
-1.1900
419
478
518
414
414

-0.4275
-0.8462
0.1889
-3.7800
-1.9600
0.1400
419
478
517
412
414

-0.4446
-0.8721
0.2006
4.9700
-2.5900
-2.9400
419
478
517
413
414

-0.4163
-0.8852
0.2162
0.7700
-3.4300
-1.4700
419
478
518
414
414

-0.4221
-0.8540
0.1835
2.3100
-1.4000
-1.4700
417
478
518
412
415

-0.4168
-0.8764
0.2040
2.5900
-1.7500
-3.9900
419
477
518
414
414

-0.4070
-0.8784
0.1962
1.8200
-4.0600
-1.8900
419
478
518
414
412

-0.4265
-0.8691
0.1972
3.0100
-4.6200
-2.3800
421
478
518
416
414

-0.4246
-0.8711
0.2176
2.2400
-4.0600
-3.0100
418
478
518
414
413

-0.4270
-0.8682
0.2015
1.9600
-3.7100
-3.1500
418
478
517
414
414

-0.4236
-0.8677
0.2113
2.4500
-2.8700
-3.4300
419
478
518
414
414

-0.4216
-0.8682
0.2113
1.5400
-3.7800
-4.0600
419
478
517
414
414

-0.4133
-0.8638
0.2050
2.2400
-4.4100
-2.9400
418
478
516
414
415

-0.4314
-0.8745
0.1986
1.6100
-3.9200
-3.5700
421
478
520
414
414

-0.4187
-0.8672
0.2074
1.4000
-3.0800
-3.0100
418
478
517
414
414

-0.4197
-0.8638
0.2142
1.1200
-4.0600
-0.4900
418
477
518
413
414

-0.4319
-0.8735
0.2030
2.9400
-4.3400
-3.0800
419
478
518
415
414

-0.4299
-0.8755
0.1996
2.6600
-3.3600
-4.8300
418
478
518
414
414

-0.4255
-0.8623
0.2045
2.2400
-2.8000
-4.4800
419
478
517
415
414

-0.4114
-0.8560
0.2094
2.3100
-2.8700
-2.7300
418
480
518
414
414

-0.4207
-0.8745
0.2079
1.1200
-3.7100
-4.0600
418
477
520
415
414

-0.4177
-0.8628
0.2113
0.7700
-2.7300
-3.9200
419
477
517
414
414

-0.4192
-0.8672
0.1972
2.5900
-3.5000
-3.5000
419
478
517
414
414

-0.4138
-0.8774
0.2108
0.0700
-4.6900
-2.8700
418
478
517
414
413

-0.4226
-0.8608
0.1957
2.1700
-4.8300
-2.6600
418
478
517
414
414

-0.4231
-0.8769
0.1986
3.0800
-3.9200
-2.9400
418
478
517
415
415

-0.4187
-0.8745
0.2103
1.3300
-3.7800
-3.0800
419
478
517
414
414

-0.4294
-0.8833
0.2147
0.4200
-4.4100
-4.8300
418
478
518
414
414

-0.4285
-0.8594
0.1986
0.0700
-4.0600
-4.4100
419
479
517
414
413

-0.3963
-0.8667
0.1923
3.6400
-5.6700
-2.6600
419
477
518
415
416

-0.4060
-0.8667
0.2089
1.2600
-6.1600
1.6100
418
478
517
414
414

-0.4343
-0.8901
0.2157
1.1900
-5.3200
-4.2000
419
478
517
415
414

-0.4265
-0.8652
0.2040
-0.9100
-4.5500
-3.5000
419
478
518
414
414

-0.4216
-0.8701
0.1981
1.7500
-4.1300
-4.3400
418
478
520
415
414

-0.4168
-0.8735
0.1996
0.8400
-3.9200
-4.7600
418
478
518
413
414

-0.3997
-0.8657
0.2040
0.3500
-4.3400
-2.3100
419
478
518
415
415

-0.4148
-0.8662
0.1923
2.3100
-4.2700
-2.1000
419
477
517
415
416

-0.4182
-0.8716
0.2059
1.8200
-3.5700
-3.3600
420
478
518
414
414

-0.4109
-0.8638
0.2011
2.1700
-3.7100
-1.9600
419
478
518
414
414

-0.4128
-0.8716
0.2045
2.3100
-3.9200
-2.2400
418
478
517
414
415

-0.4163
-0.8789
0.2001
1.8900
-3.8500
-2.8700
418
478
517
414
414

-0.4163
-0.8725
0.2020
1.6800
-2.9400
-2.8700
419
478
517
414
414

-0.4211
-0.8774
0.1996
1.5400
-3.5700
-3.7800
418
477
518
413
415

-0.4133
-0.8862
0.2011
-0.9100
-3.0800
-3.9200
418
478
517
414
414

-0.4119
-0.8779
0.1952
-0.3500
-4.4100
-6.6500
418
478
516
415
415

-0.4041
-0.8843
0.1932
-1.6100
-4.5500
-5.7400
417
480
517
415
414

-0.4075
-0.8804
0.1879
-4.2000
-3.2900
-6.0900
418
478
520
415
415

-0.4099
-0.9008
0.1903
-5.8800
-3.3600
-7.9800
419
478
517
414
414

-0.3924
-0.8891
0.1635
-8.1900
-3.9200
-8.2600
418
478
518
416
415

-0.3792
-0.8926
0.1640
-3.9900
-4.3400
-5.4600
418
478
518
415
415

-0.3826
-0.9165
0.1474
-4.3400
-6.4400
-9.0300
418
478
518
414
415

-0.3640
-0.9052
0.1157
6.7900
-8.1200
-15.0500
419
479
519
416
416

-0.3518
-0.8950
0.1288
11.2000
-4.9000
-4.0600
419
482
518
420
421

-0.3504
-0.9072
0.1527
0.4200
-7.4900
-7.4200
421
484
519
422
422

-0.3665
-0.9267
0.1435
-0.9800
-14.8400
-10.7100
425
487
520
422
423

-0.3396
-0.9043
0.1659
-7.4200
-9.5900
-10.9900
428
488
522
422
422

-0.3143
-0.9087
0.1342
-26.3900
-1.4000
6.0900
427
487
520
423
423

-0.3460
-0.9228
0.1020
-18.4800
0.8400
-6.0900
418
481
509
419
420

-0.3382
-0.9277
0.0586
-10.9900
-0.9100
4.4100
405
475
504
416
417

-0.3601
-0.9043
0.0620
-4.8300
-0.9800
3.9200
393
463
498
413
413

-0.3426
-0.9345
0.0332
-11.9700
-4.3400
4.9000
385
457
495
412
412

-0.3450
-0.9048
0.0054
-6.3700
-2.6600
-0.7000
371
442
496
409
409

-0.3523
-0.9623
-0.0063
-19.2500
-6.8600
-4.7600
353
423
498
409
407

-0.3611
-0.8852
-0.0244
0.4900
-2.3100
0.5600
336
406
500
404
403

-0.3567
-0.9209
-0.0234
35.6300
-4.9700
-2.2400
331
401
506
401
401

-0.3416
-0.8930
0.0078
8.1200
-0.9100
7.4200
337
399
510
391
393

-0.3753
-0.8950
-0.0181
16.3100
3.0800
8.3300
357
410
514
380
378

-0.3899
-0.8872
0.0498
-6.3000
10.1500
14.8400
384
415
516
357
359

-0.4426
-0.8965
-0.0112
-11.1300
-14.4200
5.1100
388
420
517
337
335

-0.4787
-0.8960
-0.0220
-2.4500
-12.6000
-4.8300
391
429
514
326
325

-0.4138
-0.8955
-0.0224
-13.5100
-14.2800
-7.7700
379
443
515
321
321

-0.4616
-0.8882
-0.0483
-14.4900
-12.7400
-3.3600
378
464
513
312
313

-0.4382
-0.9243
-0.0551
-16.7300
-23.3800
-0.4200
374
468
509
297
297

-0.3806
-0.8974
-0.0810
-40.3900
-7.0000
3.4300
359
447
474
282
281

-0.4158
-0.8389
-0.1488
-20.5100
-10.2900
-2.8700
344
391
433
269
270

-0.4704
-0.8847
-0.2050
-11.2700
-7.5600
0.0700
332
353
386
254
255

-0.4900
-0.8530
-0.1562
-7.6300
-2.6600
-3.8500
319
333
355
237
237

-0.4787
-0.8355
-0.1698
-6.3000
-4.8300
-6.7200
310
322
333
225
223

-0.4704
-0.8228
-0.1893
5.8100
-6.5100
-7.4200
299
313
322
218
215

-0.4651
-0.8638
-0.1757
1.8900
-3.5700
-5.6000
284
302
314
217
217

-0.4636
-0.8706
-0.1923
-3.9900
-8.6800
-8.3300
275
296
309
218
215

-0.4431
-0.8564
-0.1932
-7.3500
-5.2500
-7.0000
272
295
307
217
216

-0.4514
-0.8686
-0.2074
-10.1500
-2.2400
-13.5800
269
295
306
219
220

-0.4153
-0.8520
-0.2206
-2.1700
-5.3900
-9.4500
266
291
303
221
220

-0.4143
-0.8560
-0.2015
-2.3800
-5.3200
-6.1600
263
288
302
223
221

-0.3982
-0.8633
-0.2201
0.9800
-8.6800
-5.6000
262
288
301
222
221

-0.3909
-0.8672
-0.2250
4.8300
-11.4800
-4.4800
263
286
298
223
223

-0.4324
-0.8735
-0.2250
3.5700
-5.6700
-2.8700
262
283
299
223
224

-0.4187
-0.8852
-0.2381
6.5800
-5.1100
-6.3700
261
286
300
225
225

-0.3928
-0.8603
-0.2089
4.9700
-3.7100
-2.3100
263
286
299
225
225

-0.4021
-0.8901
-0.2084
2.3100
-4.8300
-4.2700
263
289
298
225
225

-0.4065
-0.8594
-0.2069
3.5000
-4.4800
-2.8000
262
286
302
227
227

-0.4011
-0.8740
-0.2206
3.0100
-4.0600
-4.2700
263
288
300
227
229

-0.4080
-0.8867
-0.2128
3.6400
-4.7600
-5.2500
264
289
303
228
228

-0.4055
-0.8984
-0.2054
4.1300
-4.6900
-3.9200
264
289
301
229
231

-0.4021
-0.8618
-0.1830
-9.8700
3.0100
3.6400
265
292
309
230
230

-0.4055
-0.9994
-0.2216
-8.3300
3.3600
4.6900
265
301
317
233
233

-0.4099
-0.8520
-0.2015
-12.6000
15.1900
5.5300
273
315
334
235
236

-0.4177
-0.8511
-0.2835
-3.0800
9.1000
3.0800
296
340
369
254
252

-0.4363
-0.8086
-0.3074
-4.8300
2.4500
-0.2800
328
378
420
285
286

-0.4543
-0.8511
-0.2689
4.5500
-6.7200
-14.0000
357
396
443
306
307

-0.3909
-0.8886
-0.3143
42.7700
-24.2900
-7.3500
386
419
467
338
338

-0.3928
-0.8711
-0.1952
18.5500
-1.6100
-14.9800
394
440
483
366
366

-0.4485
-0.8711
-0.1898
9.3100
-8.0500
-1.0500
407
454
498
386
386

-0.3758
-0.8677
-0.1698
13.8600
-14.1400
-4.9700
416
468
508
402
402

-0.4002
-0.8896
-0.1649
17.7100
-4.9000
-6.2300
422
477
516
410
410

-0.3753
-0.9077
-0.1625
10.0100
-6.7200
-9.3100
429
486
520
423
422

-0.3797
-0.8774
-0.1230
5.6000
-2.3800
-10.4300
432
492
524
434
433

-0.3636
-0.9111
-0.1196
-1.7500
-3.1500
-8.2600
435
496
526
444
444

-0.3562
-0.9233
-0.1532
6.0900
-2.9400
-6.4400
435
497
527
449
449

-0.3445
-0.9052
-0.1254
3.1500
-1.7500
-1.7500
437
499
529
451
450

-0.3377
-0.9267
-0.1371
3.8500
-3.8500
-5.1100
437
499
528
451
451

-0.3406
-0.9238
-0.1449
-0.4900
-3.6400
-5.1800
437
499
528
451
451

-0.3343
-0.9130
-0.1318
0.1400
-3.4300
-3.0800
436
502
528
452
452

-0.3279
-0.9155
-0.1410
2.3100
-3.3600
-2.3100
436
500
528
451
451

-0.3440
-0.9213
-0.1420
2.9400
-2.5900
-2.5200
435
499
528
449
452

-0.3421
-0.9248
-0.1488
4.8300
-2.3800
-1.7500
435
501
529
450
450

-0.3270
-0.9209
-0.1469
2.3100
-3.5000
1.6800
436
499
527
449
448

-0.3431
-0.9126
-0.1415
1.0500
-0.8400
1.8900
433
498
527
448
448

-0.3548
-0.9238
-0.1430
3.0100
3.3600
0.9100
429
496
526
446
445

-0.3499
-0.9277
-0.1547
10.5700
0.4900
18.3400
423
496
526
445
446

-0.3943
-0.9228
-0.1606
6.3700
9.6600
11.0600
411
490
525
445
445

-0.4080
-0.9023
-0.1635
4.2700
0.2100
2.9400
391
467
525
445
446

-0.3904
-0.8696
-0.1523
12.1100
3.5700
-10.2900
372
443
527
444
444

-0.4182
-0.9111
-0.0932
12.7400
0.4900
-13.4400
373
440
526
442
442

-0.3762
-0.8838
-0.1157
3.0100
4.7600
0.0700
371
444
526
437
439

-0.3777
-0.8818
-0.0996
3.0800
-4.2700
0.9800
366
454
524
426
428

-0.3777
-0.8682
-0.1249
3.9200
6.3000
2.4500
365
454
523
416
416

-0.4265
-0.8945
-0.1064
-17.6400
-8.5400
-4.4100
365
447
522
401
400

-0.3606
-0.8813
-0.1547
-20.9300
-11.7600
2.5200
355
438
521
386
387

-0.4138
-0.9096
-0.2084
-15.4700
-21.0700
-1.8900
337
431
519
373
373

-0.3992
-0.9130
-0.2103
-14.0000
-10.3600
-7.0700
330
418
519
362
362

-0.3987
-0.8804
-0.2157
-12.2500
-13.6500
-7.4200
322
413
514
347
347

-0.3992
-0.8628
-0.2201
-3.5000
-16.2400
-9.1000
320
417
501
329
329

-0.4050
-0.9033
-0.2269
-7.9100
-12.8800
-9.6600
320
409
466
306
305

-0.3831
-0.9467
-0.2308
6.6500
-10.0800
-8.4000
322
381
410
282
283

-0.3938
-0.8242
-0.2250
-4.9000
0.0700
-4.1300
319
343
349
253
254

-0.3597
-0.8740
-0.2274
-1.9600
-5.6000
3.5000
303
320
320
244
241

-0.3924
-0.8769
-0.2235
2.3800
-7.4900
-3.9200
288
308
309
241
242

-0.4006
-0.8901
-0.2123
1.6100
-8.3300
-9.8000
272
300
303
241
240

-0.3714
-0.8608
-0.2157
8.4000
-10.0100
-9.5900
268
289
299
241
241

-0.3470
-0.8750
-0.2123
7.0700
-12.5300
-6.2300
268
289
297
243
240

-0.3762
-0.9087
-0.2006
-0.2100
-9.0300
-4.2000
267
289
298
243
244

-0.3845
-0.8823
-0.1937
-0.6300
-5.1800
-2.9400
266
287
298
247
246

-0.3626
-0.8857
-0.1879
-0.7000
-6.0900
-2.8000
267
289
298
247
245

-0.3723
-0.9062
-0.1991
1.7500
-4.9700
-4.6900
267
289
300
247
245

-0.3762
-0.8867
-0.1913
1.8900
-3.6400
-3.5000
268
291
302
248
248

-0.3650
-0.8945
-0.2035
2.4500
-3.6400
-4.3400
269
288
303
250
249

-0.3670
-0.8901
-0.1918
1.3300
-2.7300
-4.7600
269
291
304
248
250

-0.3753
-0.8916
-0.1952
0.9100
-2.1000
-5.1100
268
294
307
251
251

-0.3699
-0.8960
-0.2045
-1.7500
0.1400
-4.5500
271
297
309
253
254

-0.3562
-0.8828
-0.2172
-1.2600
8.5400
-3.5000
274
306
316
258
255

-0.3621
-0.9189
-0.2220
0.9800
8.4000
-10.5000
284
320
328
259
258

-0.3445
-0.9072
-0.2425
4.9000
10.8500
-13.3000
295
336
343
264
264

-0.3172
-0.8696
-0.2572
5.5300
14.2100
-10.1500
314
357
376
282
279

-0.2933
-0.9174
-0.2738
-24.7800
6.8600
-10.0100
330
388
415
303
304

-0.3099
-0.8965
-0.2684
0.7000
-1.5400
-13.8600
347
409
447
323
323

-0.3245
-0.9008
-0.3104
-0.7000
8.9600
-9.3800
376
429
469
349
349

-0.2757
-0.9004
-0.2635
0.3500
0.3500
-12.3200
388
444
485
369
370

-0.2586
-0.9213
-0.2606
-2.8700
-13.9300
-11.8300
401
457
498
392
392

-0.2562
-0.9448
-0.2508
15.6800
4.5500
-10.7800
409
471
514
413
413

-0.2103
-0.9228
-0.2660
14.9800
-1.4700
-7.5600
418
480
522
427
425

-0.2015
-0.9384
-0.2733
15.1200
-0.0700
-3.6400
422
486
523
437
437

-0.1981
-0.9540
-0.2206
3.6400
-5.8100
-9.6600
425
490
524
443
443

-0.1884
-0.9267
-0.2220
-2.4500
-5.8100
-3.2900
424
492
526
446
445

-0.2006
-0.9443
-0.2333
5.1800
-3.5700
-2.7300
423
492
527
446
447

-0.2181
-0.9501
-0.2259
0.9100
-2.5900
-4.1300
425
494
527
447
447

-0.1952
-0.9462
-0.2347
-1.3300
-2.1000
-3.4300
426
495
528
447
447

-0.1967
-0.9296
-0.2289
2.1700
-4.9700
-4.0600
424
495
528
447
447

-0.1957
-0.9496
-0.2347
3.1500
-4.6200
-4.4100
426
495
529
447
448

-0.1976
-0.9438
-0.2386
1.5400
-4.0600
-4.4800
427
495
528
446
448

-0.2006
-0.9487
-0.2362
5.0400
-1.0500
-1.3300
425
495
527
443
444

-0.1937
-0.9545
-0.2264
-0.0700
-3.5000
6.1600
427
496
525
440
439

-0.2079
-0.9394
-0.2201
-1.5400
-3.7800
4.1300
424
495
525
435
436

-0.2391
-0.9184
-0.2386
-0.6300
-3.0100
3.7800
421
490
526
433
432

-0.2172
-0.9472
-0.2396
3.6400
-3.6400
1.7500
417
484
522
425
425

-0.2225
-0.9374
-0.2191
6.4400
-3.0800
-0.4200
403
470
518
413
412

-0.2342
-0.9784
-0.2484
8.3300
-11.1300
-3.0800
395
461
512
391
393

-0.2391
-0.9506
-0.3294
13.4400
-20.4400
3.9900
394
459
500
365
364

-0.2664
-0.9697
-0.1274
5.5300
-23.3100
7.4900
391
458
493
347
346

-0.2918
-0.9384
-0.2513
8.4000
-12.1800
2.8700
394
457
490
332
331

-0.3167
-0.9116
-0.1869
2.4500
-22.1900
-3.5000
396
449
487
321
320

-0.3309
-0.8911
-0.2064
9.8700
-10.1500
-3.2900
393
435
482
312
311

-0.3216
-0.9111
-0.1664
7.7700
-3.7800
-2.7300
382
421
472
302
301

-0.2772
-0.8945
-0.1571
0.7000
3.3600
-2.0300
369
408
453
294
292

-0.3245
-0.9365
-0.1796
0.2100
-5.0400
-3.8500
357
395
427
281
283

-0.3074
-0.9292
-0.1859
5.3900
-10.9900
-3.1500
344
369
394
267
270

-0.3123
-0.9184
-0.1986
7.2100
-10.5700
0.5600
329
347
371
261
261

-0.3079
-0.9487
-0.2020
4.7600
-8.4000
-3.0800
319
331
357
258
258

-0.3270
-0.9121
-0.1654
-0.3500
-7.4900
-6.0900
294
315
331
256
257

-0.2972
-0.9345
-0.1762
1.8200
-5.7400
-7.9100
273
302
315
254
252

-0.3274
-0.9184
-0.1498
3.6400
-6.8600
-8.1900
266
296
307
252
253

-0.3172
-0.9321
-0.1386
3.0100
-7.9100
-7.9800
263
292
304
253
253

-0.3074
-0.9096
-0.1444
0.9100
-6.0200
-4.6900
261
291
305
254
255

-0.3123
-0.9272
-0.1293
1.9600
-4.2700
-7.9100
262
290
305
252
253

-0.3011
-0.9335
-0.1459
8.1900
-5.6000
-7.4900
262
291
303
254
254

-0.2991
-0.9218
-0.1225
4.5500
-5.1100
-4.1300
261
291
306
255
255

-0.2967
-0.9174
-0.1127
1.1200
-3.9900
-3.7800
262
291
306
255
256

-0.2938
-0.9223
-0.1240
2.9400
-4.4800
-4.8300
263
294
308
257
257

-0.2874
-0.9477
-0.1220
0.7700
-4.6200
-4.4800
264
293
306
257
258

-0.2948
-0.9384
-0.1225
0.4200
-3.7100
-3.4300
266
294
308
258
256

-0.3001
-0.9428
-0.1249
-0.1400
-2.5900
-2.5200
267
296
311
259
259

-0.2977
-0.9335
-0.1303
-7.4900
-0.4900
-1.2600
267
297
314
262
260

-0.3094
-0.9213
-0.1493
-11.2000
4.1300
-6.1600
269
304
317
262
262

-0.3006
-0.9301
-0.1752
-12.7400
6.3700
-11.9700
283
317
328
266
266

-0.2577
-0.9443
-0.2147
-14.2100
7.0000
-15.8200
307
339
347
272
274

-0.2494
-0.9126
-0.2133
-5.6700
-2.8000
-12.1100
332
372
389
295
295

-0.2264
-0.9272
-0.2333
0.7700
-3.2200
-15.0500
348
396
425
319
318

-0.1957
-0.9209
-0.2596
13.5100
-0.4200
-9.5200
372
415
447
343
343

-0.1596
-0.9599
-0.1786
1.9600
-0.1400
-3.9900
386
429
466
367
366

-0.1825
-0.9570
-0.2079
6.6500
4.9000
-8.9600
398
444
484
385
384

-0.2015
-0.9252
-0.2298
14.3500
6.7900
-8.1200
407
452
494
400
400

-0.1854
-0.9311
-0.2440
6.3700
3.7800
-10.1500
412
463
504
413
413

-0.1903
-0.9545
-0.1889
13.4400
6.0900
-12.8800
416
474
513
425
426

-0.1669
-0.9501
-0.1957
10.8500
2.2400
-7.5600
420
480
518
433
433

-0.1181
-0.9604
-0.1864
4.4800
-1.0500
-10.7100
420
484
522
437
437

-0.1215
-0.9682
-0.1908
0.2100
-4.3400
-5.3900
422
486
523
439
439

-0.1249
-0.9672
-0.2045
6.0200
-2.5900
-4.8300
422
487
524
439
440

-0.1249
-0.9697
-0.1825
4.8300
-1.8200
-1.4700
424
487
524
441
441

-0.1176
-0.9745
-0.1786
2.4500
-3.2200
-1.8200
423
486
527
442
439

-0.1166
-0.9711
-0.1820
4.9700
-2.2400
-1.2600
423
487
524
440
440

-0.1274
-0.9745
-0.1757
1.9600
-2.9400
-1.9600
423
488
524
440
440

-0.1283
-0.9672
-0.1674
3.3600
-2.1700
-1.9600
423
485
522
439
439

-0.1186
-0.9697
-0.1606
6.9300
-3.3600
7.0000
422
484
523
438
438

-0.1625
-0.9638
-0.1679
6.0200
-7.8400
10.2200
422
483
520
435
434

-0.1742
-0.9433
-0.1742
8.9600
-7.0700
-1.8200
419
483
520
429
429

-0.2079
-0.9687
-0.1479
9.9400
-6.5100
0.9800
414
484
521
424
423

-0.1903
-0.9799
-0.0981
6.9300
-6.5800
-1.7500
408
481
520
414
415

-0.1996
-0.9462
-0.1118
3.2200
-11.6900
-13.5800
399
479
518
399
399

-0.1820
-0.9272
-0.0898
-0.5600
-8.6100
-3.7800
387
475
514
377
376

-0.1366
-0.9755
-0.1381
9.3800
-11.0600
-9.5900
377
475
511
356
356

-0.1684
-1.0111
-0.1347
12.1100
-9.1700
-1.2600
369
475
504
337
338

-0.1776
-0.9443
-0.0503
-0.7000
-7.2800
-0.9100
360
458
487
317
317

-0.1806
-0.9438
-0.0903
-3.9200
-6.8600
1.4700
351
436
467
303
303

-0.1889
-0.9809
-0.0908
-2.0300
-9.3100
1.4000
343
395
433
289
292

-0.2089
-0.9448
-0.1122
-2.3800
-9.3800
0.0700
332
356
383
276
276

-0.1854
-0.9755
-0.1181
5.1100
-0.8400
0.4900
312
328
349
265
266

-0.2225
-0.9492
-0.0805
6.0200
-9.1000
5.7400
296
312
327
261
261

-0.2157
-0.9799
-0.0834
4.4100
-14.7700
-8.8900
280
298
314
257
257

-0.2162
-0.9628
-0.0752
3.9200
-8.4000
-4.4800
273
292
306
257
257

-0.2152
-0.9716
-0.0625
1.0500
-5.9500
-3.7100
269
289
305
259
260

-0.2167
-0.9623
-0.0737
1.1900
-6.0200
-3.1500
268
288
306
262
260

-0.2255
-0.9579
-0.0644
2.6600
-6.0900
-6.3000
269
290
307
260
263

-0.2235
-0.9599
-0.0634
1.6800
-5.4600
-6.9300
269
288
306
260
262

-0.2103
-0.9784
-0.0678
1.9600
-3.0100
-3.9200
271
289
307
262
261

-0.2123
-0.9565
-0.0590
4.5500
-7.4200
-5.3900
270
290
307
263
261

-0.2172
-0.9653
-0.0322
1.8900
-5.5300
-2.4500
271
289
307
264
264

-0.2045
-0.9755
-0.0503
2.1700
-6.6500
-3.2200
272
288
306
264
263

-0.2059
-0.9658
-0.0488
6.0900
-9.1000
-5.3200
272
286
306
264
263

-0.1957
-0.9750
-0.0400
1.4000
-5.0400
-2.1700
270
284
306
264
264

-0.2015
-0.9633
-0.0410
3.2200
-5.1100
-3.9200
272
287
307
265
264

-0.1967
-0.9604
-0.0224
-2.3800
-3.5700
-2.2400
273
286
306
265
266

-0.2147
-0.9579
-0.0346
3.0800
-3.5700
-4.4100
273
287
307
265
263

-0.1962
-0.9672
-0.0229
-3.0800
-1.6800
-1.2600
276
289
309
266
267

-0.1947
-0.9658
-0.0488
-12.3200
5.6000
5.8100
276
293
314
269
269

-0.2181
-0.9584
-0.0556
-18.6200
15.6100
-0.0700
278
302
319
272
271

-0.2098
-0.9511
-0.0737
-10.6400
13.3000
-7.0000
290
316
333
276
276

-0.2050
-0.9536
-0.1269
-8.1200
9.8000
-12.7400
312
346
366
292
293

-0.1791
-0.9770
-0.1635
-16.1000
2.8700
-7.2800
333
378
408
313
312

-0.1898
-0.9360
-0.1771
-9.2400
3.2200
-5.8800
349
402
436
330
330

-0.1742
-0.9594
-0.1674
-1.6100
3.7800
-1.6800
372
420
454
345
345

-0.1440
-0.9550
-0.1825
-2.4500
9.1000
-1.5400
383
428
467
364
362

-0.1552
-0.9496
-0.2089
-7.5600
8.4700
3.7100
389
440
480
375
376

-0.1620
-0.9355
-0.2279
-12.3200
-1.6800
-1.8900
396
451
491
390
390

-0.1537
-0.9331
-0.2494
-2.5200
-5.2500
-2.1000
402
460
501
408
407

-0.1796
-0.9204
-0.2518
0.9800
-4.1300
-1.5400
406
467
510
419
422

-0.1918
-0.9482
-0.2469
-4.4800
-3.4300
-1.6800
408
470
514
427
427

-0.1786
-0.9570
-0.2625
-0.3500
-4.4100
4.4800
413
476
520
433
433

-0.1718
-0.9536
-0.2830
9.6600
-1.6100
-3.2900
418
482
520
439
439

-0.1932
-0.9296
-0.2533
3.9200
-3.6400
-0.4200
418
486
526
440
441

-0.1845
-0.9487
-0.2567
2.0300
-3.9900
-4.4800
420
487
524
442
443

-0.1986
-0.9267
-0.2577
3.4300
-4.6900
-4.4800
421
487
525
443
443

-0.1981
-0.9462
-0.2484
2.3100
-3.1500
-2.5900
422
488
525
442
443

-0.1869
-0.9394
-0.2430
2.5900
-3.6400
-2.0300
424
488
525
442
444

-0.1918
-0.9365
-0.2435
4.5500
-4.1300
-2.1700
422
488
528
443
442

-0.2040
-0.9462
-0.2567
4.9000
-2.8700
-5.1800
423
489
525
441
442

-0.1918
-0.9438
-0.2469
5.5300
-2.7300
-3.9900
421
488
525
442
441

-0.1796
-0.9355
-0.2342
7.9100
-1.7500
0.7000
422
488
525
439
439

-0.2006
-0.9516
-0.2308
8.0500
-2.4500
4.2000
421
487
525
435
436

-0.2030
-0.9516
-0.2303
14.2100
4.4800
8.1900
421
488
522
429
430

-0.2318
-0.9487
-0.2035
14.8400
2.4500
9.8700
417
488
523
424
424

-0.2406
-0.9550
-0.1737
9.1000
-8.2600
-2.4500
413
484
522
411
411

-0.2313
-0.9360
-0.1493
-6.8600
-12.3200
-2.5200
411
481
519
385
386

-0.2552
-0.9023
-0.1191
4.5500
-11.8300
-6.7200
404
476
514
367
367

-0.2547
-0.9428
-0.1893
21.6300
-12.6000
-17.9200
397
471
507
348
349

-0.1606
-0.9345
-0.0849
-1.1900
-3.5700
3.5000
393
467
501
334
334

-0.2216
-0.9638
-0.1015
9.6600
-16.4500
2.6600
392
462
491
323
322

-0.2352
-0.9394
-0.0795
6.2300
-9.6600
0.2800
388
447
476
313
314

-0.2279
-0.9350
-0.0791
1.1900
-8.6800
2.7300
383
421
453
306
306

-0.2259
-0.9213
-0.0747
1.2600
-8.8200
2.5900
368
388
425
296
296

-0.2279
-0.9765
-0.0839
3.2900
-12.6700
1.0500
354
359
402
287
288

-0.2533
-0.9418
-0.0839
-0.2100
-5.5300
1.1200
336
337
378
282
284

-0.2430
-1.0082
-0.0888
-6.2300
-6.3700
0.2800
318
319
345
274
277

-0.2674
-0.9374
-0.0756
-1.4000
-4.8300
0.0700
303
305
327
272
270

-0.2660
-0.9638
-0.0649
-12.8100
-1.0500
13.2300
290
300
324
272
273

-0.2904
-0.9272
-0.1274
-24.7800
-0.8400
15.8900
286
301
331
276
274

-0.3489
-0.9243
-0.1830
-5.4600
-4.8300
2.1700
287
302
332
278
278

-0.3274
-0.9345
-0.1786
-4.2000
-3.9200
1.0500
284
298
333
279
278

-0.3309
-0.9155
-0.1874
-7.0000
-0.7700
0.8400
274
294
328
277
280

-0.3440
-0.7842
-0.2118
0.5600
0.7000
-0.9100
266
288
326
278
277

-0.3631
-0.9106
-0.2074
5.9500
-3.9200
-2.6600
265
288
325
278
279

-0.3509
-0.8979
-0.1967
3.5700
-0.7700
17.8500
263
287
321
276
278

-0.3450
-0.8974
-0.1893
8.6800
-6.9300
-5.3900
261
287
320
277
276

-0.3504
-0.9013
-0.1801
5.5300
-4.8300
-5.7400
263
285
319
277
277

-0.3465
-0.9267
-0.1610
7.5600
-7.7700
-3.5000
261
284
317
277
276

-0.3533
-0.9170
-0.1542
1.8200
-4.6900
-2.6600
260
280
320
277
276

-0.3518
-0.9218
-0.1532
2.1000
-4.9000
-4.8300
263
280
318
277
277

-0.3460
-0.9067
-0.1571
0.2800
-4.4100
-8.8900
264
283
320
279
280

-0.3323
-0.9423
-0.2372
1.9600
5.0400
-11.8300
267
290
326
284
283

-0.3094
-0.9418
-0.2074
-7.2800
6.5100
2.8000
272
300
331
286
286

-0.3221
-0.9082
-0.1820
-23.4500
15.2600
-3.8500
289
318
347
294
293

-0.3143
-0.9052
-0.2357
-12.7400
8.0500
-4.8300
313
340
377
310
308

-0.2904
-0.8965
-0.2294
-10.9200
8.3300
-5.6000
339
378
419
328
329

-0.3201
-0.8525
-0.2401
-12.7400
2.1700
-1.9600
358
407
454
347
348

-0.2996
-0.8350
-0.2943
6.3000
5.8800
-2.4500
387
437
481
377
377

-0.3006
-0.9023
-0.3509
-3.6400
11.8300
-12.8800
395
454
499
401
403

-0.2621
-0.8828
-0.3260
3.5700
-0.6300
-9.1000
405
465
507
417
416

-0.2562
-0.9277
-0.2879
3.0100
-2.7300
-13.0200
410
471
513
425
425

-0.2372
-0.9414
-0.3211
4.6900
-3.4300
-23.6600
413
476
517
429
430

-0.2079
-0.9174
-0.3118
10.7100
-6.1600
-28.1400
416
480
519
432
433

-0.1835
-0.9379
-0.2928
18.1300
-8.3300
-24.8500
416
482
521
436
435

-0.1078
-0.9433
-0.2830
20.0200
-13.0200
-23.2400
417
483
521
436
436

-0.1205
-0.9667
-0.2142
14.0700
-8.7500
-8.6100
418
483
522
436
438

-0.0878
-0.9575
-0.2655
9.9400
-3.6400
-16.9400
417
483
522
436
436

-0.0834
-0.9389
-0.1879
6.8600
-0.5600
-3.0800
417
483
522
436
435

-0.0786
-0.9770
-0.1889
6.5800
0.7000
-4.5500
419
480
522
434
434

-0.0922
-0.9828
-0.1796
10.5700
-0.8400
-22.6800
419
480
521
433
432

-0.0415
-0.9711
-0.1664
15.4700
1.3300
-14.1400
419
481
521
433
433

-0.0083
-0.9945
-0.1581
8.0500
2.5900
-7.8400
419
481
521
434
433

-0.0083
-1.0038
-0.1381
8.6100
1.2600
-13.0200
419
479
523
433
433

-0.0010
-0.9892
-0.1293
3.5000
-4.8300
-20.7200
419
478
521
433
432

0.0171
-1.0102
-0.1415
13.0200
-7.9800
-33.8100
417
479
521
432
432

0.0854
-1.0009
-0.1093
7.7700
-4.6900
-20.0900
419
480
523
432
432

0.0976
-1.0326
-0.0649
3.0100
-16.6600
-26.3200
419
479
520
431
430

0.0844
-1.0106
-0.1137
7.4900
-13.8600
-40.5300
419
477
519
427
427

0.1903
-0.9540
-0.1347
9.3100
-8.8900
-4.8300
418
472
516
417
417
