0.1908
-0.9106
0.3553
11.8300
-14.4900
-2.5200
451
497
523
456
456

0.2006
-0.9423
0.3553
-3.2900
-6.7900
-4.4800
452
496
522
456
455

0.2006
-0.9121
0.3445
0.9800
-1.1900
-2.8000
452
496
522
455
455

0.1947
-0.8945
0.3235
0.3500
-6.5100
-15.1200
454
496
522
457
456

0.1991
-0.9248
0.3167
-2.3100
-5.8800
-12.8100
452
497
523
457
457

0.2513
-0.9135
0.3401
12.9500
-43.3300
-24.4300
450
496
521
456
456

0.2352
-0.8867
0.3533
5.2500
5.4600
-20.4400
449
496
521
455
455

0.2098
-0.8974
0.3016
-6.5800
20.0200
-39.9700
449
494
521
453
454

0.4309
-0.8486
0.3113
10.2900
-10.7800
-31.1500
448
495
522
454
455

0.3509
-0.8047
0.3138
4.4100
-22.2600
-17.3600
448
494
520
455
454

0.3870
-0.8330
0.3489
-2.7300
10.6400
-16.7300
448
494
520
455
454

0.3914
-0.8530
0.3279
13.7900
-7.7000
-18.0600
448
494
520
454
454

0.4782
-0.8311
0.3655
6.4400
-5.3900
-9.1700
447
494
520
454
454

0.4982
-0.8311
0.3645
5.8100
-20.5800
-14.7700
447
494
520
454
453

0.5436
-0.7989
0.3343
-3.9200
18.2000
7.9100
446
493
519
452
452

0.4992
-0.8242
0.3758
-8.4000
-12.6700
-6.5800
447
493
519
451
451

0.4534
-0.8486
0.3640
1.6800
-3.9200
-6.3000
447
493
519
451
451

0.4280
-0.8594
0.3387
-6.4400
-6.1600
-14.5600
447
493
519
451
452

0.5485
-0.7954
0.3338
-4.4100
3.7100
9.2400
447
493
518
451
451

0.3875
-0.8603
0.3553
-14.7700
-0.1400
8.8900
447
492
519
452
451

0.4675
-0.8442
0.3060
6.0200
-35.9800
0.2800
446
493
519
451
450

0.3694
-0.8233
0.3880
17.6400
5.5300
-1.7500
447
492
519
450
450

0.4216
-0.8506
0.3260
41.1600
-22.7500
-11.6900
447
492
519
447
446

0.5963
-0.8106
0.3719
3.6400
-14.6300
14.3500
446
493
520
444
445

0.4372
-0.8140
0.3499
8.6100
-11.6200
4.9700
447
496
523
445
445

0.4416
-0.8398
0.3504
31.5700
-7.7700
0.2100
447
500
525
448
449

0.4817
-0.7964
0.3889
14.4200
-12.3200
9.7300
447
498
525
448
447

0.4304
-0.8194
0.3909
3.1500
-7.9100
6.5800
446
498
525
447
446

0.4387
-0.8316
0.3958
-14.4900
-0.2100
9.5200
448
498
524
447
448

0.4455
-0.8608
0.3855
-43.8900
17.4300
22.4700
447
497
523
449
450

0.3601
-0.8599
0.3143
-16.2400
8.3300
15.6800
447
494
523
451
450

0.2826
-0.9013
0.2806
-11.6900
-5.1800
-3.7100
447
497
522
451
452

0.3645
-0.8813
0.2757
-4.6200
-5.8800
0.8400
447
495
523
452
452

0.3465
-0.9057
0.2850
-0.9800
-7.1400
3.1500
446
496
522
453
453

0.3211
-0.9165
0.2923
3.0100
-7.3500
2.0300
447
496
523
453
453

0.3079
-0.9096
0.2660
-1.6800
-5.8800
-17.6400
447
496
522
454
453

0.3201
-0.9252
0.2708
-1.8900
-2.1000
-1.6100
447
496
523
454
454

0.3060
-0.9155
0.2586
-1.1200
-4.1300
-3.5700
446
495
523
453
453

0.3099
-0.9126
0.2611
3.4300
-6.4400
-1.2600
447
496
523
454
453

0.3055
-0.9223
0.2713
2.3100
-5.8100
-0.7000
447
496
522
453
455

0.3079
-0.9194
0.2625
2.0300
-5.6700
-0.7000
447
496
523
453
454

0.2996
-0.9243
0.2684
-0.1400
-4.7600
-1.4000
447
496
523
454
454

0.3001
-0.9267
0.2630
-0.2800
-5.0400
-1.3300
448
496
524
454
454

0.3045
-0.9311
0.2625
-1.6800
-7.9800
1.4000
448
496
523
454
453

0.3016
-0.9243
0.2508
-3.8500
-17.2900
14.8400
446
495
523
454
454

0.2547
-0.9604
0.2406
-31.2200
-14.5600
15.3300
444
491
523
454
453

0.2372
-0.9560
0.1659
-31.3600
-15.8200
0.2800
436
482
523
454
454

0.2220
-0.9789
0.1293
-31.4300
-37.4500
-23.5900
427
463
522
454
453

0.2860
-0.9545
0.0210
-32.2000
-55.3000
-24.9200
405
429
523
453
455

0.3070
-0.9428
-0.0620
0.4200
-24.0100
-5.1800
372
382
520
456
456

0.2987
-0.9462
-0.0229
2.0300
-7.4900
2.5900
351
362
519
458
457

0.3123
-0.9287
-0.0229
-15.1200
-7.3500
4.9000
326
346
519
455
455

0.3089
-0.9599
-0.0410
-24.6400
9.5200
12.1100
313
339
516
448
448

0.2889
-0.9516
-0.1015
-14.7000
21.9800
30.7300
301
330
514
435
436

0.2064
-0.9584
-0.1152
-5.6700
10.2900
33.7400
287
322
515
425
425

0.1625
-1.0077
-0.1303
15.8900
0.9100
25.3400
273
319
514
424
424

0.1440
-1.0058
-0.0976
38.9200
10.2200
15.4700
266
317
513
426
426

0.1020
-0.9897
-0.0781
7.8400
3.2200
-2.1700
262
315
515
424
425

0.1083
-1.0072
-0.0952
4.5500
8.8900
9.8000
263
317
518
424
425

0.0693
-0.9579
-0.0644
-4.9000
6.3000
13.3700
262
318
518
424
424

0.0561
-0.9599
-0.0478
-7.2800
0.3500
5.0400
263
325
517
423
422

0.0454
-0.9618
-0.0698
-9.3100
-4.3400
0.0000
264
332
515
414
415

0.0307
-0.8764
-0.0615
-12.5300
-4.2700
-1.7500
262
334
511
400
399

0.0605
-0.9858
-0.0849
-3.5000
0.0000
0.4900
266
334
510
393
393

0.0688
-0.9745
-0.0820
-14.4200
11.2700
7.0700
266
334
508
391
390

0.0020
-1.0204
-0.1479
-9.8700
7.4900
7.4200
269
337
500
385
384

-0.0200
-0.9780
-0.1410
-21.9100
0.0000
0.3500
270
338
480
361
363

-0.0420
-1.0053
-0.1762
-10.0100
-9.8000
-5.3200
271
340
454
341
342

-0.0342
-0.9853
-0.2001
-5.9500
-4.2000
-2.4500
271
342
416
319
321

-0.0024
-1.0150
-0.2142
-5.1800
-4.6200
-1.4000
272
341
355
291
289

-0.0127
-0.9755
-0.2323
0.8400
-4.4100
-0.0700
272
342
328
278
279

-0.0098
-0.9721
-0.2220
3.5700
-1.7500
-0.2800
271
342
319
275
276

-0.0151
-0.9687
-0.2230
2.9400
-3.6400
-0.2100
272
341
312
274
275

-0.0200
-0.9511
-0.2181
2.0300
-1.1900
-0.9800
273
343
310
275
275

-0.0137
-0.9643
-0.2211
2.2400
-3.1500
-2.1700
272
344
312
278
276

-0.0220
-0.9565
-0.2269
1.3300
-3.9200
-4.2000
272
344
314
277
279

-0.0156
-0.9662
-0.2269
2.0300
-2.4500
-3.4300
272
345
315
279
279

-0.0195
-0.9736
-0.2264
0.1400
-3.5700
-3.7100
274
347
316
279
280

-0.0176
-0.9692
-0.2323
1.3300
-3.7100
-3.1500
273
347
319
281
280

-0.0200
-0.9648
-0.2289
1.1900
-1.9600
-5.1100
274
347
319
282
282

-0.0171
-0.9804
-0.2269
2.3100
-1.5400
-3.6400
274
347
322
282
283

-0.0161
-0.9760
-0.2245
1.3300
-1.7500
-5.0400
276
349
325
283
283

0.0024
-0.9614
-0.2391
3.3600
7.7000
-6.7900
275
350
329
285
286

-0.0112
-0.9623
-0.2142
19.2500
3.9900
-8.1200
280
350
339
291
289

0.0249
-1.0038
-0.2064
23.0300
-1.1900
-4.4800
280
349
366
302
302

0.0024
-0.9784
-0.1708
18.5500
-5.1100
-2.8000
284
350
409
334
333

0.0268
-0.9721
-0.1274
10.3600
-1.6100
-3.6400
285
347
456
370
369

0.0293
-0.9975
-0.1152
7.2800
-4.6900
-2.7300
287
349
478
389
388

0.0098
-0.9882
-0.1264
10.3600
-12.2500
-8.1200
293
347
493
409
410

0.0024
-1.0009
-0.1230
24.0800
-13.6500
-11.1300
313
357
495
428
428

0.0283
-1.0141
-0.0805
3.7100
-18.4100
-12.3900
316
359
497
433
433

0.0590
-0.9809
-0.0766
-2.1700
-4.5500
-0.8400
328
370
496
436
437

0.0517
-0.9897
-0.0766
8.8900
-6.5100
-5.6700
343
385
498
442
442

0.0176
-0.9965
-0.0561
2.9400
-8.7500
-11.1300
366
406
498
448
447

0.0488
-1.0072
-0.0717
-1.2600
-12.1100
-8.0500
391
433
505
453
453

0.0659
-0.9555
-0.0512
-4.1300
-12.0400
-6.2300
413
457
511
460
460

0.0673
-0.9701
-0.1269
0.3500
-11.2000
-4.4800
427
478
517
463
464

0.0874
-0.9618
-0.0898
2.8700
-5.1800
4.5500
436
493
521
468
467

0.0820
-0.9999
-0.0561
4.9700
-10.2200
3.7800
446
499
526
469
471

0.0712
-0.9877
-0.0683
9.1000
-10.9200
-1.3300
451
506
526
471
471

0.0849
-0.9916
-0.0327
10.3600
-12.6700
-4.1300
453
506
527
472
472

0.0468
-1.0072
-0.0493
4.0600
-3.9200
-2.3800
454
506
529
473
472

0.0517
-1.0126
-0.0508
8.4700
-0.1400
-3.0100
453
508
528
473
473

0.0356
-1.0097
-0.0449
5.2500
1.1900
-2.9400
455
507
528
473
473

0.0498
-1.0116
-0.0503
4.1300
-3.9200
-4.8300
453
507
528
473
474

0.0571
-1.0067
-0.0454
0.6300
-3.7100
-3.2900
454
508
530
473
474

0.0498
-0.9950
-0.0376
3.2900
-4.2700
-3.6400
453
506
528
474
474

0.0390
-0.9999
-0.0317
4.8300
-4.4100
-3.3600
452
505
529
474
473

0.0488
-1.0014
-0.0273
5.5300
-7.0700
-4.4800
451
500
528
473
475

0.0561
-0.9887
-0.0386
0.1400
-0.5600
1.1900
447
490
528
475
473

0.0322
-1.0082
-0.0307
10.8500
-9.3800
-1.5400
433
471
527
473
472

0.0429
-0.9980
-0.0171
3.7800
-1.8900
3.0800
409
451
529
473
473

0.0454
-0.9887
-0.0210
4.4800
-4.6900
-2.5900
384
408
528
473
472

0.0537
-0.9941
0.0176
6.2300
-6.9300
-0.8400
345
363
528
472
474

0.0493
-0.9931
-0.1064
6.3700
-4.5500
0.3500
305
340
526
472
471

0.0429
-0.9921
0.0083
0.2100
1.2600
1.0500
286
329
524
472
472

0.0464
-0.9701
0.0181
-8.3300
6.8600
10.4300
275
324
521
471
470

0.0259
-1.0150
-0.0215
-10.0800
6.1600
15.2600
270
317
520
464
463

-0.0034
-1.0175
-0.0234
1.2600
-7.3500
18.2700
268
312
519
442
442

-0.0810
-1.0194
-0.0322
18.6900
2.6600
16.9400
266
314
518
427
429

-0.1137
-0.9770
0.0005
10.7100
-8.6100
-1.9600
262
313
518
414
414

-0.0029
-0.9789
0.0200
1.4700
-12.4600
-8.0500
261
318
517
400
400

-0.0761
-0.9945
0.0234
-5.3200
-8.4000
-3.1500
260
325
513
386
386

-0.1030
-1.0204
0.0059
-11.5500
-4.9700
-4.2000
259
329
502
369
369

-0.1122
-0.9994
-0.0493
-15.8900
0.2100
-3.5000
260
332
471
345
345

-0.1166
-1.0097
-0.0654
-22.3300
-3.7100
-1.4700
261
335
431
321
320

-0.1035
-1.0146
-0.0971
-18.9000
-0.9800
0.0700
264
336
401
305
305

-0.0854
-0.9916
-0.1303
-18.3400
-0.7000
-0.4200
266
336
367
295
295

-0.1108
-0.9931
-0.1581
-2.2400
-1.8200
-1.7500
267
337
337
288
289

-0.0981
-0.9804
-0.1669
3.0800
-1.8200
-5.1100
267
337
319
285
285

-0.0898
-0.9941
-0.1591
-3.7100
-2.7300
-5.3200
266
338
315
282
285

-0.0961
-0.9775
-0.1850
-0.9800
-4.4800
-4.8300
267
339
315
284
285

-0.0834
-0.9862
-0.1630
-2.0300
-5.3200
-5.9500
266
340
318
285
286

-0.0781
-0.9755
-0.1810
3.9900
-4.2700
-2.6600
268
341
318
286
287

-0.0874
-0.9862
-0.1747
1.8200
-3.9900
-3.6400
268
341
320
288
289

-0.0776
-0.9828
-0.1806
1.4700
-4.0600
-2.5900
267
341
321
290
288

-0.0698
-0.9799
-0.1801
1.0500
-5.5300
-3.6400
266
340
323
289
289

-0.0888
-0.9794
-0.1723
2.7300
-3.0800
-2.4500
264
340
323
289
290

-0.0844
-0.9799
-0.1669
1.1900
-1.6800
-2.8000
263
341
325
290
292

-0.0820
-0.9745
-0.1703
-1.1900
-3.1500
-4.0600
263
343
328
292
291

-0.0766
-0.9731
-0.1786
-7.0700
-4.4100
-4.6900
266
343
331
294
293

-0.0795
-0.9897
-0.1957
0.0700
-7.5600
-4.8300
267
343
333
296
295

-0.0830
-0.9731
-0.1952
2.9400
-6.0900
-3.6400
269
342
339
296
297

-0.0386
-0.9360
-0.1698
-3.7800
0.8400
1.6800
272
342
350
300
300

-0.0952
-0.9760
-0.1752
24.5700
1.6800
-2.3100
277
345
371
304
305

-0.0986
-1.0263
-0.1620
45.3600
-4.8300
-0.2800
282
342
440
329
329

-0.0742
-0.9550
-0.0776
30.5900
6.1600
10.8500
283
341
487
363
364

-0.1191
-0.9853
-0.0268
5.1800
-0.3500
-0.7700
286
343
501
382
381

-0.1166
-0.9697
-0.0508
8.2600
-7.2100
-10.7100
295
344
507
399
400

-0.0644
-0.9921
-0.0303
5.1100
-14.9800
-17.1500
327
365
507
421
421

-0.0073
-0.9984
-0.0464
15.8900
-8.7500
-3.7800
345
382
507
433
434

-0.0971
-0.9955
-0.0107
4.2000
-12.5300
-3.8500
382
417
511
443
442

-0.1030
-0.9931
0.0127
2.3100
-25.6900
-10.5700
409
451
515
449
451

-0.1176
-1.0214
0.0020
19.0400
-22.4000
-13.5800
429
486
522
460
459

-0.0278
-0.9521
0.0468
19.0400
-7.2800
-5.6700
439
499
525
464
463

-0.0264
-0.9726
0.0991
4.1300
-3.5700
-1.1200
446
504
527
466
466

-0.0176
-0.9906
0.0927
-7.0700
-2.6600
-2.3100
452
506
528
467
467

-0.0400
-0.9697
0.0581
-3.2200
0.0700
-3.7100
451
507
529
468
468

-0.0293
-0.9633
0.0547
5.1100
1.8200
-2.6600
453
509
529
469
469

-0.0249
-0.9833
0.0864
-1.9600
1.2600
-2.4500
452
507
529
469
470

-0.0498
-0.9945
0.0864
-0.0700
-0.3500
-2.1700
453
508
530
470
470

-0.0522
-0.9843
0.0639
0.5600
-2.7300
-3.1500
452
508
531
471
469

-0.0449
-0.9882
0.0698
0.7000
-3.3600
-2.3100
452
508
530
470
470

-0.0459
-0.9838
0.0791
5.7400
-3.0800
-2.8700
451
508
529
470
470

-0.0532
-0.9897
0.0947
2.6600
-1.8200
-3.8500
452
509
531
470
470

-0.0420
-0.9906
0.0883
2.1000
-3.4300
-5.5300
451
509
529
470
469

-0.0400
-0.9960
0.0898
1.7500
-3.3600
-4.6200
448
505
530
470
469

-0.0210
-0.9799
0.0991
7.9100
-7.1400
0.2800
441
487
529
469
469

-0.0581
-0.9575
0.1025
25.2700
-15.3300
-2.3100
410
451
529
470
471

-0.0830
-0.9994
0.1479
23.3800
-11.2000
-1.5400
377
396
529
469
468

-0.0683
-0.9931
0.1625
11.6900
-9.5200
-0.9100
344
359
530
469
469

-0.0498
-0.9882
0.1840
3.7800
-9.3100
0.5600
315
339
528
469
469

-0.0883
-0.9941
0.1752
-5.1100
-3.8500
4.4100
297
332
527
468
468

-0.0722
-0.9745
0.1723
-9.3100
2.1000
4.3400
285
325
525
467
467

-0.0761
-0.9975
0.1401
-2.2400
9.3100
10.2200
278
319
522
465
464

-0.0961
-1.0058
0.1532
-2.1000
3.5000
10.0800
276
317
520
459
460

-0.1508
-0.9858
0.1454
-7.4200
22.6800
11.4100
271
317
520
451
452

-0.1327
-0.9740
0.0986
-1.1200
12.2500
3.0100
270
317
520
445
445

-0.1864
-0.9643
0.0971
-4.4100
7.5600
-1.8200
269
319
520
438
439

-0.1771
-0.9853
0.0917
-6.7900
-2.6600
-1.7500
264
322
519
432
432

-0.1796
-0.9887
0.0688
-6.1600
-7.4200
-1.8200
261
329
518
430
428

-0.1771
-0.9760
0.0610
-11.8300
-5.3200
-2.1000
261
332
518
423
421

-0.1854
-1.0063
0.0566
-15.5400
-5.4600
-8.0500
261
333
516
414
412

-0.1440
-0.9750
0.0185
-20.5800
2.3800
-2.0300
261
334
503
395
395

-0.1713
-0.9770
-0.0249
-21.8400
-0.2800
-6.3000
261
336
486
367
368

-0.1542
-0.9604
-0.0415
-26.7400
-1.2600
-6.1600
262
336
455
343
341

-0.2064
-0.9955
-0.0815
-22.1200
-3.0100
-2.8000
265
338
426
323
324

-0.1669
-0.9721
-0.1244
-15.9600
-3.7800
-6.7200
265
340
393
308
309

-0.1464
-0.9882
-0.1503
-5.6000
-6.9300
-7.6300
268
339
347
298
299

-0.1513
-0.9882
-0.1591
-7.2100
-5.5300
-3.7100
268
341
330
297
296

-0.1596
-0.9623
-0.1479
4.6900
-6.1600
-5.2500
267
340
322
296
296

-0.1654
-1.0009
-0.1630
-0.4900
-2.3800
-5.9500
268
340
319
295
296

-0.1337
-0.9726
-0.1698
-4.3400
-3.7100
-4.4800
269
340
322
298
299

-0.1449
-0.9701
-0.1649
0.0000
-4.8300
-4.2000
267
343
322
299
299

-0.1415
-0.9633
-0.1718
1.5400
-3.7100
-4.8300
268
342
323
300
301

-0.1342
-0.9755
-0.1674
1.3300
-3.5700
-4.6900
267
342
325
301
301

-0.1366
-0.9750
-0.1757
1.2600
-2.2400
-4.0600
268
343
324
302
302

-0.1332
-0.9687
-0.1752
-2.8000
-1.4000
-4.4800
268
343
327
303
304

-0.1327
-0.9687
-0.1830
0.3500
-2.3800
-3.9200
269
344
327
304
305

-0.1347
-0.9750
-0.1830
1.3300
-3.6400
-3.1500
268
345
330
305
304

-0.1279
-0.9658
-0.1840
-4.2700
-1.7500
-3.6400
270
345
332
306
306

-0.1347
-0.9711
-0.1972
1.6100
-0.9800
-4.7600
270
346
334
308
307

-0.1283
-0.9662
-0.2050
-0.2100
-0.7000
-3.5000
271
346
336
308
308

-0.1235
-0.9648
-0.2074
-3.5700
0.2800
-4.4100
273
347
346
311
311

-0.1147
-0.9560
-0.2118
2.7300
2.8000
1.6800
277
346
366
318
318

-0.1181
-0.9467
-0.1976
10.5700
2.3100
-2.5200
285
346
400
336
337

-0.1113
-0.9828
-0.2050
14.4200
1.2600
-0.4900
291
345
445
366
366

-0.1347
-0.9565
-0.1620
6.5100
-6.6500
-16.1000
295
342
482
395
394

-0.1235
-0.9335
-0.1635
11.4800
-3.4300
-10.2900
298
342
498
417
419

-0.0815
-1.0146
-0.1249
10.3600
-4.3400
-11.8300
308
346
502
434
434

-0.1054
-0.9999
-0.1625
12.9500
-6.3700
-11.3400
313
350
501
438
439

-0.0669
-0.9960
-0.1420
-23.0300
-4.8300
-9.3800
327
367
501
439
439

-0.0693
-0.9853
-0.1630
-9.4500
-8.1200
-7.4200
353
392
501
440
439

-0.0547
-0.9809
-0.2040
-2.8700
-15.1200
-11.3400
379
417
501
443
443

-0.0913
-0.9936
-0.1791
13.4400
-18.2700
-9.6600
401
445
505
448
448

-0.0346
-1.0204
-0.1352
2.8000
-6.7900
-5.3900
411
463
509
451
451

-0.0215
-1.0175
-0.1503
13.5800
-9.0300
-4.4800
421
476
513
453
453

-0.0381
-1.0170
-0.1508
19.1100
-8.1900
-1.1200
427
490
517
456
455

-0.0566
-1.0009
-0.1337
11.5500
-9.5200
-5.1100
429
498
521
458
458

-0.0537
-0.9897
-0.1279
-0.4900
-1.8900
-1.0500
434
500
523
460
460

-0.0303
-0.9858
-0.1308
2.1000
-3.0800
-0.2800
438
503
525
462
462

-0.0410
-0.9750
-0.1308
4.9000
-1.5400
-1.2600
439
505
526
463
463

-0.0420
-0.9760
-0.1210
3.0800
-3.5700
-3.0800
441
507
527
463
465

-0.0488
-0.9965
-0.1196
7.0000
-4.3400
-2.3100
443
507
528
465
464

-0.0605
-0.9750
-0.1059
7.0700
-5.9500
-3.1500
444
508
528
466
467

-0.0464
-1.0043
-0.0981
2.5200
-4.4800
-1.6800
444
508
530
466
466

-0.0712
-0.9926
-0.0961
7.7000
-5.9500
-7.7700
444
508
528
466
466

-0.0444
-0.9984
-0.0937
1.7500
-3.5000
-5.5300
444
508
529
465
466

-0.0400
-0.9916
-0.0781
-3.7100
-3.5000
-3.5000
445
505
530
466
466

-0.0298
-0.9648
-0.0844
-4.2000
-2.1700
-0.1400
443
501
528
467
467

-0.0259
-0.9618
-0.0878
7.8400
-2.3100
-2.5200
443
497
528
466
466

-0.0346
-0.9877
-0.0678
19.1100
-3.9200
0.7700
435
488
528
465
465

-0.0181
-0.9472
-0.0932
16.5200
-5.9500
8.4700
424
475
528
463
465

-0.0708
-0.9921
-0.0673
10.6400
-10.2200
2.5900
415
465
527
461
462

-0.1074
-0.9965
-0.0483
7.4200
-11.4800
-4.5500
409
459
527
456
457

-0.0810
-1.0141
-0.0503
1.7500
-17.3600
-10.9900
403
454
527
454
453

-0.0883
-0.9843
-0.0434
4.4800
-6.1600
-5.3200
401
456
527
453
451

-0.0888
-0.9799
-0.0405
12.8800
1.9600
-11.2700
403
457
528
451
451

-0.0576
-0.9984
-0.0351
7.2100
-3.5700
-8.8200
398
454
527
452
451

-0.0439
-1.0072
-0.0083
5.6000
1.6800
3.9200
383
440
526
450
452

-0.0517
-1.0136
0.0005
1.1200
-1.0500
2.8000
331
366
524
451
450

-0.0303
-0.9989
-0.0039
9.1000
1.9600
8.2600
286
314
524
450
450

-0.0883
-0.9692
-0.0034
-7.3500
3.5000
6.2300
269
306
520
449
449

-0.0825
-0.9677
-0.0068
7.5600
2.5200
8.8900
262
305
520
447
447

-0.1103
-0.8935
-0.0083
15.3300
4.6900
9.8700
261
308
519
442
442

-0.1449
-0.9531
0.0429
12.8100
6.4400
4.4800
261
310
520
433
432

-0.1649
-0.9853
0.0146
1.2600
4.3400
2.1700
259
312
519
421
423

-0.1698
-0.9594
-0.0073
-1.8200
3.2200
-1.6800
256
314
517
411
411

-0.1205
-0.9843
0.0229
-16.4500
3.9200
-7.9100
256
325
515
398
397

-0.1254
-0.9579
-0.0298
-5.0400
4.4100
-3.9200
257
329
510
381
382

-0.1240
-0.9726
-0.0630
-12.5300
1.4700
-4.9000
258
331
485
356
356

-0.1303
-0.9609
-0.0395
-23.9400
4.2000
-2.6600
258
335
435
326
326

-0.1352
-1.0067
-0.0922
-24.9900
-2.0300
-5.8800
261
336
390
310
311

-0.1669
-0.9804
-0.1532
-12.5300
-4.6200
-5.3200
263
338
357
304
302

-0.1532
-1.0097
-0.1684
-2.1700
-6.3700
-6.8600
263
338
334
300
299

-0.1347
-0.9853
-0.1703
-0.3500
-4.4800
-5.1800
264
340
320
296
298

-0.1464
-0.9809
-0.1825
0.6300
-0.3500
-3.9900
265
337
311
295
295

-0.1078
-0.9911
-0.1859
6.6500
-5.8100
-4.1300
265
339
312
294
295

-0.1332
-0.9716
-0.1840
1.4700
-5.2500
-4.7600
265
339
310
295
296

-0.1205
-0.9623
-0.1747
-0.4200
-5.4600
-3.4300
264
339
312
296
295

-0.1298
-0.9775
-0.1781
-1.6800
-3.7800
-3.6400
265
339
313
297
297

-0.1196
-0.9750
-0.1776
-1.0500
-3.1500
-3.2900
265
340
314
299
299

-0.1279
-0.9687
-0.1923
-1.3300
-2.9400
-3.5000
264
340
316
299
301

-0.1205
-0.9853
-0.1957
0.9100
-2.7300
-3.4300
266
341
319
302
301

-0.1108
-0.9682
-0.2050
-11.0600
2.8700
-4.2700
268
341
326
306
305

-0.1235
-0.9726
-0.2328
-5.2500
3.7800
-3.0800
272
342
338
310
309

-0.1279
-0.9833
-0.2328
17.8500
8.6100
1.1200
272
341
376
324
324

-0.1430
-1.0058
-0.2137
23.8700
-4.5500
-1.2600
273
340
444
355
355

-0.1161
-0.9701
-0.1620
16.5900
-3.6400
1.2600
271
343
484
379
379

-0.1283
-0.9667
-0.1459
2.6600
-4.4100
-2.5200
276
340
500
401
399

-0.1293
-0.9604
-0.1581
7.1400
-7.7000
-11.7600
284
339
507
422
421

-0.1093
-0.9843
-0.1596
5.8100
-20.0200
-21.1400
296
339
510
438
437

-0.1874
-0.9887
-0.0708
0.1400
-27.2300
-20.4400
330
363
511
452
453

-0.0708
-1.0565
-0.1235
10.0100
-30.8700
-15.9600
376
405
512
458
460

-0.0322
-1.0136
-0.0717
16.3800
-18.0600
-14.0000
408
445
515
463
462

-0.0205
-0.9687
-0.0722
4.8300
-18.7600
-9.7300
423
480
521
464
465

-0.0386
-0.9799
-0.0600
7.7700
-11.4100
-6.3700
437
498
524
466
467

-0.0068
-1.0019
-0.0254
0.8400
0.6300
-2.5200
441
501
527
469
469

-0.0390
-0.9921
-0.0600
-2.2400
3.5000
-1.8900
445
505
529
470
470

-0.0386
-1.0019
-0.0537
7.0000
-0.2800
-3.1500
446
506
528
471
471

-0.0312
-0.9950
-0.0542
3.0800
-1.4700
-2.3100
447
507
529
473
472

-0.0356
-0.9989
-0.0425
1.8200
-5.3200
-2.4500
446
507
529
471
472

-0.0464
-0.9950
-0.0405
2.1000
1.4700
-1.8900
446
507
531
473
473

-0.0376
-1.0028
-0.0488
3.7100
-2.9400
-3.2900
446
507
529
472
473

-0.0395
-0.9980
-0.0410
4.4800
-1.6800
-3.5000
446
508
531
473
474

-0.0439
-1.0053
-0.0376
3.9900
-5.5300
-6.2300
445
507
529
472
474

-0.0312
-0.9999
-0.0356
3.9900
2.8000
0.9800
444
504
529
472
472

-0.0473
-0.9950
-0.0268
0.6300
3.4300
-2.6600
435
497
529
473
473

-0.0366
-0.9965
-0.0278
7.4900
-2.2400
2.4500
422
469
528
473
472

-0.0386
-1.0063
-0.0088
2.0300
-3.3600
-0.3500
390
432
528
472
473

-0.0488
-0.9950
-0.0176
-5.4600
2.1700
0.7700
348
378
528
472
472

-0.0537
-0.9941
-0.0185
-2.8700
3.0800
3.0800
312
345
526
472
471

-0.0630
-1.0004
-0.0386
-11.4800
7.6300
4.9700
296
332
523
469
470

-0.1049
-0.9819
-0.0644
-0.8400
3.4300
9.8000
283
324
520
463
464

-0.1513
-1.0019
-0.0786
0.0000
3.9200
8.7500
277
319
519
452
452

-0.1220
-1.0185
-0.0810
15.1200
2.8000
13.9300
276
318
519
436
436

-0.2557
-0.9945
-0.0386
4.6900
-0.6300
3.8500
274
319
519
426
425

-0.1908
-0.9862
-0.0673
-2.5200
-5.3200
-0.4900
275
319
520
417
416

-0.2264
-0.9809
-0.1000
-0.5600
5.1800
-0.9100
273
320
519
409
410

-0.1815
-0.9599
-0.0834
-9.0300
-0.8400
-4.4100
271
327
516
398
397

-0.1752
-0.9116
-0.0844
-14.0000
-1.6800
-6.5100
270
333
503
379
380

-0.1781
-0.9184
-0.0054
-12.6000
6.6500
-5.4600
270
335
468
353
353

-0.1254
-0.9301
-0.1469
-11.5500
6.3000
-5.8100
271
339
421
326
326

-0.1937
-0.9521
-0.2084
-20.7200
-1.6100
-6.4400
274
340
378
314
313

-0.1606
-0.9453
-0.2347
-8.0500
-1.2600
-6.3000
275
340
343
307
306

-0.1425
-0.9584
-0.2469
-2.5200
-3.5700
-6.8600
274
342
324
305
304

-0.1386
-0.9706
-0.2596
4.8300
-2.8700
-3.5700
274
343
315
302
303

-0.1547
-0.9594
-0.2377
0.7700
-4.4800
-7.4900
274
344
314
303
302

-0.1357
-0.9457
-0.2464
6.3000
-3.7100
-3.8500
274
344
314
302
302

-0.1308
-0.9648
-0.2289
3.0100
-4.4100
-5.1100
275
344
314
302
303

-0.1327
-0.9604
-0.2401
2.2400
-5.3200
-4.6900
276
345
314
304
303

-0.1308
-0.9570
-0.2298
0.2800
-4.5500
-5.8100
275
346
316
303
305

-0.1181
-0.9487
-0.2338
-2.1000
-5.0400
-5.1100
274
345
317
305
305

-0.1293
-0.9516
-0.2386
1.6100
-4.4100
-6.4400
275
345
318
306
306

-0.1332
-0.9648
-0.2489
0.4200
0.7700
-2.1000
277
347
329
311
309

-0.0986
-0.9496
-0.2396
-2.1700
2.9400
-1.5400
277
346
344
316
316

-0.1030
-0.9531
-0.2425
2.1000
2.2400
-2.8700
279
345
361
323
323

-0.1010
-0.9004
-0.2298
11.7600
3.2200
-0.2100
279
345
401
340
341

-0.1083
-0.9555
-0.2103
10.9200
-2.7300
-4.7600
278
344
443
363
362

-0.1171
-0.9775
-0.2035
15.1900
-4.6200
-2.7300
279
344
482
387
389

-0.1113
-0.9536
-0.1806
6.3000
-2.5200
-5.8800
283
344
498
410
409

-0.1205
-0.9643
-0.1889
11.4800
-7.0700
-10.0100
289
345
502
426
427

-0.1147
-0.9643
-0.2045
0.4200
-16.2400
-16.8000
300
348
504
436
436

-0.0913
-0.9604
-0.1654
3.7100
-12.6700
-23.8700
337
374
505
443
440

-0.1044
-0.9726
-0.1791
9.1700
-8.5400
-9.8000
343
378
501
445
444

-0.0478
-0.9804
-0.1771
6.0900
-11.7600
-9.7300
357
396
502
447
446

-0.0181
-0.9828
-0.1952
7.2800
-27.0900
-12.7400
388
431
503
450
451

-0.0468
-0.9721
-0.1488
11.6200
-19.5300
-16.2400
412
456
510
457
457

0.0107
-0.9784
-0.1591
16.5200
-2.8000
-9.5900
424
476
518
462
464

-0.0229
-1.0292
-0.1523
18.5500
-13.1600
-8.4700
430
490
521
465
466

0.0268
-0.9887
-0.1142
12.8100
-10.5700
-5.6000
435
498
522
468
468

0.0024
-1.0033
-0.1220
11.6200
-6.5100
-7.7700
438
501
525
469
469

0.0137
-1.0028
-0.0942
12.3200
-6.3000
-7.0700
440
503
526
471
469

0.0298
-1.0077
-0.0937
11.5500
-8.9600
-12.2500
443
505
527
471
471

0.0498
-1.0121
-0.1015
12.1800
-8.4700
-5.9500
444
506
528
472
473

0.0547
-1.0053
-0.0673
8.1200
-8.4700
-9.5200
447
507
529
473
474

0.0512
-0.9994
-0.0644
11.6200
-12.0400
-8.3300
450
509
529
473
473

0.0615
-0.9970
-0.0312
10.0800
-7.9100
-4.1300
451
510
529
473
474

0.0712
-0.9989
-0.0327
0.4200
-2.2400
-2.1000
452
509
530
475
473

0.0610
-0.9906
-0.0337
2.2400
-3.7800
-3.2200
451
509
530
474
473

0.0581
-1.0028
-0.0366
0.6300
0.4200
0.0700
451
509
530
474
474

0.0610
-0.9989
-0.0420
1.4000
0.4900
0.9800
452
509
531
474
474

0.0410
-1.0038
-0.0590
2.0300
-2.9400
-3.5000
451
508
530
474
474

0.0683
-0.9984
-0.0503
1.2600
-1.6800
0.0000
450
509
530
473
474

0.0444
-1.0009
-0.0566
-0.2100
-0.3500
-2.1000
450
510
530
474
474

0.0439
-0.9858
-0.0522
7.7000
-0.4200
-2.5900
450
509
529
474
474

0.0395
-1.0043
-0.0298
5.8100
-0.9100
-3.5000
450
508
530
473
473

0.0337
-1.0165
-0.0317
9.7300
-0.7700
-4.8300
449
507
530
473
473

0.0459
-1.0053
-0.0298
7.2800
0.1400
-7.5600
449
508
531
474
473

0.0717
-0.9955
-0.0332
7.9100
3.9200
-8.4700
448
507
529
472
473

0.0869
-1.0024
-0.0161
6.3000
-1.7500
-6.5100
448
505
529
472
471

0.0815
-0.9936
-0.0268
0.3500
-2.9400
-5.6000
447
505
529
471
473

0.0825
-0.9980
-0.0161
2.9400
-1.8200
-5.1100
447
504
529
471
471

0.0688
-0.9965
-0.0122
4.6200
2.5200
-5.6000
447
503
528
471
470

0.0722
-0.9955
0.0161
2.5200
2.1700
-6.7200
445
503
528
469
470

0.0849
-1.0155
0.0044
-2.3100
3.7800
-6.3700
444
502
528
470
470

0.0874
-0.9814
-0.0146
-5.5300
5.7400
-5.8800
445
503
528
469
470

0.1132
-0.9906
-0.0268
-0.6300
2.2400
-8.9600
445
504
527
469
469

0.1283
-0.9902
-0.0415
1.8200
0.1400
-5.7400
444
502
528
471
469

0.1322
-0.9853
-0.0254
3.9900
-3.1500
-4.0600
445
501
529
469
468

0.1088
-1.0004
-0.0102
3.9900
-3.2200
-4.7600
446
502
528
469
469

0.1181
-0.9955
-0.0039
2.0300
-1.8200
-2.9400
444
503
527
468
469

0.1088
-0.9980
-0.0102
3.4300
-3.4300
-3.2200
444
501
529
468
468

0.1122
-0.9989
-0.0093
3.0800
-3.6400
-3.8500
444
501
527
469
468

0.1157
-1.0033
-0.0107
4.2000
-4.3400
-3.9900
443
501
527
469
468

0.1220
-1.1214
-0.0044
2.1700
-4.7600
-3.8500
445
501
527
468
469

0.1171
-0.9950
-0.0044
3.5000
-4.0600
-3.5700
443
501
528
468
468

0.1205
-0.9906
-0.0098
2.1700
-4.5500
-3.2200
444
500
527
468
468

0.1205
-0.9897
-0.0029
1.4700
-3.4300
-3.3600
443
500
527
468
468

0.1118
-1.0024
-0.0034
2.8000
-4.7600
-2.5200
442
500
527
468
468

0.1171
-0.9926
-0.0054
2.2400
-3.3600
-3.0800
443
500
528
468
466

0.1171
-0.9897
-0.0015
1.3300
-4.8300
-3.2900
443
499
528
468
468

0.1142
-0.9984
-0.0122
0.6300
-8.9600
-5.0400
442
500
527
467
467

0.1225
-0.9936
0.0010
-0.7000
-4.9000
-3.7100
442
499
528
467
467

0.1225
-0.9906
0.0107
2.9400
-5.0400
-4.4100
443
499
527
467
469

0.1274
-0.9828
-0.0146
-1.4700
-2.7300
-4.4800
442
500
526
510
510

0.1322
-0.9999
-0.0078
1.5400
-5.7400
-3.6400
442
499
526
510
510

0.1288
-0.9902
-0.0151
0.9800
-4.8300
-4.2000
443
499
526
520
520

0.1025
-0.9994
0.0098
11.2700
5.9500
-6.1600
442
499
526
467
469