-0.1401
-0.9989
-0.0590
-9.7300
-5.2500
-8.3300
423
466
504
400
400

-0.1220
-0.9692
-0.0444
2.3800
3.0100
-25.1300
423
467
502
399
399

-0.0356
-0.9550
0.0268
6.7900
-3.5700
9.8700
425
466
502
399
400

-0.1249
-1.0048
-0.0737
-5.3900
-3.7100
7.0700
423
467
502
400
398

-0.1078
-0.9848
-0.0371
6.3000
-9.2400
-6.0200
424
466
502
400
402

-0.1010
-0.9579
-0.0381
-3.2900
-8.8200
3.9200
424
465
502
399
400

-0.1322
-1.0170
-0.0795
7.7700
-9.9400
-17.9900
424
467
502
400
399

-0.1196
-0.9862
-0.0425
1.4000
-6.5100
-3.7800
424
469
504
399
399

-0.0971
-1.0028
-0.0376
-1.7500
-4.0600
0.9800
424
467
502
399
399

-0.1244
-0.9984
-0.0742
-5.5300
-4.4800
2.4500
423
467
502
402
400

-0.1113
-1.0072
-0.0820
-0.4900
-2.8700
-5.2500
423
467
502
399
400

-0.0874
-0.9823
-0.0620
-3.0800
-6.6500
-2.5200
423
467
504
400
397

-0.1171
-0.9809
-0.0844
2.4500
-7.9100
-4.8300
424
467
502
399
399

-0.1035
-0.9706
-0.0566
0.6300
-8.7500
-9.8000
423
465
504
398
398

-0.0703
-0.9599
-0.0649
4.5500
-12.4600
-14.7000
423
466
502
397
397

-0.0708
-1.0106
-0.0898
-0.0700
-5.6700
-7.7700
425
465
502
396
396

-0.0830
-1.0053
-0.0405
-6.4400
-2.5200
-7.0700
424
466
502
396
396

-0.0649
-0.9843
-0.0927
-8.1200
0.5600
-5.6700
421
466
502
397
397

-0.0400
-1.0131
-0.0869
-10.2200
-1.9600
13.5100
420
466
502
398
396

-0.0966
-1.0253
-0.1425
-9.1000
-5.4600
-0.1400
419
466
502
397
397

-0.0771
-0.9609
-0.1186
-4.7600
-7.0700
2.3100
417
465
502
397
397

-0.1083
-0.9623
-0.1318
-2.9400
-7.2100
1.0500
419
465
501
396
395

-0.1230
-0.9823
-0.1606
-6.5800
-4.6200
-0.9100
419
465
502
395
398

-0.1200
-0.9565
-0.1742
-4.5500
1.2600
0.1400
418
465
503
396
396

-0.1132
-0.9609
-0.1552
1.9600
0.9800
-6.0900
418
465
502
395
395

-0.1049
-0.9858
-0.1562
5.9500
-1.4700
-3.3600
418
465
502
394
396

-0.1196
-0.9716
-0.1708
1.6800
-0.0700
-3.2900
418
464
501
397
396

-0.1044
-0.9877
-0.1645
3.2900
0.5600
-5.4600
419
465
502
395
397

-0.0937
-0.9775
-0.1649
3.8500
-0.7000
-4.3400
417
465
502
397
397

-0.0893
-0.9633
-0.1620
2.3800
-2.5200
-2.6600
419
465
502
398
396

-0.0956
-0.9770
-0.1630
0.0700
-3.4300
-5.2500
419
465
501
397
396

-0.0878
-0.9682
-0.1649
1.1900
-3.5000
-1.8200
418
465
502
395
398

-0.0786
-0.9633
-0.1542
3.5000
-7.2800
-5.2500
419
465
502
398
397

-0.1064
-0.9775
-0.1322
3.9900
-5.1800
1.6800
419
465
502
397
399

-0.1181
-0.9862
-0.1474
-1.2600
-3.6400
-2.8700
419
465
501
397
396

-0.1171
-0.9511
-0.1547
2.2400
-1.8900
-2.5900
419
465
502
397
397

-0.1054
-0.9819
-0.1337
4.9700
-1.7500
-2.6600
420
465
502
396
396

-0.1069
-0.9843
-0.1488
0.4200
-3.5700
-5.1800
419
465
501
397
395

-0.1044
-0.9731
-0.1591
1.6100
-4.0600
-2.3100
421
464
501
397
399

-0.1015
-0.9911
-0.1469
2.6600
-4.2000
-3.2200
419
463
501
396
396

-0.1005
-0.9770
-0.1386
0.8400
-5.0400
-3.5000
419
466
500
396
396

-0.0996
-0.9750
-0.1308
0.9100
-4.7600
-1.6100
419
464
503
396
396

-0.1122
-0.9848
-0.1454
3.0100
-4.0600
-1.8900
419
466
501
396
395

-0.1215
-0.9750
-0.1557
2.3800
-1.9600
-2.6600
419
464
501
396
397

-0.1113
-0.9775
-0.1318
2.4500
-0.6300
-2.9400
419
464
501
396
396

-0.0971
-0.9721
-0.1440
0.7700
-2.3800
-2.8000
419
464
501
396
394

-0.0927
-0.9799
-0.1449
1.0500
-3.0800
-1.4700
419
464
503
395
396

-0.1010
-0.9848
-0.1410
1.6100
-4.2700
-0.4200
419
464
501
396
396

-0.1191
-0.9809
-0.1508
1.8900
-2.6600
-3.8500
419
464
503
395
395

-0.1059
-0.9775
-0.1527
1.1900
-2.7300
-2.8700
419
464
501
395
396

-0.0966
-0.9804
-0.1615
3.7100
-4.7600
-2.3100
418
464
501
395
396

-0.1010
-0.9916
-0.1547
1.8200
-4.9000
-2.2400
418
464
501
395
397

-0.1118
-0.9789
-0.1557
0.2100
-4.5500
-3.7100
419
464
500
396
396

-0.1083
-0.9750
-0.1581
1.7500
-3.7800
-3.1500
419
463
501
395
394

-0.0976
-0.9877
-0.1527
1.0500
-3.7800
-3.5000
419
464
500
396
397

-0.1025
-0.9633
-0.1596
-0.2100
-3.7800
-2.5200
418
463
499
396
395

-0.1069
-0.9750
-0.1566
1.4000
-2.7300
-3.1500
418
463
499
395
397

-0.0986
-0.9809
-0.1552
-1.8200
-3.1500
-2.9400
419
462
499
395
395

-0.1054
-0.9579
-0.1518
0.6300
-2.7300
-3.0800
419
464
499
394
394

-0.1000
-0.9662
-0.1532
1.7500
-3.5000
-1.3300
420
464
499
395
394

-0.1083
-0.9736
-0.1630
2.4500
-4.1300
-1.6800
417
464
500
394
394

-0.1196
-0.9784
-0.1654
2.4500
-2.6600
-2.9400
419
464
499
394
394

-0.1118
-0.9760
-0.1571
0.0700
-2.3100
-2.5900
419
463
499
393
394

-0.0996
-0.9716
-0.1562
2.3100
-3.7100
-1.9600
419
464
498
395
393

-0.1132
-0.9775
-0.1518
0.0700
-3.0800
-2.1700
419
464
500
392
395

-0.1200
-0.9750
-0.1708
0.8400
-1.7500
-4.1300
419
464
498
393
393

-0.1059
-0.9677
-0.1659
1.1200
-2.0300
-1.6800
419
462
499
392
392

-0.1010
-0.9770
-0.1674
2.8700
-4.4800
-0.2800
419
463
499
390
391

-0.1059
-0.9833
-0.1693
0.4200
-4.6900
-0.2100
421
465
500
391
391

-0.1186
-0.9745
-0.1747
1.6100
-4.2000
-1.6100
419
463
499
389
388

-0.1235
-0.9882
-0.1776
0.4900
-1.8200
-1.6800
421
464
502
387
387

-0.1366
-0.9780
-0.1718
-4.3400
-2.9400
-2.1000
420
464
500
386
385

-0.1118
-0.9799
-0.1806
-12.6000
-4.9000
-0.4900
424
464
496
366
363

-0.1327
-0.9755
-0.2313
-19.1100
-10.9200
-2.8700
422
452
454
334
332

-0.1254
-0.9633
-0.2533
-16.0300
-1.4000
-0.5600
421
409
383
316
314

-0.1274
-0.9360
-0.2645
-8.2600
-2.0300
-3.7800
409
378
343
298
300

-0.1303
-0.9292
-0.2650
-2.0300
-17.8500
-3.2900
393
357
322
297
296

-0.1298
-0.9243
-0.2718
-6.4400
-0.8400
-3.0800
371
339
307
293
293

-0.1098
-0.9379
-0.2962
1.8900
-0.3500
1.8900
338
326
298
289
289

-0.1171
-0.9238
-0.2967
0.4900
-0.1400
-1.6100
321
319
294
287
287

-0.1386
-0.8955
-0.2982
-3.2200
-0.6300
-1.4000
302
309
288
287
285

-0.1161
-0.9399
-0.3328
-7.1400
-0.0700
-2.2400
285
302
286
289
290

-0.1293
-0.9282
-0.3216
-2.5900
1.1900
-3.0100
276
296
283
294
293

-0.1410
-0.9340
-0.3314
4.4100
-2.4500
-3.4300
271
294
281
291
292

-0.1410
-0.9453
-0.3143
-2.3800
0.1400
-2.9400
273
296
283
294
294

-0.1293
-0.9292
-0.3426
2.1000
-2.8700
-3.8500
273
297
284
294
295

-0.1108
-0.9316
-0.3377
4.3400
-4.2000
-3.9900
274
299
284
294
294

-0.1244
-0.9384
-0.3396
2.3100
-5.0400
-3.2900
274
296
285
296
295

-0.1264
-0.9321
-0.3284
-0.5600
-5.2500
-3.6400
278
300
286
294
294

-0.1137
-0.9345
-0.3411
2.3800
-4.8300
-3.5700
276
301
289
295
296

-0.1147
-0.9340
-0.3382
2.4500
-6.4400
-3.5700
278
302
288
298
298

-0.1191
-0.9257
-0.3323
4.1300
-6.3000
-0.9100
280
303
290
296
299

-0.1279
-0.9384
-0.3411
2.7300
-5.3200
-1.0500
279
304
288
298
299

-0.1215
-0.9374
-0.3489
3.2900
-4.2000
-2.8000
280
307
291
299
299

-0.1181
-0.9282
-0.3260
1.9600
-4.9700
-2.2400
280
304
291
297
298

-0.1279
-0.9267
-0.3314
3.0100
-4.2000
-2.7300
278
305
290
294
296

-0.1235
-0.9135
-0.3353
1.1900
-3.9900
-2.6600
278
306
291
296
294

-0.1303
-0.9394
-0.3231
-8.2600
-0.1400
-14.2100
285
311
295
293
293

-0.1010
-0.9228
-0.3538
-7.6300
-21.1400
-5.3900
303
336
321
305
305

-0.0922
-0.8965
-0.0249
17.7800
-10.0100
5.6700
338
380
400
343
343

-0.1049
-1.0019
-0.3001
11.7600
-14.7000
-1.1900
376
424
465
381
381

-0.1240
-0.9560
-0.3367
18.3400
-11.8300
-2.7300
401
458
502
410
409

-0.1503
-0.9467
-0.3138
15.9600
-12.2500
-1.0500
411
472
517
420
420

-0.1376
-0.9555
-0.2699
14.4200
-12.3200
-0.8400
416
482
522
433
433

-0.1176
-0.9711
-0.2728
16.0300
-8.9600
-7.0000
421
488
524
446
445

-0.1249
-0.9130
-0.2518
16.1700
-4.6900
3.2200
422
492
526
455
453

-0.1279
-0.9828
-0.2103
7.2800
-3.9200
-2.5200
424
494
528
458
456

-0.1508
-0.9672
-0.2225
1.7500
-2.3100
-1.2600
424
495
528
456
456

-0.1610
-0.9697
-0.2191
0.5600
-1.8200
-4.1300
423
493
528
457
455

-0.1347
-0.9584
-0.2196
-0.7700
-2.1000
-4.4100
422
494
528
453
453

-0.1342
-0.9594
-0.2181
-1.8200
-3.8500
-0.8400
423
495
528
449
449

-0.1488
-0.9692
-0.2406
-2.1700
-2.4500
-1.6800
422
494
527
444
444

-0.1376
-0.9467
-0.2133
-9.3800
-1.6800
-0.1400
421
489
526
437
437

-0.1376
-0.9492
-0.2611
-10.0100
-0.5600
1.2600
419
484
523
428
427

-0.1484
-0.9311
-0.2684
1.1900
-3.3600
-0.4200
419
482
518
420
420

-0.1576
-0.9540
-0.2572
-7.4200
-2.0300
-4.4800
417
479
512
414
415

-0.1523
-0.9077
-0.2835
-4.9000
-0.9100
-3.8500
416
475
505
402
403

-0.1449
-0.9482
-0.2977
-2.3800
0.1400
-0.4200
414
468
493
395
394

-0.1488
-0.9560
-0.2996
-5.1100
-0.3500
-3.1500
405
448
470
375
377

-0.1547
-0.9243
-0.3099
-9.9400
-0.0700
-3.0800
398
430
443
352
351

-0.1537
-0.9384
-0.3362
-11.0600
-1.8200
-10.7800
392
414
419
335
334

-0.1254
-0.8935
-0.3592
-5.4600
-2.3800
-5.2500
391
399
393
320
320

-0.1274
-0.9272
-0.3709
-3.1500
-3.2200
-7.1400
389
384
366
307
307

-0.1508
-0.9057
-0.3445
-3.5700
-8.1900
-7.8400
388
376
357
299
301

-0.1103
-0.8994
-0.3870
-0.2800
-3.2200
-5.5300
389
371
348
301
301

-0.0981
-0.9155
-0.3816
-0.6300
-2.1700
-3.2900
390
370
347
302
300

-0.0859
-0.9101
-0.3553
-5.1100
-4.3400
-2.3800
377
352
331
294
293

-0.1147
-0.8843
-0.3845
2.1000
-1.1900
-2.6600
352
334
317
287
287

-0.1069
-0.9243
-0.3733
2.1700
-5.8100
-4.0600
327
324
309
280
281

-0.1064
-0.8994
-0.3738
-1.1200
-5.0400
-4.6200
311
315
302
275
274

-0.1005
-0.9048
-0.3601
-0.7000
-4.1300
-2.9400
296
308
293
276
274

-0.0976
-0.9150
-0.3831
0.9100
-2.9400
0.9800
286
301
290
277
277

-0.1113
-0.9243
-0.3797
-0.7000
-3.4300
-0.4900
280
300
288
279
278

-0.1176
-0.9204
-0.3811
1.9600
-3.5700
-1.4700
276
298
288
282
283

-0.1205
-0.9160
-0.3836
3.6400
-3.9900
-2.3800
271
298
285
281
284

-0.1166
-0.9189
-0.3821
1.8200
-3.9200
-3.0100
269
297
289
284
283

-0.1108
-0.9145
-0.3811
2.3800
-2.8700
-3.1500
270
296
287
284
284

-0.1171
-0.9155
-0.3811
1.3300
-3.2900
-1.8200
271
297
286
285
285

-0.1181
-0.9116
-0.3821
1.0500
-4.2000
-2.3800
269
298
289
287
286

-0.1215
-0.8974
-0.3904
1.1900
-2.5200
-2.3100
270
296
289
286
286

-0.1161
-0.9223
-0.3880
0.8400
-2.9400
-4.2700
270
296
289
287
286

-0.1098
-0.9072
-0.3816
1.6800
-3.5000
-2.8700
268
295
288
287
287

-0.1181
-0.9082
-0.3806
2.1700
-4.5500
-3.4300
269
297
290
287
288

-0.1093
-0.9038
-0.3924
2.0300
-4.4800
-3.2900
270
298
291
288
289

-0.1147
-0.9130
-0.3802
2.1000
-3.5700
-3.5700
270
299
291
288
288

-0.1074
-0.9057
-0.3826
2.5900
-4.2000
-2.4500
272
299
291
289
286

-0.1093
-0.9052
-0.3821
4.4800
-4.8300
-2.8000
272
300
292
286
288

-0.1113
-0.9072
-0.3880
4.3400
-6.3000
-4.6900
271
302
293
286
288

-0.1274
-0.9150
-0.3655
-2.7300
-4.1300
-10.0800
276
305
298
289
290

-0.0878
-0.8799
-0.3548
-1.2600
-7.3500
-2.6600
294
320
310
298
299

-0.0981
-0.8989
-0.3924
8.6800
-10.6400
15.1900
328
355
345
326
327

-0.1142
-0.9223
-0.3762
18.4800
-7.3500
9.0300
362
394
414
350
351

-0.1718
-0.9033
-0.3450
13.7200
-10.5700
-1.9600
382
428
462
382
382

-0.1703
-0.9179
-0.3289
20.0900
-5.7400
-17.7800
397
454
500
411
411

-0.2064
-0.9209
-0.2767
16.7300
-4.4800
-3.5000
408
476
519
427
429

-0.1732
-0.9267
-0.2347
14.2800
-5.2500
-4.1300
413
486
524
438
439

-0.1757
-0.9155
-0.2064
7.2800
-4.0600
-4.4800
415
489
525
442
443

-0.1723
-0.9584
-0.2357
0.5600
-2.8000
-6.5800
415
491
526
446
446

-0.1630
-0.9433
-0.2401
8.4700
-3.7800
-5.8100
418
492
525
447
450

-0.1542
-0.9457
-0.2201
1.8200
-3.2200
-3.2200
416
490
527
448
448

-0.1630
-0.9555
-0.2362
3.1500
-2.4500
-6.0200
415
492
527
449
448

-0.1654
-0.9453
-0.2323
-0.2100
-2.7300
-3.5700
416
492
528
448
448

-0.1615
-0.9623
-0.2298
2.5900
-3.0800
-3.5000
416
491
527
445
447

-0.1488
-0.9662
-0.2386
1.8900
-3.9200
-4.4800
415
490
526
444
445

-0.1474
-0.9643
-0.2406
2.3100
-5.1800
-7.0700
415
488
525
438
437

-0.1508
-0.9565
-0.2416
-0.1400
-4.9000
-6.9300
416
487
524
426
426

-0.1581
-0.9550
-0.2474
0.1400
-5.9500
-7.7700
415
485
519
408
408

-0.1386
-0.9594
-0.2381
3.9900
-4.3400
-6.2300
413
481
509
394
395

-0.1303
-0.9540
-0.2303
-1.1200
-5.3900
-7.1400
412
473
500
380
380

-0.1376
-0.9614
-0.2386
-0.8400
-4.2000
-7.3500
412
470
491
367
367

-0.1161
-0.9682
-0.2338
-2.1700
-6.6500
-13.5800
408
465
480
351
352

-0.0991
-0.9526
-0.2425
-1.1200
-4.4800
-7.3500
405
455
463
339
340

-0.0864
-0.9560
-0.2377
0.9800
-5.3900
-8.5400
394
444
441
330
330

-0.0883
-0.9609
-0.2479
-1.9600
-3.3600
-8.5400
391
432
424
320
320

-0.0766
-0.9667
-0.2596
-1.5400
-5.0400
-11.3400
391
429
416
309
309

-0.0566
-0.9501
-0.2489
0.6300
-4.6900
-6.9300
388
424
405
304
303

-0.0659
-0.9448
-0.2747
-0.4900
-4.7600
-9.5200
379
398
378
290
290

-0.0532
-0.9706
-0.2826
-0.2800
-1.8900
-6.5800
374
378
356
287
288

-0.0566
-0.9540
-0.2840
-3.9900
-2.8700
-7.1400
366
363
342
291
290

-0.0249
-0.9287
-0.2884
-3.8500
1.0500
-2.1700
360
356
334
289
289

-0.0244
-0.9443
-0.2957
-3.3600
2.8000
4.5500
345
346
321
290
287

-0.0459
-0.9599
-0.3074
0.3500
-0.0700
-1.8200
336
338
318
287
288

-0.0366
-0.9521
-0.3079
-0.3500
-2.8000
-4.2000
333
332
312
285
284

-0.0317
-0.9536
-0.3104
-1.1900
-3.6400
-4.9000
332
330
307
286
287

-0.0390
-0.9335
-0.3182
2.5900
-3.1500
-2.4500
331
327
307
291
291

-0.0449
-0.9579
-0.3079
-0.7000
-4.6200
-3.0800
332
328
308
295
294

-0.0405
-0.9277
-0.3148
-5.2500
-3.2200
-1.4000
330
328
311
296
297

-0.0356
-0.9340
-0.3416
2.2400
-3.0800
-3.9200
332
328
311
297
296

-0.0337
-0.9501
-0.3426
4.0600
-5.4600
-1.4700
332
329
315
297
297

-0.0405
-0.9501
-0.3353
2.7300
-3.2200
-2.7300
331
331
316
299
298

-0.0395
-0.9472
-0.3318
1.2600
-3.9200
-3.5000
331
331
316
299
297

-0.0371
-0.9389
-0.3279
0.7000
-3.7800
-4.0600
328
332
315
298
298

-0.0327
-0.9316
-0.3187
2.3100
-5.6700
-0.9100
331
332
319
297
298

-0.0581
-0.9453
-0.3328
-0.4200
-4.0600
-3.4300
330
333
319
298
298

-0.0669
-0.9443
-0.3377
2.4500
-3.8500
-1.7500
324
330
319
297
296

-0.0454
-0.9443
-0.3338
3.5000
-2.3100
-0.3500
322
330
319
296
295

-0.0498
-0.9443
-0.3304
0.9100
-3.7800
-1.5400
322
328
319
295
296

-0.0605
-0.9326
-0.3333
1.7500
-3.4300
-3.5000
322
331
319
293
295

-0.0503
-0.9428
-0.3148
-1.9600
-2.4500
-1.8900
323
330
321
296
295

-0.0400
-0.9331
-0.3401
0.2800
-4.4100
2.0300
327
337
325
298
295

-0.0717
-0.9213
-0.3504
1.9600
-2.3800
-1.0500
326
340
329
299
297

-0.0600
-0.9496
-0.3431
-3.7800
0.7700
-0.9800
334
353
338
304
304

-0.0547
-0.9272
-0.3406
0.1400
-2.7300
-1.6100
336
355
343
308
309

-0.0551
-0.9453
-0.3650
2.5200
-2.3800
-5.4600
339
358
345
307
305

-0.0610
-0.9399
-0.3758
-0.6300
-5.2500
-5.1100
339
357
343
300
299

-0.0625
-0.9209
-0.3514
-1.8900
-3.5700
-1.6100
339
357
342
301
299

-0.0644
-0.9238
-0.3597
-0.9100
-2.3800
-0.9100
335
350
337
299
298

-0.0683
-0.9204
-0.3582
3.3600
-1.7500
-2.0300
321
335
326
293
294

-0.0776
-0.9365
-0.3645
2.8700
-2.9400
-1.9600
318
331
322
294
292

-0.0678
-0.9394
-0.3684
0.9800
-3.9900
-2.5900
314
330
322
293
291

-0.0654
-0.9121
-0.3675
0.7700
-3.7800
-2.0300
314
327
321
291
290

-0.0678
-0.9262
-0.3689
2.2400
-4.1300
-2.6600
312
326
322
290
291

-0.0737
-0.9228
-0.3680
4.2000
-3.0800
-2.5200
311
326
321
289
290

-0.0644
-0.9204
-0.3582
2.6600
-3.5700
-3.7800
313
326
319
287
288

-0.0595
-0.9194
-0.3611
2.5200
-3.5700
-2.8700
312
327
322
288
288

-0.0590
-0.9301
-0.3592
4.0600
-4.5500
-3.0100
315
327
321
288
287

-0.0673
-0.9316
-0.3611
2.2400
-4.4800
-3.1500
315
327
323
288
288

-0.0634
-0.9384
-0.3533
5.3900
-5.3200
-1.6800
312
327
320
288
288

-0.0673
-0.9409
-0.3406
0.2800
-2.8700
0.0700
314
328
323
288
288

-0.0839
-0.9121
-0.3450
-2.6600
-3.7800
-0.7000
317
334
330
292
292

-0.0659
-0.9101
-0.3562
-0.1400
-1.2600
-0.5600
321
338
332
292
293

-0.0761
-0.9477
-0.3680
-4.6200
2.8700
11.2700
332
354
347
301
300

-0.1249
-0.9067
-0.3831
2.3800
-1.6100
-0.3500
344
371
366
319
321

-0.0869
-0.9252
-0.3714
9.3800
-2.1000
-2.3800
361
388
396
337
338

-0.1005
-0.9048
-0.3543
6.5800
-3.6400
-0.8400
369
402
426
353
353

-0.1127
-0.9179
-0.3616
18.2000
-7.2800
-2.2400
381
423
458
374
374

-0.1240
-0.9204
-0.2987
20.8600
-9.8000
-7.9100
392
444
485
396
397

-0.0878
-0.9618
-0.2952
18.8300
-9.4500
-6.4400
401
462
506
416
415

-0.0961
-0.9701
-0.2860
12.8800
-9.4500
-4.2700
408
475
516
429
427

-0.1127
-0.9701
-0.2533
24.2900
-3.8500
-0.0700
413
484
522
442
442

-0.1093
-0.9672
-0.2089
9.4500
-0.5600
-2.8700
416
488
525
448
448

-0.1035
-0.9536
-0.1937
2.1700
-2.9400
-3.2200
415
488
526
449
450

-0.1093
-0.9750
-0.1913
1.0500
-2.9400
-2.1700
415
488
526
448
449

-0.1205
-0.9736
-0.1913
-1.7500
-4.6900
-4.4800
415
487
526
446
446

-0.1103
-0.9745
-0.2015
-0.4900
-3.7800
-2.7300
415
486
526
444
445

-0.1039
-0.9643
-0.1889
-3.0100
-3.9900
-4.9700
415
487
527
444
445

-0.1049
-0.9545
-0.1976
-2.5200
-4.4100
-5.7400
415
489
528
444
446

-0.0922
-0.9477
-0.2142
-0.0700
-6.5800
-5.6700
414
487
527
447
449

-0.0903
-0.9487
-0.2045
-2.5200
-5.8800
-4.0600
411
488
528
446
450

-0.1074
-0.9550
-0.2147
-4.0600
-4.9000
-4.4800
411
488
528
446
446

-0.1069
-0.9706
-0.2225
-3.0800
-5.6000
-8.7500
415
490
528
444
444

-0.1054
-0.9614
-0.2181
-3.7800
-2.1000
-5.9500
415
490
528
442
442

-0.0717
-0.9662
-0.2186
1.0500
-5.3200
-4.3400
415
490
528
436
436

-0.0771
-0.9628
-0.2328
-1.1200
-5.5300
1.0500
416
490
527
430
429

-0.0810
-0.9604
-0.2386
-3.9200
-2.1700
-2.3800
416
486
523
420
420

-0.1103
-0.9560
-0.2782
0.0000
-4.0600
-4.6900
414
478
510
413
415

-0.0810
-0.9321
-0.2440
-1.2600
-3.4300
-6.5100
413
467
495
408
409

-0.0795
-0.9457
-0.2352
1.8200
-5.0400
-6.0200
412
463
488
406
405

-0.0771
-0.9745
-0.2377
4.8300
-3.9900
-0.0700
412
466
493
402
401

-0.0947
-0.9706
-0.1928
-0.1400
-14.0000
-11.1300
412
468
494
383
384

-0.0922
-0.9706
-0.2479
-0.4900
-7.6300
-11.6900
414
465
486
359
359

-0.0859
-0.9472
-0.2494
-7.0000
2.2400
2.8000
408
446
450
326
326

-0.0678
-0.9545
-0.2679
-3.9900
4.1300
-1.5400
392
408
391
298
299

-0.0605
-0.9565
-0.2948
-3.4300
2.2400
-0.5600
374
380
355
284
284

-0.0708
-0.9653
-0.2791
-5.8100
-1.8200
-10.9900
358
356
333
273
271

-0.0493
-0.9633
-0.2972
3.4300
-1.7500
-9.9400
344
344
321
265
266

-0.0444
-0.9218
-0.2835
-0.2100
-3.0800
-8.3300
334
338
318
263
263

-0.0371
-0.9545
-0.2860
4.9700
-5.0400
-8.3300
334
341
323
269
268

-0.0439
-0.9331
-0.2830
1.8200
-4.2000
-7.8400
335
345
326
274
273

-0.0478
-0.9501
-0.2767
-4.8300
-9.9400
-13.2300
330
343
325
275
273

-0.0059
-0.9472
-0.2865
1.4700
-5.8800
-2.6600
330
343
325
276
275

0.0000
-0.9701
-0.2826
-6.0200
-7.4200
-10.6400
321
336
319
276
275

-0.0171
-0.9618
-0.2923
-12.0400
-0.4900
-3.7800
312
328
311
272
272

0.0259
-0.9418
-0.2894
-3.2900
-1.1200
-0.4200
314
329
313
274
271

-0.0034
-0.9213
-0.3177
-19.8800
-1.8900
10.7100
314
330
316
275
275

-0.0351
-0.9228
-0.3421
-4.4100
-6.2300
-3.6400
315
330
315
276
275

-0.0098
-0.9174
-0.3616
-5.7400
-4.5500
0.9100
318
334
321
278
278

-0.0342
-0.9370
-0.3836
-0.2800
-1.8200
-2.1000
315
336
320
276
280

-0.0303
-0.9370
-0.3782
2.0300
-7.5600
-5.1800
310
330
321
279
279

-0.0278
-0.9360
-0.3928
2.5200
-5.8100
-8.3300
309
332
322
281
281

-0.0293
-0.9160
-0.3884
6.9300
-5.5300
-8.0500
306
328
320
282
282

-0.0176
-0.9170
-0.3792
-1.5400
-5.6700
-7.9100
306
327
321
283
283

-0.0273
-0.8960
-0.3865
-0.8400
-4.9000
-3.7100
307
328
321
282
282

-0.0161
-0.9111
-0.3719
-2.4500
-7.3500
-13.0200
306
328
321
284
282

-0.0093
-0.9121
-0.3821
3.7800
-15.1900
-24.7100
307
328
321
283
282

0.0117
-0.9008
-0.3670
-5.3900
-17.6400
-6.0900
310
331
325
283
284

0.0303
-0.9296
-0.3987
-13.5100
-21.6300
-12.9500
314
335
327
285
286

0.0293
-0.8652
-0.4304
-11.4100
-21.0700
-2.5200
319
342
335
288
289

0.0210
-0.8662
-0.4387
-2.1700
-16.2400
-15.6800
320
342
336
289
291

-0.0039
-0.8877
-0.4680
4.2700
-3.1500
-7.8400
315
340
334
288
289

0.0278
-0.9052
-0.4499
4.3400
-0.9100
2.8700
309
335
330
288
289

0.0185
-0.8989
-0.4490
3.7100
0.2100
-0.4200
300
328
327
288
288

0.0210
-0.8911
-0.4250
1.8900
-1.6800
-2.4500
299
326
327
289
289

0.0137
-0.9048
-0.4392
0.6300
-2.1700
-1.1200
301
328
329
289
290

0.0137
-0.8935
-0.4377
1.2600
-1.4000
-3.9200
298
329
328
288
289

0.0166
-0.8935
-0.4412
1.1900
-2.1700
-5.2500
301
329
328
290
289

0.0268
-0.8921
-0.4377
2.0300
-5.1800
-3.8500
303
330
330
290
292

0.0288
-0.9072
-0.4221
3.0100
-5.1800
-1.8200
302
331
330
290
290

0.0317
-0.9043
-0.4353
0.4200
-4.6900
-3.7100
302
331
330
291
290

0.0166
-0.8911
-0.4226
1.7500
-5.8100
-4.2700
303
332
331
290
292

0.0137
-0.8955
-0.4353
0.7700
-4.5500
-4.2700
304
336
332
291
289

0.0083
-0.8872
-0.4285
5.9500
-1.1200
-3.0800
307
335
331
292
293

0.0429
-0.9145
-0.4192
0.0700
-3.5000
-1.1900
307
339
336
293
294

0.0142
-0.9145
-0.4377
2.1700
-4.6200
-1.1200
311
340
337
293
293

0.0176
-0.9004
-0.4168
3.6400
0.5600
5.3200
319
351
346
297
297

0.0151
-0.8652
-0.2640
15.4000
-9.8000
10.3600
340
375
381
325
323

-0.0298
-0.9213
-0.3733
25.0600
-9.8700
15.6800
365
408
434
366
368

-0.0395
-0.9223
-0.4080
21.9100
1.4000
12.8100
385
439
476
407
405

-0.0683
-0.9604
-0.3421
29.8200
-3.9900
2.8000
403
459
497
427
427

-0.0478
-0.9623
-0.2967
20.4400
-8.5400
4.9700
413
475
514
442
440

-0.0986
-0.9536
-0.2499
9.3800
-5.3900
-5.1100
419
484
523
447
446

-0.0917
-0.9345
-0.2596
11.5500
0.9100
-0.7000
420
488
523
450
452

-0.0771
-0.9770
-0.2469
2.0300
-3.1500
-1.1200
420
489
524
452
451

-0.0883
-0.9667
-0.2377
1.3300
-2.8000
0.0700
420
489
524
453
450

-0.0834
-0.9467
-0.2377
4.6200
-3.2900
-0.4900
421
489
523
450
450

-0.1005
-0.9799
-0.2420
2.2400
-4.4800
-4.2000
421
488
524
449
448

-0.0961
-0.9506
-0.2396
2.2400
-2.8000
-2.9400
419
488
524
448
449

-0.0913
-0.9453
-0.2308
3.0100
-4.3400
-1.2600
419
488
524
448
446

-0.0849
-0.9716
-0.2391
1.2600
-3.9200
-0.6300
419
487
523
447
447

-0.1030
-0.9526
-0.2391
3.3600
-2.5900
0.7700
418
488
525
445
448

-0.1078
-0.9731
-0.2338
1.1900
-2.4500
0.7700
418
486
526
445
444

-0.1137
-0.9697
-0.2372
-0.0700
-2.4500
-3.7800
418
486
523
442
445

-0.1015
-0.9501
-0.2508
0.4200
-1.8900
-2.2400
418
485
523
445
443

-0.0913
-0.9618
-0.2464
1.4700
-4.0600
-3.4300
418
483
523
441
442

-0.1030
-0.9560
-0.2508
2.5200
-2.2400
-3.5000
417
485
523
441
441

-0.1005
-0.9628
-0.2318
-0.3500
-3.2200
-3.7800
417
483
522
441
443

-0.1093
-0.9570
-0.2513
2.5200
-4.4100
-2.9400
416
484
522
441
441

-0.1044
-0.9521
-0.2406
1.3300
-3.5700
-2.5200
417
484
524
441
440

-0.0952
-0.9545
-0.2411
0.5600
-2.3800
-2.8700
417
485
525
443
441

-0.0937
-0.9448
-0.2425
2.2400
-3.2200
-2.1700
417
483
522
441
441

-0.0956
-0.9643
-0.2508
3.5700
-4.5500
-2.4500
417
482
522
442
439

-0.1000
-0.9570
-0.2460
1.8900
-3.0100
-3.4300
417
481
520
440
439

-0.0971
-0.9609
-0.2450
2.1000
-3.0800
-3.0100
417
482
521
439
439

-0.0942
-0.9555
-0.2381
0.4200
-3.0800
-2.8700
416
482
522
440
439

-0.0976
-0.9472
-0.2542
2.1000
-3.0800
-1.5400
417
481
521
439
438

-0.0991
-0.9721
-0.2435
2.3100
-2.8700
-2.3800
419
481
521
438
437

-0.0932
-0.9623
-0.2562
0.3500
-3.7800
-3.4300
417
481
523
438
437

-0.1010
-0.9516
-0.2591
1.3300
-3.3600
-3.3600
417
481
520
436
438

-0.1039
-0.9662
-0.2367
1.5400
-3.5000
-2.8000
418
479
519
434
435

-0.1074
-0.9584
-0.2577
1.4000
-0.3500
2.6600
416
482
518
432
432

-0.1078
-0.9599
-0.2591
3.3600
0.4900
1.4000
417
480
519
428
428

-0.1166
-0.9536
-0.2425
3.2900
-0.9100
0.3500
418
479
515
421
421

-0.1039
-0.9467
-0.2455
-0.9100
-2.6600
-1.0500
418
476
513
413
414

-0.1269
-0.9477
-0.2523
1.2600
-0.6300
-2.6600
417
476
505
403
402

-0.1171
-0.9384
-0.2445
1.6100
-2.3100
-3.5000
416
471
501
398
399

-0.1108
-0.9404
-0.2538
1.1900
-3.4300
-2.2400
417
472
498
394
393

-0.1230
-0.9667
-0.2586
1.1200
-3.5000
-2.0300
416
471
498
391
394

-0.1332
-0.9511
-0.2440
1.8900
-3.4300
-3.1500
416
471
499
395
394

-0.1122
-0.9457
-0.2508
0.2100
-2.7300
-3.9900
416
471
499
402
402

-0.1093
-0.9384
-0.2538
0.6300
-3.3600
-2.1700
418
471
501
411
411

-0.1152
-0.9526
-0.2538
1.4000
-3.8500
-2.3800
416
471
501
413
414

-0.1186
-0.9496
-0.2577
1.7500
-3.8500
-2.0300
416
471
500
414
414

-0.1200
-0.9516
-0.2523
1.1200
-3.9900
0.9100
417
471
501
409
408

-0.1396
-0.9531
-0.2484
0.3500
-3.1500
-5.8800
416
471
500
411
411

-0.1254
-0.9457
-0.2416
2.6600
-1.1200
-10.2900
416
470
502
414
414

-0.0922
-0.9570
-0.2557
6.6500
-4.9000
-8.2600
416
472
505
419
421

-0.0996
-0.9545
-0.2279
3.0100
-7.0700
-2.3800
416
472
505
420
419

-0.1035
-0.9467
-0.2362
7.0700
-4.7600
-0.9800
417
471
505
420
419

-0.1044
-0.9711
-0.2464
11.2700
10.1500
6.8600
416
472
506
421
420

-0.1132
-0.9736
-0.2230
13.8600
4.0600
-3.8500
416
471
506
415
416

-0.1371
-0.9609
-0.1884
7.4200
-1.3300
-1.3300
415
470
506
412
412

-0.1069
-0.9433
-0.1893
2.2400
0.9100
2.8700
415
468
505
410
410

-0.1064
-0.9692
-0.1771
0.9800
-1.5400
-6.0200
415
470
505
408
407
