Starting...-0.1030
-0.9126
0.3572
16.9400
-4.4100
-4.1300
415
465
508
420
420

-0.0956
-0.9267
0.3518
2.5200
-4.5500
-3.5000
414
464
509
420
419

-0.0961
-0.9199
0.3626
1.1900
-4.4100
-3.0800
413
464
509
420
419

-0.0966
-0.9218
0.3616
1.8200
-4.9700
-3.1500
414
464
508
420
421

-0.0976
-0.9194
0.3543
2.4500
-5.0400
-3.9900
415
464
507
420
420

-0.0971
-0.9257
0.3577
3.0800
-4.4800
-3.9200
415
464
508
420
420

-0.0913
-0.9257
0.3616
3.2200
-4.6900
-2.1700
416
464
508
420
420

-0.0991
-0.9213
0.3636
3.2200
-4.2000
-2.1000
413
464
507
420
420

-0.0991
-0.9267
0.3587
2.4500
-4.6200
-2.4500
414
465
507
421
420

-0.0927
-0.9248
0.3543
1.1200
-4.4800
-2.4500
414
464
507
421
420

-0.0956
-0.9238
0.3645
2.2400
-4.2700
-3.3600
414
464
507
420
420

-0.0986
-0.9209
0.3626
1.9600
-3.8500
-2.5900
414
464
508
421
420

-0.0991
-0.9160
0.3592
1.8900
-3.0800
-2.8700
414
464
507
419
421

-0.0961
-0.9170
0.3680
1.4000
-3.1500
-2.1000
414
464
507
419
421

-0.1010
-0.9213
0.3543
2.3100
-3.9200
-3.7100
414
466
507
420
421

-0.0961
-0.9130
0.3538
2.0300
-3.6400
-3.6400
414
464
508
421
421

-0.0991
-0.9233
0.3597
2.5200
-4.1300
-3.5700
413
464
508
420
420

-0.0932
-0.9199
0.3582
1.7500
-3.5000
-2.9400
414
463
507
419
422

-0.0917
-0.9248
0.3611
3.0100
-4.3400
-2.9400
412
463
507
420
420

-0.0952
-0.9277
0.3553
1.0500
-4.4100
-3.2900
411
462
508
419
421

-0.0981
-0.9189
0.3587
0.7000
-2.8700
-2.5900
412
462
507
421
422

-0.0878
-0.9189
0.3670
0.8400
-3.6400
-3.0800
411
461
508
421
420

-0.0976
-0.9140
0.3650
0.8400
-3.0100
-3.0800
411
464
508
420
420

-0.0961
-0.9130
0.3577
1.0500
-2.9400
-3.8500
411
461
508
421
421

-0.0825
-0.9223
0.3616
2.4500
-3.8500
-3.1500
410
462
508
420
421

-0.1000
-0.9194
0.3582
2.1700
-3.6400
-3.7100
412
462
507
421
419

-0.0961
-0.9126
0.3572
2.0300
-3.6400
-2.9400
410
462
507
420
421

-0.0922
-0.9218
0.3650
3.9900
-5.4600
-4.6200
411
462
508
422
422

-0.0937
-0.9238
0.3680
2.6600
-4.9700
-2.9400
411
461
507
420
421

-0.0986
-0.9165
0.3606
1.7500
-2.6600
-1.3300
411
462
508
420
420

-0.1000
-0.9272
0.3562
-0.0700
-3.4300
-2.2400
411
462
507
421
419

-0.1108
-0.9194
0.3640
-1.4000
-3.4300
-2.2400
409
462
508
423
421

-0.0869
-0.9462
0.3543
-2.8000
-1.7500
-0.9100
411
463
510
421
423

-0.1005
-0.9248
0.3538
-13.5800
-5.3900
-4.2000
410
463
514
425
426

-0.0888
-0.8789
0.3518
-53.9000
25.0600
11.6900
409
466
513
428
428

-0.1449
-0.9780
0.1601
-144.2000
-4.4100
7.1400
406
467
514
430
429

-0.1850
-1.0067
-0.5427
-98.9100
-24.0100
1.1900
405
472
516
433
433

-0.1986
-0.9799
-0.2425
-20.9300
-7.9800
-12.5300
406
477
519
438
436

-0.1810
-0.9384
-0.1903
-2.1000
-0.1400
-7.5600
406
479
520
438
436

-0.1342
-0.9687
-0.1893
1.9600
-3.3600
-5.7400
408
481
522
437
437

-0.1298
-0.9482
-0.1713
-1.8200
-5.4600
-1.8900
406
480
523
439
438

-0.1596
-0.9579
-0.1879
3.8500
-3.5700
-4.5500
406
480
523
437
438

-0.1591
-0.9750
-0.1972
4.4800
-3.1500
-4.4800
408
481
524
438
438

-0.1444
-0.9565
-0.1718
0.4200
-3.0100
-4.0600
407
481
524
438
438

-0.1474
-0.9618
-0.1815
0.0700
-4.5500
-2.3800
407
479
524
438
437

-0.1552
-0.9662
-0.1728
2.1000
-4.2000
-2.5900
409
480
525
438
438

-0.1503
-0.9648
-0.1806
3.7100
-4.0600
-3.2900
405
480
525
438
438

-0.1440
-0.9736
-0.1781
3.0100
-3.9900
-3.7800
407
479
524
439
439

-0.1420
-0.9633
-0.2342
4.4800
-4.9700
1.7500
407
480
525
437
438

-0.1640
-0.9799
-0.3528
1.6800
-4.7600
2.5200
407
477
525
438
438

-0.1718
-0.9677
-0.1659
12.9500
-2.3800
4.1300
398
462
525
438
438

-0.1713
-0.9994
-0.1518
36.3300
-4.0600
15.2600
382
432
526
437
438

-0.1903
-1.0292
-0.0991
116.6900
-36.4700
42.1400
352
388
525
435
435

-0.1728
-1.0141
-0.2089
147.3500
11.6200
60.4800
314
346
525
444
445

-0.2830
-0.7408
0.2684
117.1100
-3.4300
61.0400
286
313
520
453
451

-0.3514
-0.8501
0.3987
114.1700
-9.1700
77.0000
270
290
511
457
458

-0.4402
-0.6876
0.5100
104.9300
-18.5500
82.5300
268
288
511
461
461

-0.5675
-0.5744
0.6578
96.6000
-27.5100
62.9300
267
291
514
463
463

-0.5578
-0.3050
0.6988
81.9700
1.8900
71.3300
270
296
516
462
462

-0.6061
-0.2181
0.7369
68.9500
-40.5300
49.9800
270
299
518
443
443

-0.5646
-0.0717
0.8198
41.3700
11.3400
37.3800
270
297
518
440
440

-0.5832
0.0132
0.7940
38.5700
-10.3600
56.8400
272
300
520
436
437

-0.6290
0.1035
0.8106
31.9200
-12.8800
52.0800
277
300
519
432
433

-0.6793
0.1781
0.7793
18.5500
-9.3100
23.5900
275
300
520
430
427

-0.5495
0.2313
0.7642
31.5700
-3.7800
26.3900
276
302
521
430
430

-0.5729
0.2962
0.7647
18.3400
12.5300
6.1600
280
303
522
428
428

-0.5231
0.2821
0.7471
4.8300
0.9100
3.3600
279
303
522
428
427

-0.5998
0.2894
0.7530
-15.1900
11.4800
-19.4600
280
302
524
427
428

-0.5822
0.2801
0.7540
-18.9000
4.8300
-9.7300
283
304
524
429
427

-0.6329
0.2216
0.7471
-2.7300
-12.3200
-4.5500
282
304
523
428
426

-0.6056
0.2157
0.7305
4.2000
5.8800
2.2400
284
306
524
427
427

-0.5929
0.2377
0.7291
11.2000
-2.4500
-0.5600
285
306
525
428
426

-0.5998
0.2640
0.7540
4.1300
-2.6600
-2.9400
283
307
525
427
427

-0.5998
0.2611
0.7520
-0.7700
-5.6700
1.6800
285
306
527
427
426

-0.6066
0.2489
0.7613
4.0600
0.4900
3.5000
283
307
528
425
425

-0.5963
0.2616
0.7437
6.0200
-2.7300
1.8900
284
307
526
425
425

-0.5866
0.2948
0.7505
-4.4100
-0.5600
-3.8500
284
308
526
424
424

-0.5910
0.2694
0.7432
-3.2200
-7.3500
-2.6600
284
309
530
420
420

-0.5836
0.2596
0.7437
3.9900
-3.0100
-7.9100
283
305
530
422
420

-0.5929
0.2474
0.7403
-1.6100
-0.6300
-9.9400
283
304
527
425
426

-0.6212
0.2206
0.7476
8.4000
-1.6800
0.3500
283
308
531
426
426

-0.6285
0.2176
0.7266
10.7800
-2.8700
3.0800
285
308
531
425
428

-0.6227
0.2499
0.7452
4.2700
-4.7600
-2.7300
283
307
528
424
424

-0.6271
0.2582
0.7476
4.9700
-2.0300
-1.3300
285
308
529
421
422

-0.5934
0.2757
0.7281
11.1300
-7.7700
5.0400
286
309
530
420
419

-0.5666
0.3035
0.7457
2.3100
5.6700
4.9000
284
307
528
420
420

-0.6134
0.3050
0.7340
-0.2100
-3.2900
0.2800
287
310
527
417
421

-0.6037
0.2943
0.7218
-1.5400
3.0800
-0.0700
287
311
530
418
420

-0.5988
0.3001
0.7076
5.9500
1.5400
1.2600
285
310
530
417
417

-0.6310
0.3011
0.7110
9.0300
-10.5700
-0.7000
286
310
528
417
416

-0.6212
0.3113
0.7227
6.3700
-3.0100
-2.5900
285
309
528
417
417

-0.5934
0.3040
0.7169
-1.6800
-2.2400
-1.4000
286
310
528
419
418

-0.6061
0.2948
0.7032
-3.2900
1.8200
4.3400
285
311
529
423
423

-0.6129
0.3279
0.7003
1.4000
3.7100
1.9600
287
310
527
425
424

-0.6032
0.3640
0.7198
6.3700
-5.0400
4.2700
285
311
524
424
424

-0.5988
0.3431
0.7115
2.5900
-1.3300
5.3900
284
312
523
424
422

-0.6056
0.3338
0.7066
2.4500
-5.3900
9.0300
286
311
521
423
423

-0.5954
0.3650
0.6876
9.3800
-3.8500
4.1300
287
312
523
423
422

-0.5744
0.3748
0.7003
0.8400
-3.9200
3.0100
286
312
523
421
421

-0.5973
0.3884
0.7052
2.0300
-0.7000
-1.0500
286
313
523
418
418

-0.5963
0.3821
0.6954
2.4500
-3.7800
-1.1200
286
311
523
417
417

-0.5944
0.3987
0.6856
-2.2400
0.9100
-11.8300
288
311
525
417
418

-0.6061
0.3523
0.6847
-15.3300
16.0300
-35.2100
291
312
524
420
420

-0.6471
0.2987
0.6852
-34.5800
24.0800
-49.0000
294
317
524
421
422

-0.6886
0.2669
0.6700
-51.7300
29.4000
-71.1200
300
323
524
424
424

-0.6964
0.0527
0.5895
-65.9400
29.0500
-95.4100
321
347
522
429
430

-0.6969
-0.0464
0.5807
-32.4100
-27.6500
-91.3500
367
397
518
436
437

-0.7681
-0.2211
0.6163
-61.0400
12.9500
-89.1800
421
433
520
443
441

-0.7852
-0.4416
0.5412
-77.0700
-1.5400
-92.4000
416
465
524
441
442

-0.6525
-0.5983
0.4143
-80.9900
18.4100
-81.6900
417
476
526
442
440

-0.5622
-0.7300
0.3518
-21.7700
-5.1100
-52.9900
419
481
526
444
443

-0.5295
-0.7325
0.3255
-48.9300
17.2900
-19.0400
420
483
527
445
445

-0.5622
-0.7989
0.2074
-79.0300
8.3300
-24.9900
418
484
526
445
447

-0.5036
-0.8784
0.0556
-41.6500
-1.6800
-32.7600
418
489
528
446
447

-0.4656
-0.8491
0.0429
-58.3800
16.3800
-10.0100
417
488
527
446
447

-0.4177
-0.9013
-0.0966
-41.8600
6.7900
-11.7600
417
490
528
448
448

-0.4524
-0.8745
-0.1313
-6.7200
-1.4000
-1.0500
418
489
528
450
450

-0.4416
-0.8852
-0.1440
10.6400
-3.4300
-5.7400
417
491
529
451
451

-0.4319
-0.8672
-0.1240
10.5700
-3.1500
-1.0500
417
493
528
451
451

-0.4377
-0.8755
-0.1230
10.4300
-5.9500
-3.9200
419
493
529
451
449

-0.4607
-0.8667
-0.1181
7.2800
-3.5700
-6.7200
418
491
529
449
451

-0.4563
-0.8745
-0.1249
3.7100
-0.3500
-2.3800
419
491
529
451
451

-0.4460
-0.8560
-0.1015
5.8800
-1.8200
-2.8000
421
491
529
450
450

-0.4490
-0.8667
-0.1039
6.7200
-1.6800
-2.7300
420
493
529
450
450

-0.4475
-0.8979
-0.1205
7.1400
1.0500
5.8800
421
489
529
449
449

-0.4768
-0.8633
-0.1074
14.6300
-0.9100
0.3500
404
478
530
449
449

-0.4651
-0.8725
-0.1157
10.8500
-6.6500
1.6100
390
463
529
449
449

-0.4831
-0.8638
-0.0795
15.8200
-0.2800
3.4300
368
442
528
447
447

-0.5051
-0.9414
-0.0996
74.2000
-24.8500
-5.6700
341
400
528
447
446

-0.5114
-0.8799
-0.1249
147.8400
-52.7100
55.5800
312
363
525
444
444

-0.5812
-0.5431
0.2943
108.5000
-37.3100
80.2200
299
333
521
425
425

-0.7032
-0.5119
0.4529
75.9500
-46.7600
84.0000
283
315
517
417
417

-0.7300
-0.4358
0.5466
53.2000
-24.5700
95.7600
264
302
514
409
411

-0.7442
-0.2074
0.6281
45.5700
-12.5300
72.0300
252
294
515
404
404

-0.8115
-0.0976
0.6525
50.0500
-29.6800
58.8000
248
293
519
398
399

-0.7637
0.0142
0.6754
55.0200
-18.6200
40.1800
244
293
522
396
397

-0.7613
0.1244
0.6910
60.2700
-32.4100
28.0000
246
296
524
399
397

-0.6603
0.1708
0.6793
30.5900
-9.1000
22.5400
248
298
524
394
396

-0.6515
0.2557
0.6871
33.1100
-13.1600
18.9000
249
299
524
391
391

-0.6085
0.3216
0.6974
15.6100
-12.7400
16.8700
247
300
523
389
390

-0.5939
0.3377
0.6930
3.6400
-2.1700
10.5000
250
298
522
387
387

-0.6037
0.3577
0.7110
14.4900
-9.1700
22.1900
251
301
523
388
386

-0.5783
0.3723
0.6451
29.0500
-22.1900
21.7700
252
302
524
386
383

-0.5544
0.4343
0.6793
19.6700
-8.0500
-1.1900
255
304
523
383
385

-0.5378
0.4646
0.6803
4.0600
-4.4800
-1.5400
254
305
523
385
384

-0.5729
0.4680
0.6832
2.4500
-6.8600
-1.1900
256
306
525
388
385

-0.5822
0.4641
0.6788
2.4500
-5.9500
-0.1400
254
307
523
388
386

-0.5553
0.4534
0.6730
0.4200
-1.8200
-3.9200
257
307
523
386
385

-0.5470
0.4709
0.6754
1.5400
-2.5200
-2.1000
259
308
524
388
386

-0.5607
0.4656
0.6681
1.8200
-0.9800
-1.8200
257
306
524
386
385

-0.5456
0.4651
0.6749
2.5200
-1.8900
-3.0800
256
308
523
388
387

-0.5695
0.4758
0.6725
-0.4200
-5.6000
-3.5700
256
308
524
387
386

-0.5636
0.4685
0.6749
2.1700
-4.4100
0.7000
257
308
523
386
385

-0.5646
0.4704
0.6720
6.1600
-5.7400
3.7100
256
309
523
385
386

-0.5480
0.4919
0.6778
1.5400
-7.2800
6.1600
257
309
524
386
383

-0.5407
0.4807
0.6525
0.0000
-1.6800
-2.1000
258
311
524
383
383

-0.5300
0.4958
0.6754
1.5400
-3.0800
0.0700
257
311
522
382
383

-0.5388
0.4924
0.6739
3.9900
-2.3800
3.1500
258
309
521
379
380

-0.5348
0.5519
0.6744
1.5400
-2.5900
3.6400
259
311
518
376
377

-0.5363
0.5348
0.6642
4.0600
-3.8500
1.4000
261
310
518
374
374

-0.5226
0.5519
0.6466
0.0700
-2.7300
-1.4000
261
312
514
372
371

-0.5305
0.5417
0.6525
-2.5900
-4.4800
-1.6800
263
313
515
370
372

-0.5427
0.5290
0.6471
-0.0700
-4.3400
-2.2400
261
313
516
374
373

-0.5309
0.5270
0.6481
-8.4000
0.2100
-7.1400
263
314
517
375
375

-0.5285
0.5104
0.6588
-9.3100
-6.3700
-4.0600
261
313
517
384
384

-0.5461
0.5026
0.6715
3.0800
-4.1300
-5.0400
262
314
517
391
391

-0.5270
0.5139
0.6564
-3.7100
0.0000
-11.7600
262
314
516
393
394

-0.5178
0.5163
0.6905
-40.4600
38.8500
-55.3700
279
325
515
394
393

-0.7027
0.3533
0.6466
-38.7800
60.8300
-104.7900
302
348
513
405
407

-0.7154
0.1518
0.5719
-95.2700
37.5900
-122.8500
358
416
508
418
418

-0.7476
-0.0478
0.6310
-109.2700
3.7100
-96.3200
410
453
515
429
430

-0.7027
-0.3162
0.5993
-158.8300
25.5500
-106.3300
414
471
521
435
434

-0.7832
-0.5968
0.4085
-92.6800
3.9200
-97.5100
418
479
523
440
442

-0.6656
-0.6139
0.2220
-79.3800
26.5300
-47.8800
421
484
523
443
443

-0.5973
-0.7315
0.2162
-61.7400
9.3100
-28.8400
422
486
525
445
444

-0.5690
-0.7935
0.1240
-46.9000
22.1900
-18.8300
422
487
526
445
445

-0.5558
-0.8135
0.0639
-73.0800
13.9300
-21.1400
421
489
526
447
447

-0.5339
-0.8184
-0.0259
-6.7900
-4.3400
-13.1600
423
492
528
447
449

-0.4958
-0.8540
-0.0317
4.8300
-2.5900
-7.0000
423
493
528
448
447

-0.4914
-0.8564
-0.0625
-0.3500
2.8700
-6.0900
423
496
528
448
448

-0.4836
-0.8311
-0.0483
3.5700
-4.3400
-7.4200
422
496
529
447
448

-0.4948
-0.8311
-0.0390
1.8200
-7.2100
-5.2500
425
496
527
447
447

-0.4982
-0.8345
-0.0517
-0.9100
-4.6900
-4.4800
422
496
529
445
448

-0.4953
-0.8340
-0.0439
-0.7700
-3.2900
-2.2400
425
493
529
446
445

-0.5134
-0.8198
-0.0361
3.7800
-3.5700
2.6600
423
493
529
445
445

-0.5119
-0.8311
-0.0605
41.7900
-8.1900
8.1900
421
489
529
445
444

-0.5675
-0.8574
0.0264
65.0300
2.1000
23.3100
386
454
525
446
444

-0.6373
-0.7530
0.1459
70.9800
-22.6800
67.7600
339
409
516
435
437

-0.5866
-0.7125
0.1972
80.4300
-6.9300
66.1500
306
359
509
426
427

-0.7052
-0.6671
0.3143
68.2500
-8.4000
74.9000
280
322
506
424
423

-0.8111
-0.6398
0.4099
79.5200
-42.7000
64.1200
260
310
510
419
419

-0.7584
-0.4133
0.4953
63.6300
-25.2700
74.1300
254
299
514
416
415

-0.7959
-0.2464
0.5266
59.7100
-44.1000
75.1100
248
297
517
411
411

-0.7940
-0.1571
0.6041
94.1500
-78.7500
91.0000
243
292
520
407
406

-0.7530
0.0366
0.6593
100.4500
-55.3700
79.9400
242
293
520
405
404

-0.6891
0.2538
0.6964
69.0200
-36.6100
57.2600
244
296
521
399
398

-0.6090
0.3865
0.6944
44.3100
-23.3100
43.7500
243
300
523
389
390

-0.5632
0.5280
0.6720
28.1400
-13.6500
22.3300
244
299
522
379
380

-0.4943
0.5656
0.6305
17.9900
-10.7100
6.0200
245
302
521
373
373

-0.4480
0.6383
0.6642
-4.0600
-1.0500
-0.3500
247
303
524
367
370

-0.4250
0.5836
0.6554
0.7700
1.1900
-2.6600
248
304
522
366
365

-0.4929
0.5963
0.6490
-6.5100
3.2900
-4.6200
250
303
522
365
365

-0.4582
0.5797
0.6671
1.1200
-2.3800
-4.0600
251
304
521
366
366

-0.5017
0.5695
0.6505
1.3300
-1.8900
-3.0100
250
306
521
366
367

-0.4953
0.5734
0.6534
2.8000
-2.2400
-5.3200
251
306
523
366
367

-0.5017
0.5802
0.6461
2.3100
-6.0900
-0.4900
251
306
522
367
367

-0.4904
0.5788
0.6500
0.4200
-1.8200
-2.6600
253
307
522
368
368

-0.4787
0.5700
0.6598
2.2400
-1.1900
-3.7800
250
309
521
366
371

-0.4797
0.5729
0.6446
-0.9800
-3.6400
-1.8200
252
306
522
369
369

-0.4792
0.5895
0.6583
-1.9600
-2.8000
-0.4200
252
307
520
368
369

-0.4953
0.5754
0.6583
0.2800
-4.3400
-1.1900
251
306
523
369
368

-0.4919
0.5768
0.6666
2.2400
-1.2600
-4.6900
251
308
521
370
369

-0.4948
0.5602
0.6476
5.1100
-1.8900
-5.1800
249
307
521
368
369

-0.5017
0.5632
0.6451
4.2000
-6.0200
-4.4800
250
308
520
370
369

-0.5070
0.5539
0.6456
3.1500
-4.9700
-7.0000
250
308
521
369
370

-0.5163
0.5578
0.6378
-15.8200
2.8000
-37.9400
251
310
521
373
373

-0.5236
0.4900
0.6700
-50.3300
53.6200
-80.2200
251
312
521
377
377

-0.6100
0.3396
0.6149
-101.7100
58.3100
-115.6400
258
316
517
384
384

-0.7588
0.0605
0.5836
-62.5100
32.9700
-89.1800
281
355
512
402
398

-0.7183
-0.0512
0.5651
-58.2400
7.6300
-64.8200
306
400
506
413
412

-0.8418
-0.2211
0.5041
-64.1900
-5.9500
-71.1900
360
432
512
424
423

-0.7296
-0.3601
0.5388
-129.7100
26.7400
-69.7200
386
453
516
428
429

-0.8223
-0.5710
0.3826
-68.7400
17.7100
-72.1000
395
467
520
432
431

-0.6300
-0.5714
0.3401
-69.7200
18.3400
-30.3100
399
475
521
435
433

-0.6178
-0.6988
0.2879
-79.5200
6.5100
-24.0800
402
479
525
435
438

-0.6276
-0.7662
0.1274
-62.5800
13.2300
-17.5000
400
482
523
437
437

-0.5968
-0.7891
0.0786
-14.1400
-0.6300
-21.8400
403
483
524
439
439

-0.5495
-0.8174
0.0405
-24.6400
5.6700
-10.4300
403
484
524
440
440

-0.5309
-0.8276
-0.0073
-12.1100
3.2900
-7.4200
405
485
525
441
439

-0.5309
-0.8276
-0.0386
-11.3400
-1.8200
-0.6300
405
486
525
440
439

-0.5495
-0.7974
-0.0366
-9.1000
-2.1700
-4.3400
406
486
527
440
440

-0.5466
-0.8237
-0.0307
9.0300
-9.1000
-13.1600
408
487
526
441
440

-0.5334
-0.8276
-0.0273
3.3600
-2.1700
-11.2000
406
487
526
443
441

-0.5065
-0.8433
-0.0381
9.4500
-3.0100
-8.4700
405
487
526
442
443

-0.5100
-0.8379
-0.0185
2.7300
-2.3800
0.5600
406
487
527
441
440

-0.5222
-0.8496
-0.0244
-0.8400
-4.3400
1.6100
406
486
526
440
441

-0.5324
-0.8677
-0.0288
14.1400
-5.0400
10.5700
406
486
525
441
441

-0.5339
-0.8608
0.0024
64.1900
-16.8000
14.7000
406
480
527
437
439

-0.5505
-0.7120
0.1723
102.4100
-17.6400
63.0000
406
479
524
434
433

-0.6154
-0.6163
0.3528
169.6100
-44.0300
34.4400
403
473
522
430
430

-0.6271
-0.5080
0.4529
161.5600
8.6100
79.9400
399
466
518
425
424

-0.6700
-0.2689
0.5802
77.4200
4.4100
91.3500
387
457
511
424
423

-0.7632
-0.0356
0.6134
72.5200
-47.9500
69.7900
383
452
504
418
417

-0.7715
0.1244
0.5802
60.9000
-6.0900
51.4500
382
450
501
412
412

-0.8023
0.2806
0.6139
47.7400
-23.9400
49.2100
376
442
496
406
405

-0.7330
0.3758
0.5944
24.4300
-1.6800
30.6600
358
421
494
404
403

-0.6925
0.4109
0.5895
42.1400
-10.9200
42.1400
320
391
490
405
405

-0.6281
0.5036
0.5949
29.4000
-4.9700
27.8600
286
349
497
401
401

-0.6451
0.5627
0.5924
26.1800
-16.8700
15.8200
258
320
506
399
400

-0.5812
0.5876
0.5754
17.5700
-26.2500
14.7700
240
304
508
395
395

-0.5524
0.6110
0.6002
18.0600
-14.4200
10.9200
233
302
507
389
390

-0.5207
0.6378
0.5671
3.5700
-14.7700
5.8800
235
305
508
385
386

-0.5075
0.6256
0.5719
2.8700
17.0800
-1.5400
235
306
510
384
384

-0.4997
0.6329
0.5788
4.4800
-0.8400
-1.4000
239
309
508
384
384

-0.5002
0.6427
0.5617
4.0600
-2.4500
-3.7100
236
309
505
383
383

-0.4958
0.6490
0.5744
-7.0000
0.1400
-1.6800
240
310
504
383
384

-0.5075
0.6432
0.5710
-4.5500
0.6300
-0.8400
239
309
505
383
383

-0.5051
0.6403
0.5710
-4.6900
0.8400
1.3300
241
311
506
381
381

-0.5070
0.6359
0.5680
4.6200
-4.4100
-1.0500
242
311
505
380
380

-0.5002
0.6486
0.5671
4.4800
-5.3900
0.9800
242
310
503
379
379

-0.5026
0.6544
0.5778
3.5000
-7.2100
1.7500
246
312
503
377
379

-0.5085
0.6417
0.5607
3.8500
-2.9400
-1.1900
244
312
503
374
376

-0.3782
0.6539
0.5739
3.2900
-3.8500
-3.4300
244
312
503
374
374

-0.5007
0.6412
0.5549
8.1900
-6.7900
-4.3400
245
314
503
374
373

-0.5124
0.6407
0.5607
6.0200
-5.3200
-3.8500
245
312
502
374
373

-0.4865
0.6651
0.5797
2.0300
-5.2500
-2.6600
247
313
504
373
373

-0.4934
0.6622
0.5724
0.0000
-2.0300
-3.2900
247
311
504
374
374

-0.4992
0.6456
0.5734
-1.8200
-2.0300
-3.6400
249
313
504
374
377

-0.4973
0.6510
0.5666
0.0700
-3.2200
-2.9400
247
313
502
377
375

-0.4865
0.6534
0.5802
-5.8800
2.3100
-12.0400
248
313
504
376
374

-0.4958
0.6266
0.5666
-16.8000
-0.2800
-24.1500
248
314
504
379
378

-0.4646
0.6251
0.6159
-105.0700
46.5500
-64.4000
251
318
504
377
377

-0.5470
0.4543
0.5915
-129.2900
68.4600
-116.8300
265
337
504
384
386

-0.7042
0.1444
0.6012
-86.8000
-5.8800
-109.5500
331
406
506
402
402

-0.8286
-0.0654
0.5412
-110.7400
-20.5800
-56.0000
376
443
512
418
418

-0.7530
-0.1835
0.6227
-86.5200
13.0200
-63.7000
403
463
519
429
429

-0.7686
-0.3889
0.5236
-115.9200
25.2000
-85.7500
414
477
523
435
436

-0.7457
-0.5817
0.3919
-92.9600
7.1400
-68.0400
417
485
528
439
439

-0.6500
-0.6925
0.2777
-71.7500
21.5600
-36.4000
417
489
528
440
441

-0.6412
-0.7149
0.1859
-58.7300
13.8600
-15.6100
417
491
530
442
441

-0.6510
-0.7476
0.0844
-32.6200
-2.0300
-23.9400
417
492
530
442
442

-0.5856
-0.8003
0.0634
-4.6900
-3.8500
-5.3900
416
494
530
442
442

-0.6022
-0.8267
0.0615
-10.7800
1.6100
0.8400
417
491
529
443
441

-0.5797
-0.8281
0.0185
-0.7000
-0.4900
1.8200
415
491
531
442
442

-0.5583
-0.8120
0.0200
-9.2400
3.4300
-2.8700
417
492
532
442
441

-0.5656
-0.8037
0.0254
-6.7200
-3.5700
-8.1200
416
493
530
442
443

-0.5490
-0.8135
0.0068
-17.9900
3.1500
-7.5600
415
492
530
441
439

-0.5641
-0.8179
-0.0400
-11.5500
-0.7000
-5.9500
415
493
531
440
441

-0.5251
-0.8291
-0.0644
-3.0100
-3.9900
1.1900
414
492
531
442
440

-0.5451
-0.8457
-0.0625
3.7800
-4.1300
2.0300
412
492
531
441
440

-0.5490
-0.8462
-0.0395
19.5300
-2.5200
14.0700
412
493
530
439
439

-0.5812
-0.9784
-0.0298
58.0300
-0.6300
35.6300
409
487
529
438
439

-0.5973
-0.7979
0.0956
64.6100
4.1300
53.7600
405
482
529
438
439

-0.6515
-0.7193
0.1908
98.1400
-24.2200
55.3000
393
466
525
435
434

-0.6817
-0.5666
0.4724
164.2900
-34.6500
98.6300
372
443
509
427
428

-0.6852
-0.4333
0.5212
107.8700
-25.8300
127.0500
322
351
506
425
424

-0.7515
-0.1444
0.6856
83.7900
-43.2600
99.0500
277
304
512
424
424

-0.7452
0.0586
0.6822
64.5400
-32.4100
88.4800
254
287
517
423
424

-0.7393
0.2240
0.6437
90.5800
-50.0500
87.3600
244
281
520
423
422

-0.6071
0.4143
0.6905
71.1200
-29.8200
59.8500
243
283
523
421
419

-0.4831
0.5519
0.6622
46.6900
-8.5400
45.5000
246
287
526
419
418

-0.4782
0.6237
0.6437
31.9200
-4.1300
22.4700
249
289
528
420
419

-0.4465
0.6481
0.5934
27.3000
1.2600
3.7100
251
293
527
419
419

-0.4416
0.6608
0.5729
17.2900
-7.2800
0.7700
253
294
527
418
416

-0.4285
0.6642
0.5632
10.7100
-3.7800
2.5900
252
294
528
417
417

-0.4309
0.6817
0.5597
6.1600
-5.8800
-0.3500
253
297
528
416
418

-0.4372
0.6812
0.5597
13.6500
-9.0300
5.3900
255
299
530
415
416

-0.4138
0.7052
0.5636
13.7900
-5.1800
1.6800
253
298
528
415
415

-0.3762
0.7232
0.5700
6.3000
-10.5700
3.3600
255
300
530
413
412

-0.3982
0.7178
0.5729
8.3300
-7.7000
4.6900
256
301
527
411
411

-0.3792
0.7281
0.5895
0.7700
-4.6200
-3.0100
256
300
529
408
408

-0.3889
0.7300
0.5719
2.4500
-1.8900
-2.3100
256
301
527
407
408

-0.3806
0.7276
0.5656
2.8000
-5.1800
-1.9600
257
301
527
408
408

-0.3733
0.7300
0.5719
4.5500
-12.9500
3.2900
256
302
526
408
409

-0.3670
0.7447
0.5788
1.8900
-6.5100
1.0500
255
303
527
410
410

-0.3655
0.7349
0.5666
2.8700
-3.7100
-3.4300
257
302
527
413
411

-0.3567
0.7403
0.5758
2.5900
-4.6900
-2.3100
258
302
527
412
411

-0.3645
0.7432
0.5807
2.7300
-3.7100
-3.9200
257
303
527
410
412

-0.3582
0.7291
0.5710
-1.0500
-2.6600
-3.9900
258
303
527
410
411

-0.3577
0.7452
0.5778
2.2400
-5.1800
-3.0100
258
303
527
410
411

-0.3645
0.7325
0.5832
1.0500
-4.7600
-5.3200
258
303
527
410
411

-0.3650
0.7257
0.5866
1.9600
-6.0900
-4.2000
258
303
527
410
411

-0.3689
0.7261
0.5817
5.1100
-1.8900
-3.2200
260
303
527
409
408

-0.3719
0.7369
0.5671
6.7200
-3.2900
-1.7500
259
303
527
407
407

-0.3699
0.7432
0.5651
-7.5600
-1.6100
-11.2000
261
305
527
408
408

-0.3494
0.7286
0.5427
-63.1400
20.6500
-52.3600
277
314
526
411
411

-0.4753
0.6271
0.5139
-77.4900
16.6600
-75.5300
309
344
523
416
417

-0.5812
0.4631
0.7105
-90.8600
24.0800
-112.2800
335
392
517
424
424

-0.6295
0.1659
0.6822
-139.0200
31.3600
-99.4000
360
430
517
426
426

-0.6554
-0.1362
0.5041
-145.3900
41.4400
-97.8600
384
450
521
431
430

-0.7305
-0.3626
0.5578
-195.1600
46.9700
-94.6400
393
464
520
436
432

-0.7330
-0.7623
0.3016
-64.1900
18.4100
-74.8300
395
471
521
434
435

-0.5768
-0.7188
0.2450
-26.5300
21.7700
-9.3100
396
474
521
435
434

-0.6324
-0.7432
0.2011
-59.4300
29.2600
-12.2500
398
476
523
437
438

-0.5861
-0.7554
0.1171
-30.5200
5.4600
-31.7800
400
479
526
437
437

-0.5339
-0.7984
0.0595
4.6900
1.4000
-11.9000
400
478
524
437
437

-0.5568
-0.7935
0.0791
-6.0200
4.1300
-14.7000
400
479
527
437
438

-0.5788
-0.8023
0.0547
-28.4900
8.8200
-29.4000
400
480
527
437
437

-0.5153
-0.8355
-0.0259
-26.8800
-2.4500
-30.5200
400
480
525
436
439

-0.4582
-0.9028
-0.0932
-6.3000
-5.4600
-29.5400
399
480
526
437
437

-0.4412
-0.8979
-0.0210
-7.7000
-5.7400
-59.7100
398
479
525
436
436

-0.3865
-0.9223
-0.0303
4.9700
-7.0000
-101.3600
398
478
525
435
435

-0.2782
-0.8774
-0.0054
3.5700
-25.9000
-140.0000
398
477
525
430
430

-0.0122
-0.9296
0.0166
30.5900
-37.3100
-57.4700
395
477
524
429
429

0.1191
-1.0053
0.0859
-32.2700
-4.6900
1.1200
396
477
525
429
429

0.1527
-0.9765
-0.0688
