-0.1381
-0.8979
-0.3723
21.7000
1.5400
-1.8900
396
473
527
444
444

-0.1176
-0.8994
-0.3426
22.3300
4.8300
5.8800
397
475
525
442
442

-0.1230
-0.9306
-0.3338
11.4800
-0.1400
-1.0500
398
473
523
440
438

-0.1493
-0.9423
-0.3201
8.7500
-2.4500
-1.8200
398
472
521
440
439

-0.1615
-0.9384
-0.3226
3.5000
-1.2600
-3.0100
397
473
520
439
439

-0.1352
-0.9243
-0.3440
4.9000
0.4200
-1.6800
399
473
520
439
439

-0.1318
-0.9433
-0.2923
6.5800
-2.1700
-0.6300
398
473
518
438
438

-0.1474
-0.9331
-0.3030
3.0100
-2.2400
2.5900
399
472
521
438
438

-0.1610
-0.9423
-0.3148
1.3300
-0.8400
0.0700
398
472
518
437
436

-0.1708
-0.9082
-0.3021
-0.2100
-1.5400
-0.7000
399
475
518
436
435

-0.1366
-0.9457
-0.3016
9.1000
-0.6300
-2.8000
399
472
520
436
435

-0.1435
-0.9326
-0.2933
3.6400
-4.6200
1.4000
398
472
517
436
435

-0.1781
-0.9540
-0.2967
1.7500
-6.3000
-3.5700
397
472
515
435
435

-0.1684
-0.9306
-0.2948
9.8000
-5.1100
-4.6200
399
472
515
435
435

-0.1630
-0.9418
-0.2923
8.9600
-1.8900
-6.9300
399
470
515
435
434

-0.1596
-0.9487
-0.2782
12.2500
-3.2900
-8.4700
399
470
514
433
432

-0.1454
-0.9467
-0.2435
7.5600
-4.8300
-11.0600
399
470
513
432
434

-0.1279
-0.9521
-0.2596
5.3900
-3.3600
-5.9500
399
470
514
432
432

-0.1249
-0.9584
-0.2557
4.4100
-2.8700
-4.6200
399
471
513
431
432

-0.2469
-0.9662
-0.2645
5.2500
-0.7000
-4.0600
401
470
512
431
431

-0.1288
-0.9726
-0.2289
6.9300
-3.5700
-3.6400
399
467
513
427
426

-0.1215
-0.9643
-0.2347
1.1900
-2.8000
-2.1700
399
465
508
426
425

-0.1230
-0.9477
-0.2416
2.7300
-1.8900
-0.4900
398
462
508
427
427

-0.1293
-0.9560
-0.2318
8.4700
-0.4200
-3.6400
399
461
507
427
427

-0.1137
-0.9716
-0.2240
6.5800
-0.0700
-0.7000
399
462
507
429
428

-0.1244
-0.9701
-0.2172
0.4200
0.2100
0.9800
399
462
508
430
429

-0.1322
-1.0214
-0.2245
11.7600
2.8700
-0.9100
400
457
494
429
430

-0.1083
-1.0741
-0.3016
63.5600
4.5500
16.6600
396
422
432
425
423

-0.0742
-1.0599
-0.2035
123.3400
9.3100
63.8400
376
367
354
407
407

-0.2435
-0.9292
0.0522
71.8200
-27.3700
108.2200
351
330
313
388
389

-0.4070
-0.9374
0.2289
56.0700
-15.7500
88.6200
328
309
289
377
378

-0.4172
-0.8677
0.3367
73.2200
-16.3800
96.6700
315
289
270
366
367

-0.6471
-0.7100
0.4465
84.0000
-36.7500
91.0700
296
275
255
359
359

-0.7159
-0.6359
0.5319
110.9500
-41.5800
70.7700
284
260
248
353
354

-0.7208
-0.3684
0.5900
102.2000
-40.5300
56.0700
269
251
245
343
343

-0.6710
-0.1776
0.5924
46.6200
-17.3600
42.4900
257
244
241
336
336

-0.7008
-0.0586
0.7174
36.4700
-5.1100
36.5400
247
242
237
331
332

-0.6900
-0.0054
0.7261
44.9400
-19.8800
32.2000
242
242
242
331
331

-0.6710
0.0434
0.6905
39.9700
-10.4300
20.8600
242
243
244
338
337

-0.6881
0.1488
0.7364
14.2100
9.5200
7.0700
244
246
245
338
340

-0.6837
0.1381
0.6949
9.5200
2.5200
-2.0300
245
246
247
340
340

-0.6471
0.1596
0.6895
1.1900
-1.6800
3.8500
248
248
248
342
342

-0.6730
0.1893
0.7003
4.4100
-5.1100
4.2000
248
248
249
346
346

-0.6866
0.1781
0.7061
10.4300
-2.3800
9.3800
247
249
251
350
350

-0.6920
0.1952
0.6769
25.7600
-8.6800
14.4200
250
251
252
348
348

-0.6329
0.2440
0.6773
20.6500
-3.3600
19.9500
250
250
253
347
349

-0.6676
0.2879
0.6612
11.2000
-2.5200
12.2500
251
252
255
348
348

-0.7076
0.3392
0.6568
12.1800
-5.1100
4.4100
253
251
253
349
349

-0.6471
0.3548
0.6608
17.6400
5.8800
-0.9800
254
251
254
351
350

-0.6588
0.3548
0.6451
7.1400
-4.7600
-1.1200
253
252
254
351
351

-0.6681
0.3684
0.6486
2.5200
-1.8200
-8.0500
254
252
255
351
351

-0.6661
0.3523
0.6222
2.5900
-4.7600
-3.1500
254
252
255
352
350

-0.6686
0.3299
0.6139
15.3300
-8.4000
6.3000
255
254
256
352
352

-0.6466
0.3758
0.6398
7.2100
-1.4000
0.6300
254
255
256
351
351

-0.6749
0.3953
0.6398
-7.8400
-4.8300
-9.1700
254
255
254
352
353

-0.6769
0.3680
0.6339
-9.7300
3.2200
-13.5100
256
256
258
352
349

-0.6608
0.3431
0.6329
-0.7700
0.5600
-7.4900
258
256
258
351
351

-0.6769
0.3518
0.6378
-5.8100
0.9100
-16.3800
258
257
257
350
351

-0.7320
0.3289
0.6251
-30.6600
23.3800
-47.9500
264
261
263
354
353

-0.8140
0.1728
0.6251
-10.0800
12.1800
-82.0400
276
269
272
359
359

-0.7247
0.1264
0.5144
-51.2400
33.5300
-99.4000
315
304
309
371
370

-0.9623
0.0210
0.7935
-38.0100
-31.7800
-112.2800
377
360
392
389
389

-0.6988
-0.3645
0.6700
-80.8500
-29.1200
-92.7500
407
405
451
398
398

-0.6822
-0.4046
0.6617
-181.2300
-23.1700
-100.3800
406
439
487
408
408

-0.5705
-0.6725
0.3919
-154.7000
16.9400
-65.1000
402
449
494
409
411

-0.4943
-0.8267
0.1391
-111.5100
38.7800
-39.8300
398
451
498
413
412

-0.4641
-0.9223
0.0625
-124.4600
30.4500
-62.9300
396
455
502
416
417

-0.3504
-0.9111
-0.1679
-93.1700
6.9300
-41.7900
397
463
505
423
423

-0.2982
-0.8603
-0.2635
-43.8900
1.4000
-14.1400
400
468
508
426
426

-0.2547
-0.9013
-0.3265
-33.1800
9.5900
-12.5300
400
473
510
429
429

-0.2591
-0.8852
-0.3845
-9.8700
0.5600
-10.9200
400
476
512
432
435

-0.2220
-0.8804
-0.3738
0.4900
-0.6300
-9.4500
400
477
513
433
433

-0.2186
-0.8628
-0.3357
-5.4600
0.2800
-9.7300
400
476
514
435
434

-0.2030
-0.8774
-0.3904
0.8400
-2.5200
-11.3400
400
477
513
433
434

-0.2059
-0.8921
-0.3850
3.2900
-1.4000
-6.5800
400
478
514
434
433

-0.1830
-0.8955
-0.3787
8.3300
-7.2800
-4.1300
400
478
515
433
433

-0.1884
-0.8974
-0.3611
3.9900
-4.6900
-1.9600
400
478
515
433
433

-0.2157
-0.9096
-0.3621
12.3200
-3.1500
0.3500
400
477
517
432
433

-0.2235
-0.9877
-0.4231
74.6200
-13.0200
24.7100
401
474
514
430
431

-0.2342
-1.1224
-0.2991
183.8200
42.4200
109.2700
395
460
496
428
426

-0.3113
-1.0170
0.0429
241.8500
17.6400
146.3000
391
441
448
421
420

-0.6227
-0.9004
0.2484
175.0000
-17.1500
119.2100
386
384
368
410
412

-0.8813
-0.7174
0.3250
142.4500
-7.4200
99.4000
352
330
310
403
405

-0.8935
-0.4304
0.3684
96.5300
-23.5200
71.0500
317
298
282
385
385

-0.8926
-0.1557
0.3045
35.3500
-37.8700
71.7500
285
273
256
381
382

-0.7769
-0.0171
0.5280
68.8800
-23.9400
96.8100
265
257
247
356
359

-0.6934
0.1059
0.6198
35.3500
-24.0800
82.3200
257
254
246
343
342

-0.7135
0.2313
0.6451
17.9200
-27.0200
67.2000
257
256
248
336
336

-0.7008
0.3660
0.5812
22.0500
-15.4000
48.3000
256
259
255
335
335

-0.6564
0.4734
0.3392
-32.4800
-42.7000
33.3200
257
257
258
333
333

-0.6451
0.5119
0.6549
10.4300
2.7300
9.5900
255
256
259
329
330

-0.6359
0.4817
0.6071
14.9800
-11.0600
2.8700
253
257
261
333
333

-0.5817
0.4929
0.5968
2.4500
-3.7800
-1.8200
254
257
262
334
334

-0.5929
0.5183
0.6007
-0.9800
-7.4200
-5.5300
254
258
262
337
337

-0.5710
0.5061
0.6144
-5.9500
-8.7500
-2.5200
256
260
264
337
336

-0.6037
0.5070
0.6222
0.9800
-0.8400
0.3500
256
261
264
340
339

-0.6178
0.4973
0.6266
1.0500
-3.9200
-2.2400
258
262
267
344
343

-0.5876
0.4943
0.6129
1.1900
-0.4900
-1.4700
258
262
266
346
347

-0.6017
0.4939
0.6046
7.7000
-1.9600
-3.4300
258
262
268
350
349

-0.5783
0.5158
0.6095
4.2700
0.9100
-5.3200
259
263
268
350
352

-0.5968
0.5041
0.5871
0.6300
-4.4100
-4.7600
259
262
269
353
353

-0.5876
0.5002
0.6012
2.5900
-3.5700
-1.4000
259
264
270
353
352

-0.5988
0.5290
0.6227
0.8400
-6.6500
-1.0500
260
265
271
352
353

-0.6017
0.5163
0.6061
4.1300
0.9800
0.7700
260
264
272
353
354

-0.5895
0.5246
0.6017
10.4300
-6.6500
0.9100
256
265
271
354
354

-0.6222
0.5827
0.6071
3.8500
-5.9500
-3.8500
248
266
270
354
353

-0.6051
0.5266
0.5866
-3.0100
-5.8800
-6.7200
246
266
272
354
354

-0.6056
0.5300
0.6037
-14.3500
-1.1200
-21.9100
246
266
273
355
356

-0.5700
0.5041
0.6080
-45.7100
31.3600
-54.3900
250
269
274
357
357

-0.6246
0.4060
0.5895
-42.2800
71.6100
-117.8800
276
288
297
371
371

-0.7457
0.2269
0.5383
-31.4300
7.3500
-98.5600
354
350
379
395
395

-0.7979
0.0083
0.5778
-77.0700
5.8800
-67.3400
396
413
461
409
410

-0.8667
-0.0898
0.5183
-115.5000
47.9500
-96.6000
407
448
490
416
416

-0.8950
-0.3631
0.3948
-71.4700
39.0600
-86.1700
408
462
505
421
422

-0.7925
-0.5222
0.3152
-55.2300
-18.4100
-84.7700
411
474
515
429
429

-0.7193
-0.6261
0.2557
-53.5500
11.1300
-51.5900
412
479
518
431
432

-0.6622
-0.7447
0.1923
-77.9100
20.5800
-45.8500
413
480
520
434
434

-0.5690
-0.7222
0.1288
-78.1900
10.4300
-32.8300
411
482
520
433
434

-0.5266
-0.7793
0.0034
-63.7000
7.9100
-40.1100
409
482
520
435
435

-0.4895
-0.8311
-0.1044
-62.0200
12.3900
-20.0200
409
482
520
434
434

-0.4177
-0.8286
-0.0981
-24.7100
-0.1400
-1.8900
409
486
522
434
435

-0.4538
-0.8198
-0.1401
-1.6100
-1.6100
-6.1600
409
487
523
435
435

-0.4265
-0.8272
-0.1318
-11.1300
-3.6400
-0.8400
410
489
524
436
436

-0.4553
-0.8652
-0.1484
1.2600
-4.2000
-5.7400
411
491
525
439
436

-0.4573
-0.8706
-0.1298
-0.3500
-5.3900
-8.7500
414
493
526
437
435

-0.4285
-0.8618
-0.1352
8.1900
-4.2000
-4.6900
417
494
526
434
434

-0.4387
-0.8662
-0.1254
7.6300
1.6100
-4.2000
416
494
526
434
435

-0.4265
-0.8838
-0.1137
1.6800
-1.4000
-3.2200
415
495
526
433
433

-0.4407
-0.8755
-0.1303
0.0000
-1.3300
-1.5400
415
494
526
434
432

-0.4490
-0.8740
-0.1191
13.8600
0.1400
9.3800
416
491
525
432
432

-0.4695
-0.8233
-0.1498
13.0200
-8.1900
24.2900
414
486
523
431
432

-0.5519
-0.7388
-0.0381
111.4400
-3.9900
53.2700
411
461
492
430
430

-0.5168
-0.6817
0.1850
138.7400
-3.0100
73.0800
400
430
453
431
429

-0.6525
-0.3494
0.4002
52.7100
-19.7400
51.5200
384
369
355
426
427

-0.6832
-0.4729
0.3231
75.8100
-19.9500
87.3600
375
331
302
393
393

-0.8325
-0.3767
0.4958
139.0900
-15.6100
126.0000
361
304
275
372
371

-0.8286
-0.0425
0.4538
100.8000
-49.6300
96.1800
341
279
257
360
360

-0.7135
0.2352
0.5534
13.5100
1.6800
65.8000
314
265
249
352
352

-0.7340
0.2913
0.5514
27.8600
-9.8700
77.7000
273
247
240
352
349

-0.6788
0.4065
0.5266
10.2200
2.2400
63.2800
237
241
237
348
349

-0.6373
0.4885
0.5553
24.0800
-5.0400
36.0500
224
240
235
344
344

-0.5905
0.5851
0.5583
12.7400
-12.4600
15.5400
221
239
233
338
338

-0.6290
0.5963
0.5275
12.0400
-7.8400
1.4000
214
241
233
338
338

-0.5646
0.5773
0.4982
7.4200
-11.3400
-2.8700
213
245
236
338
341

-0.5773
0.5832
0.5348
5.2500
-9.1000
-0.3500
213
244
237
341
341

-0.5998
0.6080
0.5475
0.7700
-7.2100
-1.4700
215
247
239
341
342

-0.5793
0.5988
0.5495
2.9400
-3.1500
-5.1100
216
248
239
344
345

-0.5695
0.5890
0.5558
0.7700
-5.9500
-1.4000
217
249
240
347
347

-0.5671
0.5939
0.5583
-3.2200
-9.0300
-2.4500
218
250
242
344
346

-0.5758
0.5841
0.5544
-3.2900
-6.3000
-1.6800
218
250
243
345
344

-0.5812
0.5934
0.5636
-1.8200
-4.4800
-3.4300
221
251
244
342
344

-0.5744
0.5763
0.5622
-0.6300
-3.9200
-5.0400
220
252
244
342
341

-0.5641
0.5807
0.5632
1.5400
-5.3200
-3.1500
222
252
243
343
343

-0.5549
0.5807
0.5739
3.7800
-5.4600
-1.3300
224
253
247
344
345

-0.5636
0.5793
0.5685
4.3400
-6.3700
0.1400
224
255
246
345
343

-0.5617
0.5866
0.5700
9.9400
-2.8700
-1.0500
225
255
248
343
345

-0.5495
0.6134
0.5690
-7.4200
-2.5200
0.0000
224
253
248
342
344

-0.5612
0.6242
0.5719
-5.1800
-5.8100
-3.1500
224
255
247
343
345

-0.5675
0.6168
0.5714
-13.5800
-6.5800
-19.6700
224
256
253
349
348

-0.6168
0.6012
0.5773
-32.0600
1.0500
-54.1100
234
263
268
356
357

-0.6305
0.5339
0.6198
-55.8600
14.7000
-89.8100
254
277
295
373
374

-0.6578
0.2996
0.6144
-83.2300
-9.3800
-85.8200
277
293
333
390
390

-0.6925
0.1464
0.6300
-85.1200
36.4700
-86.2400
324
328
378
395
395

-0.8438
-0.0795
0.5305
-84.3500
26.1800
-80.8500
379
384
437
401
401

-0.8086
-0.2562
0.5329
-99.1200
22.5400
-71.8900
401
407
462
400
401

-0.8872
-0.4138
0.3831
-120.6800
34.5800
-73.9200
402
433
486
403
403

-0.7466
-0.6481
0.2284
-98.8400
22.6800
-67.0600
404
454
501
411
411

-0.6671
-0.7320
0.1488
-31.9200
8.1900
-40.8100
404
470
513
419
419

-0.5998
-0.8101
0.0220
-38.5700
15.6100
-21.7000
401
478
518
423
423

-0.5949
-0.8233
-0.0439
-66.2900
17.9900
-32.9000
401
483
520
425
425

-0.5822
-0.8023
-0.1493
-44.4500
15.6800
-38.2900
401
486
521
427
427

-0.4870
-0.8115
-0.1967
-17.5000
-1.8200
-29.4000
400
486
521
427
428

-0.4148
-0.8462
-0.2118
-5.0400
-0.1400
-4.1300
399
487
522
429
429

-0.4656
-0.8599
-0.2284
0.0000
-2.8700
-9.2400
399
487
522
430
429

-0.4543
-0.8774
-0.2342
8.6100
-5.8100
-5.6000
399
488
521
433
433

-0.4231
-0.8769
-0.2230
6.9300
-4.1300
0.2800
399
488
522
435
435

-0.4548
-0.8652
-0.2123
0.9100
-5.3900
-3.4300
399
488
523
435
436

-0.4372
-0.8682
-0.2298
6.6500
-2.8000
-0.7700
399
488
523
435
435

-0.4353
-0.8638
-0.2030
0.8400
-1.1200
-0.4200
398
488
525
435
435

-0.4534
-0.8730
-0.2172
0.9800
-0.7700
-3.1500
399
488
522
435
435

-0.4446
-0.8828
-0.2747
21.6300
5.4600
25.0600
398
486
523
436
435

-0.4587
-0.8369
-0.2181
133.7000
-2.9400
86.3100
390
458
502
434
434

-0.5695
-0.7613
0.0615
168.2800
8.7500
149.3800
385
443
486
429
427

-0.7286
-0.2650
0.2869
111.3000
-63.7700
126.0700
381
427
467
427
428

-0.8013
-0.0142
0.4255
108.9900
-73.3600
106.7500
364
389
418
427
427

-0.7320
0.1035
0.5841
32.1300
-16.7300
58.2400
341
332
348
419
419

-0.8306
0.2108
0.5085
41.8600
-10.9900
60.9700
311
298
300
405
405

-0.8140
0.2416
0.5514
56.7000
-4.2000
51.8000
286
274
279
386
388

-0.7998
0.3328
0.4582
13.9300
-4.2000
43.1900
256
259
263
372
372

-0.7832
0.4636
0.4729
17.5000
-12.1800
35.9100
235
248
256
362
361

-0.6710
0.5397
0.5583
23.6600
-5.6700
23.9400
223
246
253
354
353

-0.6339
0.5319
0.5368
28.2100
-15.6800
21.9100
214
247
253
349
349

-0.6393
0.5524
0.5295
6.2300
-17.2200
21.4900
211
249
249
345
344

-0.6037
0.5998
0.4997
-6.7900
-8.9600
13.3000
210
253
253
342
344

-0.5890
0.6383
0.5261
0.2100
1.8200
2.1700
211
253
254
344
344

-0.5895
0.6349
0.5466
4.6200
-11.5500
2.8000
208
254
256
343
344

-0.5275
0.6246
0.5212
0.9100
-2.6600
-3.5700
207
254
257
344
344

-0.5470
0.6334
0.5217
-11.8300
-13.3000
2.0300
210
256
259
343
344

-0.5739
0.5973
0.5300
4.9000
-0.8400
-2.1000
212
258
259
346
346

-0.5749
0.6207
0.5436
4.3400
-10.7100
-1.8200
211
257
259
346
346

-0.5514
0.6364
0.5505
0.0000
-4.6200
-0.6300
212
258
260
347
345

-0.5422
0.6256
0.5397
6.9300
-6.7900
-0.4200
214
260
262
347
347

-0.5573
0.6242
0.5378
-0.2100
-5.8800
-2.9400
215
258
263
346
346

-0.5505
0.6383
0.5461
-7.2800
-5.5300
-3.4300
216
259
263
343
345

-0.5461
0.5954
0.5417
1.6100
-5.3200
-2.3100
215
260
263
345
345

-0.5388
0.6188
0.5549
5.3200
-3.5700
0.7700
216
260
264
345
345

-0.5470
0.6242
0.5558
4.6200
2.4500
-2.6600
216
260
263
343
342

-0.5656
0.6539
0.5632
-7.3500
-0.6300
-15.6100
219
263
264
346
345

-0.5490
0.6120
0.5563
-3.1500
13.6500
-35.0700
220
266
269
359
356

-0.5656
0.5656
0.5368
4.2000
-3.3600
-26.8800
225
267
281
365
366

-0.6368
0.5358
0.5876
-13.7900
19.5300
-62.8600
237
274
302
374
374

-0.6993
0.4695
0.4919
-29.2600
-31.4300
-83.4400
268
291
317
381
380

-0.6720
0.2674
0.5168
-60.6200
-0.4200
-63.2800
320
328
358
392
391

-0.7403
0.0029
0.6481
-56.2800
4.5500
-49.6300
359
369
401
403
402

-0.7671
0.0142
0.6490
-72.7300
24.8500
-52.0800
391
404
443
408
408

-0.8233
-0.1069
0.5841
-77.2100
25.3400
-58.3100
414
435
478
413
414

-0.7823
-0.2137
0.5022
-130.6900
47.6000
-71.1900
428
452
495
415
415

-0.7998
-0.4504
0.3177
-132.9300
29.1900
-83.2300
427
463
503
416
417

-0.7574
-0.5646
0.1435
-128.8000
40.5300
-66.4300
435
470
508
422
421

-0.6910
-0.6871
0.0000
-110.6700
20.2300
-35.7700
438
476
510
426
426

-0.6490
-0.7759
-0.1401
-38.1500
6.6500
-22.3300
439
482
513
428
428

-0.6525
-0.7388
-0.1527
-15.8200
0.9800
-22.8900
439
488
516
427
428

-0.5958
-0.7764
-0.1630
-12.6700
-3.2200
-13.7200
439
487
517
430
431

-0.5851
-0.8057
-0.2391
-3.7100
-6.8600
-13.0200
440
489
519
434
433

-0.5578
-0.7974
-0.2225
-3.9200
-2.8700
-2.1700
441
488
520
436
434

-0.5534
-0.7979
-0.2235
0.3500
-3.7100
-7.0700
440
489
519
433
434

-0.5436
-0.7910
-0.2118
9.2400
-5.8100
-9.7300
439
488
522
434
434

-0.5285
-0.8184
-0.2147
10.0800
-5.1800
-1.1200
438
487
521
433
433

-0.5353
-0.8286
-0.2147
21.0700
-0.7700
7.0700
430
468
512
433
433

-0.5558
-0.8501
-0.2230
77.8400
-9.5900
35.9800
402
424
450
431
431

-0.5222
-0.9335
-0.2811
175.2100
-63.7700
79.0300
344
352
364
420
421

-0.8008
-0.7027
-0.0366
163.9400
-51.1700
53.3400
288
309
298
400
399

-1.0185
-0.5148
0.1718
114.1700
-30.6600
80.5000
251
274
259
370
372

-0.7066
-0.0981
0.4314
108.0800
-37.5200
103.5300
237
256
249
349
349

-0.6690
0.1581
0.5534
23.7300
-19.3200
94.2900
231
252
247
330
331

-0.6612
0.1864
0.7169
48.7200
-38.4300
93.9400
229
252
254
328
328

-0.7603
0.2943
0.5627
39.3400
-51.5900
71.8200
228
252
260
330
330

-0.6583
0.4597
0.5314
13.9300
-38.7100
44.4500
227
257
264
332
331

-0.6266
0.5241
0.6095
17.9900
-25.9000
23.7300
228
258
267
333
334

-0.5622
0.5641
0.6222
16.8700
-12.6700
15.6800
228
260
268
337
338

-0.5324
0.5744
0.6061
5.0400
-0.7000
4.0600
228
259
268
343
341

-0.5451
0.6037
0.5846
13.0200
-16.2400
1.9600
226
261
271
344
346

-0.5139
0.6403
0.5949
10.5700
-16.1000
0.4200
222
261
272
345
344

-0.4758
0.6398
0.5846
2.8000
-2.7300
-1.0500
223
262
274
345
344

-0.4680
0.6476
0.6061
5.0400
-4.9000
3.7100
222
261
272
346
346

-0.4748
0.6486
0.5998
1.9600
-2.3100
1.9600
223
264
274
344
346

-0.4904
0.6588
0.5910
7.6300
-3.0100
-1.1200
224
265
274
347
346

-0.4880
0.6642
0.5705
2.3800
-3.8500
-2.0300
224
265
276
345
346

-0.4890
0.6612
0.5627
2.4500
-2.8000
-2.4500
223
266
276
346
346

-0.4743
0.6603
0.5734
4.2000
-3.3600
-2.5200
225
266
275
346
346

-0.4753
0.6783
0.5675
-0.4200
-5.5300
-5.8800
226
267
277
346
345

-0.4743
0.6759
0.5734
-11.7600
-10.3600
-14.2100
226
268
276
346
347

-0.4880
0.6578
0.6037
-23.8000
1.6800
-44.2400
226
268
278
349
348

-0.5251
0.6124
0.6266
-49.2100
67.5500
-91.2800
234
274
281
353
353

-0.6300
0.3479
0.5876
-62.3000
60.4800
-105.2800
250
285
302
365
365

-0.7769
0.1840
0.5749
-69.5800
6.4400
-75.8800
274
306
327
371
373

-0.8281
-0.0293
0.4904
-84.4200
23.1700
-76.6500
313
337
369
382
381

-0.8477
-0.2772
0.4841
-75.1800
3.4300
-69.0900
348
367
419
389
388

-0.7979
-0.4099
0.4651
-74.9700
8.6100
-78.6100
373
398
451
394
395

-0.8101
-0.6076
0.3489
-54.1800
-0.0700
-74.6200
385
421
474
401
401

-0.7027
-0.7139
0.2772
-40.6000
2.3100
-84.0000
392
445
496
411
411

-0.5646
-0.8799
0.2450
-94.8500
13.0900
-103.8100
399
467
514
424
422

-0.4094
-0.8662
0.0586
-94.4300
34.2300
-55.0900
399
480
521
431
431

-0.3572
-0.8823
-0.1220
-67.6900
26.3200
-54.6000
400
483
521
439
439

-0.3499
-0.8896
-0.1952
-53.6900
53.6900
-40.6700
399
484
521
442
441

-0.2835
-0.8882
-0.2879
-21.2800
37.6600
-57.9600
395
484
522
445
445

-0.1996
-0.9004
-0.2918
-10.5000
29.4700
-54.6700
395
485
522
446
445