-0.3494
-0.9111
-0.1230
1.6800
-4.6900
-2.4500
406
466
530
431
431

-0.3465
-0.9106
-0.1225
1.4700
-4.5500
-2.0300
405
465
530
431
431

-0.3567
-0.9116
-0.1191
1.6800
-4.0600
-2.5200
406
466
530
431
431

-0.3489
-0.9087
-0.1293
1.0500
-4.4800
-1.5400
405
469
530
431
431

-0.3411
-0.9096
-0.1200
1.4700
-3.6400
-3.1500
406
467
530
431
432

-0.3494
-0.9077
-0.1283
1.5400
-5.4600
-1.5400
405
467
529
431
431

-0.3553
-0.9160
-0.1181
1.8900
-3.8500
-3.2200
406
467
530
431
431

-0.3450
-0.9072
-0.1215
0.5600
-3.1500
-3.8500
406
466
530
433
433

-0.3470
-0.9101
-0.1337
1.9600
-3.0800
-3.5700
406
467
530
430
431

-0.3431
-0.9101
-0.1269
1.7500
-3.9200
-3.9900
406
466
530
433
430

-0.3494
-0.9174
-0.1279
4.2000
-4.2700
-3.4300
407
467
530
431
431

-0.3484
-0.9321
-0.1386
2.6600
-3.5700
-3.7100
406
467
530
431
431

-0.3455
-0.9170
-0.1191
1.6800
-3.7800
-3.2200
405
468
529
431
431

-0.3470
-0.9179
-0.1274
0.5600
-4.0600
-2.1000
406
465
530
431
431

-0.3567
-0.9301
-0.1464
2.1700
-3.5000
-4.0600
408
466
531
431
433

-0.3440
-0.9155
-0.1249
1.8900
-3.4300
-3.9900
407
466
530
431
433

-0.3377
-0.9184
-0.1293
1.5400
-3.7800
-2.3100
407
466
530
433
432

-0.3504
-0.9160
-0.1332
1.9600
-3.8500
-2.8700
405
467
530
430
431

-0.3475
-0.9199
-0.1269
3.9900
-3.7800
-2.3800
406
466
528
431
431

-0.3523
-0.9170
-0.1293
2.6600
-4.4800
-3.7800
407
466
530
431
430

-0.3460
-0.9213
-0.1225
3.9200
-3.7100
-2.5900
406
467
530
432
431

-0.3509
-0.9296
-0.1240
2.6600
-4.6900
-2.8000
406
466
532
431
432

-0.3514
-0.9189
-0.1332
3.2200
-4.2000
-3.4300
406
466
532
431
432

-0.3421
-0.9209
-0.1240
2.7300
-3.7800
-2.6600
405
466
530
430
433

-0.3494
-0.9218
-0.1318
2.5200
-4.1300
-2.2400
406
465
529
431
431

-0.3465
-0.9189
-0.1244
1.8200
-3.7100
-2.3100
407
465
530
431
430

-0.3479
-0.9174
-0.1176
1.8200
-3.4300
-2.8000
406
468
530
430
431

-0.3460
-0.9174
-0.1332
2.0300
-3.2900
-2.9400
405
467
530
431
431

-0.3460
-0.9189
-0.1200
2.8700
-3.7100
-2.1700
406
468
529
430
431

-0.3494
-0.9267
-0.1264
1.5400
-4.1300
-2.9400
406
466
528
431
431

-0.3504
-0.9140
-0.1254
0.8400
-2.8700
-3.7100
405
467
530
431
431

-0.3465
-0.9233
-0.1366
2.7300
-3.7800
-2.1700
406
466
532
431
431

-0.3465
-0.9238
-0.1376
2.4500
-4.7600
-2.1700
406
467
529
432
431

-0.3475
-0.9096
-0.1264
0.4200
-3.8500
-3.9200
405
466
529
430
431

-0.3445
-0.9087
-0.1230
0.0700
-3.0800
-3.5000
406
466
530
431
431

-0.3372
-0.9121
-0.1244
0.7000
-3.5700
-3.8500
407
466
532
431
431

-0.3450
-0.9101
-0.1249
1.1900
-3.7100
-3.0800
406
465
530
431
431

-0.3431
-0.9160
-0.1357
1.2600
-3.3600
-4.2700
407
467
530
433
431

-0.3411
-0.9160
-0.1308
1.1200
-3.7800
-4.3400
406
466
530
431
431

-0.3445
-0.9174
-0.1269
-0.7000
-2.8000
-5.8800
406
467
529
431
431

-0.3338
-0.9057
-0.1283
-4.9000
3.1500
-10.1500
407
466
530
431
431

-0.3216
-0.9267
-0.1601
-1.9600
-0.9100
-13.7900
410
472
530
430
431

-0.3196
-0.8974
-0.1508
7.9800
-7.0000
-5.7400
413
477
530
430
430

-0.2987
-0.9223
-0.1591
5.6000
-10.0100
-3.4300
408
470
530
434
431

-0.3216
-0.9301
-0.1381
7.3500
-6.5100
-6.7200
402
436
530
433
433

-0.3148
-0.9399
-0.1391
-6.4400
0.2800
-1.2600
381
403
530
433
434

-0.3089
-0.9379
-0.1557
-7.2100
5.5300
-4.2000
373
402
530
433
434

-0.3128
-0.9233
-0.1893
0.3500
1.8900
-4.0600
367
396
531
434
436

-0.2996
-0.9087
-0.1684
0.3500
0.4900
-3.3600
351
378
529
434
435

-0.2948
-0.9252
-0.1781
0.3500
-0.4900
-5.3200
334
360
530
434
435

-0.3040
-0.9101
-0.1620
-2.3100
1.7500
-15.4700
314
345
529
436
434

-0.2933
-0.9418
-0.1874
-0.9800
-4.4800
-9.5200
290
325
524
434
435

-0.2377
-0.9409
-0.2030
-5.6000
-8.1200
-4.8300
276
313
521
433
434

-0.2552
-0.9145
-0.1937
-10.5700
-12.6700
-7.4900
261
298
517
434
435

-0.2479
-0.9516
-0.2211
-17.9200
-6.3700
0.8400
255
298
514
441
442

-0.2533
-0.8877
-0.2425
5.9500
-2.0300
1.6800
254
302
512
443
443

-0.3074
-0.8847
-0.1884
-11.2700
-3.1500
3.2900
254
304
513
444
443

-0.2577
-0.9331
-0.2460
-7.0000
-0.2800
-2.0300
252
306
510
441
441

-0.2601
-0.9165
-0.2655
7.7700
1.4000
5.1100
253
305
511
440
440

-0.2645
-0.9262
-0.2220
-10.2900
-3.8500
5.8800
254
307
516
425
426

-0.3265
-0.8994
-0.2591
15.9600
-6.3700
3.7800
253
306
524
390
390

-0.3167
-0.9257
-0.1932
12.9500
0.6300
6.7900
253
306
528
390
390

-0.3026
-0.8818
-0.2240
22.9600
-1.9600
3.7800
251
302
530
403
404

-0.3392
-0.9384
-0.1718
24.0800
0.4900
5.2500
251
299
531
416
415

-0.3411
-0.8403
-0.1327
15.0500
3.0100
-5.3900
247
295
528
419
418

-0.3601
-0.9643
-0.1762
13.3000
-4.6900
-1.6100
247
294
528
422
421

-0.3845
-0.8955
-0.1401
0.5600
0.7700
-9.4500
245
291
526
423
424

-0.3714
-0.9170
-0.1381
-0.7700
-2.1700
-0.3500
242
285
527
425
425

-0.3767
-0.8872
-0.1635
-9.7300
-0.0700
-2.3100
238
279
526
425
425

-0.3914
-0.9008
-0.1893
-3.9900
-3.7100
-5.3900
238
279
525
426
426

-0.3889
-0.8872
-0.1942
1.2600
-3.8500
-2.1000
237
281
526
427
427

-0.3850
-0.9062
-0.1845
9.3800
-6.2300
-5.7400
239
281
525
426
426

-0.3860
-0.8911
-0.1747
-1.5400
-4.0600
-4.8300
239
284
526
426
426

-0.3753
-0.8857
-0.1688
-6.7900
-1.7500
-2.8700
240
282
526
426
426

-0.3875
-0.8935
-0.2059
-11.8300
-2.5200
-4.4800
238
280
525
427
427

-0.3772
-0.8799
-0.2411
-3.9200
-4.9000
-5.9500
238
282
526
427
427

-0.3587
-0.8989
-0.2196
-4.6900
0.0700
-7.4200
244
289
525
424
426

-0.3728
-0.8652
-0.2386
7.0000
-13.0900
-0.4900
256
295
522
425
425

-0.3889
-0.8847
-0.2264
17.6400
-4.0600
-4.6900
261
302
522
424
424

-0.3699
-0.9111
-0.1864
2.7300
-3.3600
-4.6900
261
304
522
425
425

-0.3626
-0.8940
-0.1889
-16.8700
-3.2900
5.1800
256
292
522
424
425

-0.3616
-0.8926
-0.2391
-4.6200
-2.2400
-3.5700
251
286
523
427
426

-0.4109
-0.8882
-0.2469
11.5500
-12.4600
-3.5000
255
287
523
427
427

-0.3728
-0.8877
-0.2069
5.8100
-10.3600
4.7600
259
293
523
427
427

-0.3518
-0.9116
-0.2084
8.6800
-1.9600
-5.1100
267
303
524
427
428

-0.4055
-0.8984
-0.2054
-4.6900
18.0600
-1.6100
268
302
523
428
428

-0.3621
-0.8369
-0.2137
-14.6300
8.2600
10.7800
264
288
522
429
429

-0.3704
-0.8789
-0.2323
0.7700
-0.3500
6.2300
259
278
525
430
430

-0.4153
-0.8647
-0.2435
-0.9100
3.6400
5.7400
259
274
525
432
433

-0.3899
-0.8569
-0.2338
3.2200
1.8200
-0.8400
257
268
526
434
434

-0.4236
-0.8589
-0.2460
-3.0100
-2.3100
-3.0100
256
266
526
435
435

-0.3997
-0.8525
-0.2611
2.3100
-2.3800
-3.5000
255
265
527
436
436

-0.3919
-0.8667
-0.2318
4.7600
-4.7600
-2.5900
256
265
527
437
437

-0.3914
-0.8799
-0.2235
4.4100
-5.6000
-4.9000
256
267
528
437
437

-0.3880
-0.8725
-0.2235
-0.7700
-1.6800
-0.5600
255
266
530
431
431

-0.3899
-0.8916
-0.2318
13.7900
-7.0700
-2.2400
253
267
531
421
422

-0.3870
-0.9179
-0.2430
49.2800
-15.6100
-15.2600
253
267
531
421
423

-0.4182
-0.8877
-0.0996
28.7700
-4.0600
-5.7400
251
265
523
429
431

-0.3733
-0.8594
-0.1269
45.0800
6.3700
1.9600
252
268
502
429
432

-0.3845
-0.8711
-0.0234
17.0100
5.6700
-5.7400
252
268
495
424
423

-0.3719
-0.9238
-0.0039
7.1400
1.0500
-9.5900
253
272
494
423
425

-0.3802
-0.8940
-0.0288
-5.3200
-5.1800
-3.2900
254
270
496
421
425

-0.3645
-0.9052
-0.0317
-0.9100
-2.3800
-0.1400
255
271
494
423
425

-0.3723
-0.9179
-0.0532
1.8900
-6.0200
-4.9700
257
272
494
421
422

-0.3504
-0.9428
-0.0532
3.5000
-7.0700
-6.2300
256
272
494
421
420

-0.3528
-0.9140
-0.0371
1.6100
-5.4600
-5.0400
257
273
494
422
420

-0.3636
-0.9140
-0.0307
-0.1400
-3.7100
-3.9200
255
273
489
420
419

-0.3621
-0.9062
-0.0259
-0.8400
-4.4100
-2.8700
257
274
486
419
419

-0.3611
-0.9048
-0.0278
-6.3000
-0.1400
-1.7500
259
274
475
415
416

-0.3675
-0.9091
-0.0542
1.1200
-3.9900
-1.4700
259
275
461
413
413

-0.3514
-0.9287
-0.0381
-1.6100
-0.2100
-3.6400
258
277
457
414
414

-0.3514
-0.9199
-0.0547
3.9900
-4.3400
-5.0400
261
277
453
414
414

-0.3440
-0.9355
-0.0576
3.2900
-5.5300
-4.8300
261
277
448
413
414

-0.3411
-0.9389
-0.0498
2.3800
-3.7800
-4.5500
263
278
448
415
414

-0.3548
-0.9379
-0.0522
5.7400
-8.8900
-14.2800
262
278
445
414
414

-0.3362
-0.9252
-0.0727
5.5300
-5.8800
-6.5800
263
278
445
415
415

-0.3450
-0.9282
-0.0571
5.7400
-6.6500
-5.9500
263
278
445
415
415

-0.3577
-0.9213
-0.0512
-1.8900
-4.6900
-4.4100
264
280
439
415
416

-0.3470
-0.9033
-0.0468
-0.4200
-1.4000
-2.3800
264
280
442
415
415

-0.3597
-0.9111
-0.0425
0.3500
-2.8000
-1.3300
265
281
439
415
416

-0.3631
-0.9008
-0.0493
0.8400
-1.8900
-0.8400
267
281
441
415
415

-0.3533
-0.9130
-0.0561
-0.3500
-1.4700
-1.3300
266
282
435
415
414

-0.3509
-0.9296
-0.0659
2.1000
-1.6100
1.3300
265
281
433
416
413

-0.3494
-0.9160
-0.0566
-3.8500
0.5600
3.8500
268
282
433
414
415

-0.3367
-0.9218
-0.0664
-3.9900
11.5500
20.7900
273
287
448
417
417

-0.3684
-0.9077
-0.0703
-16.0300
11.4100
14.3500
289
299
473
417
417

-0.4026
-0.9057
-0.1035
-34.7200
-1.2600
-7.5600
309
322
491
420
419

-0.3709
-0.8525
-0.1259
-20.5100
-16.8700
-11.4800
336
360
506
422
422

-0.3850
-0.8940
-0.1518
-16.7300
-19.8100
-4.8300
366
391
513
427
426

-0.4046
-0.9057
-0.1586
-2.1700
-39.6200
-1.4700
390
448
520
437
437

-0.3836
-0.9321
-0.1391
-9.1000
-23.8000
-13.9300
410
480
526
449
451

-0.3255
-0.9404
-0.1513
1.6800
-13.2300
-16.4500
419
493
527
462
460

-0.2557
-0.9057
-0.1654
-1.9600
-12.4600
-15.8200
424
498
529
465
464

-0.2943
-0.9238
-0.1649
-4.2700
-10.7100
-13.4400
425
502
530
467
467

-0.3006
-0.9277
-0.1835
1.0500
-5.4600
-6.0900
426
502
531
469
469

-0.2855
-0.9384
-0.1781
12.6000
-3.6400
-1.1200
427
504
531
469
470

-0.2996
-0.9648
-0.1474
10.2200
1.8900
1.6100
427
504
532
471
471

-0.2938
-0.9433
-0.1342
3.5700
-1.5400
-0.9800
427
504
532
472
471

-0.2996
-0.9223
-0.1401
6.5100
-1.7500
0.2100
427
504
533
470
470

-0.3065
-0.9301
-0.1298
-1.8900
2.5200
0.6300
426
503
532
471
473

-0.3094
-0.9506
-0.1362
0.8400
12.4600
5.1800
421
481
532
470
470

-0.2894
-0.8891
-0.1303
-13.2300
24.5700
22.2600
392
387
534
469
469

-0.3577
-0.9179
-0.1493
8.8200
14.2100
15.8200
329
342
530
467
465

-0.3743
-0.8994
-0.1547
3.1500
13.6500
0.2800
291
317
528
462
464

-0.3567
-0.9052
-0.1415
18.6900
15.1200
3.0100
271
317
527
462
463

-0.3445
-0.9091
-0.1171
21.4200
13.9300
-1.4700
261
317
525
458
459

-0.3411
-0.9301
-0.1200
9.3800
7.4900
0.0000
259
319
522
451
452

-0.3294
-0.9150
-0.1503
-4.1300
12.0400
5.9500
256
324
519
422
422

-0.3797
-0.8838
-0.1459
22.2600
7.7000
0.8400
253
324
513
398
399

-0.3636
-0.9638
-0.0800
18.1300
3.9900
-1.9600
248
321
484
394
395

-0.3421
-0.7627
-0.0952
20.6500
2.2400
5.0400
242
314
457
397
395

-0.3992
-0.9287
-0.0371
35.9800
-9.5900
2.8700
236
304
436
393
393

-0.3714
-0.9121
-0.0088
32.9000
-5.6700
16.5200
232
296
413
392
392

-0.4065
-0.8491
0.0659
31.2200
-5.1100
27.1600
234
295
388
393
394

-0.4460
-0.8921
0.1230
21.0700
-5.1800
8.8900
236
293
363
394
395

-0.4573
-0.8608
0.1898
-6.5100
-15.4000
-4.6200
239
294
338
393
392

-0.4768
-0.8042
0.0913
-30.9400
-5.3900
14.1400
240
295
337
399
399

-0.4846
-0.8218
0.0620
-34.0900
-3.4300
-1.4000
242
295
339
401
400

-0.4538
-0.8125
-0.0054
-64.4000
8.3300
7.9100
245
296
341
403
403

-0.4368
-0.8525
-0.0786
-5.6000
-1.6100
-4.5500
247
297
343
405
405

-0.4314
-0.9155
-0.0678
-19.1100
-5.2500
-6.3700
248
295
346
407
407

-0.4343
-0.8960
-0.1059
-11.7600
-6.5100
-7.2100
249
296
347
407
406

-0.4348
-0.8901
-0.1279
-9.1700
-2.0300
-10.1500
250
295
346
408
408

-0.4290
-0.8921
-0.1449
-4.4800
-3.1500
-10.5000
251
296
350
409
409

-0.4231
-0.9043
-0.1513
-1.8200
-4.4100
-13.3000
252
296
350
410
409

-0.4119
-0.8750
-0.1728
-6.2300
-5.9500
-10.0800
251
296
351
409
409

-0.4080
-0.8652
-0.1620
-12.5300
-7.6300
-5.8800
251
298
353
410
409

-0.4236
-0.8847
-0.1889
-10.7800
-7.7000
-9.2400
251
295
354
409
409

-0.4246
-0.8389
-0.1913
-11.2700
-3.5000
-7.2800
251
297
355
410
410

-0.3933
-0.8276
-0.1903
-4.8300
-4.6200
-1.6800
252
298
354
410
410

-0.4128
-0.8662
-0.2069
-0.2100
-3.5000
-0.0700
253
298
356
410
410

-0.4299
-0.8745
-0.2128
3.4300
-2.1700
-1.1200
251
297
356
410
410

-0.4026
-0.8618
-0.1918
-0.2800
-3.3600
-2.1000
251
297
356
410
409

-0.4021
-0.8701
-0.2128
1.5400
-4.5500
-1.6100
251
297
358
410
410

-0.4119
-0.8930
-0.2230
4.2000
-4.8300
-4.9000
251
298
356
412
410

-0.4055
-0.8950
-0.2098
3.4300
-5.3200
-4.6200
250
299
358
410
410

-0.3836
-0.8755
-0.2025
0.7000
-4.9700
-2.5900
253
297
357
408
411

-0.3909
-0.8862
-0.2172
0.0000
-5.2500
-3.7100
252
298
360
411
411

-0.4031
-0.8725
-0.2118
-1.3300
-5.0400
-3.5000
254
298
363
411
412

-0.3967
-0.8486
-0.2089
-17.0100
0.7700
-6.7200
259
301
380
415
416

-0.4041
-0.8750
-0.2567
-7.9100
2.3100
0.5600
271
309
410
414
413

-0.4143
-0.8286
-0.2811
-6.4400
-0.4900
8.1200
272
341
469
419
418

-0.3899
-0.8350
-0.2406
7.6300
-13.2300
4.5500
284
368
502
434
434

-0.4377
-0.8057
-0.2040
1.8200
-17.9200
0.2100
331
411
513
444
444

-0.4573
-0.8159
-0.1986
0.3500
-26.8100
-3.2900
394
461
519
453
453

-0.4431
-0.8442
-0.1820
2.1700
-31.8500
-13.7200
425
492
523
460
459

-0.4831
-0.8511
-0.1752
-3.5000
-23.1700
-20.5100
436
501
527
466
465

-0.4177
-0.8891
-0.1718
-6.3000
-27.5800
-9.8000
441
504
529
470
470

-0.4060
-0.9048
-0.1752
9.2400
-14.9100
1.7500
445
506
529
470
472

-0.4050
-0.9057
-0.1440
6.3000
-5.5300
-1.2600
444
506
530
472
472

-0.4250
-0.8852
-0.1508
1.3300
-3.7800
-0.3500
444
507
530
472
473

-0.4314
-0.8891
-0.1527
3.7800
-3.7800
0.1400
444
507
530
473
472

-0.4197
-0.8838
-0.1435
6.1600
0.0000
1.1200
443
508
530
473
473

-0.4324
-0.8799
-0.1352
8.8900
2.9400
-3.8500
442
507
532
472
473

-0.4221
-0.8969
-0.1352
6.3700
1.6800
-4.7600
439
505
530
468
469

-0.3831
-0.8984
-0.1327
6.0200
3.6400
0.4900
419
493
529
454
454

-0.3177
-0.9374
-0.1425
9.3100
10.8500
7.2800
354
428
530
446
444

-0.4011
-0.9384
-0.1762
4.3400
8.1900
2.5900
287
347
529
445
445

-0.4207
-0.8882
-0.1669
10.2900
5.6700
2.3100
262
319
527
444
444

-0.4368
-0.8960
-0.0937
5.2500
5.1800
-4.0600
258
314
527
444
444

-0.4333
-0.8442
-0.1430
11.1300
-4.1300
-16.0300
252
307
526
444
443

-0.4324
-0.8852
-0.0971
6.7200
3.2200
-14.2800
254
312
524
440
440

-0.3909
-0.8930
-0.1176
8.8900
6.0900
-3.7800
250
313
523
434
435

-0.4158
-0.8808
-0.0952
1.1200
0.0700
-8.1900
240
306
521
428
428

-0.3802
-0.8886
-0.1249
-3.6400
-0.9800
-5.7400
230
292
521
422
422

-0.3665
-0.9345
-0.1064
17.8500
-3.2900
1.0500
223
284
522
418
418

-0.3743
-0.9072
-0.0805
25.2000
-2.1700
8.7500
222
278
519
420
420

-0.3841
-0.8545
0.0078
25.6200
5.7400
4.6200
222
281
500
426
426

-0.4216
-0.7925
0.0644
11.0600
2.3800
-6.5800
220
280
486
422
421

-0.4368
-0.8457
0.0229
12.6700
-8.4700
-7.2800
224
285
479
418
417

-0.4509
-0.9316
0.0503
2.4500
-5.8100
-10.5000
226
288
474
418
419

-0.4187
-0.8799
0.0220
-1.3300
-3.5000
-2.7300
225
288
475
416
417

-0.4080
-0.8711
0.0307
-2.0300
-3.5700
-0.2100
224
289
474
418
420

-0.4080
-0.8867
0.0244
-13.3000
1.7500
2.6600
226
290
474
417
417

-0.4128
-0.8979
0.0200
-2.1700
-1.6800
-2.7300
226
290
474
418
417

-0.3967
-0.9209
-0.0059
-1.6800
-3.7100
-5.6700
227
291
474
420
416

-0.3860
-0.9130
-0.0112
3.3600
-7.0000
-7.7700
227
292
472
419
418

-0.4187
-0.9121
0.0083
3.2200
-4.0600
-7.3500
228
292
474
418
418

-0.4075
-0.9087
-0.0068
-1.1200
-6.8600
-15.5400
229
292
473
418
417

-0.3880
-0.8955
-0.0249
4.6200
-11.2700
-8.4000
228
293
473
416
417

-0.4089
-0.8847
0.0112
0.2100
-5.1100
-3.7100
228
293
471
416
416

-0.4055
-0.8945
0.0239
-6.8600
-1.5400
2.7300
226
291
471
416
414

-0.4099
-0.9135
-0.0268
-1.0500
-3.3600
-1.6100
225
288
471
416
416

-0.4021
-0.8706
0.0020
0.7700
-1.6800
-1.8900
224
286
472
418
416

-0.4036
-0.8969
0.0102
0.0700
-4.2700
-3.1500
224
284
473
416
416

-0.4041
-0.8974
-0.0107
-0.4200
-4.2700
-2.8000
226
283
474
416
416

-0.4060
-0.8945
-0.0102
-0.4200
-1.5400
-3.0800
223
284
471
414
418

-0.4041
-0.9008
-0.0078
-1.3300
-3.5700
-1.4700
224
282
472
417
416

-0.4046
-0.8867
-0.0132
1.8900
-3.7100
-0.9100
225
282
472
416
418

-0.4109
-0.8852
-0.1249
-0.6300
-2.9400
-2.4500
225
282
473
416
415

-0.4041
-0.8926
-0.0083
0.3500
-2.8000
-1.1900
225
282
472
416
415

-0.4050
-0.8965
0.0034
-8.4700
1.0500
-9.7300
225
287
471
415
416

-0.3972
-0.8843
-0.0234
-20.8600
0.7000
-11.6900
229
295
473
414
414

-0.3792
-0.8921
-0.0595
-10.3600
-10.6400
7.4200
238
320
476
415
415

-0.3904
-0.8677
-0.0810
-24.7800
-19.3900
8.7500
273
360
496
422
422

-0.4529
-0.9145
-0.1054
-9.3100
-22.3300
6.5800
338
411
513
438
437

-0.4187
-0.8916
-0.1147
-8.9600
-13.2300
-2.1000
397
467
522
453
452

-0.4753
-0.8857
-0.0878
1.7500
-18.6900
-12.3900
425
496
527
462
462

-0.4197
-0.8945
-0.0981
-6.8600
-10.6400
-8.9600
433
499
528
467
466

-0.4148
-0.9013
-0.1166
-5.3200
-4.2000
-2.3100
435
499
530
468
470

-0.4031
-0.9335
-0.1474
10.4300
0.0000
3.2900
438
502
531
468
468

-0.3894
-0.9248
-0.1118
9.9400
1.6100
5.1800
436
500
531
469
468

-0.3958
-0.9209
-0.1015
5.1100
0.0000
-2.1700
435
501
531
472
470

-0.4050
-0.9023
-0.0996
8.7500
0.0700
-3.9900
434
503
531
469
469

-0.3914
-0.9287
-0.1069
17.1500
1.4000
-7.7700
430
501
531
466
466

-0.3933
-0.9218
-0.1010
4.4800
5.8100
-6.5100
406
472
531
462
462

-0.4011
-0.9545
-0.1054
4.4800
5.0400
-9.6600
344
381
530
457
455

-0.3572
-0.9457
-0.0664
1.6100
15.2600
-13.7900
291
319
528
445
445

-0.3723
-0.8691
-0.0991
5.8800
9.8700
-7.8400
272
306
523
431
430

-0.4002
-0.8935
-0.0869
7.7000
5.8800
-1.4700
269
308
508
419
418

-0.3992
-0.9311
-0.1122
33.9500
2.3100
-3.3600
267
313
485
414
415

-0.3484
-0.8555
-0.0234
23.0300
7.9800
10.7100
264
312
460
410
408

-0.3479
-0.8916
0.0166
14.1400
-0.1400
10.0100
261
312
435
407
409

-0.3655
-0.9282
0.0024
3.6400
0.6300
9.1000
261
312
417
410
409

-0.3553
-0.9145
0.0185
-1.3300
4.3400
3.1500
262
312
421
410
411

-0.3299
-0.9521
0.0122
7.2800
-2.1000
1.3300
262
312
423
410
411

-0.3221
-0.9526
-0.0073
6.0200
-9.2400
-3.7100
258
312
425
411
411

-0.3382
-0.9482
-0.0034
3.0800
-3.4300
-8.0500
252
311
426
411
413

-0.3362
-0.9438
0.0054
-3.3600
-7.2100
0.0000
246
306
425
411
411

-0.3333
-0.8969
0.0146
-5.6000
-2.2400
-2.9400
243
300
428
412
412

-0.3758
-0.8950
0.0073
1.2600
-5.0400
-3.5700
236
290
431
413
413

-0.3753
-0.8921
0.0063
-0.8400
-4.0600
-3.7100
228
283
431
413
414

-0.3650
-0.9028
0.0000
-1.8200
-4.4800
-1.2600
227
276
431
415
415

-0.3719
-0.9048
0.0000
-1.4700
-4.6900
-1.1200
222
270
432
415
415

-0.3743
-0.8994
-0.0102
0.3500
-5.0400
-1.0500
220
265
434
416
416

-0.3611
-0.9101
-0.0029
-0.8400
-4.4800
-0.2100
217
265
435
416
415

-0.3626
-0.9043
-0.0034
0.1400
-3.6400
0.4900
216
263
436
416
416

-0.3640
-0.9170
0.0068
3.4300
-3.8500
4.4100
214
266
437
417
417

-0.3670
-0.9111
0.0005
0.9800
-3.7800
1.6800
215
264
439
417
417

-0.3748
-0.9170
-0.0049
0.7700
-2.6600
-0.2800
216
267
437
417
417

-0.3797
-0.9116
-0.0049
2.8000
-2.4500
-2.0300
215
266
438
416
416

-0.3728
-0.9111
-0.0073
4.8300
-3.9900
-3.2900
215
266
438
418
416

-0.3645
-0.9140
0.0015
1.9600
-4.0600
-3.5000
216
267
438
417
419

-0.3748
-0.9165
0.1244
2.7300
-4.6200
-5.3900
216
267
440
415
416

-0.3762
-0.9170
-0.0010
3.7100
-5.6700
-4.5500
216
268
437
417
416

-0.3821
-0.9204
-0.0112
2.5900
-3.9200
-4.3400
216
268
439
417
417

-0.3753
-0.9067
0.0010
2.2400
-3.8500
-4.3400
216
267
441
417
417

-0.3811
-0.9087
0.0088
-2.0300
-6.0900
-7.3500
218
267
439
417
417

-0.3753
-0.8974
-0.0161
0.6300
-4.4100
-8.5400
218
272
439
416
418

-0.3699
-0.8999
-0.0024
-12.5300
-11.0600
-12.1100
228
283
439
417
417

-0.3762
-0.9043
-0.0234
-17.5700
-17.5000
-10.5700
246
303
445
417
417

-0.3304
-0.8974
-0.0698
-9.6600
-18.8300
2.1000
247
323
461
417
417

-0.3719
-0.9213
-0.0732
-7.2800
-11.9000
3.0100
276
356
489
422
421

-0.4280
-0.8984
-0.0512
-13.5800
0.7700
0.2800
327
404
510
440
439

-0.4168
-0.8989
-0.0732
8.7500
-17.2200
-11.4800
387
463
520
452
454

-0.3875
-0.9087
-0.0288
7.4200
-30.1700
-19.0400
417
492
526
460
460

-0.3533
-0.8857
-0.0356
3.4300
-18.0600
-9.5900
428
496
529
464
463

-0.3611
-0.8935
-0.0293
4.2700
-15.6100
-13.3700
432
500
530
466
467

-0.3728
-0.9277
-0.0034
-11.3400
-20.8600
-14.2100
434
499
530
471
471

-0.3167
-0.9145
-0.0244
6.6500
-8.6800
-4.8300
436
501
531
471
471

-0.3055
-0.8969
0.0054
1.4700
-4.0600
-2.7300
436
501
531
472
472

-0.3494
-0.8965
0.0068
0.1400
-3.0800
-1.2600
436
500
531
472
472

-0.3411
-0.9204
-0.0015
-0.2100
1.3300
0.4900
436
501
530
472
472

-0.3528
-0.9018
-0.0024
3.5700
2.5900
-0.5600
436
501
530
471
472

-0.3631
-0.9252
0.0146
0.4900
-2.3800
-2.3100
438
500
531
472
471

-0.3562
-0.9106
-0.0078
-1.3300
-0.0700
1.0500
432
495
533
470
468

-0.3767
-0.9570
-0.0439
14.2800
-12.6000
1.8200
415
474
534
461
462

-0.3460
-0.9277
0.0146
3.2900
-0.2100
4.0600
376
416
531
452
452

-0.3621
-0.9658
0.0088
11.0600
8.4000
2.3800
314
331
531
444
445

-0.3714
-0.9614
-0.0483
24.2900
-1.8200
2.6600
283
303
530
440
442

-0.3933
-0.9033
0.0132
21.7000
1.4000
0.0000
268
295
530
437
436

-0.3704
-0.9160
0.0229
22.7500
27.8600
-5.1800
263
303
528
422
422

-0.3514
-0.9091
0.0395
32.7600
19.5300
-12.2500
255
305
526
417
417

-0.3372
-0.8935
0.0644
16.9400
4.6900
-4.1300
247
304
518
417
417

-0.3797
-0.9189
0.0800
-1.1200
-2.1000
-4.9000
243
306
490
418
417

-0.3606
-0.8633
0.0434
8.2600
-0.7000
-3.7800
244
307
464
408
408

-0.3987
-0.8472
0.1064
-1.7500
-3.4300
-4.5500
242
307
446
405
405

-0.3767
-0.8755
0.0825
-1.6800
-2.4500
-3.0800
244
305
439
406
405

-0.4011
-0.8930
0.0659
1.1200
-3.8500
-2.3800
245
306
435
407
407

-0.3870
-0.8930
0.0737
-4.2000
-0.1400
0.4900
246
305
433
406
409

-0.3958
-0.9072
0.0620
2.5900
-0.5600
2.9400
246
308
436
408
409

-0.3967
-0.9111
0.0727
-2.8000
-1.4700
-1.7500
247
305
437
408
410

-0.3665
-0.8965
0.0693
-1.8200
1.6800
-0.7700
245
305
437
410
410

-0.3587
-0.9223
0.0537
-2.0300
-4.3400
-1.1900
240
300
439
409
410

-0.3967
-0.9004
0.0278
4.9000
-0.8400
-2.2400
235
295
440
410
408

-0.3616
-0.9209
0.0590
6.0200
-5.1100
-4.8300
234
290
441
409
409

-0.3665
-0.9262
0.0468
12.1100
-12.9500
-5.6700
236
293
438
407
409

-0.3719
-0.9228
0.0600
6.9300
-5.0400
-3.6400
236
292
439
408
409

-0.3782
-0.9184
0.0771
2.0300
-4.0600
-6.2300
232
293
437
406
406

-0.3792
-0.9028
0.0649
-4.4100
-5.1100
-7.7700
228
288
436
405
406

-0.3743
-0.9057
0.0483
-0.6300
-5.3200
-3.5000
227
286
436
405
405

-0.3904
-0.9004
0.0678
0.9800
-5.9500
-2.9400
228
286
437
406
405

-0.3880
-0.9106
0.0581
-0.9800
-5.7400
-3.9200
225
285
437
406
406

-0.3894
-0.9052
0.0551
0.7000
-4.2700
-2.5900
224
284
438
406
405

-0.3821
-0.9091
0.0498
2.3100
-3.0100
0.2100
224
284
437
406
406

-0.3831
-0.9091
0.0551
0.7000
-3.7100
-0.7700
224
286
438
406
408

-0.3884
-0.9194
0.0483
4.2700
-4.2000
-2.4500
224
284
439
406
406

-0.3787
-0.9101
0.0556
4.6900
-2.2400
0.7700
222
283
439
405
406

-0.3899
-0.9140
0.0566
0.0700
0.0700
0.7000
221
281
439
406
408

-0.3894
-0.9116
0.0483
-4.9000
-0.2800
-0.7000
223
286
439
406
406

-0.4011
-0.8916
0.0400
-19.6700
-3.9200
10.3600
239
303
443
406
408

-0.3826
-0.8725
-0.0176
-32.4800
-9.5200
18.8300
284
340
463
409
407

-0.4416
-0.8413
-0.0542
-20.1600
-30.3800
0.1400
314
396
494
413
413

-0.4587
-0.8345
0.0102
-20.2300
-26.1100
1.4700
386
465
517
439
440

-0.4255
-0.8852
-0.0268
-1.8900
-21.0700
-6.1600
420
494
526
457
458

-0.4451
-0.8940
-0.0224
-4.9700
-12.9500
-14.0000
429
496
530
462
463

-0.4114
-0.9462
-0.0615
-28.6300
-4.2000
-25.3400
435
498
528
468
468

-0.3465
-0.9296
-0.1449
-3.2900
-10.9900
-15.5400
434
499
530
474
472

-0.3411
-0.9438
-0.1313
20.5100
-3.2900
-3.7800
437
500
530
473
473

-0.3528
-0.9560
-0.0717
8.1200
-4.8300
-6.0200
435
500
531
474
473

-0.3650
-0.9296
-0.0795
5.7400
-5.1800
-3.9900
434
501
531
473
473

-0.3518
-0.9165
-0.0752
4.2000
-5.1800
-1.3300
434
501
531
474
473

-0.3631
-0.9370
-0.0610
5.4600
-5.5300
1.6800
433
501
531
471
472

-0.3899
-0.9121
-0.0586
-2.3100
1.1900
-4.6200
433
500
530
471
473

-0.3553
-0.9160
-0.0834
2.1000
-3.2900
-7.0000
431
500
531
472
471

-0.3294
-0.9184
-0.0659
-2.0300
-5.0400
-8.9600
431
499
530
470
471

-0.3265
-0.9126
-0.0791
-8.0500
0.3500
-26.1100
428
498
532
467
468

-0.3109
-0.9252
-0.1049
-5.7400
-5.6000
-27.7200
428
498
530
464
463

-0.2996
-0.9194
-0.0927
-2.9400
-5.8800
-37.9400
426
498
531
460
460

-0.2279
-0.9184
-0.0839
-23.8700
0.0700
-32.6200
423
496
529
454
454

-0.1327
-0.9599
-0.1093
-16.7300
-0.9100
-11.4800
424
498
531
452
452

-0.1669
-0.9872
-0.1259
-9.5200
-13.1600
-34.7900
421
496
530
450
452

-0.1196
-0.9848
-0.1493
4.6200
-13.7200
-48.4400
418
495
529
445
447

-0.0112
-0.9096
-0.1093
-1.2600
-14.0000
-22.6100
419
494
530
444
444

0.0342
-0.9570
-0.1200
0.3500
-7.1400
-1.8900
416
495
532
443
445