-0.1718
-0.9755
-0.1596
0.9100
-4.4100
-1.5400
401
449
475
418
416

-0.1620
-0.9653
-0.1591
3.5000
-4.7600
-1.9600
402
449
476
417
419

-0.1757
-0.9770
-0.1508
1.4700
-4.9700
-2.2400
402
448
476
416
417

-0.1732
-0.9643
-0.1635
1.6100
-4.2700
-1.8900
403
449
476
417
417

-0.1669
-0.9687
-0.1576
2.8000
-3.8500
-2.5900
402
449
476
417
417

-0.1830
-0.9799
-0.1401
2.2400
-4.2700
-5.3200
401
452
476
416
419

-0.1508
-0.9672
-0.1410
-1.2600
-3.2200
0.1400
400
450
476
420
418

-0.1640
-0.9550
-0.1688
-0.7700
-3.2900
-2.7300
404
449
478
417
419

-0.1674
-0.9579
-0.1523
1.7500
-2.3800
-4.6200
402
449
477
417
419

-0.1615
-0.9453
-0.1425
1.4700
-2.6600
-1.8200
402
449
475
417
417

-0.1542
-0.9584
-0.1518
4.7600
-3.7800
-1.4700
401
450
475
417
417

-0.1688
-0.9799
-0.1430
2.7300
-4.7600
-1.3300
401
449
476
417
417

-0.1928
-0.9618
-0.1606
1.1900
-4.2700
-3.2200
402
448
478
419
417

-0.1869
-0.9570
-0.1591
2.3800
-2.4500
-4.0600
402
448
477
417
417

-0.1723
-0.9760
-0.1493
3.9200
-2.4500
-4.5500
402
452
476
417
417

-0.1625
-0.9701
-0.1366
2.8000
-5.1100
-2.3800
403
449
476
419
417

-0.1923
-0.9750
-0.1630
1.3300
-6.0900
-3.4300
403
449
476
418
418

-0.1962
-0.9750
-0.1625
4.7600
-4.8300
-5.8100
402
450
477
419
417

-0.1693
-0.9736
-0.1503
6.8600
-3.4300
-2.5900
401
450
478
417
417

-0.1713
-0.9760
-0.1327
2.4500
-4.2700
-2.3800
401
449
476
417
418

-0.1737
-0.9599
-0.1669
4.5500
-5.2500
-0.2100
401
450
477
417
417

-0.1859
-0.9872
-0.1401
1.8200
-3.9200
-4.4100
402
448
477
418
419

-0.1654
-0.9658
-0.1386
3.1500
-3.0800
-3.8500
401
448
477
418
417

-0.1630
-0.9599
-0.1293
2.0300
-3.0800
-1.0500
401
449
476
417
417

-0.1757
-0.9594
-0.1244
2.5900
-3.9900
-1.1900
403
450
476
417
417

-0.1879
-0.9653
-0.1547
2.5900
-4.0600
-2.0300
401
448
476
418
417

-0.1806
-0.9648
-0.1337
3.4300
-3.5700
-3.0800
402
449
478
417
417

-0.1752
-0.9721
-0.2484
1.4700
-4.0600
-3.9200
402
450
475
417
417

-0.1854
-0.9677
-0.1352
-0.4200
-4.5500
-2.1700
402
450
477
418
418

-0.1786
-0.9784
-0.1347
0.0700
-4.4100
-4.2000
401
448
477
417
417

-0.1791
-0.9677
-0.1347
0.6300
-5.6700
-5.6000
403
450
475
418
417

-0.1742
-0.9604
-0.1449
4.0600
-4.4800
-3.0100
401
450
476
417
417

-0.1854
-0.9809
-0.1283
3.0800
-3.7100
-3.0800
401
450
475
417
415

-0.1952
-0.9819
-0.1532
-1.1900
-0.8400
-3.7100
401
450
472
413
414

-0.1820
-0.9853
-0.1283
-0.0700
2.8000
-2.7300
399
442
462
405
404

-0.1454
-0.9555
-0.1581
-21.8400
4.3400
16.4500
397
431
443
394
396

-0.2289
-0.9292
-0.1981
-9.7300
-6.3000
-8.1200
384
407
416
374
375

-0.2255
-0.9448
-0.2040
4.8300
-1.8200
-18.0600
370
380
379
340
342

-0.1820
-0.9389
-0.2333
6.7200
-15.3300
-17.6400
341
349
334
298
298

-0.1630
-0.9921
-0.2142
1.1900
-17.4300
-7.7000
311
318
301
266
267

-0.1479
-1.0058
-0.2460
10.7800
-3.7800
-18.3400
285
290
274
242
240

-0.1806
-0.9477
-0.2133
-2.0300
-1.1200
-4.7600
262
272
255
222
222

-0.1322
-0.9789
-0.2596
-0.1400
-8.4000
-15.7500
245
258
241
207
207

-0.0927
-0.9287
-0.2030
4.9000
-0.8400
8.1900
232
248
236
199
199

-0.1235
-0.9760
-0.2103
-5.6000
-10.1500
17.6400
224
240
233
194
194

-0.1640
-0.9916
-0.2338
-11.9000
-15.1200
9.9400
219
236
230
189
191

-0.2250
-0.9536
-0.2606
-19.2500
-30.0300
16.6600
216
239
232
187
187

-0.2284
-0.8999
-0.2786
-13.8600
-13.2300
5.6700
216
240
235
189
189

-0.2484
-0.8916
-0.3084
-8.5400
-9.7300
1.4000
219
240
236
191
192

-0.2401
-0.9160
-0.3118
2.5200
-5.8800
5.7400
220
242
237
194
192

-0.2557
-0.9248
-0.3274
4.7600
-3.1500
2.4500
219
243
235
193
193

-0.2996
-0.9004
-0.3060
10.7800
0.7000
6.7900
219
244
236
193
193

-0.2884
-0.9409
-0.3011
9.5900
-1.8200
4.9700
222
247
238
193
194

-0.2772
-0.9028
-0.2738
6.0900
-0.9100
1.1900
219
248
240
195
197

-0.2899
-0.8955
-0.2782
1.6100
0.4900
-0.1400
221
250
243
195
196

-0.2913
-0.9082
-0.2733
2.5200
-1.4000
-2.2400
220
251
246
198
196

-0.2948
-0.9091
-0.2630
-0.1400
0.0000
-2.5900
223
250
244
197
199

-0.2860
-0.9008
-0.2821
1.8900
-2.8000
-3.5000
225
251
243
197
198

-0.2845
-0.8994
-0.2738
1.3300
-3.7800
-3.5700
223
252
244
199
200

-0.2879
-0.9028
-0.2801
0.9800
-2.9400
-5.3200
225
255
248
198
198

-0.2904
-0.9077
-0.3006
-1.7500
2.9400
2.1700
227
255
248
203
203

-0.2889
-0.8969
-0.2791
-1.8200
10.7100
12.3200
232
257
252
205
204

-0.3099
-0.8804
-0.2865
5.7400
2.0300
-6.0900
250
271
263
213
212

-0.3167
-0.8838
-0.2904
4.8300
-3.0800
-10.0100
267
284
272
221
221

-0.2835
-0.9331
-0.3148
9.3800
-8.1900
-10.7800
285
296
288
234
232

-0.2064
-0.9067
-0.2664
-2.3800
-16.9400
-8.4000
315
323
319
260
259

-0.2679
-0.9048
-0.2294
8.9600
-11.6900
-13.3000
346
358
365
302
304

-0.2294
-0.8994
-0.1991
5.1800
-4.4800
-5.5300
369
396
418
346
345

-0.2908
-0.9121
-0.2298
5.0400
2.7300
-2.6600
386
428
460
377
377

-0.2338
-0.8276
-0.2240
-3.9200
-3.2900
-9.4500
395
456
495
406
406

-0.2220
-0.9492
-0.2103
-0.7000
-4.9700
-4.3400
404
474
514
428
425

-0.2582
-0.9272
-0.2264
-3.0800
-5.6700
-5.6700
411
487
521
441
442

-0.2499
-0.9355
-0.2367
-3.7800
-7.4200
-3.7100
418
494
524
452
452

-0.2635
-0.9540
-0.2503
14.9800
-4.4100
-6.5100
421
496
526
460
461

-0.2357
-0.9360
-0.1981
4.9000
-5.1100
-3.0100
425
498
526
465
464

-0.2567
-0.9233
-0.2074
7.1400
-2.7300
-1.1200
425
500
527
467
466

-0.2577
-0.9438
-0.1796
3.6400
-4.8300
-3.2200
427
500
530
468
468

-0.2528
-0.9296
-0.1976
1.8900
-3.3600
-3.8500
426
500
528
467
466

-0.2616
-0.9345
-0.1942
7.9800
-4.9000
-5.1800
426
498
529
467
467

-0.2669
-0.9287
-0.1830
-0.1400
-2.9400
-6.5100
426
499
527
466
466

-0.2528
-0.9335
-0.1947
3.2200
-3.8500
-3.2900
425
497
527
465
465

-0.2508
-0.9389
-0.1854
-1.2600
-3.0100
-4.3400
425
497
529
463
464

-0.2664
-0.9462
-0.2069
-3.9200
-2.2400
-8.8200
422
488
520
458
456

-0.2767
-0.9589
-0.2435
1.2600
-2.8700
-7.4900
414
459
490
446
447

-0.2455
-0.9160
-0.1932
0.4900
-5.8100
-3.7100
401
419
450
427
427

-0.2738
-0.9472
-0.2284
5.2500
-1.4000
-12.6000
386
386
397
388
388

-0.2450
-0.9374
-0.1893
3.5700
-1.9600
-9.4500
370
363
354
350
348

-0.2181
-0.9248
-0.2011
-0.1400
1.0500
-7.4200
348
336
320
313
313

-0.2162
-0.9301
-0.2118
4.2000
2.3800
-4.9000
323
312
292
283
283

-0.2089
-0.9189
-0.2230
-6.1600
3.9200
-2.5200
296
289
272
258
258

-0.2020
-0.9457
-0.1815
3.5700
0.0000
-4.0600
276
274
256
238
235

-0.2123
-0.9184
-0.2284
-2.9400
1.9600
11.4800
259
263
249
222
220

-0.2538
-0.9843
-0.2235
12.0400
-6.0200
7.0000
247
255
242
211
209

-0.2152
-0.9516
-0.1976
-23.3800
5.8800
7.0700
233
249
237
204
202

-0.2445
-0.9091
-0.2494
-10.9200
-5.3200
17.8500
227
246
236
196
196

-0.3026
-0.9355
-0.2508
-9.5900
-2.8700
11.2000
224
245
235
193
194

-0.2704
-0.9316
-0.2821
-4.5500
-9.8700
-0.9100
224
245
234
193
193

-0.2811
-0.9238
-0.2938
-13.3000
-8.9600
-1.5400
224
247
233
194
195

-0.2830
-0.8818
-0.2855
-7.4900
-6.0900
-3.1500
227
249
231
197
195

-0.2918
-0.8857
-0.2972
-8.0500
-6.6500
-2.2400
226
250
230
195
196

-0.2816
-0.8994
-0.3421
1.6100
-4.4100
-2.5200
228
249
225
194
198

-0.2913
-0.8960
-0.3138
1.5400
-1.8200
-4.7600
229
250
227
198
197

-0.2874
-0.8926
-0.3016
1.1200
-5.6700
-3.8500
229
252
226
199
199

-0.2860
-0.8950
-0.3172
1.2600
-5.0400
-5.3200
228
251
226
199
199

-0.2952
-0.8969
-0.3138
2.5900
-4.2000
-3.7100
228
253
225
200
198

-0.2777
-0.9091
-0.3118
2.9400
-5.2500
-1.6100
230
252
227
201
198

-0.2791
-0.9048
-0.3128
0.9100
-4.3400
-2.8700
230
252
227
201
202

-0.2826
-0.8960
-0.3118
2.8000
-5.8800
-4.0600
229
254
227
199
201

-0.2874
-0.8969
-0.3055
2.0300
-3.8500
-3.6400
229
252
225
202
202

-0.2762
-0.8994
-0.3060
1.6100
-3.4300
-3.7800
230
252
227
201
204

-0.2782
-0.8901
-0.3074
3.6400
-5.2500
-7.1400
231
256
227
202
202

-0.2762
-0.8984
-0.3050
1.6800
-4.9700
-7.0000
229
254
227
203
204

-0.2767
-0.8999
-0.2977
1.3300
-4.8300
-4.9000
230
257
228
203
201

-0.2704
-0.8950
-0.3011
0.4200
-3.9200
-9.5200
231
254
229
203
203

-0.2123
-0.9531
-0.3899
32.5500
9.1000
-6.2300
233
256
233
205
209

-0.2479
-0.9384
-0.2747
2.2400
25.4100
16.0300
246
268
248
210
211

-0.2723
-0.9008
-0.2952
0.5600
7.9800
2.0300
269
281
262
219
219

-0.2918
-0.8955
-0.3284
5.8800
-10.0100
5.8100
306
312
298
249
250

-0.2977
-0.8891
-0.2635
-10.5700
-9.2400
-6.8600
340
353
356
300
301

-0.2972
-0.8862
-0.2987
-0.9100
-12.4600
-7.2100
365
389
404
344
345

-0.2874
-0.8965
-0.3192
3.3600
-14.9800
3.0800
380
415
438
366
365

-0.2855
-0.9184
-0.3011
-8.3300
-3.5000
2.6600
389
434
459
380
379

-0.2904
-0.9150
-0.3470
-1.3300
-7.4200
-2.3800
399
455
485
397
398

-0.2704
-0.9209
-0.3289
3.2900
1.4700
2.5200
408
471
501
414
415

-0.2567
-1.2312
-0.2694
15.9600
-0.8400
1.3300
416
483
513
433
433

-0.3045
-0.9038
-0.2913
15.6800
-7.4200
-1.6800
423
490
521
450
449

-0.3030
-0.9077
-0.2938
9.3800
-7.3500
-1.3300
426
496
525
460
460

-0.2904
-0.8916
-0.2264
10.0800
-7.3500
-2.2400
428
499
526
466
465

-0.2962
-0.8994
-0.2420
5.9500
-4.9000
-2.0300
431
500
527
467
468

-0.3192
-0.9028
-0.2303
2.9400
-3.9200
-3.5000
431
503
529
468
468

-0.3030
-0.8945
-0.2186
2.8700
-3.1500
-2.6600
429
500
526
468
468

-0.3143
-0.9048
-0.2103
1.2600
-0.1400
-2.3800
431
501
528
469
469

-0.3177
-0.9111
-0.2059
-0.3500
-2.9400
-2.2400
431
501
530
467
468

-0.3074
-0.9043
-0.2015
-3.6400
-2.5900
-3.2200
431
500
527
467
466

-0.3089
-0.9140
-0.1820
-1.9600
-2.2400
-4.0600
430
499
527
464
464

-0.2977
-0.8989
-0.2157
-4.2700
1.4700
-3.2200
429
500
527
462
463

-0.2957
-0.9150
-0.2255
0.7000
-0.9800
-4.6200
429
496
526
461
462

-0.3084
-0.9155
-0.2445
7.2800
-1.3300
-1.2600
426
481
522
459
459

-0.3006
-0.9179
-0.2450
-1.3300
1.9600
-4.1300
417
459
507
449
449

-0.3118
-0.9174
-0.2450
-9.1700
1.8900
-11.2700
406
432
473
434
435

-0.2752
-0.9209
-0.2674
-0.2800
-4.9700
-8.5400
394
397
416
400
400

-0.2533
-0.9223
-0.2713
5.3900
-4.9000
-10.0800
376
363
354
339
340

-0.2572
-0.9516
-0.2982
-0.2100
-0.5600
-10.1500
355
327
305
286
286

-0.2328
-0.9160
-0.2904
0.8400
0.4900
-7.9800
337
303
270
247
247

-0.2464
-0.8974
-0.2801
5.6000
-3.4300
-3.5000
319
283
252
220
220

-0.2157
-0.9223
-0.2508
-5.6000
-4.9700
-0.4900
294
270
245
208
208

-0.2108
-0.8779
-0.2640
10.6400
-9.5900
2.5200
270
263
244
200
201

-0.2279
-0.9179
-0.2318
-33.8100
-3.0800
7.0700
254
253
236
195
194

-0.2704
-0.8847
-0.2796
-19.3200
-6.7200
10.7100
246
248
237
192
194

-0.2733
-0.8960
-0.3621
11.5500
-0.9800
-1.1900
241
248
238
192
192

-0.2499
-0.9057
-0.3162
-8.8900
-11.6200
-1.6100
241
247
241
194
192

-0.2577
-0.8564
-0.3416
-7.2800
-12.5300
-2.4500
241
246
236
193
194

-0.2830
-0.8603
-0.3445
-4.2000
-8.4700
-5.2500
239
246
234
195
196

-0.3001
-0.8794
-0.3509
-2.5900
-7.0700
-7.6300
240
249
235
195
194

-0.2879
-0.8662
-0.3582
-0.6300
-7.0000
-5.1800
240
248
233
194
194

-0.2874
-0.8760
-0.3572
1.0500
-7.6300
-4.6200
240
249
232
199
195

-0.2899
-0.8779
-0.3640
-0.4900
-4.8300
-6.6500
239
249
235
196
197

-0.2928
-0.8813
-0.3577
0.7000
-4.8300
-6.2300
241
248
236
199
198

-0.2801
-0.8677
-0.3601
3.0100
-5.1100
-3.4300
241
250
236
199
199

-0.2913
-0.8906
-0.3592
2.5900
-6.9300
-3.1500
239
250
237
199
200

-0.2962
-0.8896
-0.3465
6.8600
-5.3200
-3.1500
238
250
230
201
200

-0.2786
-0.8804
-0.3348
2.6600
-5.3900
-3.5000
239
250
232
200
200

-0.2957
-0.8740
-0.3455
1.9600
-5.0400
-7.8400
240
253
231
200
201

-0.2933
-0.8818
-0.3299
-6.1600
4.2700
-9.0300
239
253
238
204
202

-0.3323
-0.8257
-0.3074
-1.5400
3.2200
2.5900
245
255
237
204
205

-0.2596
-0.8916
-0.3421
6.9300
4.4800
-14.2100
249
257
246
206
205

-0.2747
-0.8872
-0.3445
4.5500
3.5700
-12.1800
261
267
256
214
212

-0.2455
-0.8603
-0.3216
6.3700
-6.4400
-9.8700
267
275
264
220
220

-0.2303
-0.9072
-0.3396
14.0700
-2.9400
-1.4000
295
297
287
241
240

-0.2757
-0.8926
-0.3094
15.4000
-14.2100
-9.5200
331
333
332
283
283

-0.2606
-0.8867
-0.3070
5.0400
-6.2300
-2.8000
371
394
398
334
333

-0.2606
-0.8847
-0.2747
8.7500
-12.6000
3.0100
403
440
459
377
379

-0.2567
-0.9233
-0.2762
13.9300
-10.7800
2.7300
416
470
496
405
407

-0.2660
-0.8828
-0.2591
5.2500
-4.1300
11.0600
422
485
513
428
428

-0.2991
-0.9833
-0.2381
7.7700
-6.5800
1.4700
427
494
521
446
448

-0.3035
-0.9082
-0.2533
2.5200
-2.3100
-1.2600
430
499
524
457
458

-0.2826
-0.9204
-0.2362
5.8800
-7.9100
-4.1300
432
501
526
465
466

-0.2655
-0.8969
-0.2152
75.2500
-19.2500
-9.3100
434
502
528
470
472

-0.2952
-0.9184
-0.1957
11.6900
-7.9100
-5.6700
436
503
527
474
474

-0.3001
-0.9443
-0.1737
5.9500
-2.2400
-2.4500
435
504
528
475
475

-0.2704
-0.9340
-0.1698
-1.8900
-1.8900
-0.1400
436
503
528
473
475

-0.2782
-0.9350
-0.1820
2.1700
-4.3400
-0.5600
435
504
530
473
474

-0.2933
-0.9394
-0.1684
2.7300
-2.9400
-1.8200
436
502
530
473
473

-0.2865
-0.9238
-0.1601
-2.1000
-0.1400
-5.1100
437
503
531
473
470

-0.2733
-0.9355
-0.1791
-0.3500
-3.2900
-7.2100
434
504
529
468
468

-0.2757
-0.9121
-0.1591
-6.7900
-0.4200
-5.5300
432
500
531
465
465

-0.2728
-0.9174
-0.1986
0.2100
-3.5700
-2.8000
431
498
528
460
460

-0.2791
-0.9257
-0.1889
-3.2200
-0.7700
-3.2900
432
495
522
449
450

-0.2850
-0.9414
-0.2064
-7.4200
-2.9400
-7.4900
427
488
500
433
433

-0.2733
-0.9204
-0.2015
-9.7300
-0.2100
-7.4900
421
470
470
407
406

-0.2650
-0.9326
-0.2220
-21.9800
1.0500
0.2100
412
435
429
373
373

-0.2684
-0.9082
-0.2538
0.3500
0.0000
-10.0100
393
398
383
329
328

-0.2372
-0.9087
-0.2352
-11.9700
-3.4300
-11.2700
362
359
336
285
285

-0.2289
-0.9106
-0.2298
-1.1900
-0.4900
-2.7300
332
318
298
256
254

-0.2294
-0.9008
-0.2582
2.6600
-3.9900
-4.7600
302
290
274
235
232

-0.2294
-0.9199
-0.2552
-2.2400
1.7500
1.9600
277
274
256
221
219

-0.2474
-0.9345
-0.2425
5.8800
0.0000
-2.4500
266
261
247
210
208

-0.2357
-0.9296
-0.2308
-12.1100
-0.9800
-1.0500
255
252
240
200
199

-0.2435
-0.9184
-0.2621
-22.8900
-7.4900
2.2400
248
246
237
192
192

-0.2484
-0.8618
-0.2635
-0.9800
-15.4700
1.3300
243
240
235
192
190

-0.2289
-0.8764
-0.2796
-24.0100
-20.5800
4.2700
238
245
239
191
191

-0.2669
-0.9116
-0.3406
-13.9300
-14.4900
-1.1900
238
247
240
193
193

-0.3084
-0.8926
-0.3372
-13.9300
-10.7100
-5.1800
238
247
240
194
194

-0.3001
-0.8804
-0.3626
3.8500
-5.0400
-5.3900
238
251
240
194
196

-0.2630
-0.8823
-0.3553
1.2600
0.3500
-3.5000
239
250
242
195
195

-0.2708
-0.8984
-0.3572
-1.3300
-3.0800
-4.2000
237
251
241
195
196

-0.2625
-0.8886
-0.3670
-1.9600
-3.8500
-3.4300
237
252
243
196
195

-0.2640
-0.8725
-0.3597
4.9700
-4.3400
-2.2400
238
254
245
196
196

-0.2699
-0.8965
-0.3587
1.8900
-4.5500
-1.5400
237
256
246
197
198

-0.2699
-0.8799
-0.3640
1.2600
-4.3400
-1.6800
240
255
247
198
198

-0.2747
-0.8891
-0.3558
3.7800
-4.4100
-2.1700
237
255
246
200
197

-0.2767
-0.8833
-0.3489
3.2900
-4.4800
-1.8200
238
255
247
198
198

-0.2767
-0.8843
-0.3543
2.3800
-4.6900
-2.1000
239
258
248
200
200

-0.2777
-0.8789
-0.3518
2.8700
-5.7400
-2.1000
238
256
247
199
200

-0.2806
-0.8843
-0.3494
2.7300
-5.0400
-2.5900
240
257
249
200
201

-0.2884
-0.8804
-0.3504
1.6800
-3.1500
-5.7400
240
258
250
202
200

-0.2655
-0.8955
-0.3675
-6.8600
7.9100
10.3600
242
259
249
202
203

-0.3187
-0.8379
-0.3338
-9.7300
11.7600
22.2600
247
260
254
204
204

-0.3636
-0.8364
-0.3728
-6.1600
3.1500
5.7400
267
277
271
214
213

-0.3255
-0.8828
-0.3792
12.8800
-16.1700
-11.1300
311
314
315
254
250

-0.3045
-0.8603
-0.3196
14.0000
-8.4700
-2.5200
343
358
368
300
301

-0.3016
-0.8857
-0.2840
28.9800
-12.4600
1.1900
376
402
421
339
338

-0.3211
-0.8398
-0.2181
24.9200
-10.5700
2.6600
401
439
459
369
370

-0.3348
-0.8764
-0.1967
25.2000
-9.3800
14.0700
414
465
491
401
402

-0.3475
-0.8560
-0.1235
18.4800
-6.7200
6.2300
424
486
517
433
434

-0.3211
-0.8779
-0.1298
11.1300
-6.6500
6.0200
432
498
524
454
455

-0.3943
-0.9096
-0.1279
24.0800
-9.3800
-0.1400
435
502
524
463
464

-0.3665
-0.9457
-0.0639
16.8000
-5.3900
-2.5200
437
504
529
468
467

-0.3806
-0.9140
-0.0610
7.0000
-2.3100
-2.3800
439
505
527
469
469

-0.3675
-0.9287
-0.0766
5.0400
-3.7800
-2.6600
438
505
528
469
469

-0.3758
-0.9282
-0.0673
4.9700
-2.6600
-1.8200
437
505
526
468
468

-0.3660
-0.9204
-0.0547
1.6800
-3.2900
-2.8000
435
505
530
467
468

-0.3640
-0.9184
-0.0561
5.1100
-4.8300
-3.0800
438
506
526
469
467

-0.3694
-0.9272
-0.0590
1.6800
-4.9000
-2.0300
437
504
528
465
466

-0.3626
-0.9209
-0.0483
1.4000
-3.5000
-2.1000
435
503
528
467
466

-0.3709
-0.9038
-0.0464
1.1200
-3.4300
-1.0500
435
503
528
464
465

-0.3665
-0.9179
-0.0566
0.9800
-4.9000
-4.3400
433
503
527
463
461

-0.3631
-0.9135
-0.0537
2.7300
-4.0600
-4.4800
434
503
526
461
461

-0.3616
-0.9174
-0.0473
3.7100
-2.1700
-3.4300
434
502
527
460
463

-0.3626
-0.9223
-0.0649
6.0200
0.7000
-7.5600
432
493
518
455
454

-0.3523
-0.9316
-0.0590
18.0600
-2.2400
-10.9200
427
451
470
442
443

-0.3582
-0.9521
-0.0517
-3.4300
4.4800
-10.9200
407
392
385
382
383

-0.3333
-0.9335
-0.0664
3.2200
2.5200
-12.6700
372
340
321
309
309

-0.3104
-0.9267
-0.0522
8.8200
3.2200
-13.2300
342
303
280
260
261

-0.2728
-0.9511
-0.0488
-23.1700
-12.3200
-14.5600
311
271
249
233
233

-0.2591
-0.9228
-0.1015
-21.4200
-14.0000
-1.1900
294
260
237
212
215

-0.3172
-0.9140
-0.1357
-24.6400
-7.5600
3.2200
273
251
231
202
202

-0.3148
-0.9589
-0.1288
-41.0200
3.9900
3.7100
253
243
229
195
195

-0.2674
-0.8926
-0.2494
-8.2600
-7.7000
9.5900
245
243
231
193
194

-0.2625
-0.9038
-0.2508
-30.1700
-4.5500
12.4600
238
248
233
195
194

-0.3723
-0.9091
-0.2962
-15.6800
-17.0100
5.5300
239
251
237
192
194

-0.3494
-0.8852
-0.2987
-4.6900
-1.8200
3.8500
237
255
238
194
193

-0.3601
-0.8852
-0.2738
-5.6700
-15.8200
-5.6000
240
254
238
195
196

-0.3694
-0.9096
-0.3011
-7.6300
-6.4400
-8.0500
241
257
240
197
197

-0.3558
-0.8525
-0.3279
1.5400
-2.9400
-3.9900
240
258
236
197
197

-0.3528
-0.8828
-0.3030
2.3100
-3.9900
-6.5800
238
257
237
197
197

-0.3489
-0.8555
-0.2987
1.9600
-3.8500
-5.9500
236
259
237
199
198

-0.3567
-0.8823
-0.3245
6.3700
-3.3600
-2.5200
238
258
239
197
200

-0.3518
-0.8852
-0.2923
4.9700
-3.5000
-2.0300
239
259
237
200
199

-0.3499
-0.8725
-0.2860
3.5000
-3.5700
-3.3600
239
261
237
201
200

-0.3523
-0.8628
-0.2918
4.3400
-5.3200
-4.1300
241
261
238
201
202

-0.3523
-0.8774
-0.2811
2.8000
-3.9900
-3.2900
238
261
238
202
200

-0.3436
-0.8711
-0.2933
2.5900
-4.9700
-2.7300
239
262
239
201
201

-0.3538
-0.8706
-0.2860
5.8100
-3.4300
-3.2200
242
264
240
202
202

-0.3431
-0.8901
-0.2904
1.7500
-4.1300
-5.3200
242
263
240
202
202

-0.3421
-0.8823
-0.2845
1.3300
-3.1500
-6.1600
242
264
241
201
203

-0.3645
-0.8935
-0.2982
-6.3000
6.3700
-7.4900
242
264
243
204
203

-0.3372
-0.8691
-0.3045
-9.5900
25.6200
-14.4900
244
265
247
207
204

-0.3089
-0.8935
-0.3099
0.0700
16.7300
-27.0900
253
269
256
212
211

-0.2611
-0.8555
-0.3445
-8.4700
7.6300
-30.3100
281
289
281
231
231

-0.2401
-0.8618
-0.3465
10.7100
-12.0400
-28.4200
325
336
334
283
284

-0.1630
-0.9121
-0.3436
11.5500
-13.1600
-15.6100
371
401
421
356
357

-0.1801
-0.9267
-0.2894
15.5400
-3.9900
-21.0700
399
459
495
420
419

-0.1464
-0.8672
-0.9550
24.2200
-12.7400
-11.6200
415
488
521
446
446

-0.1196
-0.9248
-0.2645
5.7400
-14.6300
-16.5200
427
499
525
460
459

-0.1186
-0.9575
-0.2416
11.6200
-10.6400
-12.9500
433
505
526
466
467

-0.1132
-0.9604
-0.2455
18.4800
-6.6500
-17.2200
436
507
528
473
471

-0.0893
-0.9531
-0.2064
14.7700
-15.5400
-14.6300
440
508
531
473
474

-0.0854
-0.9736
-0.1972
13.3000
-11.3400
-3.3600
439
511
530
476
476

-0.0834
-0.9848
-0.1879
8.7500
-8.6100
-2.1000
439
508
530
476
478

-0.0561
-0.9936
-0.1762
7.4200
-4.2700
1.2600
439
509
530
479
477

-0.0815
-0.9780
-0.1698
10.1500
-7.4200
-4.6900
438
509
531
477
477