-0.0376
-0.9755
-0.1840
1.5400
-3.7800
-2.8700
425
471
508
426
425

-0.0317
-0.9833
-0.1791
1.5400
-3.9900
-3.5000
425
471
504
424
426

-0.0288
-0.9770
-0.1825
1.1900
-4.8300
-2.9400
426
472
502
426
426

-0.0386
-0.9721
-0.1893
2.7300
-3.9900
-3.3600
426
470
502
426
426

-0.0361
-0.9760
-0.1698
5.6000
-4.2000
-4.0600
427
470
502
426
426

-0.0278
-0.9970
-0.1620
-2.6600
-4.1300
-1.2600
425
469
500
426
426

-0.0483
-0.9897
-0.1923
-2.4500
-1.4000
-3.4300
423
467
500
426
427

-0.0303
-0.9765
-0.1728
3.4300
-2.1000
-7.2800
423
465
500
427
428

-0.0176
-0.9628
-0.1850
-1.2600
-1.5400
-1.7500
422
463
499
427
426

-0.0234
-0.9677
-0.1893
2.0300
-2.7300
-1.0500
422
462
499
427
427

-0.0346
-0.9794
-0.1854
1.6100
-4.2700
-1.4000
421
464
499
426
426

-0.0449
-0.9721
-0.1893
-3.4300
-1.7500
-2.4500
422
462
499
428
427

-0.0273
-0.9955
-0.2318
-10.5700
-0.1400
-6.3700
416
431
456
429
428

-0.0185
-0.9716
-0.1996
-8.6800
-3.7800
-5.9500
390
367
357
423
424

-0.0073
-0.9501
-0.1869
-1.6800
-1.7500
-5.8800
356
307
291
418
418

-0.0210
-0.9711
-0.2416
-1.6100
-4.1300
-2.2400
314
272
263
411
412

0.0020
-0.9833
-0.2606
-17.1500
-11.5500
-13.7900
284
254
245
396
398

-0.0010
-0.9433
-0.2782
-47.0400
-24.9900
-4.6900
266
244
237
371
371

-0.0454
-0.9062
-0.3255
-49.8400
-39.9000
-5.0400
254
237
235
339
340

-0.0264
-0.9126
-0.4089
-14.5600
-19.6700
27.2300
254
237
238
328
327

-0.1542
-0.9262
-0.4089
0.5600
-12.0400
12.8100
252
237
245
328
326

-0.1435
-0.9130
-0.3992
4.2000
-3.0800
2.8000
255
237
248
331
330

-0.1371
-0.9209
-0.3889
-7.7000
-5.4600
-12.5300
255
240
248
329
329

-0.1566
-0.9331
-0.3880
-12.5300
-10.2200
-24.7100
258
243
249
315
317

-0.1093
-0.8921
-0.4392
-4.4800
-13.9300
-13.8600
257
245
250
301
303

-0.0937
-0.9043
-0.4275
-1.8200
-9.3100
-17.5000
257
245
250
295
294

-0.0683
-0.9004
-0.4270
-1.4000
-9.1700
-22.8200
257
246
251
287
286

-0.0473
-0.8808
-0.4626
-5.6000
1.0500
-10.1500
256
246
248
283
283

-0.0342
-0.8716
-0.4519
-0.9800
-4.8300
-5.8800
253
245
251
278
278

-0.0332
-0.9145
-0.4275
-2.3800
-3.4300
-3.7100
251
248
252
277
276

-0.0351
-0.8589
-0.4602
-3.0800
-6.0200
-2.8000
250
247
253
277
275

-0.0454
-0.8804
-0.4514
-1.7500
-2.8700
0.2100
251
248
252
276
278

-0.0332
-0.8721
-0.4768
-4.3400
-2.9400
-0.0700
251
249
254
279
278

-0.0439
-0.8755
-0.4841
-0.9800
-3.4300
1.1900
249
251
255
280
279

-0.0625
-0.8657
-0.4753
0.3500
-3.8500
-1.6100
250
252
255
281
280

-0.0434
-0.8706
-0.4890
-0.9800
-3.3600
-1.6100
247
252
256
280
281

-0.0551
-0.8686
-0.4865
-0.5600
-1.7500
-1.8900
242
253
258
282
283

-0.0488
-0.8467
-0.4836
-1.1900
-2.3100
-4.2700
241
254
257
283
283

-0.0415
-0.8501
-0.4968
0.0700
-2.6600
-3.1500
241
254
258
284
282

-0.0405
-0.8477
-0.4895
3.5700
-3.7800
-6.5800
243
254
258
284
284

-0.0503
-0.8642
-0.4939
3.2200
-4.6900
-4.6900
243
256
259
284
282

-0.0478
-0.8638
-0.4963
1.3300
-3.7100
-3.7100
238
254
258
285
285

-0.0381
-0.8579
-0.4987
1.5400
-1.8200
2.3100
236
255
260
286
285

-0.0395
-0.8891
-0.4987
-7.3500
13.9300
10.5000
240
255
260
285
286

-0.0688
-0.8379
-0.5373
-3.6400
24.9200
9.9400
250
257
258
288
288

-0.0522
-0.8364
-0.5309
8.2600
13.3000
10.3600
278
273
271
296
296

-0.0512
-0.8560
-0.4724
28.1400
-0.2800
4.8300
321
309
303
306
306

-0.0791
-0.8965
-0.4563
26.9500
-0.9100
0.0700
369
360
369
321
322

-0.0537
-0.9145
-0.4382
49.2100
15.1200
12.3900
413
418
454
365
365

-0.0649
-0.8921
-0.3416
17.2200
-13.7200
0.2800
423
455
495
397
396

-0.0966
-0.9477
-0.2874
23.1000
-12.9500
-2.5200
429
475
512
423
425

-0.1132
-0.9462
-0.2167
11.6900
-13.3000
-8.1900
431
485
517
440
440

-0.0864
-0.9501
-0.2806
8.6100
-11.9000
-3.2200
434
491
524
447
449

-0.0786
-0.9414
-0.2523
11.9000
-7.6300
-2.6600
437
494
523
456
454

-0.0981
-0.9931
-0.2152
1.9600
-7.9800
-6.2300
436
495
525
462
460

-0.1049
-0.9697
-0.2499
-0.4900
-4.4100
-7.0000
437
498
525
465
464

-0.0878
-0.9589
-0.2450
0.4900
-2.7300
-3.7100
436
498
526
466
466

-0.0878
-0.9545
-0.2445
3.9900
-3.1500
-3.0800
436
498
528
466
466

-0.0761
-0.9745
-0.2435
1.1900
-5.4600
-4.4100
435
500
527
465
467

-0.0688
-0.9589
-0.2489
2.3100
-3.9900
-3.4300
438
498
527
464
465

-0.0791
-0.9701
-0.2479
3.4300
-4.1300
-3.0800
437
496
526
464
464

-0.0712
-0.9648
-0.2347
2.3800
-6.9300
-4.4800
436
497
527
462
463

-0.0776
-0.9682
-0.2445
1.3300
-4.6900
-6.0900
435
498
527
461
460

-0.0688
-0.9609
-0.2523
-2.3100
-3.9900
-5.4600
434
494
525
457
457

-0.0634
-0.9726
-0.2577
-2.1000
-2.3800
-7.2100
434
491
527
456
454

-0.0630
-0.9589
-0.2635
-2.0300
-0.6300
-0.7700
432
485
523
453
452

-0.0615
-0.9506
-0.2830
-7.1400
-0.4200
-3.8500
427
454
493
449
449

-0.0517
-0.9648
-0.2743
-0.7000
-4.4100
-6.3000
418
387
409
440
439

-0.0268
-0.9252
-0.2869
-5.3200
-2.5900
-3.0100
409
316
315
430
429

0.0859
-0.9579
-0.2699
1.1200
-3.5700
-0.2100
379
281
273
418
417

-0.0386
-0.9462
-0.2499
-7.0700
-19.4600
-13.9300
337
255
245
394
394

-0.0527
-0.9150
-0.3123
-7.0000
-3.9200
2.0300
309
247
231
371
371

-0.0717
-0.9892
-0.2962
-14.4900
-7.2800
2.1000
287
238
224
341
342

-0.0488
-0.9013
-0.2962
-17.9900
-4.2000
13.3700
274
230
224
320
321

-0.0888
-0.9101
-0.3538
-16.1000
-10.7100
9.6600
269
230
226
310
310

-0.1152
-0.9028
-0.3445
-1.5400
-14.9800
9.5900
263
232
226
309
308

-0.1230
-0.9116
-0.3850
-0.6300
-6.3700
4.9700
256
232
222
308
308

-0.1401
-0.8804
-0.3523
-6.7200
-23.2400
0.3500
249
231
218
307
308

-0.1366
-0.8794
-0.3772
-8.1900
-9.9400
0.7700
243
236
216
313
311

-0.1850
-0.8594
-0.3865
-12.8100
-13.7900
-12.7400
243
236
218
315
315

-0.1025
-0.8682
-0.5017
-3.2200
-10.5700
-16.7300
244
237
219
320
322

-0.1513
-0.8506
-0.4094
-5.3200
-7.7000
-14.0000
243
239
220
325
326

-0.1523
-0.8862
-0.4265
-6.1600
-6.8600
-20.0900
243
240
220
327
326

-0.1259
-0.8696
-0.4451
-4.8300
-3.3600
-9.3800
245
239
222
328
326

-0.1171
-0.8511
-0.4431
-0.5600
-5.6000
-12.2500
248
242
222
323
322

-0.0747
-0.8774
-0.4509
-3.2900
0.4200
-12.0400
246
242
222
316
317

-0.0747
-0.8662
-0.4719
-4.2700
-5.5300
-7.5600
247
240
224
311
308

-0.0717
-0.8633
-0.4651
-2.2400
-5.2500
-8.7500
248
241
223
305
305

-0.0722
-0.8730
-0.4821
0.2100
-5.6700
-6.9300
250
243
223
302
302

-0.0859
-0.8652
-0.4802
1.1200
-5.3900
-6.9300
249
242
225
301
301

-0.0649
-0.8682
-0.4782
2.2400
-6.0200
-4.1300
251
246
224
297
297

-0.0576
-0.8750
-0.4870
0.9800
-4.6900
-5.3200
251
243
225
290
290

-0.0537
-0.8667
-0.4856
-0.0700
-4.1300
-4.7600
251
245
224
287
285

-0.0508
-0.8584
-0.4875
1.4700
-6.1600
-4.6900
251
243
227
284
285

-0.0669
-0.8696
-0.4841
0.9100
-3.8500
-2.1700
252
243
228
285
287

-0.0620
-0.8633
-0.4870
1.1900
0.7700
-0.6300
253
245
228
286
287

-0.0673
-0.8745
-0.4963
-0.5600
0.4900
0.4900
254
247
228
288
290

-0.0556
-0.8481
-0.4817
-3.2900
11.6900
15.1900
258
248
230
295
297

-0.0620
-0.8491
-0.4885
1.7500
16.7300
6.7900
264
251
230
298
299

-0.0190
-0.8247
-0.5226
11.6900
9.3100
30.2400
285
263
241
317
316

-0.1103
-0.8203
-0.4904
18.4100
-4.8300
17.6400
328
295
279
332
331

-0.1249
-0.8813
-0.5402
59.1500
3.0100
14.7700
365
343
348
358
359

-0.1801
-0.9179
-0.4021
28.9800
-21.0000
0.4900
392
398
421
387
385

-0.1825
-0.9106
-0.3675
19.3200
-11.2000
8.1900
418
444
478
415
415

-0.1645
-0.9101
-0.3148
33.1100
-11.5500
12.6000
431
473
504
438
439

-0.2352
-0.8701
-0.2094
26.2500
-10.9900
6.7200
441
487
516
449
449

-0.2416
-0.9404
-0.2284
11.1300
-6.1600
0.7700
441
493
522
453
453

-0.2450
-0.9404
-0.2245
8.9600
-5.2500
-0.7700
444
496
524
456
456

-0.2406
-0.9389
-0.1947
3.3600
-6.3700
-5.0400
445
497
522
458
458

-0.2674
-0.9409
-0.2152
3.7800
-7.0000
-4.0600
443
498
524
459
459

-0.2420
-0.9423
-0.2011
5.3200
-3.4300
-2.4500
444
499
524
459
459

-0.2391
-0.9365
-0.2025
4.9000
-2.2400
-2.9400
443
499
525
460
460

-0.2396
-0.9423
-0.2084
3.5000
-3.0100
-3.0800
443
499
525
460
462

-0.2513
-0.9536
-0.2074
6.5100
-2.3100
-3.0800
443
499
525
460
461

-0.2518
-0.9531
-0.2054
2.4500
-5.1800
-6.1600
443
499
525
460
460

-0.2499
-0.9511
-0.2103
3.4300
-4.5500
-4.4100
442
498
526
459
459

-0.2440
-0.9404
-0.1981
3.2200
-2.8000
-3.7800
441
495
525
457
458

-0.2469
-0.9482
-0.2118
3.6400
-4.3400
-6.7200
441
497
524
457
458

-0.2464
-0.9492
-0.2069
1.4000
-3.2200
-7.1400
437
495
524
455
456

-0.2401
-0.9433
-0.2094
-7.3500
2.8700
-2.2400
430
484
522
453
453

-0.2333
-0.9550
-0.2416
-14.1400
7.0700
-2.8700
398
422
488
450
448

-0.2284
-0.9550
-0.3021
-5.1800
5.8800
3.1500
363
350
402
442
443

-0.2347
-0.9423
-0.2728
-0.2800
3.2200
-5.8800
331
297
317
432
433

-0.2245
-0.9487
-0.2904
0.4200
1.6100
-11.6900
292
261
263
415
413

-0.1776
-0.9477
-0.3167
-17.2200
-2.9400
-5.6700
257
240
239
390
391

-0.1830
-0.9189
-0.3387
-2.7300
-1.4000
-4.4100
243
234
232
371
370

-0.2050
-0.9199
-0.3631
-13.9300
-6.0200
-6.4400
236
232
227
339
336

-0.1859
-0.8945
-0.3894
-16.9400
-7.0000
7.9100
232
230
227
318
317

-0.2777
-0.8472
-0.3875
3.0800
-11.6200
4.3400
231
232
224
312
312

-0.2455
-0.8823
-0.4343
10.0100
-12.0400
2.3100
234
233
220
311
310

-0.2196
-0.9072
-0.3992
1.3300
-10.9200
-2.3100
234
238
218
308
308

-0.2416
-0.7950
-0.3953
-5.8800
-2.6600
-9.6600
236
237
217
311
310

-0.2552
-0.8550
-0.3997
-13.0200
-7.1400
-15.8900
238
241
216
304
304

-0.2533
-0.8662
-0.4163
-15.6800
-9.0300
-24.2900
237
243
216
291
292

-0.1908
-0.8750
-0.4265
-6.9300
-8.6100
-16.5200
238
242
212
281
279

-0.1767
-0.8584
-0.4436
-6.1600
-6.0200
-15.8900
238
245
214
272
270

-0.1518
-0.8423
-0.4465
-7.7000
-4.4100
-13.0900
236
245
214
263
265

-0.1513
-0.8638
-0.4529
-3.2900
2.9400
-6.1600
227
246
214
258
258

-0.1166
-0.8413
-0.4763
1.9600
-5.6000
-3.9200
223
246
215
253
254

-0.1342
-0.8745
-0.4802
2.9400
-5.8100
-3.2200
222
248
215
255
254

-0.1327
-0.8696
-0.4651
1.0500
-2.5200
-1.8200
222
248
216
255
254

-0.1259
-0.8647
-0.4763
4.6900
-1.4000
2.2400
221
250
217
255
255

-0.1566
-0.8682
-0.4494
0.1400
-2.1000
-1.4000
222
250
219
255
254

-0.1552
-0.8584
-0.4685
2.2400
-2.5200
-1.4700
219
248
220
257
256

-0.1425
-0.8555
-0.4631
2.8000
-2.9400
-2.0300
218
253
217
256
255

-0.1493
-0.8730
-0.4612
0.8400
-2.1700
-1.9600
218
249
221
257
257

-0.1542
-0.8667
-0.4543
1.4000
-2.5900
-3.5000
217
249
221
258
257

-0.1498
-0.8594
-0.4685
-1.2600
-2.5900
-3.0800
219
250
222
257
258

-0.1557
-0.8594
-0.4719
1.4700
-1.4700
-7.8400
221
253
222
259
258

-0.1391
-0.8686
-0.4792
-0.7700
1.1900
-4.3400
223
252
221
259
260

-0.1196
-0.8355
-0.4368
-11.6200
14.3500
5.7400
226
251
223
265
265

-0.1264
-0.8316
-0.5090
-0.7700
15.4000
-1.8200
245
261
234
276
274

-0.1035
-0.8677
-0.4943
3.0100
5.8800
0.0700
280
283
249
287
287

-0.0795
-0.8525
-0.5187
20.1600
4.9000
-0.1400
315
310
267
300
302

-0.0888
-0.8691
-0.5695
49.0000
3.5700
12.2500
349
362
346
327
327

-0.1757
-0.7335
-0.5924
43.1900
-9.8700
0.7700
391
424
446
374
375

-0.1371
-0.9082
-0.3948
39.9000
-3.7100
7.9800
420
469
498
407
407

-0.1752
-0.9238
-0.3172
34.3700
-13.5100
-0.5600
433
492
519
435
434

-0.1762
-0.9213
-0.2621
17.5700
-19.6700
-2.4500
441
498
522
449
449

-0.1835
-0.9526
-0.2338
12.0400
-10.5700
-1.8200
443
500
525
456
456

-0.1845
-0.9594
-0.2347
7.8400
-4.5500
-4.5500
445
505
528
460
462

-0.1806
-0.9472
-0.2216
3.0800
-3.1500
-2.5900
443
504
525
460
461

-0.1728
-0.9487
-0.2303
1.6800
-3.4300
-3.6400
444
504
526
461
463

-0.1840
-0.9496
-0.2220
-0.1400
-1.6100
-2.1000
444
503
527
461
461

-0.1825
-0.9345
-0.2318
-3.6400
-2.4500
-2.9400
444
504
526
461
460

-0.1806
-0.9360
-0.2347
0.9100
-3.9900
-2.9400
443
506
526
460
462

-0.1796
-0.9506
-0.2279
-2.6600
-1.5400
-1.6100
443
503
526
459
459

-0.1986
-0.9653
-0.2172
-7.0000
-4.2000
-4.4100
441
502
528
457
457

-0.1703
-0.9404
-0.2401
-7.7000
-1.5400
-4.6900
437
496
525
454
452

-0.1781
-0.9272
-0.2557
-10.1500
1.5400
-7.0000
432
477
517
447
446

-0.1479
-0.9428
-0.2845
-12.7400
5.1100
-10.9200
424
442
481
440
440

-0.1362
-0.9213
-0.2938
-6.5800
2.1000
-10.9200
394
382
430
435
434

-0.1293
-0.8999
-0.2938
0.0700
4.5500
-5.1100
342
337
376
432
431

-0.1313
-0.9184
-0.3109
-5.1100
3.7100
-2.8700
307
304
326
413
412

-0.1391
-0.9228
-0.2987
-4.7600
-6.5800
-10.7800
280
275
274
387
387

-0.1366
-0.9199
-0.2938
-7.2100
-6.6500
12.4600
263
250
239
359
359

-0.1225
-0.8721
-0.3216
6.5100
-4.9000
19.8800
254
243
228
344
345

-0.2123
-0.9623
-0.3338
-8.1200
-5.8800
11.9700
248
240
226
334
333

-0.1850
-0.9579
-0.3304
10.9900
-9.3800
7.1400
246
239
228
329
328

-0.2259
-0.9277
-0.2982
-15.7500
-10.6400
-0.4200
245
240
220
315
315

-0.2098
-0.8784
-0.3767
-25.3400
-17.8500
-12.3900
246
242
212
301
299

-0.2186
-0.8950
-0.3792
-4.8300
-20.5800
-14.1400
248
245
209
288
288

-0.1703
-0.7491
-0.3631
-18.5500
-10.0100
-25.2700
246
244
208
267
269

-0.1801
-0.8940
-0.4006
-8.8900
-6.0200
-3.0800
244
246
210
257
258

-0.1898
-0.8969
-0.4119
-5.6700
-7.6300
-5.3200
242
248
212
254
253

-0.1742
-0.8838
-0.4236
-10.9200
-2.9400
-4.6900
239
249
213
250
250

-0.2040
-0.8745
-0.4534
-0.0700
-4.4100
-3.0100
232
250
212
250
250

-0.1952
-0.8696
-0.4348
2.1000
-4.0600
-2.7300
230
253
214
251
250

-0.1781
-0.8603
-0.4221
1.7500
-4.0600
-2.0300
229
249
216
250
251

-0.1913
-0.8584
-0.4372
2.3100
-3.5700
-0.7000
227
252
214
252
252

-0.1893
-0.8725
-0.4314
0.8400
-3.6400
-2.0300
225
253
215
253
253

-0.1952
-0.8745
-0.4290
1.8900
-4.6900
-3.2200
223
253
216
254
253

-0.2011
-0.8857
-0.4412
2.3800
-4.2700
-8.1200
225
254
217
255
255

-0.1869
-0.8735
-0.4294
0.9100
-1.6800
-6.6500
223
253
216
255
255

-0.1752
-0.8686
-0.4294
1.4700
-2.3800
-11.6900
224
253
219
256
257

-0.1635
-0.8652
-0.4426
7.7700
7.9800
-4.9000
230
253
220
254
257

-0.1542
-0.8711
-0.4055
0.0700
15.7500
-11.6200
241
260
222
265
262

-0.1401
-0.8769
-0.4690
8.3300
22.6800
-12.4600
264
275
241
279
280

-0.1386
-0.8647
-0.4329
9.8000
9.5200
-8.9600
282
290
254
301
302

-0.0844
-0.9770
-0.4055
14.4900
5.6000
-12.3900
302
309
282
317
317

-0.0708
-0.9072
-0.3875
23.1000
10.7100
-9.0300
328
340
342
348
348

-0.0639
-0.9218
-0.3231
23.5200
11.5500
-11.2700
368
403
437
389
391

-0.0039
-0.9604
-0.2913
-6.3700
-10.2900
-20.9300
404
458
496
418
419

0.0142
-0.9506
-0.3118
1.3300
-15.6100
-15.4000
422
486
515
443
443

0.0264
-0.9550
-0.3055
2.4500
-11.5500
-15.8900
430
495
522
453
454

0.0190
-0.9326
-0.3060
2.8000
-8.7500
-5.1100
433
499
523
458
458

0.0205
-0.9443
-0.2957
3.4300
-8.5400
-7.2800
432
499
525
460
460

0.0210
-0.9428
-0.2987
0.6300
-5.7400
-3.7800
434
501
524
460
460

0.0298
-0.9477
-0.3070
1.6800
-3.7100
-2.7300
432
504
528
461
461

0.0288
-0.9531
-0.3123
1.4000
-4.8300
-4.4100
433
501
525
461
460

0.0342
-0.9370
-0.3079
0.4900
-3.5700
-1.6100
431
501
525
460
461

0.0278
-0.9428
-0.3070
1.8900
-5.5300
-3.3600
432
500
525
461
461

0.0351
-0.9453
-0.3148
3.2200
-5.6000
-4.0600
432
499
528
460
460

0.0171
-0.9516
-0.3045
-3.2200
-3.9900
-6.9300
433
493
524
457
459

0.0288
-0.9374
-0.3187
-0.2100
-0.1400
0.7000
428
478
521
455
455

0.0517
-0.9482
-0.3231
0.7000
1.8900
6.6500
422
435
491
452
452

0.0327
-0.9257
-0.2416
9.1000
-11.3400
3.6400
404
380
428
449
449

0.0098
-0.9121
-0.2957
19.3900
-19.1800
2.1700
376
342
380
445
448

-0.0386
-0.9633
-0.2996
10.8500
-32.0600
7.3500
323
308
341
440
438

-0.0620
-0.9609
-0.2298
6.0900
-10.2900
26.5300
280
283
305
435
435

-0.1191
-0.9379
-0.2079
16.4500
-10.3600
10.3600
240
246
258
419
420

-0.1113
-0.8740
-0.2025
-7.7700
-0.9800
26.7400
238
247
246
384
384

-0.1586
-0.9506
-0.2811
-4.7600
1.1200
11.3400
240
252
231
352
350

-0.1967
-0.9365
-0.2298
-14.5600
-5.2500
2.6600
241
253
229
334
334

-0.1757
-0.9731
-0.2923
-7.7700
-8.0500
3.8500
241
252
229
328
327

-0.1430
-0.9204
-0.2679
1.0500
-9.5900
4.4100
241
252
230
331
332

-0.2191
-0.9194
-0.2474
-8.4700
-17.7800
8.4700
241
252
227
334
333

-0.2635
-0.9438
-0.2845
-1.8200
-25.0600
-4.2000
242
256
224
326
327

-0.2630
-0.8311
-0.2723
-21.5600
-23.2400
-9.4500
242
258
225
310
310

-0.2562
-0.9282
-0.2987
-3.5700
5.8100
-13.1600
243
259
224
309
309

-0.2147
-0.9101
-0.2869
-9.7300
-7.7000
-35.7000
242
260
223
303
302

-0.2245
-0.9223
-0.3250
-13.6500
-14.0000
-21.6300
243
262
223
284
285

-0.1854
-0.9223
-0.3845
-12.3900
-3.7100
-16.0300
241
263
224
272
271

-0.1518
-0.8808
-0.3597
-13.7900
-2.9400
-0.9800
241
267
226
262
264

-0.1801
-0.8896
-0.4060
-3.8500
-4.2000
5.9500
239
266
224
259
257

-0.2113
-0.9067
-0.4221
-0.7000
-4.4100
-0.7000
235
269
225
257
258

-0.1947
-0.8677
-0.4094
3.9900
-4.6200
-3.1500
236
267
227
258
259

-0.1708
-0.8901
-0.3953
1.2600
-4.4100
-3.6400
232
270
225
259
259

-0.1762
-0.8789
-0.3958
1.8900
-2.0300
-2.8700
230
270
229
261
261

-0.1903
-0.8921
-0.4075
2.4500
-3.5700
-3.9900
231
270
226
261
261

-0.1669
-0.8979
-0.4114
3.8500
-2.5900
-3.4300
232
272
230
260
260

-0.1649
-0.8823
-0.3953
0.6300
-2.3100
-3.0100
233
272
229
260
259

-0.1781
-0.8833
-0.4138
2.7300
-2.8700
-8.1200
232
273
229
259
258

-0.1610
-0.8960
-0.4119
2.0300
-1.0500
-4.1300
233
271
231
258
258

-0.1571
-0.8969
-0.4138
-3.2900
1.6100
-3.7800
233
273
231
259
260

-0.1542
-0.8686
-0.4172
-1.2600
4.8300
-6.7900
235
272
231
263
264

-0.1562
-0.8574
-0.4036
-9.0300
10.1500
14.4900
241
270
234
275
275

-0.1664
-0.8750
-0.4138
-0.0700
3.3600
-1.4000
253
275
240
300
298

-0.1796
-0.8574
-0.4738
4.8300
5.5300
-9.6600
284
290
254
325
325

-0.1508
-0.9043
-0.4982
14.2800
6.0200
-13.8600
328
324
295
336
337

-0.1444
-0.8774
-0.4304
14.8400
0.9800
-6.7200
365
365
361
357
356

-0.1391
-0.9023
-0.3762
14.7700
2.5200
-12.4600
396
408
421
373
373

-0.1166
-0.8896
-0.4148
13.4400
2.9400
-11.6900
412
442
467
394
393

-0.0576
-0.9584
-0.3948
10.5700
1.8200
-5.7400
422
466
496
414
414

-0.0615
-0.9174
-0.3494
35.3500
-12.0400
-11.9700
428
483
512
434
435

-0.0181
-0.9052
-0.3426
14.2100
-2.5900
-0.7700
432
495
520
450
449

-0.0952
-0.9589
-0.3309
14.0700
-5.0400
-7.9100
436
499
526
460
461

-0.0522
-0.8916
-0.3133
17.1500
-4.8300
-3.3600
443
503
527
465
466

-0.0508
-0.9423
-0.2767
17.6400
-4.9000
-7.1400
443
504
527
468
468

-0.0478
-0.9750
-0.2386
5.3200
-1.3300
-5.1800
444
504
528
469
469

-0.0649
-0.9379
-0.2699
4.4100
-0.8400
-2.0300
443
507
527
468
468

-0.0381
-0.9711
-0.2381
9.7300
-3.4300
-8.5400
443
504
529
468
468

-0.0254
-0.9750
-0.2074
3.0800
0.3500
-7.8400
443
503
528
467
466

-0.0234
-0.9994
-0.2381
4.0600
3.1500
-6.4400
441
503
528
461
462

-0.0434
-0.9882
-0.2499
-3.5000
-1.5400
-11.9000
440
500
527
455
455

0.0039
-1.0072
-0.2338
9.8000
3.6400
-7.8400
438
496
524
446
445