0.8291
-0.6046
-0.2084
-23.6600
-26.0400
41.3700
440
486
500
408
408

0.7828
-0.6305
-0.2484
-26.7400
-22.3300
51.8000
440
487
500
409
409

0.6549
-0.6686
-0.2460
-6.3000
5.1800
18.4100
440
489
501
411
409

0.5544
-0.7110
-0.3123
-15.4000
-14.9100
13.2300
439
487
501
409
409

0.5763
-0.7354
-0.2977
13.4400
-7.7700
7.0000
439
487
501
409
409

0.5832
-0.7549
-0.2284
4.6200
-21.7000
2.8700
439
486
501
410
410

0.6285
-0.7315
-0.3367
-16.5900
-20.7900
-0.9800
440
487
501
410
410

0.6300
-0.6881
-0.3479
-4.6900
-4.9700
-0.4200
440
487
502
410
411

0.6281
-0.7549
-0.3450
-9.3100
7.4900
-7.5600
441
487
501
412
410

0.5793
-0.7266
-0.4202
-5.3200
3.5700
-12.2500
439
487
501
410
410

0.5758
-0.7647
-0.3928
6.6500
9.0300
-14.0700
440
487
502
410
410

0.6261
-0.7354
-0.3553
4.7600
-4.9700
-4.6900
439
487
501
410
409

0.5734
-0.6759
-0.3572
2.2400
-4.4800
-11.6200
440
487
503
409
411

0.6110
-0.6891
-0.3450
4.0600
-7.7700
-13.7900
442
487
501
410
411

0.6686
-0.6900
-0.3348
2.5200
-9.2400
-2.5200
439
487
501
409
409

0.6368
-0.6944
-0.3806
-2.6600
-4.2700
-7.7000
440
486
503
409
408

0.6700
-0.6895
-0.3572
4.7600
-3.2200
-3.5000
441
486
500
408
410

0.6359
-0.6661
-0.3518
-0.1400
-1.9600
-5.8800
439
485
501
410
408

0.6456
-0.6720
-0.3538
-1.6800
-11.8300
-6.0900
439
486
501
408
408

0.6764
-0.6778
-0.3631
5.4600
-8.5400
-0.6300
440
486
501
410
409

0.6403
-0.6720
-0.3738
-7.0000
-9.7300
3.0100
440
486
502
409
411

0.6573
-0.6671
-0.3806
2.6600
-0.4200
-1.9600
440
485
500
409
409

0.6349
-0.6759
-0.3567
-4.2000
-4.9000
-2.5900
440
487
502
409
407

0.6476
-0.6954
-0.4133
-5.0400
-11.2700
3.2900
440
487
501
408
407

0.6471
-0.6856
-0.4324
3.7800
-7.0000
5.1800
439
485
501
406
405

0.6154
-0.7549
-0.4016
-4.4100
-17.5000
16.9400
438
485
500
404
404

0.6881
-0.7876
-0.4656
-15.6800
-6.5800
31.2200
438
484
500
400
404

0.5226
-0.6471
-0.3972
1.4000
6.3000
14.3500
436
483
499
400
400

0.4704
-0.6310
-0.4246
1.8200
7.4200
0.0000
437
483
499
399
399

0.4909
-0.6666
-0.4675
-1.9600
-1.6800
-6.3700
436
482
498
399
399

0.5568
-0.6905
-0.4372
4.6200
5.9500
-4.6200
436
482
498
397
397

0.5075
-0.7510
-0.4109
5.7400
-15.5400
-8.5400
435
482
499
395
395

0.5500
-0.7501
-0.4060
5.1100
2.2400
-13.1600
436
481
497
393
392

0.5549
-0.7403
-0.4011
-3.8500
10.5000
-19.1800
434
480
498
391
392

0.5280
-0.6954
-0.3875
-10.9200
-1.9600
-23.1700
436
480
497
392
391

0.5163
-0.6637
-0.5104
-19.4600
-14.8400
-35.4200
435
480
498
391
391

0.6349
-0.6051
-0.4914
-5.1800
-0.7000
-36.2600
436
480
497
390
391

0.7325
-0.5651
-0.4480
-2.4500
-0.4900
-26.6700
435
481
498
390
390

0.7867
-0.5563
-0.4690
-5.1100
2.3800
-15.2600
436
481
497
390
389

0.7764
-0.5558
-0.4665
-3.2900
-2.1000
-2.7300
436
479
498
388
388

0.7120
-0.5192
-0.4914
-2.0300
-10.2900
-1.8900
434
480
500
388
386

0.7086
-0.5436
-0.5104
3.9900
-18.2000
-0.2800
436
481
497
390
387

0.7476
-0.5988
-0.5388
9.0300
-4.6900
13.3000
436
481
497
388
388

0.6695
-0.5329
-0.4524
10.1500
1.4700
1.6800
435
481
498
388
389

0.6617
-0.4421
-0.4412
-4.6200
-9.6600
-5.6700
434
481
499
388
387

0.6773
-0.5324
-0.5417
-18.1300
-11.7600
-3.1500
435
481
499
387
387

0.7052
-0.5514
-0.5061
-1.8200
-8.2600
6.0200
435
481
498
386
384

0.6198
-0.6149
-0.6144
-22.5400
-28.4900
11.2000
434
481
498
385
385

0.6095
-0.4924
-0.6339
-4.9000
-15.4700
-1.6100
434
482
498
383
382

0.6812
-0.4826
-0.5929
-1.1200
-29.3300
0.7000
432
481
496
380
381

0.5373
-0.5539
-0.6974
14.8400
-39.1300
-13.7900
433
480
497
382
382

0.5256
-0.5446
-0.6920
16.7300
-25.8300
-10.5700
435
481
498
383
383

0.6520
-0.4870
-0.6700
15.4700
-11.1300
5.1100
433
483
499
386
386

0.4563
-0.5627
-0.6632
8.6100
-23.7300
-1.8200
436
482
499
387
386

0.3548
-0.5651
-0.6534
-3.7800
-14.3500
-18.3400
434
483
500
386
386

0.4509
-0.5876
-0.6998
14.9100
-8.0500
-17.8500
435
484
500
387
389

0.5407
-0.5187
-0.7340
3.7100
-7.5600
-8.9600
434
487
500
388
388

0.4665
-0.7130
-0.6764
3.6400
-19.1800
3.2200
435
484
500
388
389

0.4412
-0.5080
-0.7447
3.4300
-11.3400
7.4200
435
486
501
390
391

0.5236
-0.3802
-0.8301
7.2800
-6.0200
5.5300
436
485
500
393
391

0.4441
-0.4641
-0.6573
8.8900
-10.3600
-7.2800
434
485
500
391
392

0.4104
-0.6354
-0.7564
-3.5000
-1.4700
-6.5800
435
486
500
390
390

0.3992
-0.6022
-0.7071
10.8500
-8.3300
-2.5900
436
489
500
387
387

0.3933
-0.6359
-0.7066
12.5300
-26.1100
0.7700
435
490
499
383
383

0.4163
-0.5724
-0.7374
33.0400
-20.5800
-1.1900
434
489
499
383
382

0.4070
-0.6349
-0.7037
65.5900
-14.6300
0.1400
434
489
497
384
383

0.3884
-0.7608
-0.5885
95.7600
-38.5700
4.4800
434
489
497
386
386

0.3601
-0.8028
-0.3187
120.9600
-35.2800
0.1400
435
489
500
391
391

0.3128
-0.8174
-0.2718
75.0400
-21.4900
-4.4800
436
490
497
391
391

0.2733
-0.8398
-0.2518
-0.1400
-10.0800
-3.0100
437
491
499
394
393

0.3426
-0.9555
-0.3806
3.9900
-7.9100
7.0700
437
492
499
392
392

0.3187
-0.9277
-0.2967
31.2200
-17.0800
6.7200
435
491
498
391
393

0.2625
-0.9223
-0.2211
12.7400
-2.2400
-3.2900
435
493
498
392
390

0.2460
-0.9501
-0.2967
4.1300
1.6800
-1.4700
434
491
498
388
390

0.2542
-0.8843
-0.1723
5.8800
-0.5600
-3.6400
435
492
497
388
388

0.2103
-0.8579
-0.0376
-49.2100
-12.7400
-9.9400
436
492
499
390
390

0.2460
-0.8403
-0.2245
-125.5100
-29.8900
7.8400
438
490
503
394
393

0.2484
-0.6681
-0.5505
-245.4900
3.9200
8.1900
436
489
503
394
394

0.2747
-0.4943
-0.8735
-151.5500
1.8900
5.4600
438
486
504
399
398

0.2728
-0.2860
-0.9628
-106.5400
26.0400
6.6500
438
486
504
402
402

0.2582
-0.0600
-0.9018
-128.3100
13.0200
-4.9000
440
485
506
413
411

0.3070
0.0288
-1.0463
-62.7900
-23.2400
-8.0500
438
487
511
422
421

0.3660
0.0922
-1.1307
12.9500
-2.1000
-2.1700
438
487
511
422
423

0.3387
0.0644
-0.8730
11.9000
-4.9700
-2.8700
438
487
511
423
423

0.3187
0.0556
-0.9331
0.4900
-8.4000
-7.1400
439
488
512
423
422

0.3377
0.0512
-0.9555
0.3500
-6.4400
-6.0200
438
488
511
423
423

0.3601
0.0293
-0.9467
3.0100
-8.8200
-2.2400
439
488
510
423
422

0.3377
0.0556
-0.9414
-0.9800
-5.2500
-2.5900
439
487
511
424
421

0.3367
0.0542
-0.9540
2.1700
-4.2000
-3.6400
440
488
511
421
422

0.3597
0.0356
-0.9575
3.5000
-6.6500
-3.6400
439
490
511
421
420

0.3558
0.0464
-0.9682
8.8200
-6.0200
-0.7700
439
488
510
419
421

0.3504
0.0478
-1.0268
15.6100
-16.5900
1.8900
441
487
510
418
417

0.3382
-0.0083
-1.0482
58.8000
-4.8300
5.6700
437
487
509
415
415

0.3265
-0.0669
-0.9941
97.7900
-1.5400
1.7500
438
487
510
413
414

0.3475
-0.2816
-0.9257
116.6200
4.5500
-0.3500
438
487
507
411
410

0.3362
-0.4509
-0.7525
111.8600
-7.3500
-5.0400
438
488
506
403
403

0.3323
-0.5368
-0.7169
103.3200
-16.9400
-10.8500
438
487
502
397
397

0.3231
-0.6568
-0.6481
99.7500
-29.8900
-10.1500
437
487
500
391
391

0.3518
-0.7388
-0.4992
86.3100
-11.9000
-4.4100
438
489
499
394
394

0.3314
-0.8242
-0.4475
99.6100
-17.7100
-5.1800
435
489
499
393
393

0.2899
-0.8828
-0.3118
53.9000
-2.9400
-4.4800
435
488
498
389
389

0.3411
-0.9140
-0.2869
43.8900
-14.9100
6.5800
435
492
499
389
387

0.3055
-0.9052
-0.1967
0.0700
-10.1500
6.3700
436
490
500
388
389

0.2938
-0.9579
-0.2030
7.4200
-8.2600
2.7300
435
489
499
390
391

0.2582
-0.9277
-0.1708
0.8400
-11.4100
-1.1900
434
489
500
391
392

0.2708
-0.9482
-0.2245
4.6900
-8.4700
-2.0300
434
487
501
390
392

0.2752
-0.9579
-0.2011
1.9600
-5.1800
-3.6400
434
488
504
393
390

0.2733
-0.9584
-0.2191
6.1600
-5.8100
-4.6900
434
488
502
390
391

0.2767
-0.9399
-0.1810
9.7300
-0.3500
-4.2000
434
487
502
393
391

0.2494
-0.9223
-0.1703
7.0700
2.5200
-3.6400
434
490
502
390
391

0.2294
-0.9023
-0.1254
2.8700
-6.9300
-2.3800
434
488
501
391
391

0.2377
-0.7989
0.0249
-26.4600
-30.8000
-9.3100
436
488
503
389
390

0.3050
-0.8301
-0.2240
-155.2600
-33.1100
11.8300
436
487
504
388
386

0.2952
-0.7842
-0.6749
-230.5800
35.2800
4.2700
436
487
504
384
385

0.3406
-0.3963
-0.8340
-235.1300
31.1500
-8.6100
437
486
505
388
390

0.3362
-0.1703
-0.9721
-178.3600
66.4300
-21.7700
435
487
509
402
403

0.3040
0.1620
-1.0946
-128.5200
-14.3500
-6.5100
436
487
511
414
412

0.3299
0.3123
-1.1732
-20.9300
1.1200
-7.4200
436
492
511
415
414

0.4036
0.2694
-0.9028
-0.1400
19.4600
-1.6100
437
492
513
417
416

0.3680
0.1976
-0.9096
-0.6300
2.1000
-2.9400
438
490
514
416
417

0.3733
0.2333
-0.9628
0.9800
2.0300
-3.1500
437
490
514
417
417

0.3640
0.2294
-0.9116
3.0100
-5.6700
-3.7100
437
490
514
417
418

0.3660
0.2225
-0.9121
1.6100
-5.6700
-3.4300
436
490
514
419
417

0.3538
0.2396
-0.9326
3.2200
-4.1300
-4.1300
437
490
512
415
418

0.3606
0.2279
-0.8969
2.5200
-3.9200
-2.9400
437
490
513
416
416

0.3636
0.2137
-0.9199
2.2400
-7.2100
-0.9800
437
492
514
417
416

0.3587
0.2460
-0.9130
2.8700
-5.5300
-0.7700
437
489
512
415
414

0.3675
0.2381
-0.8906
-3.7100
-7.7000
1.4700
437
489
515
415
416

0.3821
0.2401
-0.9887
23.5200
-12.3900
4.9700
436
489
514
415
415

0.4021
0.2606
-1.0590
53.1300
-8.0500
11.4100
437
488
511
410
410

0.4080
0.1205
-1.0648
105.2800
3.0100
34.0900
437
486
512
410
410

0.3592
-0.1059
-0.9472
206.5000
-17.0100
23.2400
438
486
510
410
410

0.3206
-0.3465
-0.7657
201.4600
-10.4300
4.7600
437
486
511
408
410

0.2752
-0.5495
-0.5529
149.1700
-24.5000
-15.7500
438
487
507
407
409

0.2855
-0.7198
-0.5319
104.9300
-30.0300
-15.3300
438
488
509
407
408

0.3894
-0.8969
-0.5207
88.0600
-27.0200
-6.0200
438
488
507
406
406

0.3470
-0.8823
-0.4046
79.8700
-15.0500
8.7500
438
489
505
403
403

0.2479
-0.9204
-0.2674
64.3300
-7.9800
-1.2600
437
489
502
395
394

0.2474
-0.9462
-0.1645
29.4000
-9.1700
2.7300
437
490
502
391
393

0.2611
-0.9043
-0.1020
6.4400
-4.5500
-0.1400
437
489
500
390
387

0.2357
-0.9945
-0.1786
5.5300
-5.5300
-0.3500
435
489
501
387
386

0.2577
-1.0004
-0.1527
19.8100
-3.7100
-2.1700
433
490
501
384
383

0.2220
-0.9331
-0.1039
2.8000
-3.6400
-2.9400
433
486
502
384
383

0.2406
-0.9784
-0.1362
5.3900
-1.9600
-5.1800
433
487
502
384
385

0.2542
-0.9804
-0.1235
5.1800
-2.0300
-4.5500
434
488
502
383
382

0.2367
-0.9789
-0.1244
5.3900
-4.4800
-2.5900
435
488
502
384
383

0.2430
-0.8969
-0.0220
-14.0700
-7.4200
-0.3500
434
488
504
383
382

0.2084
-0.7676
-0.0127
-90.5100
-22.5400
8.6100
434
487
502
382
384

0.2216
-0.9057
-0.4192
-196.9800
-21.4200
28.3500
433
486
502
380
379

0.1586
-0.7232
-0.7584
-233.1700
46.6200
15.5400
431
480
504
374
374

0.1659
-0.4807
-0.8325
-162.0500
9.3100
5.1100
431
480
506
374
375

0.2684
-0.2216
-0.9628
-143.0800
28.7000
-12.6700
430
479
505
377
379

0.3079
-0.0161
-0.9775
-146.1600
6.9300
-15.9600
434
484
507
394
394

0.2982
0.1645
-1.0902
-65.4500
8.1200
-1.5400
434
485
512
401
402

0.3294
0.1981
-1.0165
23.7300
4.0600
-2.1700
433
488
513
402
401

0.3318
0.1020
-0.9482
-4.0600
5.2500
1.4700
432
486
514
401
401

0.3260
0.1527
-0.9184
1.1900
-6.0200
-1.8900
433
486
515
402
400

0.3440
0.1850
-0.9604
1.1900
-5.2500
-2.3800
431
486
514
400
400

0.3538
0.1776
-0.9282
0.7700
-7.4900
-2.3800
431
486
514
398
398

0.3470
0.1654
-0.9370
1.4700
-2.0300
-1.6800
429
487
514
397
396

0.3553
0.1674
-0.9448
2.7300
-2.7300
-0.0700
431
487
514
397
397

0.3318
0.1640
-0.9394
2.1700
-4.3400
-4.0600
431
485
515
397
397

0.3348
0.1664
-0.9457
2.6600
-6.0900
-3.2200
431
483
514
396
398

0.3396
0.1669
-1.0307
25.4100
-8.1900
1.7500
431
485
514
399
400

0.3372
0.1010
-1.0409
49.2100
-1.5400
3.0100
431
484
513
399
397

0.3714
0.0947
-1.0326
63.5600
12.0400
7.5600
431
484
515
399
399

0.3123
-0.0176
-0.9653
105.8400
10.9200
-4.2000
431
484
513
400
399

0.3997
-0.1879
-0.8472
118.5100
10.5000
12.3200
432
482
511
400
401

0.3758
-0.3206
-0.7959
144.2000
-7.7700
8.7500
431
481
506
395
397

0.3733
-0.5441
-0.6505
95.2000
-8.1900
1.6800
432
482
504
394
395

0.3792
-0.6661
-0.5373
86.8000
-21.3500
-0.2800
431
481
505
393
391

0.3411
-0.7432
-0.5226
88.2000
-21.4200
2.3800
432
481
501
386
388

0.3118
-0.7710
-0.3948
66.1500
-24.0800
1.8200
430
483
500
389
389

0.2791
-0.8682
-0.3889
32.5500
-56.0000
9.5900
431
483
502
387
389

0.3304
-0.9145
-0.4075
67.5500
-23.3800
-1.8900
430
482
501
386
385

0.2874
-0.9067
-0.3055
63.2100
-10.0100
-1.4700
430
484
502
387
384

0.2367
-0.9077
-0.2001
18.0600
-1.1900
-4.2700
431
483
501
386
385

0.2469
-0.9335
-0.2162
11.6900
-3.7800
-0.0700
430
483
503
385
385

0.2425
-0.9199
-0.2074
5.8800
-1.8200
-2.8000
430
484
501
386
387

0.2572
-0.9648
-0.2103
6.7200
-1.1900
-3.5000
432
484
502
386
387

0.2489
-0.9409
-0.1884
7.2100
-0.9800
-6.0200
431
483
502
388
387

0.2684
-0.9550
-0.1957
1.1200
-0.2100
-4.9000
431
485
503
387
387

0.2557
-0.9467
-0.1552
0.3500
1.5400
-5.8100
432
484
502
387
388

0.2494
-0.8335
-0.0093
-42.9800
-8.0500
-1.8900
431
484
503
388
387

0.3079
-0.9048
-0.3001
-114.4500
-2.6600
14.0000
432
485
504
382
384

0.2469
-0.8237
-0.4163
-95.1300
19.2500
5.2500
431
485
508
384
384

0.1874
-0.6852
-0.5841
-111.1600
30.9400
-2.5200
434
485
508
386
386

0.1586
-0.5958
-0.8145
-172.7600
-10.0100
6.6500
435
484
510
390
390

0.2274
-0.3977
-0.7520
-175.8400
5.4600
-11.9000
433
483
513
395
396

0.3440
-0.1752
-1.0106
-110.2500
-2.6600
-6.3000
435
486
517
404
401

0.3582
0.0210
-1.1087
-49.9100
-5.2500
-6.4400
434
489
517
407
407

0.3533
0.0054
-0.9726
-21.2800
-4.2000
-5.9500
435
488
518
407
407

0.3782
0.0503
-0.9970
-2.4500
-10.9900
-2.5200
435
488
517
409
407

0.3572
0.0381
-0.9618
3.9900
-8.5400
-4.4100
434
489
517
407
407

0.3655
0.0244
-0.8935
-0.2100
-8.8900
-3.7800
434
488
519
407
407

0.3704
0.0376
-0.9248
-2.7300
-8.1200
-2.8700
436
488
519
407
407

0.3606
0.0312
-0.9584
3.7800
-2.3800
-4.6900
435
490
519
407
407

0.3855
0.0356
-0.9130
0.4200
-2.9400
-2.4500
434
487
518
407
407

0.3704
0.0415
-0.9316
-1.8900
-0.2800
-4.0600
434
488
519
409
407

0.3699
0.0566
-0.9355
-5.7400
-3.6400
-3.2900
434
488
520
407
408

0.3826
0.0996
-1.0082
-0.9800
-6.4400
-2.5200
434
488
518
406
405

0.4002
0.0922
-1.0892
40.3900
-0.5600
2.6600
434
488
519
407
405

0.3743
0.0278
-1.0326
96.6700
-15.8900
8.0500
435
488
517
401
403

0.3592
-0.0678
-1.0272
199.4300
-19.6700
-1.5400
435
486
516
395
396

0.4226
-0.5836
-0.7398
234.6400
-42.3500
-23.5200
434
485
512
390
388

0.3977
-0.5880
-0.4089
108.8500
-47.0400
10.5000
436
485
509
387
387

0.2996
-0.7344
-0.4519
68.1800
-28.3500
3.9900
435
487
509
386
386

0.2782
-0.8408
-0.3924
58.7300
-16.5900
-6.0200
434
489
510
386
384

0.2865
-0.8569
-0.3479
34.3000
-18.5500
-2.1000
435
488
508
382
383

0.3431
-0.9052
-0.2850
45.2200
-2.5200
-4.4100
435
487
510
381
380

0.2786
-0.9345
-0.2982
46.8300
-13.1600
7.0000
435
487
508
379
378

0.2908
-0.9726
-0.2128
50.2600
-3.8500
-2.3800
433
486
508
379
380

0.2323
-0.9389
-0.1113
18.4100
-5.3200
5.2500
434
485
508
381
380

0.2411
-0.9457
-0.1020
15.3300
-7.3500
-1.8900
433
487
508
382
382

0.2196
-0.9775
-0.1366
10.5000
-9.1000
-3.9900
433
485
508
382
384

0.2484
-0.9672
-0.0922
6.7900
-4.9700
-0.7700
435
488
509
384
384

0.2216
-0.9862
-0.1137
5.7400
-7.7700
-1.4700
434
486
508
384
383

0.2308
-0.9765
-0.0834
6.5800
-6.0200
-2.8700
434
486
509
384
384

0.2220
-0.9252
-0.0459
-0.2100
-11.8300
1.8200
433
486
508
384
384

0.1889
-0.9091
-0.0644
-28.9100
-13.3000
-4.6900
434
486
507
384
384

0.2499
-0.9248
-0.0991
-55.2300
5.6700
-1.6800
435
486
508
384
383

0.3196
-0.9004
-0.2567
-110.3200
10.1500
14.0700
436
487
509
386
385

0.2469
-0.8203
-0.4319
-118.8600
2.8700
27.0200
435
488
509
389
389

0.2015
-0.7056
-0.6934
-153.7900
29.8200
16.8000
435
486
511
391
391

0.1620
-0.5749
-0.8330
-136.2900
21.1400
2.4500
434
486
512
394
397

0.2108
-0.3860
-0.9150
-99.2600
21.7700
-4.5500
435
483
513
395
397

0.3123
-0.2406
-1.0263
-100.5200
22.2600
-0.3500
435
484
515
398
397

0.2689
-0.0791
-0.9980
-93.3100
22.6100
1.6800
435
489
516
399
397

0.2567
0.0307
-0.9033
-60.6900
-2.0300
-1.4700
433
488
517
397
397

0.3255
0.1225
-1.0868
-27.3700
-5.3900
-2.7300
434
489
517
396
396

0.3626
0.1240
-0.9823
1.7500
-2.9400
-6.2300
435
488
517
397
396

0.4055
0.0942
-0.9057
4.7600
-2.9400
-1.8200
433
488
517
395
396

0.3963
0.0839
-0.9267
9.7300
-0.7000
-1.8200
435
489
517
396
395

0.3802
0.0903
-0.9482
9.4500
1.4700
-6.2300
435
488
517
397
397

0.4114
0.0908
-0.9013
0.6300
1.6100
-5.1100
435
488
519
397
396

0.4236
0.0854
-0.9067
-4.2700
-0.1400
-2.8700
435
490
517
397
397

0.4055
0.0771
-0.9433
1.9600
3.4300
-3.8500
434
488
518
397
396

0.4441
0.1005
-0.9409
8.9600
-2.2400
0.5600
435
487
518
396
396

0.4119
0.0551
-0.9355
7.2800
11.4100
-6.0900
436
488
519
397
397

0.4641
0.1786
-0.9057
0.5600
13.3000
-6.4400
435
489
517
396
397

0.4909
0.0571
-0.8779
11.2000
38.9200
-10.0100
434
489
516
396
396

0.6368
0.0605
-0.8359
-3.3600
13.1600
10.4300
433
488
516
395
395

0.5695
0.0522
-0.8628
-7.0000
28.3500
7.1400
434
487
516
393
393

0.5719
0.0781
-0.8769
-11.8300
41.6500
6.0200
436
486
517
394
394

0.6461
0.1386
-0.7491
-0.6300
68.5300
-7.1400
436
488
518
395
396

0.6910
0.1357
-0.5919
17.3600
60.3400
10.7800
435
487
517
399
399

0.7261
0.0644
-0.5490
-12.3900
24.5700
-0.5600
435
487
517
400
401

0.9277
0.0644
-0.6730
-7.9100
89.6700
-17.3600
436
489
518
406
408

1.0116
0.0903
-0.4997
-14.8400
147.7000
-2.3800
438
489
521
412
411

0.9814
0.1283
-0.2616
15.3300
162.7500
34.1600
438
493
523
418
417

1.0258
0.0454
0.0288
8.8200
144.2700
48.4400
441
491
521
415
415

1.0126
-0.0307
0.2611
-0.8400
191.5200
65.9400
442
491
522
416
414

0.7603
-0.2411
0.5412
-8.5400
99.5400
28.2800
443
491
524
418
417