-0.2313
-0.9614
-0.1279
0.9100
-1.9600
-4.8300
409
460
508
407
408

-0.2235
-0.9736
-0.1210
-3.0800
-0.4900
-10.0800
409
462
508
409
408

-0.1908
-0.9692
-0.1269
-6.7900
-0.0700
-11.2000
410
464
508
409
409

-0.1654
-0.9658
-0.1391
-8.6100
-3.2900
-5.1100
410
461
508
412
410

-0.1698
-0.9560
-0.1542
-6.7900
-4.6900
-1.7500
409
462
509
410
410

-0.1742
-0.9609
-0.1913
-2.6600
-5.6700
-5.3200
409
461
509
410
411

-0.1688
-0.9545
-0.1928
2.0300
-5.1800
-5.0400
412
462
509
410
411

-0.1645
-0.9433
-0.1728
8.6800
-10.1500
-3.1500
410
460
509
411
411

-0.1688
-0.9516
-0.1571
7.1400
-8.3300
3.5000
408
461
509
413
411

-0.1947
-0.9862
-0.1659
6.0200
-6.0200
-2.7300
409
462
509
411
412

-0.1757
-0.9721
-0.1362
1.4700
-4.4800
-2.7300
409
462
509
411
411

-0.1840
-0.9526
-0.1449
0.2800
-4.5500
-2.1700
408
461
508
412
411

-0.1845
-0.9745
-0.1630
2.1700
-4.9700
-2.5900
410
461
508
412
410

-0.1854
-0.9623
-0.1581
1.5400
-3.3600
-3.8500
410
462
509
411
412

-0.1815
-0.9560
-0.1503
1.6100
-2.9400
-2.8700
410
462
509
411
412

-0.1669
-0.9623
-0.1547
4.4800
-2.9400
-2.9400
410
461
509
412
411

-0.1747
-0.9731
-0.1352
0.8400
-5.6000
-3.6400
410
461
509
412
412

-0.1815
-0.9638
-0.1532
3.0800
-5.2500
-3.3600
410
462
508
412
411

-0.1825
-0.9701
-0.1557
3.2200
-4.6200
-1.8200
410
462
508
412
411

-0.1908
-0.9672
-0.1474
1.4000
-4.2000
-2.8000
410
462
509
412
412

-0.1957
-0.9633
-0.1444
0.6300
-3.2200
-6.0200
410
462
508
412
412

-0.1713
-0.9658
-0.1454
1.3300
-4.2000
-3.0800
409
462
509
412
411

-0.1786
-0.9658
-0.1459
0.9100
-2.7300
-4.4100
411
463
509
412
412

-0.1957
-0.9706
-0.1464
2.1700
-1.3300
-7.7700
408
461
510
411
412

-0.1669
-0.9462
-0.1664
3.7100
-6.5100
-17.3600
410
462
509
411
412

-0.1327
-0.9614
-0.1279
6.3700
1.6800
-2.6600
410
461
509
412
414

-0.1435
-0.9248
-0.1640
-3.8500
8.0500
1.6800
409
462
509
410
412

-0.1254
-0.9955
-0.1171
7.0700
-5.2500
-4.0600
410
460
508
414
412

-0.1181
-0.9828
-0.1298
2.1700
-8.4000
-4.5500
408
462
509
413
413

-0.1215
-0.9506
-0.1508
-5.9500
-4.3400
3.5700
409
461
509
414
413

-0.1654
-0.9740
-0.1591
2.7300
-5.0400
-2.0300
410
461
508
413
413

-0.1596
-0.9643
-0.1220
-2.5900
-4.2000
-6.7200
408
463
511
415
413

-0.1347
-0.9604
-0.1566
1.1900
-4.0600
-6.0200
409
461
509
412
415

-0.1474
-0.9682
-0.1513
-4.6900
-3.2200
-4.2700
409
459
508
413
415

-0.1420
-0.9565
-0.1630
0.5600
-2.1700
-2.5900
408
460
508
415
413

-0.1401
-0.9775
-0.1625
0.0700
-4.4100
-4.2700
409
459
511
416
416

-0.1444
-0.9575
-0.1698
0.0700
-3.5700
-5.5300
409
460
510
416
416

-0.1440
-0.9579
-0.1767
3.5700
-3.2200
-2.3100
411
460
509
416
415

-0.1264
-0.9814
-0.1562
1.8900
-4.9700
-1.4700
409
459
509
415
418

-0.1503
-0.9677
-0.1674
-1.1200
-3.6400
-1.7500
409
458
510
416
416

-0.1484
-0.9682
-0.1737
3.2200
-4.2000
-2.8700
408
459
510
416
415

-0.1352
-0.9658
-0.1581
0.0000
-4.6900
-1.4000
409
459
510
415
416

-0.1518
-0.9755
-0.1606
-0.7000
-3.8500
-2.5200
408
458
509
415
417

-0.1527
-0.9618
-0.1698
-5.3200
-2.9400
-5.1100
408
460
510
415
416

-0.1396
-0.9643
-0.1835
-8.3300
-2.8000
-4.6200
409
460
510
418
418

-0.1386
-0.9448
-0.1835
-4.9000
-5.9500
-8.5400
408
459
509
419
421

-0.1405
-0.9599
-0.1869
-0.9100
-3.4300
-3.9900
410
459
510
420
420

-0.1469
-0.9697
-0.2015
-2.6600
-4.6200
-5.8800
410
460
513
421
421

-0.1303
-0.9526
-0.2108
3.7800
-3.8500
-4.6900
409
458
511
422
421

-0.1259
-0.9565
-0.2025
2.3100
-3.7800
-1.8900
409
460
510
421
420

-0.1459
-0.9716
-0.2054
1.7500
-4.7600
-2.3100
408
460
511
421
421

-0.1444
-0.9706
-0.2089
3.2200
-2.7300
-2.4500
410
462
510
421
423

-0.1171
-0.9692
-0.1991
-0.7700
-2.6600
-2.9400
410
462
510
421
422

-0.1337
-0.9858
-0.1610
15.6100
-3.7100
-7.9100
408
458
511
422
422

-0.1118
-0.9687
-0.1972
9.4500
-0.8400
0.3500
405
444
515
425
425

-0.1269
-1.0024
-0.1781
0.6300
4.6900
3.7100
391
412
519
429
426

-0.1610
-0.9536
-0.1513
2.2400
3.9900
4.9000
372
378
517
428
428

-0.1586
-0.9526
-0.1952
-4.2000
5.2500
5.8100
349
354
517
431
427

-0.1596
-0.9584
-0.1991
0.2800
-0.7700
-0.3500
337
350
518
430
430

-0.1562
-0.9623
-0.1913
2.2400
2.5200
2.5900
325
332
517
430
430

-0.1596
-0.9477
-0.1952
2.7300
2.8000
4.2000
304
311
516
433
432

-0.2094
-0.9555
-0.1566
0.7000
7.6300
7.5600
288
304
515
434
438

-0.1791
-0.9838
-0.1972
15.3300
2.8000
3.9200
274
300
513
438
438

-0.2118
-0.9838
-0.1942
11.0600
4.3400
8.8900
268
304
508
442
444

-0.2152
-0.9404
-0.1737
8.0500
6.0200
8.4700
269
290
510
445
444

-0.2225
-0.9316
-0.1747
0.5600
2.1000
12.6700
256
274
508
444
443

-0.2342
-0.9331
-0.1732
-1.9600
-4.2000
5.8100
248
264
509
444
444

-0.2557
-0.9438
-0.1659
-4.6900
-2.8700
-2.1700
239
256
509
443
443

-0.2562
-0.9365
-0.1967
-6.9300
0.4900
0.2800
235
250
509
443
443

-0.2381
-0.9414
-0.2245
-1.6100
-2.1700
1.2600
232
247
512
443
443

-0.2601
-0.9404
-0.2094
6.9300
-6.2300
-0.7700
235
245
517
443
443

-0.2611
-0.9428
-0.1884
2.7300
-3.1500
0.6300
238
247
520
444
444

-0.2479
-0.9496
-0.1952
4.0600
-5.6700
1.1200
235
248
522
445
445

-0.2523
-0.9477
-0.2015
3.5700
-6.0200
-0.8400
236
246
523
446
448

-0.2577
-0.9374
-0.1874
3.5700
-4.6200
-2.5900
237
248
523
446
446

-0.2528
-0.9487
-0.1825
1.9600
-4.4100
-3.5700
237
248
522
448
447

-0.2494
-0.9404
-0.1923
8.1200
-11.6200
-1.2600
240
247
523
446
447

-0.2528
-0.9487
-0.1747
-0.2800
-6.8600
-3.7800
240
248
523
446
447

-0.2679
-0.9374
-0.1918
1.8200
-5.8100
-4.6200
241
249
523
447
447

-0.2621
-0.9418
-0.1893
1.0500
-5.1800
-3.6400
242
248
523
447
447

-0.2523
-0.9365
-0.1781
2.5900
-5.3200
-2.5900
243
250
523
447
447

-0.2582
-0.9506
-0.1854
1.5400
-5.3900
-4.0600
243
251
524
448
447

-0.2586
-0.9467
-0.1923
1.4700
-3.9200
-2.8000
244
250
523
448
448

-0.2650
-0.9414
-0.1889
1.0500
-3.7100
-3.8500
244
252
524
447
448

-0.2611
-0.9331
-0.1893
3.2900
-4.0600
-3.0800
245
254
524
448
447

-0.2557
-0.9311
-0.1649
-1.6100
0.7700
-5.2500
242
255
524
447
447

-0.2723
-0.9189
-0.1850
-26.8100
-3.5000
3.7800
262
269
519
441
441

-0.2586
-0.9331
-0.2547
-21.8400
-10.9200
1.8200
312
306
514
438
436

-0.2923
-0.9482
-0.3030
-9.8700
-16.7300
-12.0400
356
383
514
433
434

-0.2611
-0.9360
-0.3411
22.4700
-18.2000
-4.4800
374
421
512
432
432

-0.2684
-0.9038
-0.2772
32.6200
-30.9400
8.5400
395
450
517
436
436

-0.2835
-0.9106
-0.1991
35.8400
-27.1600
2.3100
413
472
521
443
445

-0.2943
-0.9374
-0.1220
14.1400
-11.9700
3.2900
422
485
525
449
449

-0.3109
-0.9443
-0.1025
17.0100
-13.8600
3.5700
430
491
524
454
453

-0.3440
-0.9209
-0.0966
12.7400
-9.0300
-3.9200
436
495
528
456
456

-0.3260
-0.9272
-0.0649
6.2300
-2.5900
0.1400
440
496
527
458
456

-0.3401
-0.9228
-0.0766
7.0000
-1.8900
-0.9800
443
497
528
459
459

-0.3411
-0.9179
-0.0786
6.1600
-1.6100
-3.2900
443
498
529
458
458

-0.3460
-0.9165
-0.0693
3.8500
-1.2600
-4.4800
444
499
528
460
459

-0.3426
-0.9160
-0.0776
-0.4200
-3.2200
-3.7800
444
502
529
461
461

-0.3436
-0.9184
-0.0830
3.8500
2.1000
-0.2100
444
500
528
461
460

-0.3411
-0.9052
-0.0761
4.6200
1.6100
-3.4300
444
499
528
462
461

-0.3518
-0.9072
-0.0727
1.0500
-0.1400
-3.3600
444
499
529
460
459

-0.3401
-0.9145
-0.0732
-4.7600
3.0100
-4.6900
442
499
528
458
460

-0.3460
-0.8965
-0.0737
-7.4900
7.2800
-5.8800
437
495
530
459
461

-0.3465
-0.8955
-0.1186
-0.9100
6.5800
-5.0400
425
486
529
457
458

-0.3382
-0.9013
-0.1137
-2.8700
16.8700
-3.4300
401
453
529
455
455

-0.3392
-0.9277
-0.1196
6.9300
16.5900
-6.3000
382
414
526
453
453

-0.3177
-0.9496
-0.1430
12.6700
6.9300
-1.4000
360
383
528
451
451

-0.3357
-0.9218
-0.1176
6.8600
16.7300
-15.5400
333
350
520
447
448

-0.3235
-0.9272
-0.1376
14.3500
9.8000
-1.4700
307
324
513
449
446

-0.3206
-0.9350
-0.1283
15.3300
1.9600
-6.6500
291
306
498
446
447

-0.3192
-0.9540
-0.1132
12.5300
0.9800
-4.8300
278
295
486
446
446

-0.3270
-0.9496
-0.1088
18.4800
5.7400
-8.3300
275
295
482
448
446

-0.3084
-0.9545
-0.0742
6.6500
-2.2400
-4.4800
272
293
476
444
446

-0.2996
-0.9443
-0.0844
-4.7600
-4.3400
-8.1900
277
293
471
445
443

-0.2884
-0.9482
-0.1132
-23.9400
-11.1300
-4.8300
271
291
466
446
448

-0.2552
-0.9643
-0.1420
-8.8200
-13.7900
-1.4700
268
287
457
447
446

-0.2791
-0.9531
-0.1684
-8.4700
1.4700
4.8300
272
274
456
445
446

-0.3011
-0.9584
-0.1810
2.5900
-2.6600
0.7000
274
265
460
447
446

-0.3065
-0.9189
-0.1664
-1.1200
3.9900
1.1200
274
258
462
445
444

-0.3040
-0.9121
-0.1586
-1.6800
-4.6900
-0.2100
268
254
462
444
444

-0.3094
-0.9331
-0.1791
-6.5800
-3.5000
1.9600
257
244
466
444
444

-0.3148
-0.9301
-0.2084
0.2800
-7.0700
-2.1700
251
239
471
444
444

-0.3206
-0.9301
-0.2001
-0.0700
-5.8100
0.2100
249
238
475
445
445

-0.3172
-0.9130
-0.2059
-0.7000
-3.5700
0.7700
251
236
482
446
446

-0.3304
-0.9013
-0.2162
4.1300
-2.5200
-1.6100
252
237
488
445
446

-0.3231
-0.9155
-0.1986
3.9200
-3.2900
-1.8900
252
238
488
446
448

-0.3235
-0.9355
-0.2069
3.0800
-4.2700
-0.9800
253
240
487
446
445

-0.3367
-0.9150
-0.2069
0.9100
-4.4800
-2.2400
253
239
489
446
445

-0.3343
-0.9067
-0.2054
1.4700
-2.1700
-2.5900
253
241
490
445
445

-0.3201
-0.9052
-0.2191
1.9600
-1.9600
-2.0300
255
242
492
443
445

-0.2865
-0.9170
-0.2015
-0.1400
-3.8500
3.8500
256
245
492
443
444

-0.3558
-0.9243
-0.2015
0.5600
-5.8800
3.7100
256
244
492
442
443

-0.3582
-0.8828
-0.2347
1.8200
-2.6600
9.0300
258
247
493
443
443

-0.3928
-0.9057
-0.2074
7.6300
-4.1300
-5.8800
252
249
492
442
442

-0.3543
-0.8799
-0.2020
1.9600
-1.3300
-0.9800
235
248
492
442
441

-0.3733
-0.8886
-0.1786
0.9800
-0.7700
-2.9400
218
252
491
440
440

-0.3797
-0.8911
-0.2045
-3.8500
-3.2200
-5.4600
203
253
491
437
439

-0.3577
-0.8789
-0.2142
-4.9000
-1.1900
-4.5500
213
266
490
437
439

-0.3353
-0.9043
-0.1981
5.8100
-18.7600
-1.4700
213
300
490
436
436

-0.3353
-0.8755
-0.2201
6.2300
-12.0400
1.3300
216
310
490
435
435

-0.3606
-0.8506
-0.2084
-29.1900
7.1400
4.7600
224
321
487
434
434

-0.3997
-0.8589
-0.2069
8.0500
-3.5000
-2.5900
230
332
488
436
436

-0.4109
-0.8154
-0.1615
15.8200
-49.6300
-25.3400
235
344
491
438
439

-0.3240
-0.8223
-0.1889
-6.6500
-21.4900
-17.2200
239
351
497
439
442

-0.3841
-0.8120
-0.1718
35.9100
-10.0800
-9.1000
243
359
502
440
441

-0.3889
-0.8755
-0.1157
1.5400
-16.0300
-9.1000
263
378
504
441
443

-0.3528
-0.8252
-0.1244
10.9900
-30.5200
1.6100
332
448
514
447
447

-0.4099
-0.8584
-0.0386
33.9500
-25.5500
1.8900
374
483
520
455
456

-0.4797
-0.8755
-0.0259
-0.9800
-11.2000
6.0200
388
492
523
459
459

-0.4402
-0.8564
0.0376
9.9400
-11.6900
13.1600
387
494
526
461
462

-0.4221
-0.8750
-0.0049
12.1100
-9.2400
14.6300
385
494
525
461
460

-0.4909
-0.8960
-0.0283
28.4200
-3.5700
13.1600
385
493
528
461
460

-0.5954
-0.8462
0.0073
-1.7500
12.6700
-14.6300
382
492
525
460
462

-0.4626
-0.8438
-0.0512
3.0100
-2.4500
-4.2000
380
494
526
461
459

-0.4573
-0.8115
-0.0249
6.7900
-4.5500
2.4500
378
491
526
459
459

-0.5402
-0.8813
0.0063
4.3400
-3.9200
-5.6700
379
492
526
459
460

-0.5319
-0.8467
-0.0273
-5.5300
-4.1300
-8.2600
380
491
524
458
459

-0.4963
-0.8418
-0.0464
0.9100
-1.1900
-9.2400
380
493
526
457
459

-0.4807
-0.8633
-0.0337
0.4200
0.0000
-6.3000
379
491
526
458
461

-0.4797
-0.8530
-0.0464
0.0700
0.2800
-5.4600
379
490
526
458
458

-0.4831
-0.8569
-0.0756
-0.5600
-0.2100
-4.0600
377
491
524
455
457

-0.4768
-0.8633
-0.0371
-16.8700
2.8700
-8.6800
377
489
526
456
456

-0.4802
-0.8584
-0.0800
0.1400
3.8500
-13.3000
362
479
528
455
455

-0.5002
-0.8594
-0.0996
5.3900
-0.1400
-7.9100
335
437
525
453
453

-0.4412
-0.8789
-0.1098
8.4000
6.3000
-7.7000
291
385
523
450
450

-0.3884
-0.8769
-0.1000
6.2300
3.0800
-7.3500
266
348
517
446
446

-0.4377
-0.8682
-0.0956
0.8400
9.3800
-13.0200
243
328
502
443
443

-0.4138
-0.8735
-0.1025
2.0300
2.6600
-13.3000
227
316
490
442
440

-0.4089
-0.8706
-0.1069
1.2600
3.7800
-10.3600
216
313
483
440
439

-0.4026
-0.8764
-0.1288
8.0500
-0.3500
-5.9500
213
316
478
439
437

-0.4168
-0.9184
-0.1039
-6.4400
-6.7200
-11.3400
210
317
469
438
438

-0.4363
-0.9155
-0.1171
-31.2200
-14.1400
-8.4700
206
300
467
438
438

-0.3733
-0.8847
-0.1762
1.9600
-9.0300
-2.2400
202
300
461
437
438

-0.3782
-0.8989
-0.1635
0.4200
2.7300
9.3800
204
297
463
437
438

-0.3836
-0.9223
-0.1791
3.6400
0.4200
7.6300
205
279
464
438
438

-0.3997
-0.9067
-0.1869
-0.3500
-3.2200
4.7600
203
269
467
437
437

-0.4172
-0.8916
-0.1762
-1.3300
-6.3700
-4.6200
199
261
473
438
437

-0.4006
-0.8872
-0.1928
1.8200
-3.0100
-5.4600
198
254
475
436
436

-0.4006
-0.8940
-0.1937
-0.8400
-3.9200
-3.7800
194
250
477
436
435

-0.3992
-0.8847
-0.1976
2.9400
-4.4100
-6.0900
197
251
477
434
436

-0.3953
-0.8828
-0.2040
5.3900
-3.0100
-7.2800
197
250
482
437
437

-0.3894
-0.8921
-0.1947
3.6400
-5.8100
-6.7200
197
252
488
437
438

-0.3841
-0.8862
-0.1825
2.1000
-7.2100
-3.3600
198
251
500
439
439

-0.4031
-0.8906
-0.1845
6.0900
-8.1200
-1.5400
198
253
514
442
443

-0.4006
-0.8823
-0.1630
1.8200
-5.1100
-1.4700
199
252
521
446
446

-0.3928
-0.8852
-0.1615
4.1300
-4.5500
-1.1900
199
253
523
448
448

-0.3836
-0.8838
-0.1527
1.1900
-4.4800
-0.2800
199
253
524
448
448

-0.3967
-0.9008
-0.1703
3.6400
-3.3600
-0.2800
198
252
525
449
449

-0.3953
-0.8979
-0.1786
5.9500
-2.7300
-3.5700
197
255
526
450
450

-0.3977
-0.9067
-0.1654
6.8600
-3.1500
-4.2700
199
254
523
451
449

-0.3816
-0.8755
-0.1523
0.7000
-3.9900
-4.1300
199
256
525
449
450

-0.3782
-0.8862
-0.1552
0.2800
-4.2700
-3.2900
199
254
524
451
450

-0.3928
-0.8984
-0.1566
1.4700
-5.8800
-2.4500
201
256
524
450
450

-0.3850
-0.9091
-0.1645
1.2600
-4.5500
-3.1500
201
257
525
451
451

-0.3802
-0.8906
-0.1620
3.3600
-4.0600
-3.5700
199
258
524
451
451

-0.3933
-0.9145
-0.1625
2.3800
-5.3200
-3.5000
201
261
524
448
448

-0.3821
-0.8916
-0.1542
-4.6200
-1.3300
-3.5000
201
259
524
446
446

-0.3924
-0.8838
-0.1659
-15.7500
5.3200
-7.2800
202
262
521
443
443

-0.3806
-0.8852
-0.1932
-18.4100
-15.0500
-2.0300
215
277
517
436
436

-0.3533
-0.8638
-0.2176
-13.7900
-14.9100
-3.7800
273
341
504
423
423

-0.3909
-0.9126
-0.2801
-7.2100
-22.1200
-14.6300
342
420
505
425
426

-0.4216
-0.8813
-0.2284
2.1000
-21.4900
-6.5100
376
474
514
434
435

-0.3104
-0.8428
-0.3138
12.8800
-19.8800
-6.3700
387
486
521
444
444

-0.3616
-0.8789
-0.1957
0.1400
-7.3500
-3.0100
390
490
524
451
450

-0.4182
-0.8847
-0.1810
2.6600
-5.1100
-2.7300
394
494
525
455
454

-0.4055
-0.8730
-0.1742
7.4900
-2.8700
-1.0500
397
492
528
457
457

-0.3958
-0.8877
-0.1859
7.4200
-2.1700
-1.3300
397
492
527
460
458

-0.4031
-0.9033
-0.1786
13.2300
-0.3500
0.2100
395
491
527
458
459

-0.4104
-0.8823
-0.1718
7.5600
-20.1600
3.2900
424
492
527
459
459

-0.3919
-0.8755
-0.1562
3.2200
-3.5000
-2.8700
425
492
527
459
460

-0.4211
-0.8950
-0.1708
3.0100
-4.7600
-3.9900
423
491
527
459
458

-0.4109
-0.8823
-0.1718
2.2400
-2.0300
-3.3600
424
491
528
458
458

-0.4168
-0.8784
-0.1615
1.6800
-2.9400
-5.4600
424
491
527
459
460

-0.4211
-0.8916
-0.1840
3.9900
-3.0800
-4.5500
425
491
529
458
458

-0.4168
-0.8750
-0.1718
2.3100
-2.1000
-4.4100
422
491
526
459
458

-0.4119
-0.8926
-0.1825
4.5500
-3.5000
-2.8700
423
490
527
458
460

-0.4104
-0.8823
-0.1728
-1.1900
-2.6600
-3.6400
423
488
528
458
456

-0.4124
-0.8891
-0.1869
2.6600
-2.5900
-5.1800
417
482
526
457
457

-0.4036
-0.8823
-0.1942
2.3100
5.5300
0.7700
408
467
527
456
457

-0.4036
-0.8979
-0.2181
0.7700
3.1500
-1.4700
398
440
526
456
453

-0.4236
-0.8974
-0.2206
3.9200
7.7700
-9.1000
379
411
524
453
453

-0.3904
-0.8764
-0.2137
-8.8200
6.4400
-4.4800
363
376
525
452
452

-0.3914
-0.8804
-0.2425
-5.7400
2.2400
-9.7300
341
350
520
452
452

-0.3884
-0.8394
-0.2655
-4.9000
2.4500
-4.5500
317
335
514
452
452

-0.3919
-0.8691
-0.2533
-0.8400
-1.5400
-11.9700
298
321
508
452
453

-0.3733
-0.8823
-0.2582
2.3100
-5.4600
-11.6900
285
316
501
453
453

-0.3226
-0.8672
-0.2542
3.2200
-0.7000
3.3600
279
323
498
453
453

-0.3753
-0.8906
-0.2250
7.7700
-6.6500
-4.2700
277
321
497
452
454

-0.3670
-0.8804
-0.2460
1.4000
-6.0900
-8.4700
275
307
495
452
451

-0.3582
-0.8560
-0.2542
-7.9100
-1.3300
6.4400
269
284
497
453
453

-0.3680
-0.8940
-0.2425
-8.2600
-3.0100
8.3300
256
271
498
454
453

-0.3743
-0.8808
-0.2586
-2.0300
-2.3800
5.9500
249
263
506
455
455

-0.3645
-0.8974
-0.2796
5.8800
-4.2700
-3.7800
247
259
512
455
455

-0.3518
-0.8950
-0.2660
6.4400
-6.1600
-7.4200
249
258
519
456
455

-0.3558
-0.8740
-0.2552
7.2100
-6.7900
-7.7700
249
258
523
456
456

-0.3577
-0.8730
-0.2518
5.6700
-5.3900
-4.6200
248
257
525
458
457

-0.3758
-0.8862
-0.2235
1.9600
-4.3400
-3.9900
248
258
526
458
458

-0.3601
-0.8804
-0.2303
-0.8400
-4.3400
-2.6600
247
258
525
458
457

-0.3597
-0.8764
-0.2328
2.5200
-3.5000
-4.2000
248
256
527
458
458

-0.3621
-0.8735
-0.2347
2.4500
-3.2900
-3.1500
248
256
527
459
458

-0.3504
-0.8828
-0.2308
-0.2100
-3.0100
-2.9400
249
257
527
459
461

-0.3523
-0.8852
-0.2328
0.4900
-2.8000
-0.5600
249
255
527
457
458

-0.3587
-0.8911
-0.2377
-0.9800
-3.8500
-0.9800
251
258
527
458
459

-0.3684
-0.8916
-0.2416
1.3300
-3.5000
-3.0100
250
258
527
458
458

-0.3645
-0.8862
-0.2362
0.7700
-3.3600
-2.8000
251
258
526
458
457

-0.3675
-0.8760
-0.2377
2.1000
-4.7600
-2.6600
251
260
527
458
460

-0.3626
-0.8799
-0.2328
0.8400
-3.7100
-3.9200
252
259
527
457
458

-0.3670
-0.8989
-0.2460
3.2200
-2.9400
-3.9200
254
261
529
458
457

-0.3606
-0.8906
-0.2328
2.0300
-2.8700
-3.0100
252
262
528
458
459

-0.3528
-0.8867
-0.2308
3.2900
-2.8000
-4.0600
253
263
528
457
460

-0.3577
-0.8872
-0.2352
3.1500
-4.4800
-4.3400
254
265
527
457
457

-0.3553
-0.8926
-0.2342
0.6300
-3.3600
-2.9400
255
266
529
457
457

-0.3582
-0.9004
-0.2518
1.1900
-4.2000
-1.6800
255
265
527
456
456

-0.3538
-0.8862
-0.2508
1.9600
-4.6200
-1.8200
254
266
527
455
455

-0.3670
-0.8867
-0.2396
1.4700
-4.6200
1.1200
259
271
527
453
454

-0.3640
-0.8769
-0.2289
-9.4500
-19.3900
-6.0200
287
289
526
453
452

-0.3723
-0.8867
-0.3172
-12.2500
-3.9200
8.1900
363
396
524
452
452

-0.4329
-0.8847
-0.2664
2.5900
-18.2700
-2.8000
385
429
525
451
452

-0.3787
-0.9121
-0.2489
-0.8400
-19.4600
0.2100
403
459
526
454
452

-0.3699
-0.8901
-0.2645
13.6500
-17.3600
0.7000
414
476
527
454
455

-0.4119
-0.8847
-0.2367
10.0800
-12.8100
-2.5200
421
485
526
457
457

-0.4250
-0.8828
-0.2328
14.4200
-7.8400
-5.3900
426
490
527
458
460

-0.4138
-0.8808
-0.1967
16.4500
-2.8000
-9.7300
430
493
528
459
460

-0.4055
-0.8857
-0.2108
10.7100
-0.6300
-1.8900
430
494
529
461
461

-0.4089
-0.8784
-0.1879
7.0000
1.2600
-4.5500
431
494
529
461
461

-0.4207
-0.8779
-0.1869
4.7600
-0.2100
-2.6600
430
496
530
461
461

-0.4143
-0.8794
-0.1786
0.2100
-1.2600
-4.3400
430
495
530
461
461

-0.4187
-0.8682
-0.1923
2.6600
-2.1700
-4.4800
430
495
530
463
461

-0.4089
-0.8716
-0.1835
1.3300
-1.9600
-4.6900
430
495
530
461
460

-0.4050
-0.8760
-0.1830
1.6800
-3.4300
-5.6700
430
494
530
459
462

-0.4080
-0.8725
-0.1869
0.9100
-2.3100
-5.2500
429
495
531
461
460

-0.4050
-0.8667
-0.1762
-0.3500
-2.1000
-7.0700
430
495
532
463
459

-0.4041
-0.8638
-0.1820
-0.0700
-2.3100
-4.6900
429
493
531
459
461

-0.4002
-0.8555
-0.1771
0.4900
-3.0800
-6.6500
429
494
530
462
459

-0.3987
-0.8735
-0.1825
-0.7000
-0.5600
-3.6400
429
494
530
460
460

-0.4046
-0.8838
-0.1937
0.5600
-3.5000
-2.3100
428
494
529
459
460

-0.4153
-0.8725
-0.1996
0.9100
-0.6300
-4.2000
427
491
530
459
460

-0.3982
-0.8784
-0.2064
-3.0100
1.8200
-7.7700
424
484
529
459
459

-0.3919
-0.8843
-0.2289
3.3600
13.1600
-9.9400
402
440
529
459
458

-0.3816
-0.8760
-0.2255
-7.1400
8.6800
0.1400
374
403
528
460
458

-0.3816
-0.8886
-0.2577
4.0600
3.7100
-3.7800
352
375
528
456
459

-0.4124
-0.8906
-0.2440
6.3700
3.2900
-8.1200
333
346
527
456
455

-0.3567
-0.8838
-0.2420
13.0200
-1.4000
-10.2900
311
326
524
454
454

-0.3548
-0.8804
-0.2211
8.3300
3.4300
-9.4500
303
314
521
453
453

-0.3572
-0.9057
-0.2420
27.5100
2.8000
-8.4000
301
318
520
452
452

-0.3699
-0.9028
-0.1947
1.2600
-6.8600
-12.1100
300
316
521
452
450

-0.3436
-0.9028
-0.1991
3.2200
-4.4100
-2.8700
299
312
524
451
450

-0.3528
-0.8882
-0.2059
6.8600
-5.3900
-4.5500
296
311
525
448
449

-0.3445
-0.9116
-0.2069
5.2500
-3.9900
-5.1800
294
310
525
448
447

-0.3396
-0.8989
-0.1825
-0.2100
-3.2900
-4.5500
293
309
527
450
448

-0.3353
-0.8935
-0.1830
0.9100
-3.6400
-1.0500
288
307
527
449
449

-0.3479
-0.8984
-0.1986
4.2000
-3.3600
-0.3500
279
302
527
449
451

-0.3543
-0.9160
-0.1854
1.3300
-3.2900
-2.6600
274
298
527
449
449

-0.3396
-0.9087
-0.1879
4.8300
-3.7800
-2.9400
272
296
527
450
449

-0.3465
-0.9111
-0.1947
5.1800
-3.8500
-1.9600
265
289
527
449
449

-0.3431
-0.9252
-0.1825
2.3100
-5.2500
-3.9200
258
284
527
450
448

-0.3392
-0.9038
-0.1810
2.1000
-4.9000
-5.6000
258
284
527
449
450

-0.3245
-0.9091
-0.1830
4.0600
-5.6000
-4.5500
254
283
527
449
449

-0.3343
-0.9257
-0.1752
4.9000
-6.7200
-5.2500
255
280
527
448
450

-0.3411
-0.9213
-0.1732
2.2400
-4.8300
-4.9700
255
283
527
450
450

-0.3328
-0.9101
-0.1732
4.9000
-5.1100
-3.9900
255
283
527
451
449

-0.3362
-0.9248
-0.1713
3.0800
-3.8500
-2.7300
257
285
527
450
450

-0.3377
-0.9150
-0.1669
2.3100
-4.0600
-3.6400
256
285
530
449
450

-0.3353
-0.9052
-0.1625
2.8000
-3.9900
-3.5700
254
284
527
450
450

-0.3284
-0.9130
-0.1669
2.3100
-3.6400
-3.7800
255
284
527
450
452

-0.3309
-0.8999
-0.1571
0.4200
-4.3400
-4.5500
254
282
528
450
450

-0.3304
-0.9018
-0.1591
1.6800
-5.3200
-5.1100
256
283
527
450
450

-0.3328
-0.9189
-0.1557
1.0500
-5.6700
-4.7600
256
284
528
450
450

-0.3338
-0.9145
-0.1698
0.9100
-6.5100
-6.0900
252
284
530
450
452

-0.3260
-0.9194
-0.1606
7.7700
-4.1300
-5.3900
249
279
528
449
451

-0.3260
-0.9057
-0.1362
3.6400
-3.7100
-4.8300
248
277
528
450
450

-0.3270
-0.9077
-0.1566
0.4200
-5.8100
-3.9200
248
277
528
450
450

-0.3372
-0.9150
-0.1552
0.9100
-5.5300
-2.7300
246
276
528
450
450

-0.3372
-0.9184
-0.1371
-2.1000
-5.4600
-3.3600
246
274
529
449
449

-0.3323
-0.9067
-0.1571
-3.0100
-2.6600
-1.6800
249
280
529
451
449

-0.3094
-0.9096
-0.1752
-7.2100
6.2300
4.2000
266
294
528
448
448

-0.3372
-0.9287
-0.2050
3.0800
2.1000
0.9100
297
318
528
445
446

-0.3904
-0.9033
-0.1625
-2.8000
-10.1500
1.9600
314
330
526
444
446

-0.3445
-0.8969
-0.1908
-8.3300
-19.9500
-0.6300
328
348
527
448
446

-0.3587
-0.8843
-0.2142
-11.7600
-7.9100
-8.8200
351
395
527
447
447

-0.3558
-0.8633
-0.1693
-3.3600
-17.5700
-10.2200
394
458
528
450
449

-0.3875
-0.8886
-0.1703
3.0800
-29.7500
-12.3900
421
489
530
453
452

-0.3309
-0.8789
-0.1869
-7.2100
-18.3400
-3.5000
432
494
530
456
456

-0.3499
-0.8999
-0.1630
-4.6900
-7.7000
-0.1400
434
496
530
459
458

-0.3621
-0.9145
-0.1708
1.0500
-1.5400
-1.6800
434
496
530
459
459

-0.3640
-0.8974
-0.1698
1.1200
0.8400
-1.8200
435
496
530
459
458

-0.3611
-0.8955
-0.1635
3.2900
-3.8500
-1.7500
434
496
531
460
459

-0.3753
-0.8916
-0.1576
-0.8400
-3.4300
-2.8700
436
496
533
460
460

-0.3733
-0.9008
-0.1713
1.5400
-3.3600
-3.7800
434
495
530
460
460

-0.3601
-0.9018
-0.1645
2.6600
-4.1300
-3.2900
435
496
531
460
460

-0.3704
-0.9013
-0.1664
3.0800
-3.0100
-2.4500
434
496
530
460
458

-0.3723
-0.8974
-0.1645
-0.5600
-2.2400
-3.1500
436
496
530
460
460

-0.3582
-0.8886
-0.1581
1.5400
-1.3300
-1.5400
434
496
530
459
460

-0.3640
-0.8916
-0.1693
0.4900
-4.2700
-0.7700
434
496
530
459
460

-0.3719
-0.8950
-0.1640
0.2100
-3.2900
-3.9900
435
496
532
458
459

-0.3689
-0.8872
-0.1625
1.3300
-1.5400
-4.4800
434
494
531
459
459