-0.2416
-0.9501
0.1396
2.6600
-4.6900
-2.1700
435
476
522
421
422

-0.2528
-0.9584
0.1464
0.9100
-3.9900
-3.6400
436
476
519
422
423

-0.2430
-0.9555
0.1405
2.4500
-3.6400
-3.2200
438
477
521
424
422

-0.2401
-0.9492
0.1386
2.1000
-4.7600
-2.0300
437
476
520
423
423

-0.2572
-0.9477
0.1410
3.5700
-3.4300
-3.5700
437
476
519
422
423

-0.2430
-0.9579
0.1405
3.0800
-4.0600
-3.7800
436
476
519
423
424

-0.2420
-0.9487
0.1410
1.4700
-4.4800
-1.3300
437
477
520
422
422

-0.2523
-0.9487
0.1469
2.3800
-4.4100
-1.7500
436
476
519
424
422

-0.2479
-0.9506
0.1425
2.6600
-3.7800
-2.5200
435
477
519
422
421

-0.2499
-0.9453
0.1464
1.4700
-3.9900
-2.8000
436
476
519
422
422

-0.2420
-0.9414
0.1444
1.8900
-3.8500
-2.3800
436
476
519
422
422

-0.2523
-0.9531
0.1484
2.3100
-4.0600
-2.2400
436
477
519
422
423

-0.2513
-0.9443
0.1454
2.2400
-3.4300
-3.2200
437
478
518
424
424

-0.2494
-0.9453
0.1523
1.7500
-3.9200
-3.9900
437
478
519
422
422

-0.2401
-0.9492
0.1469
2.0300
-4.6200
-2.1000
436
475
519
421
422

-0.2567
-0.9467
0.1532
1.4000
-4.3400
-3.5700
436
479
520
421
422

-0.2567
-0.9438
0.1415
2.4500
-2.7300
-4.1300
436
477
519
423
424

-0.2528
-0.9511
0.1444
1.3300
-3.2200
-3.5700
435
477
519
423
422

-0.2401
-0.9453
0.1523
0.5600
-3.7800
-2.9400
436
477
520
422
422

-0.2455
-0.9453
0.1415
2.2400
-3.9200
-2.8000
437
475
520
422
422

-0.2528
-0.9462
0.1474
1.6800
-3.8500
-3.2200
436
477
521
422
422

-0.2547
-0.9414
0.1459
1.3300
-3.3600
-3.5700
435
479
519
422
422

-0.2479
-0.9531
0.1469
1.8900
-3.5700
-2.9400
435
476
519
422
421

-0.2518
-0.9414
0.1444
1.8200
-3.8500
-2.5900
437
475
519
422
422

-0.2562
-0.9501
0.1474
1.4000
-3.8500
-3.5700
436
476
520
423
422

-0.2430
-0.9404
0.1469
1.5400
-3.3600
-2.0300
436
477
519
422
422

-0.2513
-0.9433
0.1449
2.7300
-4.4800
-2.8700
438
477
519
423
422

-0.2533
-0.9487
0.1435
2.2400
-3.8500
-3.8500
436
476
519
420
422

-0.2484
-0.9477
0.1479
2.2400
-4.1300
-2.3100
437
477
519
423
422

-0.2499
-0.9492
0.1381
2.9400
-4.1300
-2.3800
436
477
518
423
422

-0.2474
-0.9453
0.1508
1.4700
-4.5500
-2.0300
436
476
519
422
422

-0.2533
-0.9453
0.1405
2.1000
-4.1300
-2.5900
437
475
519
422
422

-0.2542
-0.9414
0.1508
1.7500
-3.4300
-2.3800
436
476
519
421
422

-0.2489
-0.9472
0.1440
2.1700
-4.4100
-1.9600
436
477
519
424
422

-0.2547
-0.9462
0.1469
2.4500
-3.6400
-3.3600
436
478
522
422
422

-0.2440
-0.9487
0.1596
1.8200
-4.4100
-1.1200
436
477
519
422
420

-0.2664
-0.9506
0.1474
2.6600
-4.4800
-3.1500
437
479
519
423
422

-0.2591
-0.9433
0.1566
2.1700
-3.9200
-2.7300
436
475
519
423
422

-0.2533
-0.9501
0.1547
1.4700
-3.3600
-2.8700
437
477
520
423
423

-0.2518
-0.9379
0.1469
1.5400
-3.7100
-3.3600
437
475
519
421
422

-0.2518
-0.9365
0.1513
3.0100
-3.2900
-2.8700
438
477
519
422
422

-0.2528
-0.9433
0.1420
1.6100
-4.0600
-3.2900
436
476
519
422
422

-0.2596
-0.9438
0.1498
1.8200
-3.7100
-2.7300
436
476
520
422
424

-0.2567
-0.9506
0.1625
1.4700
-4.1300
-2.6600
436
477
518
422
423

-0.2547
-0.9448
0.1498
1.6800
-4.2000
-3.2900
436
477
519
422
423

-0.2508
-0.9409
0.1542
2.1000
-3.3600
-2.9400
436
476
519
423
424

-0.2586
-0.9453
0.1488
2.3800
-3.3600
-3.0800
437
477
519
422
422

-0.2552
-0.9467
0.1479
2.5900
-4.0600
-3.0800
434
476
519
422
422

-0.2479
-0.9423
0.1464
2.1000
-4.3400
-2.5900
436
476
519
421
421

-0.2582
-0.9482
0.1566
1.5400
-3.7800
-3.0800
436
476
519
422
422

-0.2596
-0.9516
0.1513
1.1900
-4.1300
-3.2200
436
476
519
424
422

-0.2572
-0.9531
0.1601
1.6800
-3.8500
-2.6600
435
477
520
422
424

-0.2542
-0.9457
0.1498
2.5200
-4.2700
-1.8200
434
476
518
424
422

-0.2557
-0.9560
0.1469
1.5400
-4.2700
-2.7300
436
476
518
422
422

-0.2645
-0.9511
0.1513
2.0300
-3.9900
-3.5000
437
478
519
422
421

-0.2479
-0.9487
0.1557
1.7500
-3.7100
-3.2200
436
479
519
422
422

-0.2557
-0.9472
0.1518
1.4700
-3.7100
-3.0800
437
476
519
422
422

-0.2528
-0.9433
0.1479
1.6100
-1.7500
-3.0800
435
477
519
422
423

-0.2547
-0.9496
0.1464
-0.2800
-3.2900
-4.1300
438
476
519
422
422

-0.2523
-0.9492
0.1488
-1.3300
-4.2700
-2.3100
435
476
518
424
422

-0.2552
-0.9496
0.1405
-7.8400
-6.3000
-3.9900
436
476
520
422
422

-0.2460
-0.9540
0.1279
-14.9800
-5.9500
-7.0000
434
477
519
422
422

-0.2284
-0.9726
0.0752
-31.9900
-1.7500
-6.3000
432
470
520
421
419

-0.2333
-0.9453
0.0093
-31.8500
-2.5200
-0.3500
415
454
521
421
421

-0.2323
-0.9682
-0.0259
-14.2100
-5.5300
-1.0500
385
424
522
423
423

-0.2167
-0.9692
-0.0390
0.9100
-3.9900
-0.8400
340
383
523
428
428

-0.2196
-0.9540
-0.0049
3.3600
-3.6400
2.6600
300
348
524
434
434

-0.2567
-0.9496
-0.0054
-32.1300
-2.1000
1.4000
282
320
524
447
445

-0.2586
-0.9731
-0.0239
4.8300
-1.6800
11.2000
266
309
525
452
451

-0.2601
-0.8979
-0.0107
8.4700
-0.0700
6.9300
261
316
526
456
456

-0.3216
-0.9360
0.0015
2.6600
-2.3100
2.1000
260
319
526
457
457

-0.2865
-0.9443
-0.0176
-1.1200
-2.2400
1.6100
262
318
527
458
460

-0.3055
-0.9360
-0.0185
3.0800
-1.3300
0.7000
261
320
527
461
461

-0.2952
-0.9306
0.0059
13.5800
2.1700
-1.2600
266
326
529
462
463

-0.2928
-0.9540
0.0161
8.6100
-3.4300
-1.6800
266
327
528
464
463

-0.3026
-0.9496
0.0171
10.2900
-4.4100
-3.7800
269
327
530
464
465

-0.3157
-0.9457
0.0259
8.8900
-7.7000
-7.7700
270
327
529
465
466

-0.3089
-0.9316
0.0342
4.4100
-5.3900
-2.5200
270
325
530
468
465

-0.3162
-0.9394
0.0278
3.1500
-4.4100
-2.3800
269
323
530
467
468

-0.3084
-0.9360
0.0420
3.0800
-4.6900
-0.4200
268
320
530
468
468

-0.3035
-0.9379
0.0576
6.2300
-2.3800
0.2100
267
314
530
469
468

-0.3021
-0.9409
0.0478
1.1200
-1.5400
-2.2400
264
310
530
470
471

-0.3050
-0.9340
0.0493
1.1900
-3.0800
-2.8000
266
310
531
469
469

-0.3109
-0.9370
0.0571
0.8400
-0.7000
-1.6800
265
306
529
470
470

-0.3055
-0.9374
0.0395
1.3300
-3.1500
-3.1500
263
302
529
469
470

-0.3192
-0.9423
0.0566
-0.2800
-10.0100
-3.2900
264
297
531
470
472

-0.2977
-0.9345
0.0581
-0.4200
-7.4900
-5.5300
261
293
530
469
469

-0.3026
-0.9316
0.0410
1.4000
-3.9900
-5.6700
260
294
530
470
469

-0.3021
-0.9438
0.0512
1.2600
-4.1300
-4.2000
262
294
531
470
469

-0.2991
-0.9379
0.0464
2.6600
-5.9500
-4.9700
263
297
531
472
471

-0.2982
-0.9462
0.0600
-0.4200
-6.3000
-2.1700
264
300
531
469
468

-0.2894
-0.9243
0.0527
-6.4400
-6.3000
0.8400
272
306
531
468
466

-0.2933
-0.9457
0.0547
-4.0600
-11.2000
4.2700
282
322
530
465
466

-0.3206
-0.9584
0.0156
2.3100
-8.6100
-0.4200
293
337
530
461
464

-0.3079
-0.9365
-0.0049
-7.4900
-3.5000
13.1600
302
346
530
454
454

-0.3187
-0.9492
0.0185
-12.0400
-2.8000
6.9300
332
372
530
448
448

-0.3294
-0.9233
0.0029
4.1300
-5.3900
4.1300
375
412
529
445
445

-0.3528
-0.9404
-0.0024
9.8000
-9.3100
1.0500
394
454
528
445
445

-0.3640
-0.9077
0.0405
-1.6100
-7.0700
-3.3600
404
469
529
445
445

-0.3387
-0.9311
0.0015
0.5600
-6.5100
-1.4700
411
479
528
445
444

-0.3362
-0.9296
0.0205
-1.7500
-1.8900
3.9900
420
489
528
447
447

-0.3694
-0.9077
0.0283
17.4300
-0.9100
4.2700
431
498
530
454
454

-0.3455
-0.8916
0.0190
-9.5200
-4.7600
6.5800
437
500
530
458
459

-0.3841
-0.9062
-0.0059
-5.8100
-0.2800
-0.7000
439
500
530
459
461

-0.3889
-0.9126
-0.0146
-4.2700
-2.3100
-2.3100
440
503
530
462
462

-0.3758
-0.9179
-0.0117
3.3600
-3.3600
-2.8700
440
501
533
465
462

-0.3684
-0.9472
-0.0088
5.1800
-6.1600
-2.6600
443
503
532
461
462

-0.3709
-0.9233
0.0059
1.6800
-2.4500
-3.0100
440
501
530
463
461

-0.3845
-0.9409
-0.0185
4.0600
-3.7800
-8.4000
440
501
531
463
463

-0.3738
-0.9457
-0.0425
15.5400
-4.4100
-6.0900
441
501
532
464
463

-0.3577
-0.9306
0.0054
3.5700
-3.0800
-7.6300
441
502
531
463
463

-0.3528
-0.9345
-0.0205
7.7000
-3.2200
-3.4300
441
502
531
462
464

-0.3670
-0.9204
-0.0034
-1.1900
0.8400
-3.9900
440
501
532
462
462

-0.3938
-0.9765
-0.0288
-0.4200
-9.5200
-0.8400
424
497
531
461
461

-0.3528
-0.9360
-0.0537
-18.1300
-0.8400
-1.1900
386
458
532
459
460

-0.3733
-0.8955
-0.0752
1.6800
-1.2600
-4.6200
351
420
531
457
459

-0.3870
-0.9536
-0.0849
2.5900
-4.2000
-3.4300
313
382
530
457
459

-0.3733
-0.9384
-0.0888
2.6600
-4.2700
1.7500
284
345
528
455
455

-0.3719
-0.9018
-0.1132
10.2200
7.0700
3.6400
261
324
526
454
453

-0.3997
-0.9492
-0.0942
16.2400
-8.0500
-5.3900
249
313
524
454
454

-0.3748
-0.9560
-0.0488
8.4000
2.9400
-3.0800
246
314
522
455
454

-0.3406
-0.8901
-0.0683
12.6000
-5.0400
4.2000
249
321
527
458
458

-0.3650
-0.9018
-0.0342
9.5900
-5.6700
-3.6400
247
320
531
458
459

-0.3943
-0.9174
-0.0478
10.2900
-3.7800
-4.4100
246
317
529
458
462

-0.3860
-0.9204
-0.0332
6.8600
-3.5000
-3.2200
239
311
530
460
460

-0.3748
-0.9360
-0.0215
12.6000
-8.0500
-6.7900
235
302
530
463
463

-0.3772
-0.9394
0.0024
4.9700
-7.0700
-4.1300
232
298
531
464
460

-0.3719
-0.9326
-0.0137
5.2500
-4.2700
-6.0200
233
294
531
462
462

-0.3597
-0.9272
-0.0146
6.5800
-5.1800
-6.3700
233
297
531
463
462

-0.3606
-0.9648
-0.0190
6.7200
-7.7000
-8.5400
233
299
531
462
462

-0.3665
-0.9267
0.0034
1.4000
-5.7400
-6.3000
236
301
531
461
462

-0.3567
-0.9096
0.0102
2.1000
-6.7900
-5.8800
237
301
531
462
463

-0.3533
-0.9062
0.0137
1.1900
-4.1300
-4.2000
235
299
531
461
461

-0.3640
-0.8935
0.0176
0.0700
-3.5000
-4.3400
235
301
531
461
463

-0.3645
-0.9194
0.0068
4.2000
-5.6700
-5.4600
233
298
533
464
462

-0.3475
-0.9404
0.0171
4.6200
-7.0000
-4.6200
233
298
532
461
464

-0.3592
-0.9277
0.0142
2.9400
-4.2700
-5.6000
233
297
531
463
464

-0.3650
-0.9355
0.0020
3.7800
-4.0600
-3.9900
233
295
531
466
466

-0.3489
-0.9233
0.0195
0.4900
-4.6200
-3.0800
229
293
531
466
464

-0.3396
-0.9345
0.0088
3.9900
-3.3600
-2.4500
228
293
531
466
465

-0.3587
-0.9267
0.0142
5.3200
-4.4800
-3.9200
228
292
530
465
466

-0.3577
-0.9448
0.0176
-1.1900
-6.4400
-4.0600
228
291
531
465
468

-0.3572
-0.9199
0.0005
-0.4200
-6.4400
-6.0900
229
294
531
467
466

-0.3548
-0.9384
0.0127
1.2600
-3.3600
-10.5700
232
296
531
465
464

-0.3318
-0.9384
0.0078
-11.6200
5.3200
-12.6700
239
305
529
465
463

-0.2762
-0.9223
-0.0264
-18.7600
12.7400
8.4700
257
325
515
455
455

-0.3260
-0.8916
-0.0908
-29.0500
-0.1400
-6.9300
284
353
485
443
444

-0.3265
-0.9609
-0.1074
-24.5700
-2.9400
-5.3900
296
361
476
434
434

-0.3196
-0.9038
-0.1527
-4.2700
-11.7600
-7.3500
297
361
475
427
427

-0.3109
-0.9189
-0.1776
-3.5000
-12.4600
-5.2500
302
363
477
420
419

-0.3450
-0.9272
-0.2103
-4.8300
-9.3800
-4.0600
330
386
486
418
417

-0.3274
-0.9135
-0.1703
5.9500
-6.6500
5.3200
376
444
495
420
419

-0.3196
-0.9008
-0.1566
13.0900
-14.2100
0.3500
413
479
504
424
425

-0.3616
-0.8945
-0.1332
1.1900
-10.3600
3.0100
422
487
509
430
430

-0.3636
-0.8877
-0.1200
9.3800
-15.4700
-5.6000
426
493
515
434
435

-0.3450
-0.9248
-0.1240
3.4300
-1.8200
4.3400
428
493
518
442
442

-0.3704
-0.9418
-0.1415
9.3100
-9.7300
-0.6300
431
495
519
448
448

-0.3743
-0.9433
-0.1415
16.3100
-9.8000
-3.2900
431
496
523
449
451

-0.2596
-0.9170
-0.1293
8.6800
-4.9000
-3.9200
433
499
527
449
450

-0.3689
-0.9340
-0.1069
4.1300
-4.9000
-5.0400
436
501
526
450
450

-0.3494
-0.9223
-0.1074
-0.8400
-1.6100
0.9100
436
503
529
450
450

-0.3577
-0.9116
-0.1074
2.2400
-2.3100
-2.2400
435
501
528
450
449

-0.3572
-0.9145
-0.1132
0.0700
-3.7100
-2.8700
438
500
527
450
449

-0.3626
-0.9043
-0.1093
-1.1900
-2.5200
-4.8300
436
501
527
449
449

-0.3489
-0.9067
-0.1235
0.7700
-4.5500
-4.6200
437
503
528
450
450

-0.3436
-0.9082
-0.1137
1.1200
-2.9400
-2.8700
436
501
527
450
450

-0.3509
-0.9043
-0.1093
-3.6400
1.7500
-3.0800
435
500
530
449
449

-0.3582
-0.9082
-0.1332
-5.3200
0.6300
-8.6800
425
495
527
449
448

-0.3523
-0.9272
-0.1752
-2.3100
-4.6900
-3.2200
396
459
527
447
447

-0.3504
-0.9374
-0.1684
-1.9600
-0.0700
-0.0700
356
408
527
446
448

-0.3689
-0.8921
-0.1669
-0.1400
0.0000
-4.4800
333
370
527
447
446

-0.3567
-0.8784
-0.1859
9.0300
-1.8200
-6.5100
321
341
526
448
449

-0.3592
-0.9096
-0.1723
15.1200
0.2800
-10.7800
305
328
525
450
449

-0.3265
-0.9238
-0.1322
30.8700
6.0200
-0.5600
299
321
524
450
450

-0.3270
-0.9194
-0.1474
19.6000
8.4700
-3.9200
296
321
519
451
450

-0.3582
-0.9135
-0.0678
15.9600
6.5800
-7.8400
294
323
518
452
452

-0.3680
-0.9448
-0.0776
-17.7800
-5.8800
-11.9700
291
321
516
454
453

-0.3518
-0.9384
-0.1088
-8.4000
-17.5700
-14.7000
285
307
515
452
451

-0.3192
-0.9423
-0.0952
-3.0100
-0.9100
4.6900
289
314
515
451
451

-0.2869
-0.9453
-0.0888
11.4100
10.9200
3.1500
285
296
524
453
453

-0.3270
-0.9370
-0.0654
10.4300
-2.0300
2.1000
269
280
528
455
455

-0.3304
-0.9218
-0.0498
17.6400
-7.4200
-6.5100
265
275
529
456
457

-0.3133
-0.9287
-0.0317
12.5300
0.1400
-4.8300
262
274
529
460
460

-0.3304
-0.9150
-0.0229
20.0200
-1.8200
-2.5900
264
275
529
462
462

-0.3177
-0.9472
0.0356
11.5500
-4.6900
-4.6900
266
276
530
463
464

-0.3187
-0.9277
0.0254
4.4800
-6.2300
-2.9400
267
276
530
463
464

-0.3094
-0.9243
0.0322
4.9700
-6.3000
-3.5000
267
279
530
465
466

-0.3265
-0.9394
0.0303
1.8200
-8.5400
-3.2900
268
280
531
464
464

-0.3182
-0.9414
0.0376
2.1700
-6.4400
-3.6400
270
281
530
464
464

-0.3045
-0.9331
0.0293
5.2500
-3.2200
-4.5500
269
281
531
464
464

-0.3079
-0.9594
0.0298
4.1300
-5.8800
-3.6400
271
283
531
464
463

-0.3055
-0.9584
0.0249
4.2000
-5.3200
-3.9900
270
282
531
464
464

-0.3070
-0.9584
0.0332
3.5700
-4.4800
-3.9200
271
282
531
463
464

-0.2991
-0.9384
0.0395
0.3500
-2.9400
-2.8000
273
283
531
464
464

-0.3138
-0.9467
0.0410
-5.0400
0.0700
-0.9800
271
284
531
465
464

-0.3192
-0.9365
0.0161
-6.4400
-0.0700
1.2600
272
285
531
463
463

-0.3030
-0.9604
0.0063
-3.7100
-9.5200
-2.7300
277
283
533
462
462

-0.2933
-0.9228
0.0088
-1.5400
-2.4500
-1.8200
280
284
531
456
458

-0.3304
-0.9370
0.0063
0.7000
0.7000
-0.7700
283
287
530
449
450

-0.3387
-0.9252
0.0068
-2.3100
4.3400
-0.9800
285
292
530
445
447

-0.3226
-0.9394
-0.0254
-0.1400
-2.0300
-5.6700
287
295
527
443
440

-0.3323
-0.9457
-0.0171
-11.1300
-1.7500
-4.1300
288
297
527
436
437

-0.3113
-0.9116
-0.0468
-27.2300
-3.0100
-9.5200
305
310
525
432
431

-0.3226
-0.9150
-0.1220
-25.4100
-23.3100
-3.7100
352
393
521
433
433

-0.3421
-0.9096
-0.1376
-20.5100
-13.9300
-4.4800
381
431
518
434
433

-0.3533
-0.9687
-0.1576
14.1400
-17.7800
5.6700
408
476
525
443
445

-0.3128
-0.9599
-0.1303
30.6600
-18.5500
6.0900
425
490
528
452
454

-0.3514
-0.9018
-0.0952
13.5800
-5.6700
3.0800
435
496
530
458
459

-0.3899
-0.9321
-0.0781
-3.2200
-1.6100
-6.0200
438
499
533
461
461

-0.3748
-0.8804
-0.0966
6.4400
-0.8400
-4.4800
437
498
531
462
462

-0.3714
-0.9204
-0.0849
9.1000
-3.7800
-4.1300
440
499
531
462
462

-0.3806
-0.9038
-0.0693
-6.0200
-0.0700
-3.7800
438
500
531
463
465

-0.3884
-0.9082
-0.0878
6.5100
-3.8500
-3.2200
438
500
533
461
462

-0.3767
-0.9209
-0.0898
5.3900
-6.0900
-6.5100
438
499
532
462
460

-0.3538
-0.9423
-0.0932
4.6200
-1.6100
-5.3200
438
499
532
462
464

-0.3675
-0.9199
-0.0922
7.5600
-4.2000
-6.0900
439
499
532
461
461

-0.3587
-0.9311
-0.0903
9.8700
-3.2900
-5.5300
438
498
532
461
461

-0.3616
-0.9282
-0.0947
9.3100
-2.5900
-3.0800
439
498
531
461
461

-0.3684
-0.9340
-0.0893
2.8700
-2.3100
-8.0500
438
494
532
459
458

-0.3636
-0.9326
-0.0849
7.4900
0.7700
-3.2900
439
484
530
459
459

-0.3489
-0.9277
-0.0922
1.6100
4.2000
-4.8300
429
464
532
459
457

-0.3577
-0.9531
-0.1044
9.1700
-5.1800
-7.0700
405
425
532
460
459

-0.3592
-0.9516
-0.0991
3.9900
-2.2400
-10.3600
380
381
531
456
456

-0.3221
-0.9394
-0.1054
7.1400
-4.6200
-4.9700
353
337
530
455
455

-0.3357
-0.9345
-0.0893
22.8900
-6.0200
-0.9100
329
312
529
452
452

-0.3089
-0.9614
-0.0805
24.0800
-5.8100
-6.3000
305
301
526
452
452

-0.3201
-0.9394
-0.0273
13.0200
-12.8800
-18.3400
299
301
524
449
450

-0.2621
-0.9170
-0.0371
7.4900
-8.8900
-7.3500
296
301
527
447
446

-0.3055
-0.8989
-0.0107
0.0000
-4.5500
-2.6600
291
296
528
447
447

-0.3416
-0.9145
0.0093
5.4600
-7.9800
-11.0600
286
283
529
451
451

-0.3377
-0.9209
0.0068
8.4700
-15.7500
-11.5500
288
283
529
460
459

-0.2655
-0.9370
-0.0005
30.9400
-3.3600
3.0800
276
274
531
463
464

-0.3109
-0.9433
0.0547
23.3800
-2.2400
1.5400
266
263
531
468
468

-0.3436
-0.9292
0.0805
14.4900
2.3100
1.8200
265
260
529
468
469

-0.3504
-0.9243
0.0947
11.2000
-1.4700
-3.3600
262
256
531
471
470

-0.3338
-0.9121
0.1220
8.0500
0.0000
-2.0300
265
257
531
471
470

-0.3201
-0.8891
0.1459
0.0000
-2.9400
0.7700
267
259
532
471
473

-0.3152
-0.8979
0.1352
2.2400
-7.2800
-3.5700
268
259
533
470
470

-0.3387
-0.9233
0.1405
-0.8400
-3.7100
-1.5400
271
260
532
470
470

-0.3206
-0.9272
0.1366
0.9100
-2.9400
-2.3100
274
263
531
469
469

-0.3216
-0.9174
0.1327
0.1400
-1.5400
-2.3800
275
264
531
470
470

-0.3270
-0.9292
0.1288
-6.4400
-3.7800
-2.3800
278
267
531
468
470

-0.3172
-0.9189
0.1127
4.2700
-4.6900
-1.6100
279
269
531
469
469

-0.3196
-0.9589
0.1279
11.4800
8.0500
0.4200
280
270
530
466
466

-0.2791
-0.9584
0.1503
-2.7300
-7.2800
-0.2800
287
273
531
461
462

-0.3074
-0.9360
0.1259
-2.2400
-0.8400
-7.4900
291
275
531
452
453

-0.3318
-0.9262
0.1293
-13.3700
2.2400
-4.4100
301
281
533
442
442

-0.2904
-0.9360
0.0795
-19.3900
9.3800
2.5200
311
291
531
437
437

-0.2786
-0.9296
0.0434
-20.0900
6.5800
-3.5700
347
337
527
438
438

-0.3196
-0.9819
0.0107
-9.0300
-2.4500
-10.2900
364
393
527
436
436

-0.2874
-0.9428
0.0029
-22.5400
-6.0900
-2.8000
388
436
527
438
437

-0.3050
-0.9340
-0.0405
2.0300
-16.7300
14.1400
418
483
528
443
442

-0.3133
-0.9487
-0.0264
10.2200
-10.5700
1.6100
439
496
530
449
450

-0.2869
-0.9145
-0.0278
-4.6200
-5.3200
4.0600
442
500
531
455
455

-0.3499
-0.9570
-0.0395
1.1200
-3.2900
-4.9000
446
499
532
458
459

-0.3538
-0.9638
-0.0478
8.6800
-7.2800
-5.1800
446
500
531
457
458

-0.3260
-0.9399
-0.0415
8.1200
-0.7700
-5.3200
446
498
532
460
458

-0.3445
-0.9565
-0.0410
10.0100
-3.9200
-6.5100
445
500
532
458
458

-0.3436
-0.9409
-0.0444
1.6100
-3.7100
-10.0800
446
499
532
459
458

-0.3377
-0.9335
-0.0625
6.7900
-3.0100
-5.2500
446
500
533
459
458

-0.3396
-0.9379
-0.0361
7.3500
-4.9700
-5.3200
446
501
532
459
459

-0.3416
-0.9526
-0.0405
8.4000
-6.0200
-3.7800
446
500
534
458
458

-0.3475
-0.9404
-0.0434
10.9900
-8.9600
-5.8100
447
498
532
458
459

-0.3401
-0.9370
-0.0351
3.0800
-1.2600
-4.6200
446
499
532
458
457

-0.3416
-0.9589
-0.0390
10.5700
-1.2600
-5.4600
446
499
532
458
459

-0.3475
-0.9409
-0.0390
0.2100
-5.8100
-8.9600
436
490
532
458
457

-0.3216
-0.9296
-0.0317
-0.9800
-1.2600
-3.2900
412
459
532
457
457

-0.3401
-0.9082
-0.0429
-0.9100
-0.9100
-10.4300
385
409
531
456
458

-0.3231
-0.9414
-0.0639
16.9400
-0.9100
-6.0900
353
337
532
454
456

-0.3187
-0.9277
-0.0517
22.6100
-0.3500
-2.2400
323
312
530
453
455

-0.3133
-0.9335
0.1205
7.9100
-0.2100
-5.3200
308
305
530
453
453

-0.3167
-0.9501
-0.0181
6.1600
-8.6100
-4.9700
306
309
529
456
454

-0.3304
-0.8984
0.0171
11.8300
-10.0100
-4.2000
306
315
529
456
456

-0.3070
-0.9155
0.0527
3.7800
-7.9100
-4.9700
299
319
531
456
457

-0.3192
-0.9321
0.0317
6.7200
-7.5600
-3.5700
285
309
531
459
457

-0.2952
-0.9121
0.0654
5.1100
-3.0800
-0.0700
273
292
529
455
455

-0.3279
-0.9257
0.0732
13.9300
-1.5400
4.7600
260
284
529
455
454

-0.3538
-0.9194
0.0942
12.6000
-2.8000
2.7300
255
280
529
453
453

-0.3558
-0.9077
0.0996
10.1500
-4.3400
6.1600
253
275
530
453
453

-0.3616
-0.9301
0.1122
7.6300
-17.2200
-3.1500
253
274
531
455
454

-0.3548
-0.8965
0.1166
4.2700
-3.1500
-1.7500
252
274
531
455
456

-0.3479
-0.9150
0.1225
2.4500
-5.5300
-0.2100
255
278
531
455
455

-0.3523
-0.9223
0.1142
8.1200
-4.6200
0.4200
255
277
530
457
455

-0.3606
-0.9374
0.1244
6.7200
-3.7800
-5.3900
256
276
532
456
456

-0.3484
-0.9218
0.1269
2.5200
-3.4300
-7.4900
258
278
532
456
456

-0.3489
-0.9296
0.1244
3.7100
-6.9300
-9.8000
257
280
534
456
458

-0.3479
-0.9399
0.1293
4.5500
-8.2600
-5.3200
259
282
531
459
458

-0.3245
-0.9257
0.1283
2.5200
-6.9300
-6.3000
262
284
531
457
458

-0.3645
-0.8877
0.1444
-6.8600
-2.1000
-4.8300
265
286
532
454
454

-0.3406
-0.9213
0.1142
-6.4400
-0.2100
-5.3200
263
288
531
449
448

-0.3533
-0.9223
0.1122
2.2400
-2.5200
-4.0600
265
290
530
444
443

-0.3465
-0.9096
0.1015
-7.9100
2.6600
-5.1800
269
292
527
438
439

-0.3670
-0.9374
0.1035
-22.7500
12.6000
-2.9400
286
300
525
439
437

-0.3426
-0.9126
0.0185
-25.7600
-17.2200
-6.1600
360
378
524
434
434

-0.3406
-0.9101
0.0000
-42.9800
-7.1400
3.2200
392
436
521
435
435

-0.3601
-0.8872
-0.0010
-1.2600
-1.9600
22.0500
425
489
526
445
444

-0.3894
-0.9126
-0.0117
4.2000
-15.5400
5.5300
437
496
529
451
451

-0.4021
-0.8633
-0.0015
-23.4500
-2.2400
3.0100
442
498
530
455
456

-0.4148
-0.9121
-0.0498
0.9800
-4.3400
0.4900
445
499
530
458
458

-0.4158
-0.8906
-0.0220
-0.7000
-1.5400
0.5600
445
499
533
459
458

-0.3899
-0.8340
0.0044
-4.5500
-2.1700
-0.4900
446
500
530
459
460

-0.4290
-0.9062
-0.0176
-2.6600
-2.8700
-6.5100
445
500
530
459
458

-0.4109
-0.9028
-0.0112
-2.2400
-4.6200
-10.5700
445
501
530
458
458

-0.3884
-0.8969
-0.0542
-10.0100
1.1200
-10.7100
444
500
530
458
458

-0.3845
-0.8647
-0.0659
-19.8800
2.6600
-13.9300
444
499
529
459
456

-0.3738
-0.9008
-0.0600
-3.2900
3.3600
-8.6100
443
499
530
456
455