-0.1498
-1.0024
-0.0278
2.1000
-2.4500
0.2100
420
491
526
429
430

-0.1586
-0.9926
-0.0249
-0.7700
-2.8700
1.1900
424
492
527
428
429

-0.1425
-0.9882
-0.0210
-2.8000
1.3300
7.2100
429
491
525
428
428

-0.1352
-0.9897
-0.0249
-10.1500
3.0800
13.7200
437
490
526
430
428

-0.1747
-1.0014
-0.0586
-10.9200
12.6000
22.8900
446
494
526
433
432

-0.2455
-0.9853
-0.0376
2.5900
3.0100
25.4800
451
498
528
440
440

-0.2747
-0.9287
-0.1576
13.7900
-3.1500
13.7200
452
499
532
444
444

-0.3084
-0.9296
-0.1235
6.2300
1.8900
8.9600
453
499
530
447
447

-0.3084
-0.9623
-0.1293
3.7800
-5.9500
-0.0700
453
500
530
447
447

-0.3074
-0.9394
-0.1430
2.1000
-5.7400
-0.8400
453
500
530
447
447

-0.3192
-0.9321
-0.1220
-4.7600
-5.4600
-1.4700
453
501
531
447
446

-0.3187
-0.9506
-0.0063
0.8400
-1.5400
-4.7600
452
500
530
445
444

-0.3211
-0.9311
-0.1215
-4.3400
-2.6600
-6.1600
452
497
529
442
443

-0.2928
-0.9267
-0.1459
-0.1400
-1.9600
-3.4300
451
500
530
441
443

-0.2987
-0.9604
-0.1376
-4.4800
0.2800
1.4000
451
499
528
439
440

-0.3270
-0.9340
-0.1908
-5.5300
5.5300
5.4600
449
500
530
438
439

-0.3138
-0.9121
-0.2006
-17.0800
-0.4200
-2.3100
450
497
531
432
432

-0.3050
-0.8960
-0.2464
-9.3100
4.4100
4.3400
450
496
531
432
432

-0.3196
-0.8774
-0.2386
0.1400
-1.2600
-2.7300
449
498
529
430
430

-0.3489
-0.8891
-0.2806
3.6400
2.6600
-4.2000
448
497
530
427
429

-0.3216
-0.8735
-0.2045
-17.3600
20.5100
-19.2500
444
496
528
421
420

-0.2904
-0.9087
-0.3157
-13.6500
13.0200
-12.8100
439
498
528
411
411

-0.2616
-0.8847
-0.3489
-4.6200
2.8700
-1.6800
437
498
528
410
410

-0.2679
-0.8955
-0.3192
10.6400
-5.3900
-7.0700
435
499
528
408
409

-0.2430
-0.9087
-0.2982
5.8100
-4.2700
1.7500
433
500
528
407
407

-0.2845
-0.8965
-0.2938
5.5300
-0.6300
-0.5600
423
495
527
402
403

-0.2811
-0.9101
-0.2635
-0.5600
6.0200
-4.6200
396
483
524
398
397

-0.2557
-0.8808
-0.3065
11.7600
9.3800
10.2900
382
471
524
391
390

-0.2440
-0.8960
-0.2791
9.8000
11.0600
12.3200
374
472
527
382
382

-0.3240
-0.8642
-0.2523
14.2800
46.1300
33.2500
350
469
523
375
374

-0.3353
-0.8872
-0.3455
31.7800
15.0500
-24.9200
350
473
522
373
372

-0.3270
-0.8701
-0.2894
6.7900
19.4600
-6.8600
349
467
522
367
369

-0.2367
-0.8725
-0.2596
-38.7100
-12.5300
-15.3300
321
450
521
365
365

-0.1991
-0.8520
-0.3816
-3.5700
17.0100
9.5900
318
440
522
368
368

-0.4265
-0.9399
-0.3826
43.6800
20.5800
-6.9300
310
434
526
373
372

-0.2577
-0.8716
-0.2899
12.8800
9.1000
10.7800
289
450
530
376
377

-0.2699
-0.8667
-0.2630
26.6000
-1.6100
8.1900
264
469
528
385
383

-0.2923
-0.9331
-0.2391
14.2800
-22.7500
-0.2100
252
487
529
385
384

-0.3479
-0.9223
-0.2289
21.8400
-17.2900
1.7500
250
495
532
385
383

-0.3016
-0.8369
-0.1771
18.1300
-10.8500
5.7400
247
497
532
384
385

-0.3392
-0.9150
-0.1318
14.6300
-12.5300
5.5300
245
499
532
381
383

-0.3455
-0.9609
-0.1830
31.7100
-9.7300
-0.1400
244
499
532
378
380

-0.3523
-0.7764
-0.0649
8.5400
-11.2700
-1.0500
246
500
532
378
379

-0.3631
-0.9116
-0.0112
-4.1300
-10.2200
-2.9400
248
500
532
386
386

-0.3528
-0.9062
-0.0786
4.1300
-11.5500
-0.4900
248
501
532
398
398

-0.3606
-0.9501
-0.0805
15.0500
-9.2400
0.4900
245
500
533
411
409

-0.3714
-0.9565
-0.0405
-17.4300
-4.6200
-2.3100
246
500
532
416
416

-0.3577
-0.9033
-0.0717
1.9600
-3.0100
-2.1700
247
501
533
424
425

-0.3499
-0.8794
-0.0498
11.0600
0.4900
3.0800
245
500
534
438
439

-0.3558
-0.8999
-0.0117
6.0200
5.7400
5.8800
241
501
534
451
449

-0.4348
-0.9374
-0.0405
2.5900
-8.7500
-0.8400
241
500
534
455
454

-0.3997
-0.9355
-0.0395
17.0100
-11.8300
-17.6400
241
500
533
454
456

-0.3728
-0.9145
-0.0039
18.9000
-5.9500
-5.2500
245
500
533
457
455

-0.3914
-0.9228
0.0190
5.1800
0.6300
-2.3100
245
500
533
456
457

-0.3719
-0.8969
-0.0059
10.7100
2.1700
-0.7000
245
500
533
457
458

-0.4094
-0.8911
0.0273
0.5600
-6.0200
-1.8200
243
500
533
458
457

-0.3894
-0.8979
0.0459
-2.2400
-5.4600
-2.9400
245
498
534
457
458

-0.3894
-0.8945
0.0210
2.6600
-4.9000
-3.1500
247
499
533
458
458

-0.4055
-0.9052
0.0161
3.7800
-3.7100
-2.1700
245
499
533
457
459

-0.3928
-0.9048
0.0337
3.2200
-6.6500
-1.0500
245
499
533
458
458

-0.4041
-0.9013
0.0288
3.1500
-3.4300
-3.5700
245
499
533
458
459

-0.3972
-0.9218
0.0449
-2.7300
-1.1900
-3.1500
248
498
532
457
457

-0.3802
-0.9082
0.0508
-30.8000
10.3600
-18.4100
257
498
533
455
455

-0.3499
-0.8979
-0.0376
4.0600
9.5900
0.3500
370
496
532
454
454

-0.3860
-0.9218
-0.0600
-12.4600
-23.1700
-12.9500
388
495
531
453
452

-0.3523
-0.9145
-0.0664
-9.9400
-11.4100
-12.8100
415
497
532
451
452

-0.3065
-0.9345
-0.0483
-10.5700
7.3500
-2.5200
432
499
532
453
454

-0.3089
-0.9648
-0.0825
1.8900
-17.8500
-8.0500
438
501
532
454
456

-0.3392
-0.9296
-0.0698
-0.1400
-5.1800
-1.6800
441
502
533
459
460

-0.3455
-0.9667
-0.0805
-12.1100
-16.4500
-4.3400
444
503
533
465
464

-0.2938
-0.9126
-0.0649
4.3400
-14.8400
0.4900
445
503
534
468
467

-0.3514
-0.9135
-0.0820
2.3100
-3.7100
1.0500
447
506
534
469
469

-0.3279
-0.9404
-0.0761
4.2000
-3.7800
-1.2600
448
503
534
470
470

-0.3533
-0.9453
-0.0664
1.6800
-5.7400
-2.3800
448
505
533
469
470

-0.3196
-0.9301
-0.0664
4.2700
-6.9300
-3.1500
447
504
534
469
470

-0.3475
-0.9399
-0.0630
3.7800
-5.8800
-2.5900
448
504
534
471
469

-0.3499
-0.9350
-0.0600
1.4700
-1.6800
-1.6800
448
504
534
469
470

-0.3401
-0.9277
-0.0669
5.1100
-3.5000
-4.0600
447
504
534
468
470

-0.3255
-0.9209
-0.0527
-0.2800
-2.5200
-2.3800
449
504
534
468
469

-0.3362
-0.9301
-0.0669
1.1900
-2.9400
-2.0300
449
504
533
471
469

-0.3416
-0.9311
-0.0717
-6.5800
-0.1400
0.5600
448
503
536
469
469

-0.3382
-0.9321
-0.0942
-9.3800
3.0100
6.8600
440
503
533
468
469

-0.3265
-0.9116
-0.0834
-23.1000
17.9900
2.4500
425
500
534
465
468

-0.4021
-0.9550
-0.1635
-24.3600
21.4200
0.9800
409
493
533
461
460

-0.3582
-0.9292
-0.2220
24.0800
25.9700
-3.9900
391
490
534
459
457

-0.3382
-0.9223
-0.1898
32.4800
16.8000
6.7900
383
487
534
449
451

-0.3675
-0.9018
-0.1113
-8.5400
9.8000
-9.2400
369
479
536
444
444

-0.3265
-0.9331
-0.2220
74.3400
7.8400
-8.0500
350
472
532
443
443

-0.3558
-0.9101
-0.2235
17.8500
3.2200
-6.6500
341
470
533
440
440

-0.3680
-0.9150
-0.1498
-19.3200
-8.9600
-13.7900
339
460
533
439
439

-0.2874
-0.9335
-0.2460
-0.2800
-3.2900
-3.9200
345
460
532
439
439

-0.3933
-0.8276
-0.1786
-35.4200
-17.2900
-6.0200
337
453
532
439
440

-0.2782
-0.8520
-0.2347
-23.6600
4.2700
-17.2200
325
442
533
430
430

-0.1937
-0.9501
-0.3704
23.8000
35.7000
-21.4200
311
411
531
422
422

-0.2196
-0.8272
-0.2147
22.6800
10.5000
7.7700
277
431
531
425
427

-0.2172
-0.8574
-0.2201
3.9900
-7.9100
18.5500
248
471
533
428
428

-0.3406
-0.9106
-0.2235
18.6200
-34.1600
11.0600
239
495
534
419
421

-0.3396
-0.9379
-0.1415
19.7400
-24.4300
-4.0600
241
499
532
415
415

-0.2796
-0.9374
-0.1186
5.7400
-17.5700
-3.2900
243
499
533
412
412

-0.2801
-0.9233
-0.1176
1.6800
-14.7000
1.3300
245
499
533
409
409

-0.3353
-0.9740
-0.1147
10.4300
-12.1800
-2.4500
247
500
533
411
411

-0.2996
-0.9809
-0.1113
10.9900
-5.6000
-3.8500
247
499
533
416
418

-0.3065
-0.9418
-0.1152
18.8300
-6.3000
-5.4600
249
499
532
424
425

-0.3294
-0.8906
-0.0590
0.7000
-5.1800
-9.2400
250
500
532
428
429

-0.3455
-0.8984
-0.0766
-8.8900
-3.4300
-0.1400
248
502
533
437
438

-0.3289
-0.8935
-0.0634
1.9600
-2.7300
-2.4500
247
500
535
454
455

-0.3436
-0.9409
-0.0683
1.6100
-2.5900
-2.5900
250
500
534
460
460

-0.3294
-0.9292
-0.0898
1.6100
-8.0500
-3.0100
250
501
535
464
464

-0.3455
-0.7481
-0.0961
0.8400
-1.9600
-0.9100
250
500
535
469
468

-0.3411
-0.8886
-0.0698
3.5000
-2.5200
-3.0100
251
503
534
471
472

-0.3499
-0.9140
-0.0605
-1.2600
-2.8700
-2.7300
251
499
534
471
470

-0.3455
-0.9087
-0.0737
0.5600
-2.3100
-1.2600
252
502
534
472
471

-0.3440
-0.9194
-0.0722
1.0500
-5.7400
-0.9800
251
500
535
470
470

-0.3118
-0.9101
-0.0703
3.2900
-5.2500
-2.8000
253
500
536
472
469

-0.3479
-0.9482
-0.0654
3.2900
-2.8000
-4.2700
254
500
534
469
471

-0.3367
-0.9462
-0.0854
7.7000
-5.4600
-0.7700
253
499
534
469
468

-0.3538
-0.9555
-0.0673
8.6800
-8.0500
-3.5700
255
500
534
469
469

-0.3450
-0.9321
-0.0634
2.6600
-3.6400
-6.4400
252
500
534
470
468

-0.3489
-0.9218
-0.0781
-13.8600
4.9000
-12.6700
253
500
534
466
467

-0.3284
-0.9043
-0.0742
-42.2100
16.1000
-36.4700
259
494
536
465
462

-0.3070
-0.9506
-0.1830
-26.6700
18.6900
-26.0400
268
475
532
459
459

-0.2450
-0.9155
-0.2191
-31.6400
8.7500
-2.0300
300
464
533
457
457

-0.2528
-0.9048
-0.2996
1.5400
-21.2800
-3.3600
371
466
532
459
457

-0.2904
-0.9799
-0.2845
-2.8000
-28.3500
-4.3400
417
480
532
459
461

-0.2738
-0.9477
-0.2977
21.2800
-28.3500
3.0800
435
497
533
466
466

-0.2874
-0.9501
-0.1903
3.8500
-20.5800
2.5200
441
502
534
468
468

-0.2835
-0.9262
-0.2250
3.5700
-11.6900
2.7300
443
502
533
469
470

-0.3030
-0.9287
-0.1854
5.7400
-11.9700
0.3500
448
502
534
470
470

-0.2967
-0.9130
-0.1649
3.2200
-4.4100
-2.1000
447
502
534
470
470

-0.2938
-0.9111
-0.1601
-0.9800
-2.3100
-3.3600
447
503
534
473
471

-0.2821
-0.9384
-0.1898
-3.9900
-3.6400
-3.1500
449
503
533
470
470

-0.2830
-0.9331
-0.1884
2.5900
-1.5400
-3.7100
446
502
534
470
471

-0.2850
-0.9311
-0.1879
1.4700
-5.3200
-4.7600
446
503
534
471
473

-0.2850
-0.9311
-0.1923
-0.1400
-7.8400
-0.7000
445
502
534
469
470

-0.2962
-0.9414
-0.1952
2.2400
-3.5000
-4.9000
444
503
533
468
469

-0.2884
-0.9384
-0.2035
1.0500
-4.2700
-3.0800
443
502
534
470
469

-0.2757
-0.9213
-0.1889
-11.4100
2.9400
6.0200
435
502
533
468
468

-0.3050
-0.9233
-0.2025
-4.3400
3.8500
-3.1500
428
501
535
465
464

-0.2840
-0.9179
-0.2396
-26.8800
27.5800
13.8600
409
496
533
459
458

-0.3221
-0.8706
-0.3172
-2.5200
11.8300
-7.6300
372
463
528
444
444

-0.2621
-0.8569
-0.2635
-4.4100
26.9500
-27.2300
336
402
523
430
430

-0.2406
-0.9428
-0.3543
5.9500
15.1900
-14.1400
320
382
519
419
419

-0.2181
-0.8735
-0.3372
12.1800
6.7900
4.4800
316
391
521
419
417

-0.2298
-0.9174
-0.3235
15.6800
2.3100
11.6200
297
429
527
425
425

-0.2381
-0.9506
-0.2645
35.8400
-5.3200
5.2500
263
473
529
437
439

-0.2357
-0.9194
-0.2479
21.0000
-20.8600
4.9000
245
495
532
443
443

-0.2874
-0.9306
-0.2152
20.5100
-26.3200
0.8400
244
499
533
446
445

-0.3070
-0.9467
-0.0996
10.3600
-15.9600
4.1300
243
500
533
448
448

-0.3187
-0.9292
-0.1762
2.8700
-13.7200
7.9800
243
501
535
450
451

-0.3109
-0.9018
-0.1801
14.7700
-16.3100
10.9900
242
501
533
453
454

-0.3440
-0.9589
-0.1186
16.5900
-9.0300
6.0200
243
501
534
456
456

-0.3504
-0.9272
-0.1127
23.6600
-7.0000
10.2900
244
501
536
460
460

-0.3626
-0.8965
-0.0947
18.5500
-4.1300
6.5100
244
501
534
463
463

-0.3826
-0.9296
-0.0605
14.2100
-6.2300
-4.4800
245
501
533
466
465

-0.3860
-0.9394
-0.0410
14.4200
-9.6600
-16.8700
246
503
533
467
469

-0.3948
-0.8706
0.0669
9.6600
-2.8700
-7.6300
245
501
536
467
466

-0.3850
-0.9540
-0.0727
11.6200
-2.0300
-1.9600
246
500
534
468
468

-0.3631
-0.9653
-0.0381
16.8700
1.6100
5.3200
242
500
535
469
468

-0.3640
-0.8921
0.0015
9.0300
2.7300
25.2700
241
504
534
469
469

-0.4309
-0.9326
0.0498
8.0500
-1.1900
15.1200
235
501
534
469
470

-0.3811
-0.8506
-0.0020
2.7300
-7.4200
15.1900
233
501
534
470
471

-0.4646
-0.8276
0.0381
6.9300
-10.8500
0.7000
237
501
535
469
469

-0.4880
-0.8491
-0.0293
9.3800
-12.1800
-7.0700
239
501
534
469
470

-0.5090
-0.8725
0.0020
8.2600
-14.1400
-3.4300
239
501
534
467
468

-0.5144
-0.8721
0.0483
6.2300
-14.1400
-7.9800
244
500
534
468
468

-0.4865
-0.8179
0.0346
4.2000
-11.3400
-16.7300
243
501
533
468
470

-0.4738
-0.8545
0.0752
5.1800
-6.7200
-24.2900
243
500
535
468
468

-0.4089
-0.9140
0.0932
-0.5600
-5.5300
-24.5700
241
500
534
467
466

-0.3484
-0.9072
0.0351
-1.8200
-6.1600
-9.9400
241
501
534
465
465

-0.4006
-0.9248
0.0854
0.9800
0.3500
-8.6100
241
501
534
464
464

-0.3572
-0.9599
0.0356
3.7800
3.1500
-4.6900
239
499
533
464
463

-0.3582
-0.9721
0.0185
10.4300
8.4700
-7.2100
239
502
534
464
463

-0.3396
-0.9565
0.0874
-5.8100
3.0800
-12.3900
239
500
536
462
463

-0.3411
-0.9418
-0.0386
-29.6800
9.4500
12.5300
281
500
533
450
452

-0.3831
-0.9292
0.0859
-10.0100
25.6900
-17.6400
396
492
529
448
448

-0.3279
-0.9126
-0.0644
-4.2000
0.4200
-7.3500
421
494
529
449
449

-0.2708
-0.9306
-0.1269
18.1300
-8.6800
-4.4100
433
496
531
455
457

-0.2723
-0.8916
-0.1230
0.1400
-13.5100
9.5200
441
499
532
464
462

-0.2889
-0.9745
-0.1098
-2.8700
-14.9800
-3.2900
446
502
533
467
467

-0.3250
-0.9555
-0.1108
-16.3800
-8.8900
0.3500
448
503
532
470
470

-0.3289
-0.9184
-0.1200
3.1500
-0.9100
5.4600
448
502
534
471
471

-0.3518
-0.9033
-0.0820
-4.5500
-6.7200
2.2400
449
502
534
471
471

-0.3670
-0.8984
-0.1152
-3.0100
-2.0300
-0.4900
449
503
535
473
473

-0.3601
-0.9052
-0.0795
0.7700
-1.6100
-3.5700
449
503
534
472
471

-0.3582
-0.8843
-0.0971
-13.4400
1.3300
-5.6700
449
504
534
471
471

-0.3504
-0.8965
-0.1196
-4.4100
-5.8100
-5.8800
448
503
536
470
470

-0.3465
-0.8882
-0.1078
2.7300
-0.1400
-2.3800
448
503
536
470
469

-0.3401
-0.9243
-0.1093
-1.3300
-0.5600
1.6100
441
503
534
470
470

-0.3494
-0.8716
-0.1064
-22.0500
4.9000
2.3100
425
502
534
468
469

-0.3797
-0.9233
-0.1537
1.3300
2.3100
-4.2700
404
494
535
464
463

-0.3836
-0.9506
-0.1649
-4.6900
-2.5900
-1.0500
386
479
532
459
457

-0.3523
-0.8847
-0.1488
-13.2300
-1.6100
-2.1700
368
468
530
452
450

-0.3592
-0.9170
-0.2255
-11.6200
5.9500
1.6100
355
448
529
443
444

-0.3562
-0.9218
-0.2489
19.6700
3.5000
-4.2700
338
431
526
434
434

-0.3699
-0.9087
-0.2181
-0.0700
13.5100
-7.5600
320
426
527
423
422

-0.3484
-0.9228
-0.2289
4.7600
0.7000
-17.5000
307
421
525
410
406

-0.3216
-0.8838
-0.2826
-4.4800
9.3100
-11.3400
304
402
525
400
401

-0.2967
-0.9194
-0.2416
6.4400
13.3700
-3.2900
294
401
527
405
403

-0.2913
-0.9248
-0.2406
12.1100
7.0700
-1.1200
273
422
528
411
412

-0.2723
-0.9121
-0.2245
8.6100
-8.0500
2.3100
249
457
528
420
420

-0.2733
-0.9223
-0.1981
13.0200
-4.6900
-1.1900
234
477
531
429
429

-0.2689
-0.8774
-0.1557
6.7200
-12.3200
6.3700
228
492
531
438
439

-0.2889
-0.9150
-0.1562
17.0800
-13.2300
7.2800
230
497
533
441
441

-0.3436
-0.9204
-0.1581
13.7900
-16.5200
4.0600
232
499
533
442
442

-0.3855
-0.9477
-0.1313
15.1200
-7.5600
3.0800
234
500
533
440
440

-0.3728
-0.9365
-0.1113
12.5300
-3.8500
-4.7600
235
498
533
437
439

-0.3523
-0.9296
-0.0996
7.4900
-4.9000
-7.1400
235
498
533
439
439

-0.3631
-0.9091
-0.0971
5.1800
-4.1300
-5.6000
235
499
533
440
441

-0.3567
-0.8857
-0.0737
5.7400
-2.7300
-0.2100
238
501
533
443
443

-0.3650
-0.9121
-0.0703
-0.3500
2.1700
3.0100
237
499
534
446
446

-0.3675
-0.8896
-0.0732
-2.1000
0.3500
-0.2100
238
499
534
448
448

-0.3601
-0.8979
-0.0727
2.1700
-1.1900
-2.0300
238
501
533
450
449

-0.3762
-0.9057
-0.0605
4.4800
-2.8700
0.5600
237
498
536
450
449

-0.3597
-0.9067
-0.0586
-0.3500
-3.5700
-2.0300
238
499
535
450
451

-0.3514
-0.8906
-0.0732
0.4900
-3.0100
-1.5400
236
499
533
450
451

-0.3836
-0.9028
-0.0712
2.4500
-2.3100
-1.4000
236
499
534
450
450

-0.3743
-0.8926
-0.0664
-1.4700
-1.6100
-2.0300
232
500
534
451
449

-0.3709
-0.9116
-0.0654
3.9200
-2.8000
-2.5200
232
498
534
451
453

-0.3655
-0.9145
-0.0669
-4.0600
-6.3700
-2.3800
230
499
535
450
450

-0.3709
-0.9389
-0.0776
1.4700
-7.1400
-3.9200
229
502
534
453
450

-0.3758
-0.9257
-0.0820
3.0100
-3.9900
-3.0800
228
500
533
451
451

-0.3665
-0.9184
-0.0693
-1.7500
0.7000
-2.8700
234
498
534
451
451

-0.3504
-0.9584
-0.1108
6.0200
3.7100
-0.6300
242
497
533
450
450

-0.3699
-0.8896
-0.1113
-4.1300
2.3800
-8.4000
257
494
533
448
449

-0.3919
-0.9160
-0.1293
-31.0800
-11.4800
-6.0900
330
487
533
448
450

-0.3406
-0.8886
-0.1669
-18.4800
-20.3700
-11.4800
381
482
532
447
447

-0.3445
-0.9160
-0.1630
-13.3700
-30.2400
-16.1700
401
483
532
448
447

-0.3265
-0.9414
-0.1610
0.0700
-23.9400
0.2800
422
491
532
450
448

-0.3299
-0.9028
-0.1684
6.3700
-10.2200
7.9800
433
497
533
452
452

-0.3533
-0.9248
-0.1405
3.8500
-13.3700
2.6600
436
499
531
454
456

-0.3504
-0.8945
-0.1488
-0.9800
-2.1000
2.7300
438
500
533
458
456

-0.3689
-0.8999
-0.1435
4.3400
-4.0600
0.7000
441
501
533
461
461

-0.3406
-0.8867
-0.1235
6.3700
1.6800
5.4600
442
502
534
467
465

-0.3728
-0.8682
-0.1025
0.4200
-3.1500
-3.1500
444
502
534
467
466

-0.3992
-0.8867
-0.1074
1.0500
-7.4200
-9.1000
446
504
534
466
466

-0.3748
-0.8926
-0.1118
1.2600
-3.6400
-3.2900
444
503
534
468
466

-0.3806
-0.8818
-0.0956
-0.1400
-4.1300
-3.4300
446
502
533
465
465

-0.3655
-0.9013
-0.1064
-0.8400
-7.3500
-7.4200
444
502
534
466
466

-0.3772
-0.8994
-0.1069
1.6800
-5.3200
-1.5400
443
502
534
464
466

-0.3850
-0.8935
-0.0956
-2.1000
-3.2200
-2.1000
444
503
534
466
467

-0.3684
-0.8940
-0.0986
-4.7600
-1.1200
-4.8300
444
504
534
465
465

-0.3675
-0.8911
-0.1308
-3.6400
0.5600
-0.8400
420
499
534
465
467

-0.3650
-0.8974
-0.1308
-31.9200
7.9800
-2.5200
399
474
533
462
464

-0.3611
-0.8930
-0.2030
-9.4500
7.0700
-12.5300
382
449
535
457
457

-0.3694
-0.8867
-0.2015
-3.7800
10.7100
-0.7700
368
437
534
450
451

-0.3816
-0.8642
-0.1942
6.0900
9.8000
-8.4000
350
430
531
441
441

-0.3187
-0.8818
-0.2333
-0.3500
12.2500
-11.8300
333
429
531
430
431

-0.3172
-0.9082
-0.2206
1.0500
4.9700
-13.0200
323
430
530
420
421

-0.3152
-0.8965
-0.2318
6.6500
-7.4900
-20.0900
315
420
528
403
402

-0.3250
-0.9301
-0.2338
-21.7000
8.3300
-36.8200
312
420
523
389
389

-0.2650
-0.9130
-0.2743
7.2100
-2.1000
-7.3500
305
423
525
385
385

-0.2699
-0.9170
-0.2767
6.9300
3.0100
4.5500
290
445
524
388
390

-0.2855
-0.9238
-0.2655
17.0100
-5.1800
-17.9200
274
470
527
396
395

-0.2747
-0.9433
-0.2367
22.8900
-20.6500
-7.7000
259
492
530
402
401

-0.2718
-0.8901
-0.1850
-1.7500
-11.6200
0.6300
254
495
530
409
409

-0.2977
-0.8706
-0.2162
14.4200
-12.8800
4.2700
249
496
532
413
412

-0.3436
-0.9311
-0.1679
3.7100
-10.2200
7.5600
245
498
533
421
421

-0.3577
-0.8311
-0.1464
8.6800
-9.1000
9.8000
243
499
533
426
426

-0.3806
-0.8569
-0.1230
8.8200
-5.9500
12.1100
242
500
533
431
431

-0.4046
-0.9033
-0.1254
10.8500
2.4500
9.0300
236
499
533
433
436

-0.4358
-0.8950
-0.1035
8.6800
0.0700
4.1300
229
500
533
435
436

-0.4172
-0.9135
-0.1054
14.2100
-4.0600
2.3100
227
499
533
437
440

-0.4216
-0.9140
-0.1176
9.5200
-10.2900
-3.2900
227
500
534
437
437

-0.4446
-0.9087
-0.0976
8.6800
-7.8400
-1.6100
230
500
534
438
438

-0.4304
-0.8960
-0.0673
4.3400
-5.6700
-3.5000
232
500
533
439
438

-0.4094
-0.8804
-0.0800
6.5100
-4.2700
-4.6200
236
500
534
437
436

-0.4207
-0.8886
-0.0625
2.1700
-7.5600
-3.9200
235
498
534
435
437

-0.4231
-0.8886
-0.0752
3.6400
-6.2300
-4.2000
236
499
534
435
435

-0.4270
-0.8774
-0.0669
3.3600
-4.8300
-3.1500
235
500
534
435
435

-0.4294
-0.8852
-0.0693
3.2200
-5.1800
-3.0100
238
499
532
434
435

-0.4421
-0.8852
-0.0605
0.2800
-3.7100
1.1900
238
500
534
437
436

-0.4441
-0.8901
-0.0630
1.5400
-2.5900
-0.7700
237
501
535
439
438

-0.4309
-0.8930
-0.0669
2.4500
-3.9900
-0.7000
239
499
536
439
439

-0.4338
-0.8930
-0.0688
2.8000
-3.3600
-3.5000
239
499
534
438
438

-0.4187
-0.8940
-0.0659
0.2800
2.6600
0.2800
251
498
536
441
441

-0.4509
-0.8691
-0.0756
-22.3300
-6.5800
-8.8200
375
498
533
443
443

-0.4568
-0.8808
-0.0620
-16.9400
-8.9600
-28.9100
396
493
532
446
445

-0.3845
-0.8872
-0.1039
-3.2200
-14.9800
-6.4400
413
496
533
449
449

-0.3909
-0.9048
-0.1161
3.2900
-21.1400
-6.0900
427
499
533
453
453

-0.4124
-0.8872
-0.0771
-10.5000
-24.0100
-4.5500
437
500
533
462
462

-0.4168
-0.9087
-0.1235
-3.1500
-21.6300
-10.0800
439
502
534
468
467

-0.3587
-0.9048
-0.1318
-1.5400
-18.6900
-10.9900
441
502
534
471
470

-0.4192
-0.8877
-0.1342
-1.7500
-18.6900
-10.6400
441
503
533
471
472

-0.3689
-0.9340
-0.1152
6.8600
-4.6900
-4.0600
440
503
534
471
471

-0.3723
-0.9316
-0.1210
-24.0800
-15.6100
-23.6600
439
501
533
470
471

-0.3660
-0.9277
-0.2220
-23.4500
-32.2000
-30.1700
438
502
532
468
469

-0.3318
-0.8706
-0.1879
-4.6900
-22.4000
-12.4600
437
501
533
468
467

-0.3328
-0.9311
-0.0952
0.0000
-16.4500
-12.6700
438
502
533
467
468

-0.3006
-0.9370
-0.0966
-0.0700
-22.9600
-9.1000
436
501
532
466
465

-0.2874
-0.9316
-0.1127
1.8900
-15.5400
4.8300
436
500
532
466
466

-0.3113
-0.8857
-0.1118
5.2500
-11.2000
-3.2900
434
500
532
465
464

-0.2933
-0.8745
-0.1479
36.1200
-6.1600
-22.5400
432
496
532
464
462