-0.3001
-0.9218
-0.2133
3.3600
-4.8300
-1.9600
438
448
475
428
428

-0.3065
-0.9135
-0.2030
3.1500
-3.5000
-2.5200
437
448
474
429
430

-0.2972
-0.9179
-0.2020
2.8700
-3.6400
-2.4500
437
448
474
428
430

-0.2962
-0.9243
-0.2074
3.4300
-3.6400
-1.5400
438
448
474
428
428

-0.2996
-0.9145
-0.2098
2.4500
-4.3400
-1.8900
438
448
474
427
428

-0.3089
-0.9091
-0.1967
2.5200
-2.8000
-3.0800
437
447
474
428
428

-0.3045
-0.9160
-0.2069
1.7500
-3.5700
-3.0800
438
448
474
428
427

-0.2996
-0.9257
-0.2035
1.3300
-4.2000
-2.1000
437
448
473
427
427

-0.3074
-0.9282
-0.1928
1.4700
-4.2000
-2.5900
439
448
474
428
428

-0.3001
-0.9189
-0.2025
2.1700
-3.5000
-3.7100
439
448
475
428
428

-0.3021
-0.9126
-0.1986
2.3800
-2.8700
-2.8700
437
448
474
428
428

-0.3040
-0.9174
-0.1957
2.4500
-3.5700
-3.0800
437
450
474
427
429

-0.2987
-0.9223
-0.1952
1.3300
-3.7800
-3.1500
437
447
474
429
427

-0.3035
-0.9243
-0.1996
1.7500
-3.7800
-3.0100
437
448
473
427
427

-0.3157
-0.9218
-0.2025
-1.7500
-3.6400
-6.4400
437
448
475
428
428

-0.2977
-0.9262
-0.2045
-0.4900
-3.0800
-4.9000
437
448
476
428
428

-0.3030
-0.9252
-0.2064
-3.1500
-1.9600
-5.7400
437
447
474
429
430

-0.2943
-0.8974
-0.2386
-0.5600
-0.4900
-2.6600
437
448
474
429
429

-0.2835
-0.9174
-0.2240
2.8700
-1.9600
-4.4800
436
448
474
428
427

-0.2747
-0.9160
-0.2108
3.9200
-4.6200
-1.3300
437
448
474
428
428

-0.2972
-0.9267
-0.2250
5.3900
-4.9700
-0.9100
437
448
474
427
426

-0.3001
-0.9238
-0.2011
1.1900
-2.9400
-2.9400
437
448
474
428
428

-0.2923
-0.9179
-0.2123
2.0300
-2.8700
-0.0700
436
448
475
428
428

-0.3060
-0.9228
-0.2089
0.5600
-3.7100
-3.0100
436
449
473
427
428

-0.3084
-0.9262
-0.2259
2.9400
-2.0300
-3.2900
437
448
474
428
428

-0.2952
-0.9301
-0.2186
0.7700
-3.2200
-3.7100
437
449
474
428
427

-0.2845
-0.9091
-0.2298
0.1400
-3.3600
-3.4300
436
448
475
428
428

-0.2821
-0.9130
-0.2274
4.2700
-5.1100
-1.4700
436
448
474
428
428

-0.2943
-0.9331
-0.2035
4.2000
-5.5300
-1.8200
437
448
474
427
427

-0.3050
-0.9223
-0.2338
2.4500
-3.7800
-2.8700
438
448
476
430
428

-0.3089
-0.9252
-0.2162
1.4000
-3.0800
-3.6400
437
448
474
428
428

-0.2982
-0.9184
-0.2172
-3.5700
-1.5400
-4.4800
437
447
474
428
428

-0.2933
-0.9287
-0.2333
-6.3000
-1.9600
-3.8500
436
448
475
427
429

-0.2889
-0.9091
-0.2464
-2.6600
-1.6800
-1.6800
435
448
474
427
428

-0.2874
-0.9077
-0.2499
1.3300
-1.4700
-2.0300
435
447
475
428
428

-0.2860
-0.9165
-0.2430
0.4900
-1.1900
-4.6900
435
448
474
429
429

-0.2723
-0.9072
-0.2455
-2.9400
-1.6100
-4.7600
435
448
475
429
429

-0.2704
-0.8965
-0.2469
-0.8400
-2.5900
-4.1300
435
449
473
431
431

-0.2811
-0.9121
-0.2562
-1.4000
-2.5900
-3.9900
434
448
474
429
428

-0.2777
-0.9140
-0.2635
0.0700
-3.0800
-3.4300
433
448
475
428
429

-0.2786
-0.9043
-0.2557
-0.7000
-2.1700
-3.7800
432
448
473
428
429

-0.2669
-0.9121
-0.2611
1.4700
-2.0300
-4.0600
430
448
474
429
430

-0.2869
-0.9209
-0.2611
3.9200
-2.9400
-4.1300
427
447
468
428
429

-0.2762
-0.9257
-0.2835
3.2900
-3.6400
-8.6100
418
432
443
428
429

-0.2347
-0.9184
-0.2840
-1.6100
-4.0600
-5.9500
393
392
396
432
429

-0.2738
-0.9126
-0.2762
2.3800
-1.6100
-2.7300
366
343
361
431
430

-0.2684
-0.9296
-0.2308
-0.9100
-3.8500
-1.6100
332
299
316
434
432

-0.2708
-0.9077
-0.2879
-17.8500
-2.5200
-7.1400
300
269
272
432
432

-0.2479
-0.9145
-0.2704
-0.6300
2.7300
-9.8700
273
253
246
428
430

-0.2557
-0.9370
-0.2972
2.0300
0.4900
-4.9000
261
245
235
416
417

-0.2664
-0.9096
-0.3099
12.3200
4.4800
-9.2400
255
243
232
404
406

-0.2474
-0.9228
-0.2660
7.0700
5.6000
-12.5300
250
241
228
392
395

-0.2313
-0.9218
-0.2713
18.1300
-1.7500
-9.6600
242
241
227
369
367

-0.1806
-0.9052
-0.2333
28.9100
-10.6400
-1.4000
240
243
232
349
351

-0.1957
-0.9555
-0.1932
9.8000
-2.5200
2.0300
236
245
237
335
335

-0.2094
-0.9482
-0.1786
-2.3800
0.1400
-4.6900
241
248
233
320
320

-0.1864
-0.9496
-0.2020
-11.6900
-1.2600
3.4300
238
248
221
301
303

-0.2045
-0.9511
-0.2391
-8.1200
-0.8400
1.7500
232
246
217
289
288

-0.2298
-0.9540
-0.2289
4.7600
-1.9600
-1.5400
230
249
214
286
284

-0.2191
-0.9511
-0.2157
9.4500
-6.8600
-3.1500
226
246
210
279
279

-0.2328
-0.9565
-0.2186
11.9700
-7.0000
-3.1500
231
246
208
267
267

-0.2040
-0.9262
-0.1908
2.7300
-5.0400
-6.7200
233
248
208
258
256

-0.2069
-0.9565
-0.1981
0.9800
-6.4400
-3.1500
231
249
208
254
249

-0.2225
-0.9443
-0.2069
1.4000
-4.2000
-2.4500
231
249
211
251
250

-0.2118
-0.9521
-0.1991
0.7700
-4.5500
-5.1100
233
248
209
245
246

-0.2040
-0.9501
-0.2069
5.1800
-5.6000
-4.3400
233
248
209
246
247

-0.2137
-0.9614
-0.1972
3.2200
-6.3000
-4.2000
234
249
213
243
244

-0.2118
-0.9565
-0.1957
0.2800
-3.3600
-3.2900
232
251
213
244
246

-0.2040
-0.9550
-0.2128
4.1300
-3.7100
-4.4100
233
249
213
245
246

-0.2084
-0.9531
-0.1967
3.9200
-3.4300
-4.3400
235
249
214
243
243

-0.1996
-0.9653
-0.2079
6.5800
-4.4800
-3.9900
235
251
214
243
244

-0.2118
-0.9418
-0.1942
-0.0700
-2.9400
-4.4100
237
252
215
243
243

-0.2064
-0.9633
-0.2020
-7.5600
-1.0500
-10.0800
238
255
216
247
246

-0.1835
-0.9853
-0.2259
-7.2800
-0.9800
-4.9700
243
257
226
249
250

-0.1810
-0.9340
-0.2167
-8.6800
1.5400
1.5400
261
264
246
264
264

-0.1708
-0.9306
-0.2743
-10.9200
-7.7700
-3.0800
301
292
282
291
291

-0.1728
-0.9423
-0.2982
-7.4900
-12.5300
3.9200
343
331
353
322
320

-0.1903
-0.9589
-0.2938
-8.8900
-17.0800
-0.1400
381
387
417
377
375

-0.2245
-0.9262
-0.2943
-2.5900
-19.9500
0.9100
402
431
461
410
409

-0.2235
-0.9292
-0.2777
2.8700
-15.1900
-4.4100
418
457
489
427
425

-0.2474
-0.8945
-0.2699
-0.9100
-5.1100
-5.1100
424
475
503
434
436

-0.2157
-0.9199
-0.2884
-10.9900
0.1400
-5.6700
431
486
512
446
448

-0.2040
-0.9101
-0.2982
-2.1700
-2.3100
-2.6600
436
494
518
457
456

-0.2015
-0.9433
-0.2908
3.0100
-4.6200
-4.0600
439
497
520
462
464

-0.2084
-0.9179
-0.3060
2.5200
-4.2700
-5.1100
441
500
521
465
465

-0.2196
-0.9282
-0.3026
7.0700
-6.0900
-2.8700
441
502
522
469
467

-0.2176
-0.9331
-0.2884
2.8700
-4.7600
-1.5400
441
502
522
467
467

-0.2216
-0.9213
-0.2982
2.1000
-4.0600
-1.2600
442
502
525
467
466

-0.2225
-0.9243
-0.2913
5.4600
-1.2600
-8.4700
442
498
522
466
468

-0.2011
-0.9257
-0.2777
-7.7700
2.6600
-0.4900
438
483
503
465
463

-0.2142
-0.9228
-0.3177
-6.8600
3.5700
-1.6100
423
442
456
461
462

-0.2079
-0.8940
-0.2991
-6.0900
6.3000
-3.6400
401
389
398
457
457

-0.2220
-0.9394
-0.3518
1.1200
4.3400
-2.3100
382
346
341
450
448

-0.1806
-0.9126
-0.3494
3.2200
7.1400
0.7700
355
301
291
441
441

-0.1918
-0.9194
-0.3455
5.8100
0.0700
5.4600
299
267
264
431
431

-0.1937
-0.9043
-0.3284
3.4300
1.8900
6.0200
266
253
253
423
424

-0.2094
-0.9301
-0.3504
9.1700
0.9100
2.5900
253
247
247
417
416

-0.1962
-0.8896
-0.3133
19.1800
1.9600
-2.3800
248
247
246
409
410

-0.2216
-0.8974
-0.2826
0.4200
3.4300
-6.1600
245
246
245
403
403

-0.1718
-0.8823
-0.2782
-12.7400
-6.8600
-6.2300
241
245
244
386
387

-0.2137
-0.8921
-0.2762
-8.2600
-19.3200
-13.3700
237
246
246
369
368

-0.2050
-0.9077
-0.2972
6.5800
-14.9800
-7.3500
233
244
246
357
356

-0.2069
-0.8940
-0.2616
6.4400
-6.5100
-3.2900
226
242
247
338
337

-0.2152
-0.9145
-0.2786
10.6400
-2.3800
0.3500
228
244
252
314
314

-0.1620
-0.9204
-0.2430
18.4800
2.0300
-1.6800
233
249
265
292
291

-0.1254
-0.9301
-0.2396
9.0300
-4.6200
-6.3000
237
247
271
269
270

-0.2142
-0.9321
-0.2342
5.0400
-1.1200
-8.1200
234
250
270
254
255

-0.1854
-0.9272
-0.2440
5.7400
-3.6400
1.2600
234
248
263
256
254

-0.2020
-0.9448
-0.2250
6.8600
-1.7500
-0.4900
237
248
254
260
259

-0.2162
-1.0297
-0.1606
10.3600
0.8400
-1.6800
241
252
242
264
264

-0.2889
-0.9126
-0.2220
-3.3600
-1.6100
-7.9800
232
249
233
266
265

-0.2084
-0.9658
-0.2079
-17.1500
-13.3000
-9.9400
225
245
228
262
261

-0.1957
-0.9789
-0.2630
-2.8700
-14.5600
-3.2200
223
246
220
264
264

-0.1937
-0.9643
-0.2557
7.2800
-7.1400
-1.6800
223
245
212
269
270

-0.1937
-0.9594
-0.2499
10.7800
-1.6100
3.6400
227
249
209
261
260

-0.2269
-0.9409
-0.2323
9.5200
-6.0200
2.0300
231
255
214
256
255

-0.1942
-0.9472
-0.2147
10.1500
-12.2500
0.3500
231
254
216
253
253

-0.2323
-0.9355
-0.2054
13.3700
-11.6900
2.1700
229
256
220
255
254

-0.2269
-0.9433
-0.1889
5.4600
-3.4300
-4.7600
232
261
223
251
252

-0.2347
-0.9536
-0.1962
0.8400
-2.1000
-4.1300
230
258
224
249
249

-0.2357
-0.9345
-0.1840
3.5700
-1.4700
-4.8300
231
260
223
245
246

-0.2328
-0.9570
-0.1786
0.1400
-2.7300
-4.8300
232
259
224
245
241

-0.2255
-0.9384
-0.1747
0.7700
-2.0300
-3.4300
232
259
224
242
242

-0.2196
-0.9204
-0.1757
2.6600
-4.1300
-3.1500
233
257
222
244
246

-0.2430
-0.9487
-0.1859
0.1400
-3.5000
-2.5900
233
259
223
246
247

-0.2328
-0.9555
-0.1889
3.7100
-7.1400
-6.9300
235
259
225
249
249

-0.2201
-0.9516
-0.1806
2.1000
-6.0900
-3.1500
235
259
225
258
258

-0.2338
-0.9667
-0.1898
2.8700
-2.2400
-2.8700
238
259
226
266
265

-0.2250
-0.9575
-0.1864
0.0700
-2.8000
-4.2700
238
260
227
270
270

-0.2347
-0.9472
-0.1859
-2.6600
-1.6100
-2.8700
242
260
230
283
282

-0.2098
-0.9277
-0.2054
-3.2900
7.4200
7.8400
245
260
235
357
357

-0.2591
-0.9277
-0.1957
1.0500
7.1400
-5.4600
248
263
241
393
393

-0.2167
-0.9448
-0.2094
-4.6200
12.6000
7.4900
262
274
254
409
409

-0.2216
-0.9228
-0.2313
-10.5700
-3.6400
-6.2300
287
288
283
415
415

-0.2391
-0.8764
-0.2386
-1.1900
-2.9400
-10.1500
326
320
337
416
416

-0.2479
-0.8608
-0.2489
-7.5600
-6.9300
-7.8400
372
380
408
421
420

-0.2074
-0.8828
-0.2259
-1.4000
-6.7900
3.1500
411
446
476
437
437

-0.2142
-0.9213
-0.2635
3.0100
-10.9900
7.2800
435
482
507
456
456

-0.2396
-1.0121
-0.2216
97.1600
-22.4000
-0.0700
446
498
520
465
467

-0.2528
-0.9662
-0.2196
5.4600
-8.7500
-1.2600
449
502
523
468
468

-0.2494
-0.9223
-0.1962
16.4500
-4.2000
-4.4800
450
503
525
470
470

-0.2582
-0.9472
-0.1679
12.6000
-4.0600
-4.2700
453
504
525
471
470

-0.2601
-0.9374
-0.1566
2.8700
-3.3600
-3.2900
452
504
525
471
471

-0.2674
-0.9135
-0.1557
0.6300
-3.9200
-2.5200
452
504
526
471
469

-0.2747
-0.9243
-0.1610
-2.0300
-1.7500
-7.4900
452
503
526
470
469

-0.2723
-0.9423
-0.1850
2.7300
-3.7100
-5.3900
453
502
525
469
469

-0.2606
-0.9306
-0.1684
-0.4200
-1.1900
-7.5600
452
501
524
469
469

-0.2469
-0.9321
-0.1908
-9.3100
2.7300
-3.7800
449
479
517
468
468

-0.2611
-0.9296
-0.2167
-8.6100
2.7300
-9.3800
441
449
495
467
466

-0.2464
-0.8984
-0.2308
-6.1600
-3.2200
-9.8000
413
397
447
467
467

-0.2323
-0.9170
-0.2328
2.3100
-1.1200
-9.8000
389
353
391
464
464

-0.2030
-0.9531
-0.2538
-5.6700
1.4000
-3.7800
364
317
337
459
460

-0.2357
-0.9174
-0.2689
7.2100
-4.2700
-8.8900
335
290
307
455
455

-0.2147
-0.9345
-0.2464
-15.8200
-1.8900
-13.1600
303
264
273
440
440

-0.2323
-0.9213
-0.2869
14.4900
-14.3500
-16.9400
273
248
256
431
431

-0.1645
-0.9277
-0.2474
5.3900
-13.2300
-11.6200
256
240
242
416
416

-0.2069
-0.9496
-0.2367
0.4900
-22.5400
-20.7900
239
232
232
398
396

-0.1532
-0.9711
-0.2669
16.9400
-29.0500
-9.9400
222
234
236
394
397

-0.1640
-0.9609
-0.1893
28.0700
-15.4700
-2.9400
215
234
238
394
393

-0.1527
-0.9457
-0.1498
8.9600
-7.8400
-10.9200
209
234
233
382
382

-0.1459
-0.9394
-0.1488
2.8700
-4.7600
-3.8500
212
235
230
367
369

-0.1318
-0.9521
-0.1430
1.8900
-15.3300
0.4200
210
234
227
356
356

-0.1688
-1.0014
-0.1279
-7.5600
-14.5600
-0.7000
210
238
223
342
342

-0.1479
-0.9823
-0.1942
9.1700
-7.4200
0.8400
213
236
221
334
333

-0.1386
-0.9545
-0.1566
4.4800
-3.2900
0.2100
214
237
221
312
312

-0.1591
-0.9677
-0.1562
2.3800
-2.7300
-3.9900
216
238
222
288
288

-0.1649
-0.9496
-0.1581
1.8900
-3.2200
-1.4700
217
239
220
273
272

-0.1566
-0.9809
-0.1703
3.4300
-4.2700
-2.7300
219
238
220
262
264

-0.1566
-0.9697
-0.1562
4.1300
-2.1000
-2.1700
220
239
222
256
254

-0.1576
-0.9706
-0.1493
9.8700
-3.3600
-2.3100
220
240
222
253
253

-0.1684
-0.9633
-0.1264
0.2800
-2.4500
-1.6100
220
240
223
254
253

-0.1703
-0.9711
-0.1523
6.6500
-3.0100
-2.1700
220
240
224
252
254

-0.1684
-0.9882
-0.1425
2.9400
-4.7600
-3.2200
220
241
223
254
254

-0.1737
-0.9643
-0.1454
3.0800
-1.6800
-2.9400
224
240
224
254
253

-0.1698
-0.9750
-0.1332
2.9400
-3.0100
-2.5200
222
242
225
257
256

-0.1786
-0.9589
-0.1440
2.1000
-3.1500
-1.8900
224
242
226
259
258

-0.1752
-0.9692
-0.1362
8.1200
-2.8000
-4.1300
224
241
227
263
263

-0.1791
-0.9711
-0.1366
8.3300
-3.7800
-3.5700
226
241
232
268
268

-0.1742
-0.9780
-0.1127
1.0500
-2.8000
-5.1800
226
242
232
266
268

-0.1674
-0.9648
-0.1274
2.3800
-3.1500
-3.7800
227
243
234
258
259

-0.1640
-0.9628
-0.1274
1.8200
-5.5300
-2.2400
227
244
233
251
249

-0.1640
-0.9809
-0.1371
7.2100
-4.2000
-3.8500
227
245
234
245
246

-0.1757
-0.9887
-0.1298
3.2200
-4.4800
-2.9400
229
243
234
244
245

-0.1566
-0.9745
-0.1308
-0.6300
-5.8800
0.3500
230
244
235
253
254

-0.1932
-0.9750
-0.1557
3.2900
-0.9100
2.7300
230
246
238
275
275

-0.1776
-0.9609
-0.1181
-7.7700
9.1000
1.4000
238
249
247
296
298

-0.1771
-0.9496
-0.1430
-17.5700
11.9700
0.3500
250
255
260
318
318

-0.1669
-0.9170
-0.2025
-1.1900
2.0300
3.6400
284
279
289
349
349

-0.1884
-0.9809
-0.2015
9.9400
-2.3800
11.0600
328
318
350
376
378

-0.2357
-0.9955
-0.2079
12.7400
-5.6000
0.7700
371
380
410
399
400

-0.2147
-0.9272
-0.2225
3.0100
-8.8200
2.7300
401
432
466
418
419

-0.2201
-0.9565
-0.2357
10.0100
-6.0900
8.1900
426
463
495
435
435

-0.2640
-0.9545
-0.2220
-3.2200
-13.9300
9.1700
438
488
508
454
455

-0.2826
-1.0243
-0.2015
5.0400
-0.2800
3.1500
444
499
517
465
465

-0.3006
-0.9155
-0.2045
-2.8000
-1.4000
1.9600
450
502
521
469
467

-0.3006
-0.9316
-0.2186
1.7500
-2.3800
1.3300
453
505
524
471
469

-0.3074
-0.9106
-0.2172
4.2700
-4.0600
0.0000
451
505
525
472
470

-0.3065
-0.9252
-0.2137
3.9200
-1.1900
0.0000
452
504
524
472
473

-0.3143
-0.9311
-0.2103
2.0300
-3.8500
-3.0100
452
504
525
471
471

-0.3001
-0.9262
-0.2123
-1.4000
-1.6100
-4.9700
452
504
524
470
470

-0.2962
-0.9101
-0.2191
0.7700
-4.2000
-3.9900
452
503
526
468
472

-0.2826
-0.9082
-0.2020
-1.5400
0.3500
-3.1500
451
504
523
469
469

-0.2869
-0.9292
-0.2411
1.6800
-2.8700
1.5400
451
498
522
470
469

-0.3070
-0.9165
-0.2289
0.9800
-1.0500
-2.8000
449
491
520
469
470

-0.2967
-0.9233
-0.2206
-8.9600
0.4200
4.1300
446
477
511
469
468

-0.2957
-0.9184
-0.2298
0.7000
-3.2900
-2.0300
434
445
488
468
468

-0.2972
-0.9301
-0.2440
-0.9100
-2.3800
3.2200
416
401
446
467
467

-0.3196
-0.9316
-0.2206
16.0300
-2.5200
-4.6900
386
333
372
466
465

-0.2982
-0.9384
-0.2211
3.9200
-3.9200
-10.5000
337
282
307
459
460

-0.2933
-0.9365
-0.2206
8.8900
-6.9300
-10.1500
306
263
281
454
452

-0.2796
-0.8955
-0.2133
3.8500
-7.2100
-8.5400
286
250
261
442
442

-0.2694
-0.9472
-0.2025
4.3400
-7.8400
-15.6100
263
243
248
430
429

-0.2308
-0.9331
-0.2172
1.4700
-3.3600
-3.0800
254
239
241
416
414

-0.2333
-0.9428
-0.2191
7.4900
-7.1400
-9.3100
248
234
239
401
401

-0.2347
-0.9492
-0.2050
3.5700
-16.6600
-18.9700
244
234
239
392
392

-0.2318
-0.9433
-0.2006
-5.7400
-10.6400
-11.8300
242
235
239
386
386

-0.2357
-0.9570
-0.2264
10.1500
-28.9100
-8.5400
237
232
243
380
380

-0.1835
-0.9672
-0.2113
-6.8600
-21.0700
-9.2400
234
231
242
377
377

-0.2006
-0.9618
-0.1932
1.8900
-13.8600
0.9800
232
234
233
367
368

-0.1884
-0.9579
-0.1967
1.9600
-7.4900
1.9600
230
235
227
354
352

-0.1889
-0.9736
-0.1996
-5.8800
-11.6200
-8.9600
230
233
220
343
343

-0.2298
-0.9536
-0.2113
17.1500
-24.2900
-29.8200
231
233
217
343
343

-0.1362
-0.9121
-0.1230
27.1600
-30.8000
-23.1700
233
232
215
336
338

-0.1318
-0.9740
-0.1337
9.1000
-3.3600
8.1200
234
230
216
320
319

-0.1449
-0.9409
-0.1118
8.6100
15.9600
17.9200
234
234
219
290
290

-0.2069
-0.9843
-0.1196
10.9200
-6.0200
0.0000
236
235
222
268
270

-0.2074
-0.9614
-0.0971
3.1500
-2.4500
-3.1500
235
236
222
261
261

-0.1859
-0.9579
-0.0898
0.7000
-2.3800
-0.9800
235
237
224
258
260

-0.2103
-0.9560
-0.1054
4.3400
-4.6900
-3.2200
238
237
225
257
257

-0.1889
-0.9819
-0.0810
2.6600
-2.4500
-3.2200
239
237
226
258
257

-0.1942
-0.9653
-0.0878
0.9100
-3.4300
-3.9200
238
240
226
258
258

-0.1976
-0.9736
-0.0927
5.6700
-3.6400
-3.2200
240
242
229
257
260

-0.1864
-0.9726
-0.0727
2.2400
-3.9900
-2.0300
241
242
226
257
256

-0.2074
-0.9794
-0.0771
2.0300
-3.4300
-2.7300
241
242
228
253
252

-0.1981
-0.9653
-0.0805
5.1800
-3.6400
-1.7500
241
241
228
255
255

-0.1986
-0.9789
-0.0722
3.4300
-3.4300
-2.6600
242
242
228
256
256

-0.1996
-0.9692
-0.0776
3.3600
-4.1300
-3.1500
243
244
231
258
258

-0.1981
-0.9521
-0.0649
0.8400
-1.4000
-1.3300
245
245
232
260
260

-0.1932
-0.9794
-0.0742
5.0400
-1.1200
0.1400
244
243
232
261
260

-0.2064
-0.9662
-0.0712
5.0400
2.3100
4.7600
245
245
234
265
265

-0.2167
-0.9496
-0.0586
1.0500
7.4900
2.9400
250
247
236
279
277

-0.2191
-0.9618
-0.0654
3.2900
18.2700
6.9300
250
249
242
306
307

-0.2494
-0.9453
-0.0752
-8.6100
29.2600
1.1200
260
251
246
332
332

-0.2274
-0.9609
-0.1215
-9.2400
27.9300
-1.5400
271
254
257
377
377

-0.2206
-0.9326
-0.1386
-7.9100
18.4100
0.5600
278
256
260
407
407

-0.2084
-0.9438
-0.1342
3.1500
26.3900
11.4800
284
259
265
421
420

-0.2142
-0.9199
-0.1303
6.2300
6.5800
-3.0100
292
264
272
421
422

-0.2362
-0.9067
-0.1352
-3.9900
5.8800
-6.2300
312
270
290
420
421

-0.2362
-0.9101
-0.1303
-0.4900
-17.6400
-10.5700
343
300
348
422
422

-0.2391
-0.9126
-0.1337
18.0600
-8.8200
3.4300
381
394
431
430
430

-0.2279
-0.9628
-0.1542
5.8100
-6.0900
4.4100
415
449
483
437
438

-0.2582
-0.9570
-0.1449
3.5000
-12.3900
5.9500
435
479
506
448
448

-0.2757
-0.9306
-0.1191
2.8000
-9.1000
2.6600
442
493
516
454
453

-0.3123
-0.9345
-0.1332
10.2200
-5.4600
-0.9100
448
498
521
458
459

-0.3201
-0.9536
-0.1205
20.2300
-6.6500
1.2600
449
501
523
462
461

-0.3074
-0.9711
-0.1093
14.9800
-7.0700
0.9800
450
502
523
463
462

-0.3279
-0.9575
-0.0952
14.4200
-6.5100
0.9800
452
503
525
463
465

-0.3309
-0.9614
-0.0834
7.9800
-7.3500
-1.8200
453
504
525
464
464

-0.3182
-0.9511
-0.0859
6.8600
-6.0900
-3.6400
453
506
525
464
463

-0.3196
-0.9579
-0.0805
2.9400
-5.3200
-1.2600
454
506
525
465
465

-0.3235
-0.9350
-0.0756
-0.7700
-3.8500
-1.4000
453
506
527
464
463

-0.3201
-0.9331
-0.0756
0.0700
-4.2000
-2.8000
453
506
525
462
464

-0.3192
-0.9282
-0.0742
0.5600
-4.2700
-4.5500
454
505
525
463
463

-0.2991
-0.9243
-0.0561
-4.7600
-4.7600
-6.3000
453
506
525
462
461

-0.3035
-0.9213
-0.0732
-14.3500
-0.3500
-6.2300
452
505
524
463
462

-0.3133
-0.9072
-0.0776
-3.5000
0.1400
-11.1300
451
504
524
461
462

-0.2972
-0.9062
-0.0820
-16.1700
0.9100
-11.9700
445
498
523
462
462

-0.2889
-0.9399
-0.1132
-5.6700
1.7500
-6.2300
431
467
516
463
464

-0.2572
-0.9272
-0.1005
8.1900
-5.1100
7.0700
410
423
478
464
463

-0.2601
-0.9570
-0.1030
12.3900
-13.8600
-3.2900
390
365
408
464
463

-0.3060
-0.9711
-0.1157
-0.7700
-8.3300
-5.8100
359
310
339
463
462

-0.3040
-0.9301
-0.1030
6.7900
-12.8100
-17.5000
324
276
288
458
458

-0.2767
-0.9394
-0.0766
-1.1900
-10.0100
-12.8100
306
264
266
455
454

-0.2582
-0.9570
-0.0883
-10.0100
-3.2900
-2.1700
292
254
257
450
450

-0.2767
-0.9911
-0.1152
-4.6200
-9.1000
-10.0800
277
249
250
431
432

-0.2743
-0.9667
-0.1337
-7.2800
-2.2400
-3.5700
266
243
243
408
408

-0.2235
-0.8974
-0.1337
-13.3700
-7.8400
0.6300
262
245
243
386
386

-0.2821
-0.9170
-0.1869
-4.1300
-10.0100
-5.3200
254
244
240
366
365

-0.2821
-0.9335
-0.1791
-3.0800
-19.1800
-18.2000
251
242
238
354
355

-0.2430
-0.9536
-0.2118
1.1900
-16.8000
-12.7400
250
243
240
348
349

-0.2313
-0.9653
-0.1576
1.9600
-9.8000
-4.6900
248
244
234
343
343

-0.2167
-0.9565
-0.1220
7.2100
-2.1700
4.4100
248
247
226
334
335

-0.2445
-0.9492
-0.1479
9.9400
-1.2600
-6.1600
248
249
224
316
318

-0.2630
-0.9570
-0.1352
3.0800
-4.0600
-1.7500
244
251
220
297
296

-0.2333
-0.9516
-0.1376
4.2700
-6.0900
-5.2500
244
251
217
276
275

-0.2372
-0.9531
-0.1401
2.4500
-9.7300
-0.6300
243
251
219
264
262

-0.2279
-0.9394
-0.1279
1.1900
-4.0600
-1.9600
245
252
219
258
257

-0.2450
-0.9618
-0.1337
5.4600
-5.1800
-1.9600
245
253
221
252
254

-0.2367
-0.9506
-0.1098
2.8700
-5.8100
-1.1900
249
252
222
257
256

-0.2396
-0.9443
-0.1249
4.7600
-5.1800
0.7700
251
252
223
263
263

-0.2396
-0.9570
-0.1093
6.9300
-8.2600
-1.2600
253
253
223
269
269

-0.2621
-0.9531
-0.1030
0.9100
-2.1000
-5.7400
254
254
224
270
271

-0.2567
-0.9345
-0.0966
1.8900
-6.7900
-11.5500
255
251
225
269
270

-0.2396
-0.9296
-0.0986
10.2900
-4.0600
-1.2600
257
252
226
267
266

-0.2425
-0.9736
-0.0747
6.4400
-6.7200
-5.8800
257
254
224
267
267

-0.2440
-0.9594
-0.0805
5.2500
-4.4100
-3.2200
258
253
225
269
268

-0.2279
-0.9677
-0.0703
1.5400
-3.3600
-1.4700
261
255
227
272
273

-0.2489
-0.9926
-0.0864
3.9200
-0.4200
0.1400
261
256
229
286
284

-0.2342
-0.9804
-0.1127
9.2400
5.1100
13.7200
263
256
234
373
373

-0.2538
-0.9453
-0.0503
13.0200
11.3400
16.7300
266
258
241
422
423

-0.2991
-0.9462
-0.0449
-5.9500
16.5900
12.6700
272
263
250
440
440

-0.3304
-0.9296
-0.0693
-10.0100
17.0800
-10.5700
280
266
264
445
446

-0.2801
-0.9135
-0.1171
-5.2500
6.5800
-2.3800
311
281
290
446
447

-0.3148
-0.9140
-0.1274
-10.4300
-17.7100
-12.3900
334
300
350
446
447

-0.3201
-0.9316
-0.1664
5.9500
-11.9700
2.6600
390
404
447
454
452

-0.3045
-0.8911
-0.1381
-17.3600
-12.4600
11.1300
435
478
508
460
462

-0.3221
-0.8901
-0.5656
49.7700
-12.1100
4.4100
449
500
522
465
465

-0.3465
-0.9311
-0.0776
3.7800
-0.2800
2.8000
455
504
528
468
466

-0.3728
-0.8974
-0.0791
-6.7200
-4.2000
-1.1900
455
506
527
469
467

-0.3440
-0.9033
-0.0786
-2.6600
-9.9400
-0.4200
456
508
528
470
468

-0.3479
-0.9189
-0.0478
1.3300
-5.6000
-2.1700
457
507
528
469
469

-0.3494
-0.9150
-0.0561
-1.4000
-3.7800
-3.5000
457
505
529
470
470

-0.3396
-0.9248
-0.0444
0.1400
-3.7800
-4.2000
458
507
529
470
469

-0.3450
-0.9121
-0.0376
-5.1800
-1.0500
-2.8000
457
506
529
468
470

-0.3616
-0.9150
-0.0551
-0.3500
-3.2200
-4.4800
457
506
529
470
470

-0.3553
-0.8950
-0.0478
-6.9300
-2.3100
-6.1600
456
508
529
470
470

-0.3372
-0.9414
-0.0747
4.5500
-3.7100
-2.1700
457
506
529
470
471

-0.3475
-0.9111
-0.0781
3.0800
-2.9400
-4.6900
457
505
529
469
469

-0.3426
-0.9038
-0.0473
-2.1700
-1.2600
-5.1800
456
504
528
468
469
