-0.1430
-0.9628
-0.1752
4.9700
-5.3200
-3.2200
431
465
510
421
421

-0.1386
-0.9628
-0.1654
2.8700
-4.8300
-1.4700
430
466
511
422
422

-0.1488
-0.9745
-0.1664
1.8200
-5.2500
-1.9600
431
465
510
422
420

-0.1576
-0.9584
-0.1664
1.6100
-4.1300
-2.2400
430
466
509
421
421

-0.1537
-0.9672
-0.1649
1.5400
-3.1500
-3.5000
432
466
510
421
421

-0.1537
-0.9804
-0.1723
-0.1400
-3.2900
-4.4800
429
467
510
420
422

-0.1464
-0.9760
-0.1752
-3.8500
-3.9900
-6.0200
430
466
510
421
422

-0.1386
-0.9599
-0.1835
-4.9700
-1.5400
-1.4000
432
466
510
422
423

-0.1425
-0.9594
-0.2074
-1.7500
-3.5700
-2.0300
430
463
505
423
423

-0.1518
-0.9697
-0.2030
-2.8000
-1.1900
-4.4100
431
461
503
422
424

-0.1347
-0.9536
-0.1952
-5.3900
2.9400
-5.5300
431
459
501
423
424

-0.1283
-0.9667
-0.2269
-2.1000
-6.4400
-10.7800
432
451
489
423
424

-0.1293
-0.9482
-0.2499
-16.3100
-6.3700
-9.8700
433
437
464
420
420

-0.1235
-0.9755
-0.2669
-10.4300
-10.9200
-12.4600
434
423
428
408
408

-0.1240
-0.9243
-0.2699
-29.0500
-2.9400
-10.2900
434
386
357
325
326

-0.0576
-0.9111
-0.3514
-18.7600
-0.9800
-1.8900
434
349
301
255
255

-0.0468
-0.8969
-0.3265
-40.3900
-10.6400
-1.8900
437
320
265
214
213

-0.1850
-0.8965
-0.4324
-1.1900
-22.1200
-8.1200
436
311
256
201
200

-0.1391
-0.8721
-0.4275
-8.5400
-24.7800
-10.5700
428
300
254
196
199

-0.1035
-0.8555
-0.4538
-1.8900
-20.2300
-5.1100
425
299
254
191
193

-0.1142
-0.8608
-0.4475
5.5300
-21.5600
-6.9300
421
298
257
195
195

-0.1259
-0.9165
-0.4124
13.2300
-13.2300
-3.3600
419
302
258
195
196

-0.1108
-0.9130
-0.3850
2.6600
-13.7200
-5.5300
417
302
261
199
198

-0.1200
-0.9013
-0.4031
4.6900
-9.5900
-7.9800
416
307
264
201
200

-0.1210
-0.8847
-0.4192
6.1600
-6.8600
-5.5300
413
305
265
201
202

-0.1098
-0.8979
-0.4119
9.1000
-3.9900
-4.2700
413
304
266
202
202

-0.1020
-0.9043
-0.3762
1.2600
-3.8500
-3.5000
415
304
268
203
201

-0.1244
-0.8989
-0.3953
2.9400
-2.1700
0.0000
413
308
268
203
203

-0.1122
-0.9184
-0.3919
0.7000
-3.3600
-4.3400
414
307
269
206
205

-0.1069
-0.8969
-0.3880
3.2900
-4.0600
-1.6800
414
309
270
205
206

-0.1147
-0.9155
-0.3958
7.4900
-2.0300
-1.5400
414
309
271
207
207

-0.1108
-0.9082
-0.3689
4.9700
-4.9700
-4.2000
415
309
272
207
206

-0.1015
-0.9116
-0.3675
0.0000
-3.7100
0.9100
414
312
273
208
205

-0.1181
-0.8965
-0.3889
-1.2600
-0.7000
-2.5200
414
311
274
207
207

-0.1088
-0.9072
-0.4968
0.7000
-3.0100
-4.5500
415
312
275
209
206

-0.0937
-0.9091
-0.3845
2.9400
-6.1600
-5.9500
414
312
276
208
206

-0.0966
-0.9043
-0.3806
0.9100
-4.5500
-3.9200
415
312
276
210
208

-0.0956
-0.9204
-0.3777
-0.4200
-5.1800
-2.8700
414
315
275
208
210

-0.0913
-0.8969
-0.3880
1.0500
-5.2500
-5.3200
411
314
276
209
210

-0.0864
-0.9052
-0.3875
-6.7200
-2.5900
-2.5200
413
316
279
211
212

-0.0913
-0.8779
-0.4021
1.7500
-3.1500
-9.9400
418
322
284
216
215

-0.0947
-0.9150
-0.4519
-12.3200
0.9800
5.1100
425
342
306
235
235

-0.0800
-0.9077
-0.4133
10.3600
2.7300
-4.3400
431
375
353
274
275

-0.0508
-0.8945
-0.4002
8.4700
2.2400
0.3500
436
408
401
312
312

-0.0542
-0.9101
-0.3909
9.3800
1.0500
-2.9400
438
430
439
343
342

-0.0727
-0.8457
-0.4104
19.3200
2.8000
6.0900
440
448
470
368
366

-0.0927
-0.9126
-0.3845
22.2600
0.1400
10.6400
445
466
494
394
394

-0.1064
-0.9194
-0.3304
15.4000
7.1400
15.8200
448
477
509
414
413

-0.1396
-0.9501
-0.3523
13.0200
1.8200
7.1400
447
485
518
428
428

-0.1459
-0.9418
-0.2982
11.4800
-2.0300
1.9600
449
490
521
438
438

-0.1357
-0.9326
-0.3089
2.8000
-4.5500
-0.1400
447
492
524
445
445

-0.1449
-0.9374
-0.3084
3.9200
-5.6700
-3.4300
448
497
526
453
453

-0.1542
-0.9311
-0.3128
3.2200
-4.1300
-4.0600
450
497
527
456
455

-0.1464
-0.9335
-0.2952
6.3000
-3.2900
-1.0500
448
498
529
459
459

-0.1347
-0.9472
-0.2928
4.7600
0.0000
0.9100
449
498
528
460
459

-0.1581
-0.9462
-0.2840
1.2600
-3.4300
-1.1900
448
498
528
460
461

-0.1513
-0.9365
-0.2923
3.0800
-2.8700
-3.6400
448
496
528
461
460

-0.1381
-0.9438
-0.2991
5.9500
-4.4100
-2.6600
447
498
528
460
460

-0.1484
-0.9540
-0.2967
7.9100
-3.3600
-3.0100
448
499
528
461
460

-0.1430
-0.9599
-0.3006
5.3900
-6.7200
-6.9300
448
497
528
459
460

-0.1425
-0.9579
-0.3060
2.5200
-4.0600
-3.9200
449
497
527
460
459

-0.1479
-0.9423
-0.2967
1.0500
-3.2200
-4.8300
448
492
526
459
456

-0.1342
-0.9462
-0.2952
-11.6900
-2.1000
-4.6200
449
487
517
444
445

-0.1376
-0.9179
-0.3128
-20.7900
-6.4400
1.4000
447
471
493
393
393

-0.1503
-0.9301
-0.3831
-9.7300
-4.2000
-10.2900
446
443
447
341
341

-0.1293
-0.9072
-0.3919
3.3600
-3.1500
-3.9900
444
429
405
309
310

-0.1342
-0.9023
-0.3714
-0.7000
-1.6800
-10.9900
444
388
351
268
268

-0.1244
-0.9165
-0.3831
16.5200
-2.9400
-16.1700
445
335
316
242
242

-0.1118
-0.9213
-0.3094
9.8700
-3.2200
-4.4100
440
310
292
226
225

-0.1127
-0.9355
-0.3216
-7.4900
-1.6800
-15.7500
430
291
272
208
210

-0.0956
-0.9448
-0.3484
-0.9800
-3.5000
-3.5700
419
282
261
200
201

-0.0830
-0.8877
-0.3460
-3.2200
-5.8800
-1.6100
418
278
260
196
197

-0.0976
-0.9126
-0.3445
3.8500
-5.1100
-4.1300
415
278
262
194
196

-0.0791
-0.9472
-0.3187
3.1500
-3.4300
-4.2000
413
278
258
193
192

-0.0732
-0.9248
-0.3299
8.1900
-4.4100
1.0500
403
276
256
190
190

-0.0498
-0.9204
-0.3123
-7.6300
-8.6100
1.4700
388
268
252
187
185

-0.0771
-0.9321
-0.3270
-3.0100
-10.2900
-1.8200
384
267
250
184
186

-0.0942
-0.9370
-0.3475
3.1500
-8.6800
-4.6200
386
270
251
188
189

-0.0698
-0.9204
-0.3157
1.0500
-3.2900
0.7700
392
274
255
192
190

-0.1025
-0.8852
-0.2889
-0.8400
-6.0200
2.4500
395
277
259
191
192

-0.0878
-0.9218
-0.2874
-6.0900
-5.4600
1.7500
395
277
260
194
193

-0.1005
-0.9106
-0.3294
-9.0300
-11.7600
2.8000
402
282
263
193
193

-0.1269
-0.9501
-0.3377
1.6100
-12.3200
2.3100
409
287
267
195
195

-0.1147
-0.9301
-0.3445
3.2900
-14.5600
-4.0600
417
296
271
196
195

-0.1157
-0.9414
-0.3367
-6.3700
-8.4000
1.6800
417
299
273
197
196

-0.1230
-0.9028
-0.3528
4.4800
-2.4500
0.0000
423
303
278
198
198

-0.1552
-0.8799
-0.3157
4.2700
-7.2800
2.3100
428
307
282
199
199

-0.1532
-0.9194
-0.3348
4.0600
-10.1500
-1.3300
432
316
282
202
202

-0.1313
-0.9209
-0.3294
4.2000
-1.1200
-6.7200
435
323
280
203
201

-0.1235
-0.9306
-0.3255
-0.0700
-3.9900
-4.9000
435
324
280
202
202

-0.1459
-0.9160
-0.3265
-1.3300
-4.6900
-0.8400
434
324
280
203
204

-0.1362
-0.9213
-0.3509
0.6300
-3.2200
-3.9900
434
324
283
206
203

-0.1391
-0.9428
-0.3518
4.0600
-2.3800
-6.5100
432
323
282
203
204

-0.1264
-0.9355
-0.3479
1.1200
-4.1300
-3.0100
431
326
282
204
204

-0.1342
-0.9374
-0.3558
0.4900
-3.3600
-6.5800
430
324
282
205
205

-0.1303
-0.9199
-0.3509
-0.8400
0.1400
-6.0200
427
326
285
205
207

-0.1142
-0.9008
-0.2547
-6.0200
6.3000
-12.5300
427
336
304
218
217

-0.1054
-0.8950
-0.3558
7.4200
3.1500
4.4800
430
368
354
253
253

-0.1049
-0.9306
-0.3299
13.5100
1.1900
10.8500
436
410
429
318
318

-0.0683
-0.9428
-0.2747
22.5400
5.4600
12.1100
439
442
476
373
373

-0.1279
-0.9716
-0.2928
24.8500
6.0200
17.2900
443
466
505
410
410

-0.1859
-0.9511
-0.2586
22.8200
0.4900
7.6300
446
483
519
434
433

-0.2206
-0.9374
-0.2113
9.5900
-0.7000
5.7400
448
489
524
445
445

-0.2113
-0.9350
-0.1879
1.8200
1.6100
-2.1700
448
494
527
453
453

-0.2084
-0.9545
-0.1962
2.3800
-1.6800
-2.1700
451
495
527
456
456

-0.2098
-0.9379
-0.2069
0.3500
-1.6100
-4.8300
449
496
528
459
457

-0.2108
-0.9433
-0.2108
1.6800
-2.5200
-5.3900
450
496
529
457
457

-0.2054
-0.9453
-0.2011
0.4200
-4.7600
-5.3900
450
496
527
457
457

-0.2089
-0.9243
-0.2059
-2.1700
-1.9600
-3.5700
450
496
528
456
457

-0.2220
-0.9311
-0.2045
3.5000
-5.1100
-5.8800
450
497
527
456
455

-0.2142
-0.9487
-0.2152
3.2900
-3.1500
-4.6900
450
495
527
455
455

-0.2079
-0.9350
-0.2211
2.5200
-2.6600
-3.7100
450
496
527
453
455

-0.2079
-0.9531
-0.2074
-4.0600
-2.1700
-6.1600
450
491
528
453
454

-0.2084
-0.9306
-0.2113
-0.7000
-1.5400
-7.2800
450
479
525
452
452

-0.2108
-0.9589
-0.2098
-14.7000
-4.8300
-13.6500
450
445
521
451
451

-0.1806
-0.9306
-0.2440
-20.9300
-1.8200
-20.0900
450
403
490
441
442

-0.1362
-0.9160
-0.2777
-15.8900
-3.2900
-14.6300
450
370
436
412
412

-0.1610
-0.9145
-0.2977
-8.8900
-5.8100
-11.6900
448
349
370
364
365

-0.1347
-0.9272
-0.3894
0.4200
-2.8000
-7.7700
444
326
326
317
315

-0.1493
-0.9526
-0.3138
-1.3300
-5.5300
-14.7700
439
302
295
272
273

-0.1503
-0.8818
-0.2621
10.7100
-7.7000
-19.0400
435
277
268
236
236

-0.1020
-0.9126
-0.3479
12.6000
-15.8200
-10.3600
435
279
258
225
223

-0.0917
-0.9931
-0.2386
-3.6400
-16.8000
-7.4200
434
289
262
220
220

-0.1098
-0.9921
-0.3172
-6.3700
-16.8000
-7.1400
433
293
260
210
209

-0.1176
-0.9252
-0.3294
-6.0900
-14.5600
-5.7400
425
293
259
204
205

-0.1186
-0.9067
-0.3611
6.9300
-11.9000
-6.7200
423
296
261
207
207

-0.1269
-0.9575
-0.3680
8.6100
-5.7400
-4.6900
420
294
263
206
205

-0.1342
-0.9482
-0.3289
-3.8500
-6.0900
-1.9600
414
295
265
208
208

-0.1196
-0.9331
-0.3704
-0.9100
-7.0000
-4.1300
414
297
266
207
208

-0.1371
-0.9004
-0.3543
1.8200
-4.9700
-3.7800
414
295
268
211
211

-0.1376
-0.9160
-0.3387
-1.5400
-6.2300
0.3500
413
298
270
210
211

-0.1401
-0.9287
-0.3675
0.0700
-7.0000
-5.3900
415
297
271
210
212

-0.1464
-0.8969
-0.3592
0.4900
-3.9900
-4.6900
418
299
268
213
212

-0.1362
-0.9116
-0.3714
3.2900
-4.5500
-3.8500
418
301
271
212
214

-0.1332
-0.9033
-0.3543
1.0500
-5.2500
-2.5200
420
302
271
213
215

-0.1401
-0.9067
-0.3660
1.9600
-4.1300
-3.9900
417
300
271
214
214

-0.1259
-0.9233
-0.3675
-0.9800
-5.3900
-4.6900
416
301
272
214
214

-0.1283
-0.9052
-0.3689
-0.9800
-3.7100
-1.8900
416
303
274
216
215

-0.1244
-0.9121
-0.3845
1.6100
-1.0500
-1.1200
415
303
275
216
215

-0.1366
-0.8706
-0.3611
-6.6500
-2.9400
-0.3500
416
304
275
217
217

-0.1327
-0.9101
-0.3841
-1.1900
-1.6100
-0.4900
417
307
279
219
218

-0.1449
-0.8808
-0.3870
1.7500
-1.1200
0.0000
417
313
283
221
221

-0.1215
-0.9048
-0.3806
-14.2100
-5.0400
-8.8900
422
322
302
238
238

-0.1074
-0.8911
-0.3967
0.7700
-5.5300
0.9800
427
343
334
267
268

-0.1542
-0.8999
-0.3528
4.0600
-2.6600
-1.1200
435
389
396
324
322

-0.1401
-0.9389
-0.3762
31.5000
1.6100
6.8600
437
431
455
367
368

-0.1767
-0.9277
-0.3670
27.5100
1.3300
14.8400
443
456
489
395
395

-0.1874
-0.9043
-0.3221
19.8800
-1.8900
14.4900
444
474
507
420
418

-0.2240
-0.8916
-0.2674
12.0400
-1.4700
6.4400
447
483
520
432
432

-0.1274
-0.9204
-0.2591
8.8200
-3.5700
1.5400
447
488
523
443
445

-0.2572
-0.9067
-0.2255
3.9200
-1.6800
-4.1300
450
490
523
447
447

-0.2191
-0.9589
-0.2499
6.3000
-1.4000
-4.3400
448
491
525
449
450

-0.2328
-0.9414
-0.2621
11.4800
-5.0400
0.0700
447
494
526
451
450

-0.2362
-0.9409
-0.2367
3.4300
-3.1500
0.5600
449
493
526
448
450

-0.2494
-0.9462
-0.2342
2.5900
-4.8300
-3.4300
451
492
528
451
449

-0.2474
-0.9355
-0.2474
-0.7000
-3.8500
-1.8900
449
492
526
449
449

-0.2582
-0.9414
-0.2391
1.1200
-5.1800
-1.1200
449
490
526
448
447

-0.2586
-0.9316
-0.2450
2.7300
-4.9700
-3.1500
448
491
525
446
447

-0.2440
-0.9326
-0.2362
1.4000
-4.5500
-2.8700
449
491
526
446
445

-0.2425
-0.9418
-0.2381
-0.2100
-5.4600
-3.2200
449
489
525
444
444

-0.2474
-0.9174
-0.2338
-2.0300
-4.6200
-1.2600
449
489
526
444
443

-0.2513
-0.9355
-0.2225
-2.5900
-1.7500
-6.8600
449
485
524
442
442

-0.2308
-0.9209
-0.2386
-6.0200
0.0000
-2.5900
449
474
522
438
439

-0.2357
-0.9282
-0.2469
-15.5400
5.1100
-5.2500
448
453
510
433
431

-0.2191
-0.9316
-0.3040
-22.1200
-3.9900
-3.9900
450
404
452
411
412

-0.2020
-0.9306
-0.3382
-18.9000
-10.7800
-7.8400
449
376
404
330
329

-0.2396
-0.8828
-0.3411
-14.7700
-11.5500
-7.0700
450
351
354
274
275

-0.2079
-0.8589
-0.3792
-0.5600
-7.4200
2.1700
451
338
333
249
249

-0.2513
-0.8872
-0.3235
10.9200
-6.8600
-1.4000
449
332
318
236
236

-0.2089
-0.9218
-0.3538
-3.2200
-12.8100
-4.4100
445
326
309
226
226

-0.2089
-0.9252
-0.3558
-4.3400
-7.7000
0.2100
440
322
304
224
224

-0.2821
-0.8486
-0.3714
1.4700
-10.1500
-10.7100
438
323
298
223
223

-0.2342
-0.8857
-0.3611
-6.5100
-5.0400
-7.2100
433
323
284
215
214

-0.2264
-0.8633
-0.3411
-4.6900
-9.1700
-6.0900
430
327
281
212
213

-0.2264
-0.8974
-0.3616
5.8100
-6.4400
-5.3200
428
326
280
212
213

-0.2108
-0.8808
-0.3675
-8.8200
-5.3200
-3.5700
426
327
281
213
213

-0.2118
-0.8877
-0.3811
-3.0800
-7.2800
-0.9100
425
326
284
216
213

-0.2123
-0.8677
-0.3450
-10.4300
-11.9700
0.2100
426
327
286
218
216

-0.2484
-0.8740
-0.3904
0.4200
-2.5200
-2.2400
428
329
286
219
221

-0.2235
-0.8721
-0.3792
0.2800
-2.5200
-0.5600
428
328
289
220
221

-0.2230
-0.8682
-0.3836
0.7000
-4.1300
0.2100
428
330
291
223
223

-0.2362
-0.8935
-0.4016
-0.7700
-4.3400
-3.3600
429
331
290
222
221

-0.2220
-0.8784
-0.3831
1.4000
-4.2700
-1.4700
432
328
293
222
224

-0.2323
-0.8725
-0.3889
5.8800
-7.4200
-0.8400
435
330
293
224
223

-0.2240
-0.8847
-0.3723
4.9000
-3.5000
-0.8400
439
333
293
225
226

-0.2372
-0.8769
-0.3562
3.6400
-2.5900
1.6100
441
334
295
226
227

-0.2333
-0.8979
-0.3601
2.3100
-6.8600
-4.3400
443
336
294
226
228

-0.2303
-0.8808
-0.3714
2.4500
-4.6900
-5.3200
443
335
296
227
228

-0.2298
-0.9048
-0.3621
1.7500
-4.0600
-4.3400
441
337
296
228
228

-0.2377
-0.8911
-0.3660
0.0000
-6.0900
-6.2300
442
337
298
229
229

-0.2094
-0.8686
-0.3577
-8.8200
12.0400
-1.8900
437
347
313
239
238

-0.1713
-0.8979
-0.3738
-3.3600
8.8200
-14.4200
435
373
357
278
275

-0.1737
-0.8657
-0.3943
14.6300
6.9300
-6.5800
440
416
441
350
350

-0.2108
-0.8960
-0.3855
31.7100
-0.0700
8.2600
443
451
490
391
393

-0.1913
-0.9316
-0.3304
20.5100
5.8100
2.4500
445
473
510
422
424

-0.1889
-0.9306
-0.3528
14.5600
-1.9600
7.8400
448
486
522
441
440

-0.2289
-0.8940
-0.2806
19.2500
-14.0000
-3.5700
451
493
526
450
450

-0.1952
-0.9614
-0.2752
13.4400
-3.8500
-3.9200
452
495
528
458
457

-0.2167
-0.9399
-0.2625
3.0100
-5.8100
-12.2500
451
497
527
462
462

-0.1659
-0.9311
-0.2674
5.8800
-3.4300
-4.4100
452
499
530
464
464

-0.1728
-0.9277
-0.2416
3.0100
-2.5200
-3.1500
452
499
532
466
465

-0.1698
-0.9292
-0.2430
-0.4200
-1.0500
-0.8400
451
498
532
465
467

-0.1850
-0.9252
-0.2430
1.4700
-1.8200
-3.9900
452
498
530
465
465

-0.1776
-0.9409
-0.2538
2.3800
-1.6800
-5.4600
452
497
532
465
466

-0.1791
-0.9277
-0.2352
1.6800
-3.0100
-4.6200
451
498
530
463
464

-0.1708
-0.9389
-0.2538
-1.6800
-1.6100
-4.1300
452
497
530
464
462

-0.1786
-0.9321
-0.2528
0.4900
-2.8700
-5.8100
453
494
529
462
462

-0.1664
-0.9296
-0.2474
-0.6300
-1.1200
-3.2200
454
492
529
460
460

-0.1703
-0.9404
-0.2772
0.4900
-1.0500
-2.1000
453
485
528
457
460

-0.1669
-0.9560
-0.2635
-2.8000
-2.8700
-2.4500
452
468
521
453
453

-0.1635
-0.9379
-0.2611
-1.4700
-1.0500
-13.3000
451
446
494
418
418

-0.1503
-0.9091
-0.3152
6.7900
9.5900
-2.4500
450
414
439
352
352

-0.1610
-1.0092
-0.3055
7.2800
0.9800
-6.3000
454
392
382
297
298

-0.1742
-0.9584
-0.2957
11.6200
1.0500
-17.0100
453
369
327
232
233

-0.1235
-0.9819
-0.2962
19.6000
-3.0100
-17.2900
452
341
299
206
205

-0.1166
-0.9389
-0.2630
-0.2100
-5.8100
-15.1200
449
320
279
195
193

-0.1586
-0.8838
-0.2074
-9.6600
-6.7200
-4.2700
439
294
264
187
189

-0.1093
-0.8320
-0.2552
-7.7000
-4.3400
-4.4800
427
283
256
187
186

-0.0893
-0.9697
-0.2743
0.4200
-7.2100
-3.6400
428
285
259
189
189

-0.0683
-0.9633
-0.3026
-1.2600
-3.8500
-3.3600
425
288
262
190
188

-0.0952
-0.9492
-0.2816
6.9300
-0.2100
-3.0800
425
292
267
190
190

-0.0625
-0.9789
-0.2494
-0.6300
-9.3800
-2.8000
424
293
269
191
192

-0.0961
-0.9311
-0.2669
0.5600
-8.7500
-1.2600
423
294
270
192
193

-0.1074
-0.9306
-0.2660
-1.8900
-3.9200
-0.5600
424
296
269
193
193

-0.0913
-0.9360
-0.2762
0.2800
-1.9600
-1.4700
423
296
273
195
195

-0.0625
-0.9623
-0.2704
-0.3500
-4.7600
-4.5500
423
298
273
194
195

-0.0991
-0.9423
-0.2743
1.6100
-5.1100
-4.5500
424
298
276
198
196

-0.0996
-0.9570
-0.2699
1.8900
-7.0000
-4.8300
422
297
275
196
197

-0.0917
-0.9521
-0.2865
3.0100
-6.5800
-1.4700
423
300
275
198
197

-0.0849
-0.9545
-0.2713
1.4700
-4.2700
-3.4300
423
300
276
196
199

-0.0815
-0.9677
-0.2855
1.5400
-4.7600
-5.1800
423
301
276
200
200

-0.0791
-0.9516
-0.2777
1.0500
-5.1100
-4.5500
423
302
277
198
200

-0.0844
-0.9565
-0.2806
0.6300
-3.3600
-4.7600
422
303
276
199
199

-0.0917
-0.9599
-0.2908
4.2700
-4.0600
-2.3100
423
303
279
201
201

-0.0937
-0.9536
-0.2855
1.6800
-4.9000
-3.0100
422
303
277
200
201

-0.0874
-0.9550
-0.2913
0.6300
-1.4000
-5.6000
421
308
281
203
202

-0.0756
-0.9472
-0.3006
0.3500
-2.9400
-0.9100
420
316
288
206
207

-0.0839
-0.9477
-0.3011
4.8300
-5.1100
2.9400
424
335
315
223
222

-0.1078
-0.9897
-0.3333
24.5000
-2.2400
10.9200
431
409
400
281
278

-0.1288
-0.9770
-0.2464
2.1000
-0.3500
2.6600
434
435
427
290
291

-0.1171
-0.9443
-0.2723
1.6800
-3.2200
0.7700
433
444
439
299
300

-0.0981
-0.9506
-0.2762
14.0000
-2.1700
10.5700
440
471
488
375
375

-0.1923
-1.2488
-0.2328
11.2700
-11.5500
-7.4200
449
494
522
443
442

-0.1576
-0.9389
-0.2616
4.4100
-7.7700
1.5400
451
501
529
465
465

-0.1142
-1.6602
-0.2001
6.7900
-6.4400
-1.8200
452
503
531
473
473

-0.1542
-0.9511
-0.2240
8.7500
-4.4800
-0.7700
452
505
530
475
474

-0.1586
-0.9301
-0.2318
2.8000
-4.8300
-0.1400
454
506
531
477
477

-0.1649
-0.9492
-0.2255
3.8500
-3.2200
-1.4000
452
503
532
476
476

-0.1747
-0.9701
-0.2201
-7.5600
-2.1700
-2.3100
452
503
530
477
477

-0.1649
-0.9428
-0.2557
-1.7500
-4.5500
-4.9700
454
504
533
476
477

-0.1474
-0.9536
-0.2699
1.8200
-1.1900
0.5600
451
503
532
476
476

-0.1752
-0.9643
-0.2567
1.1900
-6.3700
0.6300
452
502
531
475
475

-0.1859
-0.9209
-0.2664
3.5700
-7.7700
-2.3800
452
503
530
475
472

-0.1767
-0.9204
-0.2869
11.4100
-5.2500
3.9200
450
501
529
472
473

-0.2089
-0.9633
-0.2455
8.9600
-3.5700
-1.0500
449
500
531
470
471

-0.1903
-0.9506
-0.2011
2.6600
-3.6400
0.5600
450
498
530
469
470

-0.1903
-0.9487
-0.2123
5.6000
-3.5000
-6.4400
450
499
530
469
468