-0.4934
-0.8574
0.0434
1.1200
-5.0400
-3.5700
419
456
495
407
404

-0.4929
-0.8599
0.0527
0.9800
-4.5500
-3.7800
420
457
497
405
407

-0.4880
-0.8511
0.0337
1.6100
-4.4800
-2.5900
420
456
495
407
405

-0.4953
-0.8525
0.0454
3.4300
-3.9200
-3.3600
420
457
495
406
403

-0.4924
-0.8540
0.0439
0.7700
-2.3100
-3.2200
420
455
492
404
405

-0.4860
-0.8613
0.0381
0.9100
-3.5700
-3.3600
421
454
488
405
405

-0.4812
-0.8555
0.0249
2.1000
-4.2700
-1.0500
419
453
486
405
406

-0.4939
-0.8511
0.0420
2.7300
-3.7100
-3.2900
419
455
489
406
404

-0.4900
-0.8501
0.0376
3.7800
-3.7800
-1.8900
419
453
487
406
406

-0.4865
-0.8584
0.0371
2.8700
-3.1500
-1.8900
419
453
487
405
405

-0.4939
-0.8584
0.0449
1.9600
-4.1300
-3.0800
420
452
487
408
404

-0.4880
-0.8491
0.0434
1.5400
-3.5700
-2.6600
419
453
487
406
407

-0.4939
-0.8472
0.0361
1.5400
-3.2900
-3.0800
420
452
487
405
405

-0.4924
-0.8486
0.0464
2.2400
-3.2200
-2.1700
419
453
486
405
405

-0.4919
-0.8545
0.0420
-1.0500
-3.5700
-4.2000
419
454
487
405
405

-0.4909
-0.8467
0.0400
1.6100
-4.0600
-3.2200
418
452
488
405
406

-0.4909
-0.8560
0.0390
0.5600
-3.2200
-1.2600
420
453
488
405
405

-0.4860
-0.8569
0.0298
-1.3300
-3.2900
-2.0300
419
452
488
405
405

-0.4939
-0.8477
0.0259
1.8900
-2.8000
-1.9600
419
455
487
405
405

-0.5022
-0.8569
0.0259
0.7000
-3.3600
-4.2700
420
454
488
405
405

-0.4895
-0.8472
0.0264
2.0300
-4.1300
-2.8700
420
453
488
405
404

-0.4900
-0.8564
0.0249
0.4900
-4.4800
-3.9900
420
454
487
405
406

-0.4934
-0.8550
0.0410
0.9100
-4.0600
-3.5000
419
454
488
404
407

-0.4895
-0.8457
0.0346
0.7000
-4.2700
-2.8000
418
456
488
405
405

-0.4953
-0.8511
0.0361
2.5200
-3.5700
-3.2900
419
453
490
405
403

-0.4929
-0.8520
0.0239
1.1900
-3.4300
-3.0100
418
455
488
405
405

-0.4885
-0.8520
0.0337
1.8900
-3.2900
-2.0300
419
454
487
406
405

-0.4953
-0.8569
0.0254
3.0800
-3.7100
-2.1700
420
453
489
405
405

-0.4895
-0.8535
0.0293
2.6600
-4.1300
-2.1000
420
454
488
407
405

-0.4929
-0.8501
0.0337
2.7300
-3.9900
-2.9400
419
453
488
405
405

-0.4924
-0.8516
0.0312
1.8200
-3.9200
-2.8000
419
454
489
405
405

-0.4968
-0.8525
0.0249
2.7300
-3.6400
-2.1000
419
456
488
404
404

-0.4895
-0.8540
0.0327
0.9100
-3.8500
-2.7300
421
453
487
404
404

-0.4948
-0.8481
0.0259
2.9400
-3.8500
-2.2400
419
454
488
403
405

-0.4953
-0.8594
0.0312
2.0300
-3.9900
-2.9400
420
454
488
403
404

-0.4880
-0.8501
0.0283
2.5900
-4.4800
-2.3100
420
456
488
403
404

-0.4982
-0.8599
0.0434
1.6800
-4.6200
-3.3600
419
453
488
403
404

-0.4900
-0.8481
0.0278
1.0500
-4.0600
-3.0800
419
454
487
404
404

-0.4953
-0.8511
0.0307
1.3300
-4.4100
-2.8000
418
455
488
404
404

-0.4973
-0.8506
0.0346
1.2600
-4.1300
-3.5700
420
453
490
404
404

-0.4929
-0.8452
0.0371
1.9600
-3.6400
-2.3100
419
453
489
404
404

-0.4939
-0.8550
0.0415
1.1200
-4.2000
-4.4100
421
453
488
404
404

-0.4909
-0.8472
0.0444
-0.2100
-2.9400
-3.2900
419
455
488
402
404

-0.5065
-0.8613
0.0190
-7.0700
-5.3200
-7.4200
420
449
475
403
404

-0.4758
-0.8369
0.0054
-7.7700
-5.6000
-4.4800
415
441
449
398
398

-0.4817
-0.8477
0.0112
-5.9500
-8.2600
-6.5800
399
413
403
372
373

-0.4616
-0.8452
0.0185
-9.5200
-10.7800
-0.4900
351
365
345
323
323

-0.4773
-0.8633
-0.0151
-5.8100
-7.2800
-0.7700
304
323
298
271
271

-0.5031
-0.8506
-0.0020
-2.7300
-6.0900
-1.6800
265
295
272
245
245

-0.4597
-0.8530
0.0181
3.5000
-8.5400
-0.2100
250
281
260
230
230

-0.4792
-0.8457
0.0034
-3.7100
-5.8100
-0.7700
239
272
250
221
220

-0.5070
-0.8555
0.0142
-7.8400
-13.1600
3.4300
233
264
244
209
210

-0.4953
-0.8457
-0.0425
-5.2500
-5.3200
6.0200
226
260
243
207
209

-0.5241
-0.8233
-0.0220
-8.4000
-7.0700
-2.5900
224
256
243
210
210

-0.5144
-0.8345
-0.0683
-4.1300
1.4000
3.6400
220
256
244
210
210

-0.5470
-0.8457
-0.0752
5.8100
-0.4900
6.7900
219
258
247
211
213

-0.6173
-0.8316
-0.0874
9.3100
4.2700
13.2300
218
259
248
212
212

-0.5939
-0.8008
-0.0654
4.1300
0.3500
7.9800
218
258
247
213
211

-0.5549
-0.8023
-0.0547
4.9700
-0.9100
1.1900
219
260
248
213
211

-0.5754
-0.7989
-0.0639
4.0600
-1.7500
-3.5700
218
262
249
211
212

-0.5563
-0.7901
-0.0566
-1.6800
1.4000
-5.0400
220
262
248
214
213

-0.5392
-0.8208
-0.0898
-20.0200
1.1200
-4.2700
221
265
253
219
217

-0.5514
-0.8555
-0.1649
-6.1600
-2.2400
-7.7000
220
263
252
218
219

-0.5671
-0.9575
-0.3577
37.0300
-67.6900
34.3700
222
264
253
218
219

-0.5724
-0.9770
-0.1371
214.9000
-112.7000
91.7000
222
264
254
218
215

-0.8208
-0.9819
0.1044
290.9900
-206.3600
87.9200
223
262
255
216
216

-0.7261
-0.7154
0.3382
378.7700
-163.5200
83.3700
223
261
251
217
216

-0.5100
-0.3216
0.7886
263.6200
-120.8900
17.3600
226
257
252
217
216

-0.3133
0.1069
0.9989
6.2300
-17.8500
3.7100
226
260
252
218
217

-0.2972
0.0327
1.0121
-173.6700
85.9600
-52.0100
227
263
254
219
220

-0.3826
-0.2040
0.8584
-219.1000
90.5100
-31.8500
226
267
256
221
220

-0.4690
-0.3587
0.5295
-219.1000
103.3900
-37.8700
228
269
258
221
220

-0.3762
-0.8169
0.2411
-152.9500
39.4100
-19.4600
231
271
260
222
222

-0.5485
-1.0092
-0.0059
-186.2000
21.2800
-57.4700
236
269
260
228
226

-0.4333
-0.9062
-0.0854
-17.0100
-4.5500
-36.2600
238
271
262
228
229

-0.3509
-0.9140
-0.0913
25.2000
14.2100
27.5800
238
273
263
230
227

-0.4968
-0.8564
-0.0439
46.4100
-11.2700
28.4200
238
272
263
228
228

-0.6432
-0.6534
0.1703
100.0300
-15.7500
55.3000
239
271
262
228
226

-0.6139
-0.8545
0.1225
133.2800
-94.2900
53.2700
239
270
260
225
226

-0.6056
-0.8847
0.2621
249.4100
-126.5600
60.1300
244
270
262
225
224

-0.6632
-0.6344
0.5666
232.8200
-148.4000
36.3300
242
267
259
222
222

-0.5383
-0.2323
0.7725
263.6900
-107.8700
24.4300
242
269
258
224
223

-0.3040
0.0786
0.9252
161.9100
-55.7900
-3.0100
240
269
258
224
223

-0.2889
0.2586
1.0024
61.1800
-40.6700
1.8200
241
270
258
225
224

-0.2445
0.3182
1.0092
-29.6800
17.3600
-12.1800
242
271
258
225
225

-0.2972
0.1737
1.0033
-164.9200
58.8000
-47.3900
242
274
262
224
225

-0.3333
-0.1244
0.8594
-179.2000
61.3200
-79.8000
247
276
265
227
226

-0.3558
-0.3026
0.7471
-174.3000
35.4900
-99.6100
247
280
266
229
229

-0.3606
-0.5085
0.6344
-152.6700
35.4900
-64.4000
248
278
266
231
231

-0.3772
-0.6842
0.4934
-156.5200
38.7800
-38.9900
249
280
268
232
232

-0.3045
-0.7427
0.2635
-167.0900
34.0900
-24.9900
249
280
269
233
234

-0.5495
-0.9989
-0.1757
-112.1400
23.4500
24.0800
251
283
270
235
234

-0.2845
-1.0243
-0.2176
8.4000
-7.3500
-3.9200
252
283
272
236
239

-0.2806
-0.9941
-0.1850
29.8200
6.4400
19.6000
253
283
269
238
237

-0.3011
-1.0146
-0.2069
55.4400
-1.9600
32.3400
254
284
271
238
236

-0.3528
-1.0551
-0.1635
59.2200
21.6300
47.3200
255
282
271
237
239

-0.4543
-1.0399
-0.0361
112.9800
-26.5300
55.0200
253
282
270
236
234

-0.5124
-0.9716
0.1161
137.7600
-32.2000
48.5800
253
280
269
233
233

-0.5129
-0.7828
0.3762
154.5600
-74.8300
65.3800
241
276
267
232
232

-0.6925
-0.3919
0.7027
123.9700
-128.6600
71.4000
307
277
267
229
230

-0.4290
-0.2162
0.8974
67.9700
-58.5900
31.1500
304
277
266
230
230

-0.3436
0.0903
0.9433
165.7600
-18.6200
16.5900
307
279
267
230
231

-0.3016
0.1645
1.0019
59.2200
-14.8400
-3.8500
306
279
267
231
231

-0.3304
0.2196
1.0082
-57.0500
15.1900
-20.7900
309
280
268
233
233

-0.3518
0.0454
0.9365
-152.3200
57.8900
-34.3700
311
280
271
233
233

-0.3894
-0.2440
0.8057
-186.8300
61.1100
-53.9700
314
283
274
234
234

-0.4939
-0.5836
0.5588
-151.7600
29.4700
-58.1000
308
283
272
236
236

-0.4963
-0.7061
0.3967
-125.8600
32.2700
-44.7300
309
283
274
238
239

-0.4587
-0.7471
0.2713
-123.4800
41.5100
-32.6200
310
284
274
242
240

-0.4987
-0.8184
-0.0644
-107.7300
18.0600
-11.3400
316
285
277
242
243

-0.4402
-0.8735
-0.2025
-38.3600
10.1500
-9.2400
321
285
279
244
245

-0.3899
-0.8725
-0.2152
12.5300
0.0700
0.3500
319
287
277
246
243

-0.4114
-0.8682
-0.1679
10.0100
-1.4000
-3.1500
321
289
276
245
245

-0.3963
-0.8735
-0.1586
26.9500
4.5500
13.0900
320
287
278
244
245

-0.4377
-0.7881
-0.0576
97.8600
-9.3100
36.8900
313
285
274
243
242

-0.6368
-0.6100
0.1932
150.0100
-70.2100
39.4100
308
284
274
240
241

-0.6622
-0.6486
0.3455
116.6900
-65.5200
34.7200
303
281
272
238
238

-0.5954
-0.5632
0.4968
145.5300
-76.0900
34.5800
301
279
272
236
237

-0.5602
-0.3963
0.7232
98.0000
-85.6800
18.1300
300
279
270
233
234

-0.5134
-0.1898
0.8501
127.4000
-81.6200
10.1500
301
279
268
235
234

-0.4246
0.0288
0.9516
88.4800
-44.6600
2.2400
300
279
269
235
234

-0.3650
0.1669
0.9799
38.9900
-22.9600
-4.6200
297
280
271
234
235

-0.3353
0.2157
1.0058
-60.3400
7.3500
-16.1000
297
283
271
236
236

-0.3855
0.0947
0.9662
-148.2600
31.4300
-26.9500
302
282
273
238
236

-0.3899
-0.0722
0.8496
-212.8000
48.9300
-17.0100
301
282
273
237
236

-0.4080
-0.3265
0.7159
-227.4300
87.1500
-22.8900
305
285
276
239
239

-0.4919
-0.5207
0.4768
-171.2200
83.4400
-22.3300
304
285
275
240
241

-0.5070
-0.6939
0.2972
-138.0400
54.5300
-28.0000
308
285
277
243
242

-0.5226
-0.8159
0.1191
-120.5400
45.1500
-21.0000
309
284
275
242
244

-0.5183
-0.9199
-0.0732
-65.0300
17.4300
-17.5000
312
288
279
245
243

-0.4338
-0.8520
-0.0888
-30.5200
6.8600
-1.9600
315
287
277
246
244

-0.4163
-0.8891
-0.1142
-7.2800
-0.6300
3.2200
315
290
280
246
247

-0.4426
-0.8979
-0.0966
13.5800
1.8900
12.8800
313
287
279
246
246

-0.5705
-0.7403
0.0044
51.3100
3.3600
16.2400
312
288
279
245
246

-0.5041
-0.7178
0.1098
152.0400
-57.9600
1.6800
309
285
277
243
242

-0.4885
-0.8379
0.2201
242.3400
-97.3700
21.9100
305
283
277
242
241

-0.4607
-0.8355
0.3196
270.0600
-54.0400
63.6300
304
284
277
240
239

-0.4524
-0.5266
0.6129
184.3800
-41.3000
50.6800
306
283
275
238
237

-0.5466
-0.2225
0.8311
113.4000
-53.9000
29.0500
307
284
275
237
238

-0.4426
0.0981
0.9496
94.0800
-51.4500
17.5700
310
286
275
237
239

-0.3855
0.2201
0.8804
96.7400
-17.0800
4.9700
312
287
274
239
239

-0.3465
0.3431
0.9823
-0.4900
-3.0800
-5.1800
313
289
275
241
239

-0.3616
0.2538
0.9921
-120.0500
21.4200
-18.2700
317
288
279
239
240

-0.4148
0.0239
0.9140
-202.3700
59.3600
-40.6000
322
290
279
240
240

-0.5114
-0.2952
0.7213
-187.5300
45.3600
-47.3900
323
291
278
242
242

-0.5939
-0.5095
0.5646
-137.7600
44.2400
-36.2600
316
289
281
245
243

-0.5734
-0.6173
0.4509
-113.8200
39.0600
-39.1300
310
289
279
246
244

-0.5851
-0.6993
0.3109
-99.6800
32.2700
-38.3600
311
287
281
247
246

-0.5710
-0.7393
0.1659
-83.7200
25.3400
-38.0100
315
289
281
245
249

-0.5070
-0.7427
0.0264
-98.6300
15.8200
-37.9400
318
290
282
249
248

-0.4753
-0.8486
-0.1596
-80.6400
11.9700
-12.8800
321
290
281
249
249

-0.4031
-0.8257
-0.2381
-25.4800
-1.9600
0.8400
324
291
282
251
251

-0.4109
-0.8359
-0.2308
-8.8900
-6.1600
-1.8200
323
291
283
250
251

-0.4441
-0.8208
-0.2347
-2.6600
-4.2000
-3.0800
325
292
284
252
252

-0.4226
-0.8291
-0.2474
0.5600
-4.2000
-2.3800
325
291
285
252
252

-0.4070
-0.8335
-0.2294
7.2800
-8.1900
0.7700
323
292
283
253
252

-0.4197
-0.8374
-0.2323
-0.2800
-4.3400
-4.4800
322
291
284
252
253

-0.4402
-0.8589
-0.2362
2.3800
-2.0300
-4.2000
323
290
284
253
252

-0.4265
-0.8540
-0.2352
4.3400
3.6400
-10.5700
324
293
284
251
249

-0.3997
-0.8506
-0.2225
-1.2600
-7.6300
-8.4700
330
298
289
251
253

-0.4016
-0.8677
-0.2513
3.7800
-19.3200
-10.3600
340
316
302
262
263

-0.3626
-0.9199
-0.2669
18.9700
-28.2100
-7.9800
359
347
349
296
296

-0.4114
-0.8735
-0.1942
32.9700
-21.2800
13.7200
379
380
397
338
337

-0.4455
-0.8721
-0.0913
27.1600
-26.7400
12.2500
401
410
440
370
368

-0.4285
-0.8760
-0.0327
46.7600
-11.6200
3.7100
421
432
470
391
389