-0.0415
-0.9345
-0.3299
-1.6100
-4.4800
-2.1000
450
434
458
360
360

-0.0425
-0.9467
-0.3309
1.8900
-3.7800
-2.0300
449
433
460
360
362

-0.0410
-0.9521
-0.3206
1.4700
-4.6200
-1.6800
450
432
457
359
360

-0.0386
-0.9272
-0.3333
5.3900
-5.6700
-2.2400
450
428
457
358
356

-0.0556
-0.9487
-0.3245
3.6400
-4.2700
-2.5200
450
426
455
355
353

-0.0498
-0.9467
-0.3172
1.8200
-3.0100
-2.8700
450
425
455
354
353

-0.0473
-0.9428
-0.3245
1.9600
-3.9900
-2.8000
449
425
455
352
352

-0.0527
-0.9433
-0.3157
1.4000
-3.5000
-2.3100
450
426
456
354
354

-0.0478
-0.9448
-0.3109
-0.4200
-2.2400
-2.8000
450
426
456
354
354

-0.0488
-0.9262
-0.3143
0.8400
-2.8700
-2.8700
450
427
456
355
354

-0.0464
-0.9438
-0.3157
0.2100
-5.3900
-4.5500
452
427
456
355
355

-0.0307
-0.9711
-0.3475
0.6300
-3.7100
-4.2700
450
426
456
355
354

0.0244
-0.9931
-0.3348
2.8700
-12.8100
21.0700
450
426
456
355
354

-0.0888
-0.9170
-0.3431
8.4700
-21.1400
34.8600
450
425
456
356
355

-0.1688
-0.9667
-0.3177
-14.7000
-8.7500
49.0700
452
424
456
355
355

-0.2406
-0.8525
-0.3426
-2.1700
-20.5100
33.6700
450
423
456
356
356

-0.2362
-0.8613
-0.3387
46.4100
-6.3000
29.6100
450
429
459
358
358

-0.3475
-0.8174
-0.2430
33.6700
6.7900
37.4500
450
430
458
358
359

-0.4031
-0.8784
-0.1757
22.9600
7.6300
8.6800
449
430
458
361
359

-0.4172
-0.8623
-0.1932
10.9200
2.5900
-2.4500
448
430
458
362
358

-0.4226
-0.8784
-0.1889
9.4500
-2.8000
-10.0100
449
430
459
359
359

-0.3919
-0.8833
-0.1796
8.6100
6.3000
-4.4100
447
430
459
360
359

-0.3953
-0.8833
-0.1679
4.2000
0.4900
-8.9600
448
431
459
360
360

-0.3758
-0.8691
-0.1654
5.3900
-2.5200
-4.1300
447
426
458
359
358

-0.3621
-0.8955
-0.1547
3.0100
-7.1400
-4.0600
446
424
459
358
358

-0.3704
-0.9067
-0.1723
2.9400
-5.8800
-2.6600
445
424
457
359
357

-0.3699
-0.8926
-0.1703
3.7100
-4.2700
-0.4900
444
426
460
358
358

-0.3792
-0.9013
-0.1523
3.3600
-5.5300
-6.5100
445
427
458
358
358

-0.3758
-0.8955
-0.1645
4.3400
-4.0600
-4.8300
446
426
459
358
358

-0.3753
-0.9116
-0.1557
1.8900
-4.1300
-5.0400
444
426
458
358
357

-0.3719
-0.9038
-0.1444
3.4300
-3.6400
-3.9900
445
426
458
358
358

-0.3601
-0.9077
-0.1459
4.4800
-3.9900
-1.6800
444
426
458
358
357

-0.3645
-0.8984
-0.1440
0.9100
-4.5500
-4.9700
445
427
458
358
359

-0.3655
-0.9067
-0.1435
3.2900
-3.7800
-6.9300
443
427
459
360
358

-0.3626
-0.9145
-0.1479
2.3100
-4.1300
-6.7900
444
426
459
358
358

-0.3558
-0.9106
-0.1484
3.1500
-4.2000
-7.7000
444
427
459
361
359

-0.3357
-0.9062
-0.1425
3.7800
-5.6000
-3.2900
443
428
459
357
357

-0.3587
-0.9199
-0.1479
3.6400
-5.4600
-5.6000
443
429
459
360
359

-0.3426
-0.9257
-0.1405
2.3100
-2.8700
-4.8300
442
428
460
358
358

-0.3323
-0.9155
-0.1430
0.6300
-3.1500
-2.1000
444
428
459
357
358

-0.3382
-0.9238
-0.1337
2.8000
-4.4100
-3.1500
444
428
458
359
357

-0.3416
-0.9179
-0.1401
0.2800
-3.9200
-3.0100
444
428
459
359
359

-0.3314
-0.9170
-0.1396
3.8500
-4.4800
-2.8000
443
427
460
359
358

-0.3411
-0.9296
-0.1332
2.9400
-2.7300
-2.1700
444
428
459
357
359

-0.3260
-0.9165
-0.1259
0.9100
-4.4800
-4.2000
443
428
459
358
359

-0.3323
-0.9184
-0.1396
1.2600
-4.2700
-1.9600
443
427
458
359
359

-0.3382
-0.9272
-0.1357
2.5200
-4.1300
-4.1300
443
428
458
360
358

-0.3323
-0.9272
-0.1415
1.3300
-2.8700
-5.3200
442
428
456
355
355

-0.3460
-0.9301
-0.1405
0.3500
-7.1400
-12.2500
444
413
434
324
324

-0.3196
-0.8984
-0.1322
7.0700
-6.0900
-6.0200
444
387
395
291
289

-0.3138
-0.9384
-0.1074
35.7700
-16.4500
-13.9300
445
350
343
251
249

-0.2835
-0.9062
-0.0395
28.7700
-22.5400
2.9400
445
320
318
228
227

-0.2977
-0.9706
-0.0102
11.6900
-27.1600
-2.1000
442
313
311
216
217

-0.3294
-0.9404
-0.0078
2.8700
-11.9000
1.1200
439
309
302
210
210

-0.3255
-0.9170
-0.0063
0.7700
-7.9800
5.2500
436
312
295
208
208

-0.2913
-0.9150
-0.0015
-1.4000
6.2300
9.5900
435
316
288
210
212

-0.3762
-0.8852
-0.0503
1.1900
-0.3500
-2.3100
432
320
289
212
211

-0.3704
-0.9457
-0.0049
8.4000
6.7200
-3.2200
431
321
289
210
209

-0.3309
-0.9453
-0.0063
19.1800
10.9200
-2.2400
426
320
293
204
207

-0.3396
-0.9282
0.0088
7.8400
-1.2600
-0.1400
423
318
293
208
205

-0.3767
-0.9072
0.0078
1.1200
-3.3600
-1.1200
425
320
293
207
205

-0.3733
-0.9331
0.0098
-1.6800
-2.8000
-6.3000
425
321
293
206
208

-0.3514
-0.9057
-0.0024
-0.0700
-1.0500
-1.8200
429
322
299
208
210

-0.3240
-0.9028
0.0093
19.7400
-9.3800
18.4800
431
326
304
214
213

-0.3192
-0.7774
0.0737
27.3000
-15.6800
3.9900
429
333
311
219
220

-0.4124
-0.9243
0.0986
37.9400
-2.3800
-35.8400
433
334
315
221
222

-0.3601
-0.8696
0.1830
31.2200
73.5000
-47.1800
432
335
316
223
222

-0.2948
-1.0028
0.1542
48.4400
58.1000
-47.1100
432
339
315
222
224

-0.1781
-1.0004
0.1537
33.6000
-2.9400
-19.3900
434
338
314
225
227

-0.0229
-0.8667
0.2943
-0.2800
-77.6300
82.6000
438
337
313
226
225

-0.2869
-0.8701
0.3533
13.2300
-139.7200
109.2000
441
334
312
225
227

-0.3445
-0.8647
0.4094
-26.9500
-93.0300
113.1900
442
335
313
227
226

-0.4802
-0.7979
0.3919
-19.2500
-80.7100
71.2600
443
335
313
227
226

-0.5876
-0.6227
0.4690
34.0200
-41.7900
6.8600
443
337
312
227
227

-0.6803
-0.5080
0.5319
39.4800
26.0400
-75.9500
443
340
315
228
227

-0.5802
-0.5012
0.5441
61.4600
70.4200
-167.6500
443
341
315
229
231

-0.3528
-0.5866
0.6027
72.8700
126.9800
-184.8000
444
349
315
228
228

-0.1679
-0.6895
0.7183
69.3000
62.3000
-131.2500
444
348
314
229
229

-0.0698
-0.6481
0.8369
53.8300
44.5900
-81.2000
443
349
314
230
230

0.0444
-0.6320
0.8481
52.0800
3.7100
-50.5400
443
350
314
227
230

0.2074
-0.4919
0.9067
49.0700
-41.1600
47.3200
443
352
316
231
230

0.2030
-0.3865
0.9238
16.7300
-33.6000
170.4500
446
355
318
231
231

-0.0215
-0.2460
1.0653
-24.9200
-20.8600
208.2500
444
356
317
230
231

-0.3626
-0.2303
0.9706
-5.0400
-85.8200
199.4300
444
355
317
230
231

-0.3597
-0.1698
0.9584
-30.6600
-29.5400
90.3000
444
356
318
231
232

-0.4524
-0.1669
0.9282
-16.4500
-12.0400
20.7900
444
352
319
231
233

-0.3387
-0.2381
0.8974
3.0800
-1.9600
1.6100
444
354
318
233
233

-0.2508
-0.3074
0.8979
4.5500
4.7600
-3.7100
443
356
319
233
234

-0.2172
-0.3601
0.9140
0.6300
-4.5500
-4.1300
444
355
320
235
234

-0.2123
-0.3455
0.9087
-3.1500
9.4500
1.5400
442
361
328
239
239

-0.2664
-0.3113
0.8940
-11.9000
5.1800
-0.0700
443
371
354
256
256

-0.2840
-0.3113
0.8808
-3.7800
6.5100
1.7500
440
382
382
270
271

-0.3070
-0.3372
0.8960
-20.4400
23.9400
-4.6200
443
407
419
299
299

-0.3289
-0.3611
0.8730
-13.5100
3.2200
-3.7100
442
425
443
323
321

-0.3562
-0.3831
0.8589
-3.9200
2.2400
-8.9600
442
433
457
338
337

-0.3494
-0.3582
0.8667
-18.9700
2.7300
-15.5400
443
443
473
360
361

-0.3377
-0.3338
0.8418
-39.0600
12.9500
-19.3900
444
458
494
389
389

-0.2850
-0.4714
0.7466
-68.6000
46.6900
-24.8500
449
464
509
423
424

-0.4065
-0.6549
0.6881
-66.5700
58.7300
-16.6600
447
471
516
433
434

-0.4582
-0.7208
0.5607
-64.8200
61.1800
-28.4900
449
476
519
434
434

-0.4246
-0.8062
0.3845
-72.5200
81.4800
-36.9600
447
475
520
437
436

-0.3782
-0.8369
0.2591
-61.6700
36.8200
-25.5500
449
478
523
440
439

-0.3821
-0.8706
0.1342
-63.6300
39.7600
-9.9400
450
480
527
442
442

-0.3850
-0.9087
0.0376
-79.1000
48.8600
-14.7000
449
481
524
445
445

-0.3479
-0.8603
-0.2084
-91.3500
42.1400
-2.6600
452
482
526
445
446

-0.4309
-0.8423
-0.2547
-38.7800
15.7500
-14.7000
449
482
525
446
446

-0.3270
-0.8550
-0.2777
-31.5700
11.5500
-10.5000
450
485
525
446
446

-0.2557
-0.8335
-0.3836
-0.8400
-2.9400
-5.2500
450
485
525
446
447

-0.3021
-0.8223
-0.3606
5.3200
-1.6100
1.7500
450
484
527
446
446

-0.3318
-0.8560
-0.3338
-1.5400
-1.8900
-7.0700
451
478
524
447
448

-0.3196
-0.8394
-0.3738
-1.6800
-4.0600
-1.1900
451
476
523
448
447

-0.3343
-0.8550
-0.3494
-1.9600
-3.8500
-7.8400
451
468
519
448
446

-0.3162
-0.8345
-0.3440
4.9000
-6.6500
-12.1100
451
460
508
441
442

-0.2913
-0.8428
-0.3416
3.8500
-8.8200
-13.3700
452
442
492
428
430

-0.2791
-0.8340
-0.3392
6.5100
-17.7100
-20.3000
453
415
465
371
371

-0.2621
-0.8828
-0.3362
15.6800
-11.8300
-10.5000
451
382
427
315
316

-0.2386
-0.9384
-0.3343
21.2800
-13.0200
-12.3200
449
353
368
275
275

-0.2635
-0.9560
-0.2499
32.6200
-4.1300
-17.5700
448
327
324
237
238

-0.1903
-0.9706
-0.2557
29.9600
-12.6000
-21.5600
442
312
299
213
216

-0.2225
-0.9584
-0.2664
33.0400
15.0500
9.3100
435
301
294
204
203

-0.2606
-0.9252
-0.1693
46.4800
11.3400
7.4200
426
294
290
195
198

-0.2801
-0.9492
-0.0795
38.5000
4.4800
5.2500
421
292
290
198
197

-0.3289
-0.9165
0.0054
36.6100
-2.0300
-0.8400
424
298
294
199
200

-0.2469
-0.8960
0.0820
63.8400
-16.2400
-10.3600
425
303
303
206
204

-0.2294
-0.8633
0.0371
64.2600
-24.8500
1.1900
425
305
306
208
207

-0.3221
-0.8374
0.1566
57.3300
19.3900
2.6600
425
305
307
209
208

-0.3514
-0.8223
0.4138
17.2200
59.5700
-13.7200
430
308
310
210
211

-0.2967
-0.8574
0.3401
18.5500
13.3700
-1.6800
433
311
314
213
214

-0.1850
-0.9506
0.4250
36.7500
-23.1000
6.0200
435
312
314
217
215

-0.0659
-0.8286
0.4768
17.7800
-51.3100
45.2200
435
318
316
218
215

-0.1732
-0.7725
0.5461
10.2900
-59.9900
573.7200
438
321
316
218
216

-0.3221
-0.6637
0.5763
1.7500
-22.8900
86.7300
437
321
320
217
217

-0.5656
-0.5919
0.5558
-15.8900
-8.6800
43.7500
438
322
318
218
218

-0.8247
-0.5773
0.4465
27.5800
-48.4400
-30.3800
438
323
319
219
217

-0.6188
-0.6451
0.4446
38.9200
-20.3000
-49.4900
436
324
324
220
220

-0.4826
-0.5212
0.5700
43.7500
22.7500
-70.9100
439
331
329
221
222

-0.3377
-0.5807
0.6671
82.9500
18.4100
-82.3200
437
332
328
222
223

-0.1859
-0.5988
0.8389
89.4600
20.5100
-80.7100
440
332
328
222
222

0.0371
-0.5490
0.8652
75.0400
-6.2300
-46.2700
438
332
328
223
224

0.1083
-0.5300
0.9653
69.2300
-23.9400
5.1800
439
335
329
223
223

0.1557
-0.3650
1.0760
41.8600
-43.0500
61.8800
440
337
330
224
224

0.1405
-0.2347
1.0214
15.8200
-33.1800
99.6800
440
338
331
224
225

-0.0981
-0.2284
0.9365
45.7800
-0.0700
85.4700
438
342
339
227
227

-0.2977
-0.1513
1.0233
21.7000
-5.3900
53.4800
436
343
343
229
228

-0.3167
-0.1454
0.9828
-1.6100
-17.8500
26.3200
436
343
341
228
229

-0.2908
-0.1381
0.9579
-10.9900
3.2200
3.4300
436
344
340
228
228

-0.2396
-0.1654
0.9575
-11.2000
-4.0600
-4.0600
436
345
344
229
230

-0.1679
-0.1889
1.0243
-28.3500
3.5000
-7.0700
436
356
362
239
239

-0.1527
-0.1864
0.9892
-96.6000
28.4200
-8.2600
440
396
425
289
290

-0.2416
-0.5202
0.8935
-87.9200
60.9000
-5.3900
443
442
478
367
367

-0.3211
-0.6666
0.7662
-123.4800
80.2200
4.4800
446
461
497
404
404

-0.3924
-0.6671
0.5402
-90.8600
52.9900
-12.3900
448
471
510
421
421

-0.3792
-0.7686
0.4041
-113.1900
53.0600
-16.1700
450
476
514
428
426

-0.3889
-0.8198
0.1976
-75.2500
43.1200
-15.2600
450
480
519
433
434

-0.3909
-0.8472
0.1118
-60.0600
33.5300
-19.1800
452
483
522
440
438

-0.3816
-0.8838
0.0117
-62.1600
36.2600
-16.0300
451
487
525
448
447

-0.3396
-0.8438
-0.0630
-33.3900
10.5000
-13.2300
451
491
526
454
454

-0.3328
-0.8847
-0.0766
-19.3900
12.3900
-9.8000
451
493
528
459
461

-0.3611
-0.8755
-0.1464
-23.3100
9.5200
-4.9000
452
496
527
461
461

-0.3343
-0.9062
-0.1850
0.8400
7.9800
-1.9600
454
495
528
462
462

-0.3279
-0.8965
-0.1610
3.9900
5.8800
-2.0300
454
493
528
463
463

-0.3070
-0.8935
-0.1606
4.5500
2.1000
-1.9600
453
494
528
462
463

-0.3235
-0.9043
-0.1688
4.9000
-3.5000
-6.6500
455
494
529
463
463

-0.3284
-0.9267
-0.1708
9.1000
-7.4200
-10.5700
455
493
528
463
462

-0.3074
-0.9228
-0.1791
9.1000
-4.0600
-5.6700
458
491
530
462
462

-0.3040
-0.9223
-0.1581
13.4400
-4.9000
-1.9600
455
487
527
460
459

-0.3109
-0.9501
-0.1459
11.4800
-5.9500
-4.3400
456
485
528
455
456

-0.3231
-0.9418
-0.1254
11.6200
-3.8500
-0.0700
456
478
523
449
449

-0.3279
-0.9218
-0.0956
8.4000
-9.8000
3.7100
456
462
514
438
436

-0.3504
-0.9262
-0.0473
6.1600
-1.8900
-7.7000
454
426
486
389
389

-0.3167
-0.9706
-0.0600
32.8300
-11.9700
-18.4800
455
374
436
330
328

-0.2562
-0.9902
-0.0132
31.0800
-13.5800
-14.2800
454
352
409
289
289

-0.2269
-0.9921
0.0220
43.8900
-15.6800
-19.3900
453
335
386
269
269

-0.2294
-0.9423
0.0449
55.3700
-10.0100
-10.4300
449
317
371
252
252

-0.2269
-0.9267
0.1771
93.3100
-17.1500
-0.0700
446
307
351
238
238

-0.2962
-0.8145
0.3953
153.8600
-37.3800
16.8000
448
300
329
224
222

-0.2679
-0.7096
0.6012
104.5800
-63.4900
26.1800
449
297
314
216
215

-0.2440
-0.6842
0.7559
77.9100
-49.2100
62.3000
448
295
304
211
209

-0.0439
-0.4538
0.8345
99.6800
-36.6800
151.4100
447
302
310
210
211

-0.1972
-0.2313
0.9823
30.1000
-3.3600
110.3900
446
310
311
213
214

-0.3372
-0.1679
0.9082
-33.6700
-1.5400
85.6100
446
310
311
215
213

-0.6193
-0.1322
0.8867
-16.5200
-25.4100
17.2900
446
312
312
213
216

-0.7325
-0.1064
0.7261
-5.6700
20.3000
-33.0400
445
314
314
218
216

-0.7486
-0.1035
0.7452
36.7500
-26.4600
-84.5600
447
316
315
218
219

-0.4426
-0.0351
0.8125
39.9700
-9.8700
-105.9800
447
316
315
222
221

-0.2430
-0.1000
0.9057
59.2200
-15.0500
-104.6500
449
319
316
221
222

-0.1000
-0.1850
0.9975
43.4000
3.9900
-96.7400
447
320
316
223
222

0.0566
-0.1679
1.0824
30.8700
-17.2900
-46.1300
448
320
317
226
223

0.1879
-0.1479
1.0746
19.1100
-7.4900
14.8400
447
321
319
225
224

0.0917
-0.1015
1.0497
12.1800
-36.0500
66.0800
448
325
319
223
223

-0.0137
-0.1410
1.0443
-24.8500
-4.2000
80.7100
449
326
320
223
225

-0.1493
-0.0712
0.9609
-24.0100
-33.1800
92.8200
448
326
320
222
223

-0.2508
-0.0205
0.9989
-64.2600
24.5700
88.6900
450
326
319
224
225

-0.4133
-0.0903
0.9121
-33.7400
-5.7400
42.9100
447
328
320
223
222

-0.3919
-0.1127
0.9477
-0.6300
-0.8400
4.8300
446
329
322
223
225

-0.2943
-0.1122
0.9423
-3.1500
3.8500
-5.8100
446
329
322
224
224

-0.2552
-0.1869
0.9545
-4.4800
-4.6200
-10.3600
446
330
324
226
225

-0.2176
-0.2113
0.9789
-7.7700
-0.2800
-8.6800
446
331
323
226
225

-0.2294
-0.2074
0.9716
-3.7100
0.7000
-10.0800
444
333
329
229
226

-0.2796
-0.1962
0.9662
-18.6200
3.9200
-21.1400
445
348
350
242
243

-0.2923
-0.2601
0.9882
-34.5100
31.7100
-39.4100
446
391
421
287
287

-0.2943
-0.3645
0.9033
-93.8700
68.6000
-42.6300
448
429
469
344
344

-0.3806
-0.5778
0.7706
-102.4800
85.7500
-27.5800
447
449
489
382
382

-0.4016
-0.6817
0.5929
-121.3100
58.6600
-36.0500
449
460
504
403
404

-0.3406
-0.7652
0.3533
-96.6700
58.4500
-20.0200
447
470
511
417
416

-0.3035
-0.7950
0.2074
-89.0400
45.8500
-19.2500
450
477
517
425
424

-0.3440
-0.8272
0.0708
-76.0200
28.7000
-17.0800
448
477
518
427
425

-0.3567
-0.9106
-0.0937
-41.9300
28.3500
-17.4300
450
478
518
424
424

-0.3606
-0.9048
-0.1215
-37.6600
22.5400
-17.5700
450
478
518
424
426

-0.3274
-0.9043
-0.1776
-3.7800
-4.0600
-14.1400
452
479
520
422
422

-0.3348
-0.9199
-0.1962
9.9400
-7.0700
-15.1200
452
480
518
423
424

-0.3299
-0.9267
-0.1757
-1.6800
2.6600
-10.9900
452
481
516
425
425

-0.3387
-0.9170
-0.2240
13.4400
-12.2500
-5.0400
454
481
518
425
426

-0.3416
-0.9340
-0.2225
12.6000
-4.9700
-3.0800
455
483
517
427
425

-0.3372
-0.9379
-0.2011
11.6900
-4.1300
-6.2300
454
481
517
425
424

-0.3206
-0.9252
-0.1850
4.9700
-4.2700
-7.9100
455
480
516
423
423

-0.3201
-0.9384
-0.1991
6.6500
-3.6400
-5.0400
456
480
516
422
422

-0.3089
-0.9457
-0.1762
1.6100
-4.1300
-4.7600
455
478
516
420
420

-0.3079
-0.9282
-0.1923
5.5300
-6.4400
-5.3200
456
471
513
418
418

-0.3196
-0.9350
-0.1493
6.3700
-6.6500
-11.8300
456
448
499
413
413

-0.2991
-0.9331
-0.1732
4.2700
-6.7900
-7.0000
456
421
481
387
387

-0.2982
-0.9355
-0.1484
16.4500
-17.9900
-13.4400
456
393
458
348
348

-0.2655
-0.9706
-0.1049
35.5600
-31.2200
-17.5000
455
363
412
295
297

-0.2918
-1.0228
-0.0527
49.2100
-28.7000
-28.7000
455
340
356
247
248

-0.2206
-0.9257
0.0708
14.2100
3.9900
-11.9700
453
319
326
222
220

-0.1728
-0.9091
0.0317
37.6600
10.9200
1.6800
448
308
312
210
208

-0.2352
-0.8930
0.1010
42.7700
-0.2800
10.1500
448
306
308
206
206

-0.2679
-0.9248
0.1962
34.3700
-1.1900
9.8000
446
303
304
205
207

-0.2396
-0.9106
0.2235
49.8400
-3.7800
17.8500
446
307
306
207
208

-0.2098
-0.8891
0.3396
59.4300
3.0800
35.9100
445
308
308
210
209

-0.1786
-0.8467
0.4651
46.5500
-9.9400
45.5000
446
311
311
211
210

-0.1386
-0.7471
0.6066
16.3800
-15.1900
87.8500
446
318
315
213
213

-0.2908
-0.6202
0.7032
4.4800
-37.8700
99.3300
448
321
319
214
215

-0.4724
-0.5334
0.6271
-18.0600
-26.9500
61.8100
448
326
320
219
220

-0.7261
-0.4836
0.5456
-14.9100
-26.1100
14.4200
450
326
323
223
223

-0.7452
-0.4436
0.4573
8.8200
-23.3100
-14.6300
449
327
322
225
225

-0.7588
-0.4631
0.5187
35.3500
-25.8300
-70.0700
449
330
324
225
224

-0.5236
-0.3953
0.5632
65.3800
-8.2600
-90.3000
449
334
324
225
227

-0.3719
-0.4656
0.7383
72.3100
4.8300
-103.5300
448
334
327
226
225

-0.3084
-0.5505
0.8208
83.6500
-14.1400
-141.6800
447
337
326
226
225

0.0366
-0.5124
1.0394
51.5900
-11.6900
-95.1300
447
338
327
228
228

0.3074
-0.4851
1.0102
19.6700
6.0900
-30.2400
448
340
327
228
227

0.3074
-0.4641
0.8691
45.3600
-19.6000
26.2500
448
339
327
229
229

0.4441
-0.3030
0.9950
43.6800
-15.7500
91.7000
447
343
329
228
229

0.1401
-0.2801
0.9843
11.2700
9.5900
106.4000
450
345
328
230
230

-0.2694
-0.2640
1.0526
-0.8400
-40.9500
90.9300
448
345
331
228
232

-0.2269
-0.1576
1.0116
-14.5600
13.8600
81.8300
446
345
333
230
231

-0.3309
-0.1566
0.9618
-11.9700
10.9900
37.1700
448
346
333
232
232

-0.3577
-0.1869
0.9018
-9.0300
1.7500
10.4300
449
345
335
231
232

-0.3138
-0.2464
0.9028
-2.6600
-2.0300
-3.1500
447
347
334
231
232

-0.2284
-0.2713
0.9604
-0.8400
-3.0800
-9.4500
447
345
335
233
232

-0.1688
-0.2889
0.9457
-6.3700
-12.6000
-10.7800
445
346
333
234
233

-0.1688
-0.2938
0.9550
-18.1300
-3.0100
-10.4300
445
348
338
232
235

-0.2103
-0.3060
0.9643
-29.9600
-7.7000
-20.4400
442
368
368
254
254

-0.2318
-0.3592
0.9204
-58.5900
9.9400
-25.4800
441
403
424
296
298

-0.2362
-0.4856
0.8857
-72.7300
31.7100
-21.5600
440
431
465
345
344

-0.2377
-0.6437
0.7876
-66.1500
36.1200
-23.5200
442
441
481
373
372

-0.2206
-0.6954
0.7315
-55.5100
33.4600
-19.8100
442
449
494
393
394

-0.1732
-0.7139
0.6076
-82.3200
76.5800
8.1200
443
455
505
410
408

-0.1986
-0.8281
0.3260
-74.8300
56.6300
8.4000
442
464
513
420
420

-0.3372
-0.8403
0.2650
-74.5500
50.5400
7.0000
444
469
517
425
427

-0.3992
-0.8774
0.1908
-45.5700
40.9500
-10.7100
445
471
518
426
426

-0.3860
-0.8696
0.1098
-37.5200
38.2200
-10.2900
445
471
519
425
426

-0.3982
-0.8779
0.0439
-27.5100
19.7400
-8.8200
445
474
518
424
422

-0.3309
-0.9082
-0.0112
-49.1400
25.0600
-3.7100
447
474
518
425
426

-0.3479
-0.8994
-0.1147
-11.9000
13.4400
2.0300
448
475
519
427
427

-0.3728
-0.9023
-0.1161
3.3600
5.1800
-2.2400
448
476
519
429
427

-0.3689
-0.9057
-0.1313
-1.1200
3.8500
-7.1400
448
477
519
429
429

-0.3475
-0.9194
-0.1176
-3.3600
-0.2100
-9.2400
447
484
521
433
432

-0.3026
-0.8960
-0.1269
-5.0400
2.1700
-5.9500
449
486
523
439
439

-0.3157
-0.8935
-0.1371
1.1200
-1.0500
-1.8900
450
490
526
442
443

-0.3518
-0.9130
-0.1337
5.8100
0.9800
-10.4300
454
491
527
445
443

-0.3323
-0.9209
-0.1401
16.3100
2.8700
-11.4100
454
487
525
443
443

-0.3143
-0.9487
-0.1083
14.0700
-0.7700
-5.9500
455
475
526
443
444

-0.3123
-0.9213
-0.0927
6.6500
-4.4800
1.4700
454
471
525
441
442

-0.3440
-0.9218
-0.1098
6.0200
0.4900
0.8400
455
470
521
438
439

-0.3260
-0.9345
-0.1064
6.3000
-1.9600
-5.6000
455
464
513
433
433

-0.3089
-0.9316
-0.0703
17.1500
-8.8900
-20.7200
454
440
456
387
385

-0.2762
-0.9287
-0.0630
21.0000
-2.1700
-7.5600
455
412
405
327
327

-0.2967
-0.9462
0.0015
21.0700
-5.5300
-14.9800
453
369
349
274
275

-0.2967
-0.9418
0.0024
26.0400
-18.9700
-13.0900
451
338
311
240
239

-0.2928
-0.9745
0.0415
-3.9200
-8.9600
-9.6600
449
324
296
222
220

-0.2206
-1.0004
0.0264
2.8000
-19.1100
-4.4100
446
320
291
212
212

-0.2547
-0.9936
0.0044
33.5300
-24.0800
-6.0900
443
322
287
211
213

-0.2513
-0.9809
0.0952
36.2600
-12.9500
-3.2900
440
323
287
211
211

-0.2494
-1.0243
0.1386
38.2900
-10.9200
-7.4900
438
323
286
210
211

-0.2513
-0.9594
0.1620
26.8100
-14.8400
-1.1200
439
324
288
212
215

-0.2518
-0.9589
0.2079
25.6200
-16.9400
-4.6200
440
326
289
215
217

-0.2264
-0.9531
0.2030
22.4700
-25.9700
9.7300
438
329
294
217
217

-0.0908
-0.8843
0.3406
91.2100
-64.4700
69.5100
438
337
299
220
220

-0.1005
-0.7715
0.5412
128.1000
-128.7300
93.8700
436
341
305
220
222

-0.3074
-0.5197
0.7447
119.4900
-109.5500
90.3700
441
345
308
224
223

-0.4407
-0.3836
0.8608
13.0900
-30.1700
57.3300
441
348
314
226
225

-0.6856
-0.3928
0.8418
-24.8500
-12.3200
6.3000
441
350
314
225
226

-0.6398
-0.3162
0.8008
-17.5000
-23.0300
-39.2000
445
352
316
227
227

-0.6588
-0.3806
0.6715
10.9200
-16.9400
-104.0200
444
353
319
228
228

-0.4065
-0.3958
0.8657
64.9600
12.9500
-119.4900
444
358
321
231
230

-0.2074
-0.3274
0.9370
62.3000
26.5300
-115.1500
443
359
323
232
230

-0.0405
-0.4543
1.0014
62.2300
25.4100
-113.2600
445
359
323
232
232

0.2103
-0.3884
0.9799
43.0500
-4.5500
-64.1200
444
359
323
231
232

0.1274
-0.3231
0.9706
26.6700
-4.5500
-22.6100
444
359
324
232
232

0.2201
-0.3055
1.0004
42.0000
0.7700
23.8700
444
360
324
233
233

0.1957
-0.2264
0.9648
30.1000
-20.5100
73.0100
444
363
326
235
233

0.0937
-0.2011
1.1448
36.8200
-19.1800
108.1500
445
368
332
238
239

-0.1957
-0.1132
1.0433
23.6600
1.4700
80.1500
447
370
338
241
242

-0.2738
-0.0747
0.9892
7.4900
-4.9700
42.4200
445
370
339
240
241

-0.1932
-0.0381
0.9887
-2.8000
-4.1300
18.4100
445
371
338
241
242

-0.1581
-0.0708
0.9750
-2.6600
1.7500
1.5400
445
371
337
242
242

-0.1274
-0.1093
0.9701
-0.2800
-5.8800
-4.9000
445
372
337
243
243

-0.0839
-0.1240
0.9906
-4.1300
-8.6100
-6.8600
444
372
340
243
243

-0.0581
-0.1283
0.9692
-5.8100
-6.7200
0.0000
443
372
340
244
244

-0.0815
-0.1337
1.0502
-5.6000
-4.9000
-7.6300
444
372
342
243
246

-0.0966
-0.1274
1.0448
-36.1900
14.0000
-18.2000
442
384
372
260
261

-0.1259
-0.2098
1.0463
-79.3100
40.4600
-24.9900
438
416
438
305
307

-0.1854
-0.4060
0.9101
-85.4700
47.1800
-19.7400
438
434
474
364
364

-0.1669
-0.6305
0.8257
-104.7200
101.5700
-15.5400
440
452
496
400
399

-0.2601
-0.6647
0.6154
-96.1100
54.8800
-15.5400
441
462
506
414
414

-0.2289
-0.7281
0.4782
-54.3200
53.8300
-11.2000
443
471
513
426
425

-0.2757
-0.8233
0.3924
-47.3200
39.5500
-7.2800
444
473
516
428
428

-0.3148
-0.8325
0.3299
-43.5400
58.0300
-0.7000
445
474
518
428
431

-0.3948
-0.8340
0.2567
-13.9300
40.5300
-6.0900
445
475
518
428
428

-0.4338
-0.8491
0.2059
-13.5100
37.3800
-7.2800
445
475
517
427
426

-0.4138
-0.8779
0.1420
-25.1300
35.2100
-11.6900
446
476
517
425
425

-0.4294
-0.8662
0.0615
-23.8000
33.1800
-3.7800
447
476
518
425
424

-0.4241
-0.8564
0.0683
-10.9200
6.5800
-5.3900
449
478
518
425
424

-0.3806
-0.8808
0.0112
-17.0100
9.5900
-4.4100
451
480
520
428
427

-0.4060
-0.9399
-0.0532
6.8600
1.1900
-5.1100
449
484
521
430
431

-0.3762
-0.8989
-0.0454
4.0600
8.9600
0.6300
453
484
522
433
433

-0.4143
-0.8804
-0.0307
3.7100
-0.2800
-7.4900
449
484
523
435
436

-0.4172
-0.8852
-0.0176
5.9500
-3.8500
-20.8600
451
485
523
434
434

-0.3528
-0.8808
-0.0405
7.6300
-7.5600
-6.3700
453
484
523
435
435

-0.3982
-0.9252
-0.0185
5.1800
-5.4600
-5.3900
453
484
524
435
436

-0.3972
-0.9199
-0.0459
2.5900
-4.0600
-5.1100
455
485
523
439
440

-0.3855
-0.9199
-0.0439
-3.8500
-5.3200
-9.7300
454
486
524
443
443

-0.3699
-0.9082
-0.0371
0.8400
-10.2200
-13.5100
454
486
524
446
446

-0.3504
-0.8926
-0.0166
-11.8300
-16.3100
-2.3100
453
481
523
442
443

-0.3675
-0.9301
-0.0288
2.4500
-13.4400
0.2100
453
476
519
438
437

-0.3455
-0.8872
-0.0454
-4.2000
1.1900
3.0100
455
474
518
435
434