-0.1859
-0.9589
-0.2630
1.8200
2.1000
-7.9100
426
483
512
424
461
-0.1518
-0.9643
-0.2645
-2.3100
5.8800
-10.5000
426
483
513
425
460
-0.1342
-0.9526
-0.2513
-2.8000
7.9800
-11.6200
426
483
513
425
456
-0.0849
-0.9170
-0.2796
-0.8400
0.2100
-2.8700
426
483
513
425
457
-0.0849
-0.9189
-0.2811
4.0600
-6.5800
0.4900
426
483
512
424
454
-0.1264
-0.9550
-0.2816
4.2700
-6.5800
-3.3600
426
483
512
424
456
-0.1220
-0.9599
-0.3030
2.3800
-3.7800
-3.8500
426
483
512
425
454
-0.1132
-0.9414
-0.2908
0.4200
-3.4300
-4.0600
426
483
512
425
456
-0.1035
-0.9506
-0.2777
2.9400
-5.2500
-4.6900
426
483
513
425
456
-0.1088
-0.9584
-0.3279
0.8400
-5.3900
-2.4500
426
483
512
424
456
-0.1166
-0.9462
-0.3030
-0.7000
-4.7600
-3.7800
426
483
512
424
456
-0.1069
-0.9238
-0.2879
1.3300
-4.2000
-1.6100
426
483
512
424
455
-0.1176
-0.9545
-0.2904
1.0500
-4.0600
-3.9200
426
483
512
424
455
-0.0991
-0.9292
-0.2957
2.1700
-2.7300
-5.1100
425
483
510
424
455
-0.1015
-0.9487
-0.2933
-0.2100
-4.4100
-5.4600
425
483
508
423
455
-0.1137
-0.9438
-0.2987
-1.3300
-5.3200
-5.9500
425
481
498
418
455
-0.1015
-0.9374
-0.3089
-1.5400
-5.2500
-6.6500
423
479
487
408
452
-0.0854
-0.9487
-0.3133
-1.3300
-5.9500
-8.1900
417
469
476
395
455
-0.0815
-0.9389
-0.3201
-5.6000
-1.9600
-2.5900
409
457
461
381
452
-0.0942
-0.9399
-0.3201
-4.4100
-5.6000
-4.4800
405
445
445
370
454
-0.1083
-0.9101
-0.3353
-9.0300
-6.3700
-4.4800
397
422
421
352
451
-0.0727
-0.9340
-0.3665
1.8900
-7.7700
-4.6200
382
391
391
328
453
-0.0952
-0.9384
-0.3509
-5.8100
-12.8800
-5.8800
354
354
355
299
450
-0.0527
-0.8994
-0.3841
-2.5200
-9.6600
-1.4000
330
328
327
277
451
-0.0795
-0.9501
-0.3777
-2.6600
-19.8100
-1.6800
307
305
304
259
450
-0.2318
-0.8945
-0.3909
11.6200
-15.5400
0.9800
288
292
293
246
449
-0.1513
-0.9023
-0.3684
1.6800
-12.3200
-3.7800
276
278
281
233
446
-0.1562
-0.8921
-0.3655
-15.3300
-13.9300
-2.4500
267
264
269
223
440
-0.1322
-0.8960
-0.4060
-8.6800
-11.9700
-7.9100
258
254
260
214
433
-0.1259
-0.9004
-0.4431
-4.2000
-9.4500
-6.7200
256
247
256
211
427
-0.1298
-0.9116
-0.4241
-0.5600
-12.3900
-3.4300
254
242
253
208
426
-0.1498
-0.8686
-0.3972
-6.6500
-12.4600
-1.8200
250
239
253
208
433
-0.1386
-0.8769
-0.2987
3.2200
-10.3600
4.9000
247
237
254
208
462
-0.0693
-0.8833
-0.4494
-3.5700
-3.1500
-3.9200
244
237
254
210
475
-0.1484
-0.8740
-0.4372
-0.2100
-3.7800
0.9100
243
237
255
211
483
-0.1566
-0.8867
-0.4319
1.4000
-5.3200
1.6100
243
238
256
212
484
-0.1635
-0.8882
-0.4324
2.4500
-4.3400
-3.8500
243
239
256
213
488
-0.1620
-0.8877
-0.4309
2.8000
-3.5700
-4.9700
244
239
257
214
488
-0.1557
-0.8921
-0.4221
0.9800
-3.7100
-3.8500
245
240
258
215
485
-0.1523
-0.8891
-0.4338
2.1700
-4.2000
-2.1700
246
241
259
215
486
-0.1615
-0.8706
-0.4275
2.3100
-3.9200
-1.1900
246
242
259
216
481
-0.1547
-0.8965
-0.4412
2.1700
-4.0600
-4.9700
246
242
260
217
482
-0.1601
-0.8774
-0.4343
2.8000
-3.8500
-3.3600
246
243
260
217
480
-0.1518
-0.8784
-0.4285
0.9100
-4.1300
-5.2500
243
243
261
218
478
-0.1591
-0.8813
-0.4343
-0.6300
-3.2900
-5.8800
243
245
263
219
477
-0.1532
-0.8789
-0.4236
-0.5600
-3.8500
-2.5200
243
245
264
220
473
-0.1532
-0.8906
-0.4338
1.9600
-4.6200
-2.6600
244
246
265
220
474
-0.1591
-0.8843
-0.4387
2.5900
-4.6200
-3.0100
244
247
265
221
471
-0.1557
-0.8804
-0.4392
3.0800
-3.7100
-4.2000
244
248
266
221
472
-0.1532
-0.8945
-0.4446
2.6600
-3.9900
-4.2000
245
248
267
222
469
-0.1479
-0.8926
-0.4353
2.4500
-5.2500
-2.6600
245
249
267
222
471
-0.1542
-0.8843
-0.4368
0.8400
-4.5500
-2.5900
245
249
268
222
470
-0.1606
-0.8755
-0.3982
0.7700
-2.9400
-3.3600
244
250
268
223
469
-0.1474
-0.8833
-0.4363
1.4000
-3.0800
-2.8000
245
251
269
224
467
-0.1493
-0.8867
-0.4397
-1.6100
-0.7700
-2.1000
248
254
271
225
462
-0.1610
-0.8540
-0.4431
5.3200
1.9600
3.2900
259
270
286
237
451
-0.1591
-0.8579
-0.4348
7.4200
-4.1300
1.0500
276
291
312
260
444
-0.1474
-0.8511
-0.4426
11.4100
0.1400
7.7000
319
334
362
305
437
-0.1864
-0.8930
-0.4177
17.4300
1.8900
-0.4200
374
397
431
351
432
-0.1542
-0.8921
-0.4319
11.9700
-0.9800
-1.8200
402
440
470
379
428
-0.1869
-0.9043
-0.3367
12.7400
0.5600
3.7800
410
462
492
399
425
-0.2001
-0.8984
-0.3543
7.3500
-2.5900
2.8000
413
474
503
416
423
-0.2074
-0.8813
-0.3509
1.3300
-3.8500
0.6300
414
481
511
429
422
-0.2030
-0.9106
-0.4109
-1.8200
-7.0700
0.6300
415
486
516
438
422
-0.2191
-0.8813
-0.3753
2.6600
-4.2700
1.8900
416
488
519
444
421
-0.2230
-0.9116
-0.3626
3.2900
-5.2500
-4.2000
417
489
520
448
421
-0.2152
-0.8906
-0.3699
4.2000
-5.7400
-3.4300
420
489
520
449
420
-0.2128
-0.9028
-0.3592
2.1700
-3.3600
-3.4300
421
489
520
449
420
-0.2216
-0.8906
-0.3723
1.5400
-2.2400
-5.6700
421
489
520
449
420
-0.2147
-0.8852
-0.3670
2.8000
-3.0800
-6.3000
421
489
520
449
419
-0.2040
-0.8921
-0.3684
0.6300
-4.9000
-5.1100
421
487
520
448
419
-0.2186
-0.8974
-0.3733
-1.0500
-4.0600
-2.8000
421
485
520
448
419
-0.2216
-0.8769
-0.3636
0.2800
-2.1000
-5.4600
421
485
520
448
419
-0.2040
-0.8760
-0.3640
-1.3300
-3.9200
-6.8600
420
485
520
447
419
-0.2050
-0.8852
-0.3777
-1.6100
-4.9000
-3.6400
420
485
520
448
419
-0.2074
-0.8935
-0.3924
-1.2600
-4.2000
1.1900
419
485
520
448
419
-0.2352
-0.9033
-0.3650
-7.9800
-2.5200
-7.7000
418
481
518
448
418
-0.2001
-0.8657
-0.3850
4.6900
-3.2200
-3.6400
417
481
518
448
420
-0.2079
-0.9028
-0.3889
-1.2600
-4.0600
-2.4500
417
480
516
446
421
-0.2279
-0.8769
-0.3811
0.9100
-0.9800
-5.6000
416
480
516
446
421
-0.1845
-0.8823
-0.4036
1.0500
-1.0500
-4.1300
409
477
514
443
423
-0.2035
-0.8935
-0.4163
4.4800
-1.5400
-2.9400
399
470
507
439
421
-0.1879
-0.8901
-0.3904
-4.4100
-0.4900
-4.4800
383
457
497
435
427
-0.1874
-0.8794
-0.4236
-4.5500
-0.9100
-5.3200
354
436
483
430
429
-0.1991
-0.8716
-0.4089
-0.8400
0.4200
-3.9900
324
408
460
420
432
-0.2006
-0.8930
-0.4309
-1.1900
-0.5600
-7.0000
298
380
421
399
436
-0.1659
-0.9853
-0.4163
0.6300
-6.2300
-8.2600
270
348
374
360
438
-0.1859
-0.8979
-0.4329
-6.3700
-5.6700
-6.7200
255
320
332
317
440
-0.1664
-0.8701
-0.4568
-0.0700
-3.2200
-1.8200
243
302
301
289
449
-0.1791
-0.8452
-0.4377
7.6300
-2.7300
-1.8200
231
293
276
270
450
-0.1508
-0.8857
-0.4382
-1.0500
-9.4500
-3.5000
219
284
261
254
449
-0.1449
-0.8725
-0.4275
0.9100
-14.2100
-3.6400
209
275
255
243
449
-0.1649
-0.8550
-0.4333
-0.8400
-19.6700
0.4200
198
266
250
230
453
-0.1654
-0.9155
-0.4314
-4.4800
-21.5600
0.4200
191
259
247
221
457
-0.2059
-0.8486
-0.4294
-4.2700
-16.8000
-8.4000
185
254
245
217
464
-0.1606
-0.8799
-0.4680
-5.4600
-9.9400
-7.7000
182
250
243
215
459
-0.1869
-0.8560
-0.4353
12.4600
-8.1200
-0.9100
181
250
245
217
465
-0.2108
-0.8706
-0.4216
1.2600
-7.1400
-3.7100
181
251
247
219
469
-0.2157
-0.8784
-0.4460
3.2900
-6.7900
-3.8500
181
251
247
221
469
-0.2103
-0.8838
-0.4451
4.2700
-4.1300
-4.7600
182
252
247
221
467
-0.1869
-0.8647
-0.4250
4.2000
-4.6900
-5.4600
183
252
247
222
467
-0.1815
-0.8857
-0.4128
0.1400
-4.9000
-3.8500
184
253
248
223
466
-0.1908
-0.8594
-0.4226
1.8200
-3.6400
-3.0100
184
254
249
224
466
-0.1732
-0.8906
-0.4265
1.1900
-5.1100
-2.8700
185
255
250
224
465
-0.1908
-0.8789
-0.4309
3.5700
-3.8500
-4.3400
186
256
251
225
465
-0.1884
-0.8872
-0.4260
2.0300
-3.9900
-3.4300
186
256
251
225
465
-0.1874
-0.8745
-0.4163
2.1000
-3.2900
-3.9200
186
256
252
226
464
-0.1854
-0.8823
-0.4221
2.5200
-4.2700
-3.7800
187
256
252
227
464
-0.1845
-0.8823
-0.4260
1.9600
-4.2700
-3.0100
187
257
253
227
464
-0.1898
-0.8799
-0.4172
2.4500
-4.4100
-3.3600
187
257
253
228
464
-0.1786
-0.8823
-0.4304
2.4500
-4.7600
-2.3800
187
257
254
228
464
-0.1913
-0.8755
-0.4250
1.6800
-3.7100
-3.4300
188
257
255
228
463
-0.1854
-0.8740
-0.4226
1.4000
-4.1300
-3.5700
188
258
255
228
461
-0.1854
-0.8789
-0.4304
2.8000
-4.6200
-3.9200
188
258
255
229
463
-0.1869
-0.8804
-0.4241
3.7800
-4.4100
-3.4300
188
258
256
229
461
-0.1820
-0.8877
-0.4216
3.8500
-4.5500
-2.1000
188
258
256
230
463
-0.1830
-0.8789
-0.4285
2.9400
-3.9900
-2.3100
188
258
256
230
461
-0.1767
-0.8882
-0.4177
2.1700
-3.7800
-3.2200
189
258
257
230
463
-0.1923
-0.8808
-0.4236
1.4000
-3.2900
-3.3600
189
259
257
230
460
-0.1835
-0.8862
-0.4192
1.6100
-3.5000
-3.0100
189
259
257
231
463
-0.1806
-0.8784
-0.4275
1.6800
-3.5000
-3.2900
189
258
257
231
462
-0.1810
-0.8950
-0.4221
2.5200
-3.5700
-3.5700
189
259
258
231
465
-0.1869
-0.8794
-0.4275
2.5200
-3.7800
-2.6600
189
259
258
231
463
-0.1820
-0.8916
-0.4158
-1.6100
-2.5900
-5.3900
190
259
259
232
462
-0.1928
-0.8721
-0.4065
-2.5900
2.0300
-1.9600
191
262
262
236
455
-0.1581
-0.8813
-0.4187
-0.0700
0.9100
-7.3500
202
273
276
249
446
-0.1747
-0.8477
-0.4402
9.2400
1.2600
5.3200
228
296
308
279
439
-0.1991
-0.8472
-0.4085
16.6600
2.8000
6.7200
274
341
363
327
439
-0.1889
-0.8969
-0.3884
13.5800
3.6400
1.6100
324
395
426
365
435
-0.2050
-0.9321
-0.3894
9.1700
-0.9100
-0.9800
353
424
460
387
436
-0.1991
-0.8667
-0.3772
1.9600
-3.8500
5.0400
374
450
486
407
434
-0.2377
-0.8891
-0.3880
12.1100
1.7500
0.7000
387
468
503
424
430
-0.2074
-0.9301
-0.3797
8.7500
-1.8200
5.4600
396
477
509
433
428
-0.2147
-0.9038
-0.3772
15.4000
-7.1400
2.1000
401
482
513
440
424
-0.2118
-0.9072
-0.3348
11.9700
-2.8700
2.9400
403
485
516
445
421
-0.2323
-0.9062
-0.3148
11.4100
-2.8000
-2.6600
407
489
520
448
413
-0.2201
-0.9008
-0.3099
9.5200
-5.3200
2.4500
411
492
522
450
412
-0.2216
-0.9228
-0.3201
4.2000
-3.6400
-0.7000
413
493
523
451
411
-0.2435
-0.9282
-0.3123
2.3800
-4.0600
-5.0400
414
493
523
451
411
-0.2391
-0.9062
-0.3021
1.5400
-4.0600
-3.9900
415
494
523
452
410
-0.2406
-0.9067
-0.2952
6.5800
-3.9200
-6.6500
416
495
524
452
408
-0.2362
-0.9028
-0.2879
1.4000
-3.1500
0.9100
417
495
524
452
408
-0.2401
-0.9048
-0.3099
-0.4200
-3.7800
0.0700
417
495
524
452
408
-0.2469
-0.9160
-0.2977
2.7300
-3.6400
-2.5900
417
494
523
451
408
-0.2450
-0.9145
-0.3118
1.5400
-3.9900
-0.2800
416
494
523
450
408
-0.2508
-0.9145
-0.2957
-2.4500
-1.3300
-1.1900
416
493
523
449
409
-0.2513
-0.8930
-0.3089
-4.6200
-0.7000
-4.2000
415
492
522
447
411
-0.2474
-0.9028
-0.2962
-9.6600
1.4000
-6.9300
411
488
519
442
414
-0.2338
-0.8769
-0.3177
-11.3400
-0.0700
-5.1100
404
474
508
436
418
-0.2352
-0.9101
-0.3538
-6.7200
1.4000
-4.5500
391
456
490
420
425
-0.2489
-0.9106
-0.3650
6.5800
3.7100
-12.5300
374
432
461
390
430
-0.2181
-0.9438
-0.3772
15.4000
-8.0500
-7.9100
346
397
419
361
434
-0.2108
-0.9111
-0.3450
-1.3300
-6.1600
-10.5700
317
364
373
327
435
-0.2142
-0.9292
-0.3240
2.3800
-8.1900
-15.8200
284
331
327
291
436
-0.1420
-0.9116
-0.2567
11.9700
-11.5500
-3.5000
257
310
306
265
434
-0.1269
-0.8852
-0.3797
2.5900
-12.4600
-6.3700
239
296
294
249
440
-0.1859
-0.9116
-0.3440
-14.1400
-11.8300
-9.2400
223
283
280
234
440
-0.2040
-0.9306
-0.3802
2.8000
-14.7000
-9.7300
210
274
267
224
432
-0.1513
-0.9648
-0.3792
-5.0400
-10.9900
-5.5300
198
259
256
216
427
-0.1918
-0.8769
-0.4392
5.6000
-13.5800
-8.1900
190
250
251
214
426
-0.1786
-0.9170
-0.3518
-4.4100
-26.6000
-9.8700
187
247
249
214
445
-0.2133
-0.8930
-0.3353
-4.9700
-11.5500
-2.9400
185
245
251
215
469
-0.2191
-0.8638
-0.3728
-5.3900
-5.4600
-4.0600
185
247
253
217
476
-0.1986
-0.9170
-0.3987
-3.7100
0.1400
-1.4000
186
248
255
219
478
-0.2020
-0.8969
-0.3802
-2.5200
1.3300
-3.0800
187
250
256
221
478
-0.1815
-0.8838
-0.3826
-0.4200
-3.2900
-0.9100
188
251
257
221
475
-0.1889
-0.8916
-0.4006
3.2200
-4.9000
-1.8200
188
252
258
222
477
-0.2020
-0.8945
-0.3992
2.7300
-3.9200
-3.0800
189
252
259
222
474
-0.1869
-0.8901
-0.3997
2.1000
-2.7300
-3.2200
189
252
259
223
475
-0.1776
-0.8847
-0.3953
1.8900
-3.8500
-3.4300
190
253
260
223
475
-0.1864
-0.9038
-0.3982
2.5900
-3.8500
-3.7100
190
253
261
224
475
-0.1820
-0.8847
-0.3787
1.6100
-3.8500
-2.5200
190
253
262
224
475
-0.1806
-0.8882
-0.3972
2.6600
-3.9200
-3.2900
190
254
262
224
474
-0.1771
-0.9057
-0.4006
3.2900
-3.9900
-3.6400
190
254
263
225
474
-0.1893
-0.8955
-0.3987
3.5700
-3.9200
-3.4300
191
254
263
225
472
-0.1820
-0.8999
-0.3865
1.1900
-3.2200
-3.1500
191
255
264
225
474
-0.1776
-0.8838
-0.3850
0.6300
-3.8500
-2.8700
191
255
264
226
471
-0.1942
-0.8843
-0.3914
0.4900
-3.4300
-2.9400
191
255
265
226
473
-0.1850
-0.8891
-0.4046
2.1700
-3.6400
-2.8000
192
256
265
227
470
-0.1845
-0.8911
-0.3967
2.0300
-3.9900
-3.5700
192
256
266
227
473
-0.1737
-0.8979
-0.3977
2.8700
-4.4800
-2.9400
192
256
266
227
471
-0.1854
-0.8965
-0.4002
3.0800
-3.9200
-2.8700
192
257
266
228
475
-0.1830
-0.8896
-0.3919
1.6800
-3.3600
-4.0600
192
257
267
228
475
-0.1757
-0.8950
-0.3875
-2.2400
-3.9200
-6.4400
193
257
268
229
469
-0.1781
-0.8911
-0.4143
-2.2400
2.1000
-9.0300
194
259
268
231
460
-0.1508
-0.9311
-0.4285
-12.3200
1.0500
7.2800
200
270
275
238
446
-0.2011
-0.8316
-0.3924
15.9600
0.7000
9.4500
227
297
301
264
441
-0.1869
-0.9082
-0.3963
23.9400
3.9200
9.6600
286
349
367
321
437
-0.2191
-0.9033
-0.3645
10.9900
3.0100
4.4100
328
401
432
360
434
-0.2206
-0.8960
-0.3362
12.1800
-1.4000
8.5400
360
441
477
390
428
-0.2206
-0.8940
-0.3099
11.4100
-0.8400
-0.8400
380
466
501
409
425
-0.2050
-0.8667
-0.3450
6.8600
-3.7100
5.1800
387
477
511
420
422
-0.2445
-0.8857
-0.3348
10.8500
-4.8300
2.3800
389
481
514
427
419
-0.2362
-0.9008
-0.3353
0.1400
-4.2700
0.2100
390
481
514
428
421
-0.2625
-0.8833
-0.3367
2.5200
-2.1000
-1.3300
390
481
515
428
421
-0.2499
-0.9067
-0.3299
2.9400
-1.4000
-1.1200
390
481
515
428
421
-0.2611
-0.8852
-0.3367
1.1200
-3.6400
-4.2000
390
480
514
427
421
-0.2406
-0.8940
-0.3206
-0.3500
-3.5700
0.2100
390
478
513
425
419
-0.2596
-0.9096
-0.3440
3.7100
-2.9400
-0.1400
390
477
513
424
421
-0.2650
-0.8852
-0.3445
0.7700
-1.8900
-5.3200
389
474
512
422
422
-0.2640
-0.8872
-0.3348
-0.2100
-2.0300
-3.4300
389
473
511
421
422
-0.2425
-0.8896
-0.3431
-0.7700
-4.2700
-3.8500
389
472
511
420
422
-0.2523
-0.8896
-0.3411
1.8900
-2.3800
-4.4100
388
471
510
418
421
-0.2445
-0.9008
-0.3343
-1.6100
-3.8500
-4.4800
388
471
510
418
424
-0.2621
-0.8784
-0.3704
0.2800
-3.1500
-5.6000
388
470
509
418
424
-0.2552
-0.8872
-0.3465
1.6100
-2.7300
-6.1600
388
469
508
418
426
-0.2455
-0.8808
-0.3445
-5.8800
-1.3300
-7.0000
387
461
495
413
429
-0.2479
-0.8882
-0.3670
-4.0600
1.8900
-13.7900
378
439
467
399
434
-0.2230
-0.8906
-0.3909
3.2200
-1.5400
-2.3800
360
412
430
384
438
-0.2255
-0.9077
-0.3904
7.7700
-5.9500
-12.3200
331
376
386
358
443
-0.2499
-0.8696
-0.3865
-7.4900
-7.9100
-6.7200
305
343
344
318
447
-0.2030
-0.8813
-0.3762
-8.0500
-8.9600
-7.3500
282
307
307
278
450
-0.1796
-0.8818
-0.4436
-2.3800
-7.4900
-9.5900
257
283
283
256
450
-0.1942
-0.8589
-0.4182
-6.0200
-11.7600
-7.7000
238
267
268
240
448
-0.1928
-0.8682
-0.4250
-6.4400
-12.1800
-11.2700
227
257
259
229
435
-0.1596
-0.8623
-0.4158
-5.0400
-13.3700
-0.8400
219
251
254
224
420
-0.1928
-0.8813
-0.4324
15.1900
-14.5600
-4.7600
214
247
253
224
412
-0.1972
-0.8784
-0.5412
9.1700
-14.9100
-12.6700
211
245
252
225
414
-0.1723
-0.8501
-0.4226
2.1700
-7.0700
0.9100
211
245
254
227
435
-0.1669
-0.8891
-0.4236
2.1700
-4.7600
-9.5900
210
245
255
230
454
-0.1874
-0.8633
-0.4182
1.1200
-3.7100
-7.8400
211
246
257
231
459
-0.1781
-0.8872
-0.4124
2.5900
-3.5700
-4.7600
212
246
258
232
465
-0.1815
-0.8755
-0.4050
2.0300
-4.9000
-2.5200
213
247
259
233
466
-0.1879
-0.8935
-0.4138
4.4800
-5.3200
-1.8200
213
248
259
233
471
-0.1864
-0.8979
-0.4036
3.7800
-5.3200
-1.8200
214
249
260
233
470
-0.1893
-0.8862
-0.4182
3.6400
-2.5900
-2.4500
214
249
261
234
473
-0.1781
-0.8862
-0.4006
3.3600
-3.2900
-1.3300
215
250
262
234
470
-0.1903
-0.8750
-0.4002
1.3300
-3.8500
-1.0500
215
250
262
235
471
-0.1898
-0.8872
-0.3977
1.8900
-3.6400
-2.1000
215
251
263
235
470
-0.1884
-0.8828
-0.4094
2.8000
-3.6400
-0.9800
216
251
264
235
469
-0.1908
-0.8750
-0.4046
3.0100
-3.5700
-3.2200
216
252
264
236
469
-0.1869
-0.8867
-0.3948
2.7300
-4.2000
-3.7100
217
252
265
236
468
-0.1942
-0.8755
-0.3963
1.2600
-3.7800
-3.0800
217
252
265
236
468
-0.1991
-0.8921
-0.3997
3.5700
-4.2700
-3.6400
217
253
266
237
467
-0.1952
-0.8823
-0.4046
2.5900
-3.6400
-2.5200
217
253
266
237
467
-0.1864
-0.8926
-0.4002
1.3300
-4.0600
-4.0600
218
253
266
237
467
-0.1825
-0.8862
-0.3977
3.2200
-3.8500
-2.5200
217
253
266
237
466
-0.1937
-0.8877
-0.3933
2.1000
-3.9900
-2.3800
217
253
267
237
466
-0.1918
-0.8906
-0.3997
3.3600
-4.5500
-2.2400
218
254
267
238
467
-0.2006
-0.8857
-0.3967
2.2400
-3.9900
-2.8000
218
254
267
238
465
-0.1879
-0.8930
-0.3977
2.8000
-4.6900
-2.7300
218
254
267
238
468
-0.1937
-0.8818
-0.3914
1.9600
-4.1300
-4.2000
218
254
268
238
465
-0.1884
-0.9018
-0.3904
0.9100
-3.5000
-4.4100
218
254
268
239
465
-0.1893
-0.8974
-0.4046
-2.3800
-3.0800
-5.7400
220
256
268
240
455
-0.1815
-0.8852
-0.4011
-9.3100
2.3100
4.2700
224
259
270
241
454
-0.1923
-0.8579
-0.4065
1.6100
-4.4100
-0.3500
236
269
282
251
449
-0.1874
-0.8535
-0.4182
13.1600
-1.8900
3.7800
266
296
304
270
448
-0.1957
-0.8696
-0.3987
9.2400
20.0200
7.7000
299
332
347
309
442
-0.2333
-0.8574
-0.3870
11.9000
0.2800
2.1000
335
375
406
350
440
-0.2167
-0.9033
-0.4031
18.2700
-0.4200
3.0100
370
419
463
381
433
-0.2323
-0.8872
-0.3538
17.1500
-2.1000
2.5900
394
456
501
410
426
-0.2367
-0.9170
-0.3245
16.8000
-3.1500
-0.6300
399
478
514
429
421
-0.2269
-0.9077
-0.3460
12.7400
-1.6100
-0.0700
400
483
517
436
419
-0.2333
-0.9750
-0.2557
-7.8400
-3.7800
-1.4700
402
486
519
439
418
-0.2435
-0.9174
-0.3162
6.7200
-0.7700
-2.1000
405
489
521
443
416
-0.2289
-0.9199
-0.3177
6.3000
-4.2700
-1.8900
408
491
523
445
415
-0.2338
-0.9140
-0.3006
2.3800
-3.5000
-1.3300
409
491
523
446
414
-0.2469
-0.9140
-0.3123
0.4900
-2.3800
-3.3600
410
492
523
447
414
-0.2338
-0.9189
-0.3172
3.2900
-2.8000
-1.3300
411
492
524
448
414
-0.2323
-0.9189
-0.3177
3.6400
-4.4800
-1.8900
411
492
524
449
413
-0.2381
-0.9130
-0.3104
0.9100
-4.1300
-0.2100
411
493
524
449
413
-0.2572
-0.9204
-0.3104
-0.5600
-1.7500
-2.5900
411
492
524
448
412
-0.2420
-0.9111
-0.3138
-3.3600
-1.3300
-7.5600
411
491
523
447
411
-0.2381
-0.9028
-0.3157
-5.3900
0.9800
-4.4100
408
487
522
442
413
-0.2440
-0.9121
-0.3465
-6.5800
4.9000
-11.6200
395
466
514
432
418
-0.2064
-0.9101
-0.3675
-7.4900
5.5300
-12.2500
375
436
484
412
422
-0.1610
-0.9013
-0.3762
2.3100
-5.5300
-0.4200
345
398
447
381
423
-0.1728
-0.9462
-0.3992
2.1700
-4.6900
-7.0000
311
361
390
345
429
-0.1601
-0.8682
-0.4250
-6.7200
-2.9400
-9.5200
276
326
338
300
433
-0.1601
-0.8862
-0.4050
-5.5300
-1.8200
-10.2200
248
300
302
270
435
-0.1484
-0.8950
-0.3924
1.8200
-2.1700
-6.0200
232
283
280
252
430
-0.1347
-0.8921
-0.4168
-1.2600
-9.7300
-6.0200
220
271
268
240
431
-0.1552
-0.8789
-0.4163
3.3600
-20.7200
-6.7900
210
262
260
230
434
-0.1454
-0.9091
-0.4270
8.4000
-16.1700
-9.8000
202
254
254
224
420
-0.1425
-0.8979
-0.3826
1.9600
-14.5600
-10.4300
198
249
253
223
414
-0.1581
-0.9077
-0.3845
-7.6300
-11.2000
-0.5600
196
247
255
223
449
-0.1654
-0.8813
-0.4075
-1.5400
-5.0400
-5.6000
195
247
257
225
481
-0.1635
-0.8877
-0.4065
3.7100
-4.9000
-8.1900
196
247
258
226
491
-0.1679
-0.9072
-0.4099
3.3600
-3.0800
-7.7700
197
248
259
228
488
-0.1566
-0.8955
-0.3958
3.9200
-4.6900
-3.5000
198
249
261
228
490
-0.1410
-0.8955
-0.3870
3.1500
-5.1800
-2.4500
199
250
262
229
489
-0.1566
-0.8916
-0.3977
3.0800
-4.2700
-3.7800
199
251
263
229
488
-0.1449
-0.8911
-0.3880
2.6600
-5.1800
-3.5700
199
251
263
230
487
-0.1527
-0.9048
-0.3914
2.7300
-3.1500
-4.0600
200
252
265
230
481
-0.1366
-0.9087
-0.3958
0.9100
-4.2000
-2.5900
200
252
266
231
478
-0.1601
-0.8926
-0.3938
2.6600
-5.3200
-2.8700
201
253
266
232
471
-0.1513
-0.9087
-0.3958
2.8000
-3.3600
-3.7800
201
254
267
232
469
-0.1440
-0.9028
-0.3904
2.1000
-4.4800
-4.1300
202
254
268
232
463
-0.1508
-0.9052
-0.3919
1.6800
-3.7100
-3.2900
202
254
268
233
463
-0.1459
-0.9013
-0.3904
2.0300
-4.4100
-3.0800
202
255
269
233
460
-0.1586
-0.8940
-0.3914
2.3100
-4.4100
-2.8700
202
255
269
233
463
-0.1493
-0.9038
-0.3880
2.8700
-4.6200
-3.1500
203
255
270
234
463
-0.1532
-0.9033
-0.3855
2.5900
-4.6200
-3.0100
203
256
270
234
463
-0.1479
-0.9082
-0.3914
2.4500
-4.0600
-3.4300
203
256
270
234
463
-0.1601
-0.9004
-0.3963
3.7800
-4.4100
-4.1300
203
256
271
234
464
-0.1484
-0.9057
-0.3841
1.8900
-4.1300
-4.1300
203
256
271
235
464
-0.1488
-0.9126
-0.3880
2.9400
-4.2000
-4.4800
204
257
272
235
464
-0.1444
-0.8950
-0.3860
1.1200
-3.5000
-4.8300
204
257
272
235
463
-0.1552
-0.8813
-0.3850
-6.8600
0.0700
-1.4700
205
258
273
237
458
-0.1352
-0.8974
-0.4036
7.9800
5.6700
-3.0800
211
261
276
241
452
-0.1220
-0.8999
-0.4250
9.3800
0.0700
7.8400
233
279
296
260
448
-0.1415
-0.9233
-0.3797
10.7800
-0.4200
9.0300
271
313
335
294
444
-0.1796
-0.8838
-0.3592
4.8300
1.1200
5.7400
307
356
395
336
440
-0.1752
-0.9096
-0.3523
11.4800
0.2100
0.4900
337
395
443
366
433
-0.1825
-0.8862
-0.3431
11.9700
2.6600
-0.5600
360
432
478
393
429
-0.1796
-0.9087
-0.3270
14.2100
-2.2400
0.7000
379
464
506
419
420
-0.1708
-0.9311
-0.3196
20.0200
5.3900
2.8000
391
480
516
438
412
-0.2054
-0.9243
-0.2699
15.3300
-5.1100
3.2200
399
487
520
447
407
-0.1908
-0.9296
-0.2821
5.4600
-3.0100
-1.6800
403
491
523
451
405
-0.2040
-0.9311
-0.3070
2.1000
-2.8700
-0.7000
404
493
524
453
404
-0.1859
-0.9389
-0.2977
3.1500
-3.8500
-1.6100
406
494
525
454
404
-0.1698
-0.9428
-0.2894
4.7600
-5.7400
-1.1200
407
495
526
455
404
-0.1898
-0.9467
-0.3021
3.5700
-4.5500
-3.5000
407
495
526
456
404
-0.1845
-0.9409
-0.2918
2.5900
-3.0100
-2.2400
407
495
526
456
404
-0.1728
-0.9287
-0.2879
2.4500
-2.8700
-3.1500
407
495
526
457
404
-0.1854
-0.9272
-0.2996
2.9400
-3.7800
-4.2700
407
495
526
457
403
-0.1767
-0.9350
-0.2826
1.4000
-3.5700
-4.2700
407
495
526
456
404
-0.1713
-0.9360
-0.2840
0.4200
-3.5000
-3.4300
406
494
526
455
404
-0.1713
-0.9409
-0.2879
-0.2800
-3.4300
-3.9200
406
491
525
453
405
-0.1747
-0.9091
-0.2899
-1.1900
-3.8500
-2.5200
405
489
524
450
406
-0.1830
-0.9360
-0.3094
1.1900
-5.1100
-0.9100
405
489
524
449
407
-0.1908
-0.9228
-0.3245
1.3300
-4.8300
-0.1400
405
488
523
447
407
-0.1937
-0.9428
-0.2991
0.4200
-3.4300
-5.3900
404
486
523
445
408
-0.1796
-0.9213
-0.3079
-1.8200
-4.2000
-3.9200
403
481
519
439
408
-0.1786
-0.9252
-0.3201
-6.1600
-5.5300
-1.1200
393
461
497
422
411
-0.2294
-0.9189
-0.3060
-7.0000
-8.2600
-4.2000
369
437
483
403
419
-0.1674
-0.9184
-0.3148
-13.2300
-4.9700
-11.3400
346
412
454
384
421
-0.1767
-0.9155
-0.3597
0.2800
-6.6500
-3.1500
323
388
418
362
426
-0.1503
-0.9726
-0.3650
-8.6800
-6.8600
-5.5300
299
363
381
339
429
-0.1669
-0.9228
-0.3719
-7.4900
-7.5600
-6.9300
272
335
334
303
432
-0.1576
-0.9057
-0.3953
3.0100
-5.1100
-1.1900
247
308
297
273
433
-0.1537
-0.9116
-0.4065
2.0300
-3.6400
-10.6400
228
288
271
255
426
-0.1347
-0.9062
-0.3928
5.9500
-7.1400
-9.1700
213
273
256
244
417
-0.1015
-0.9033
-0.4504
0.2100
-11.5500
-3.0800
202
262
248
235
411
-0.1200
-0.8852
-0.3875
-3.2900
-17.6400
-5.3900
195
256
245
228
406
-0.1557
-0.9140
-0.4172
2.2400
-6.2300
-6.8600
192
254
245
227
422
-0.1869
-0.9067
-0.3758
3.1500
-4.2700
-8.6800
191
253
247
228
450
-0.1464
-0.9018
-0.3977
1.8200
-3.9900
-14.9800
190
253
249
231
458
-0.1083
-0.8926
-0.3777
6.5800
-1.6800
-13.7900
190
254
250
231
466
-0.1059
-0.9033
-0.3997
3.0100
-3.5700
-7.2100
190
254
251
232
465
-0.1088
-0.9062
-0.3860
1.7500
-4.5500
-2.2400
190
255
251
233
466
-0.1259
-0.9130
-0.3850
3.4300
-5.0400
-4.5500
191
256
252
233
462
-0.1132
-0.9067
-0.3870
2.4500
-3.6400
0.2100
191
256
253
234
463
-0.1191
-0.9150
-0.3841
2.1000
-3.6400
-0.9100
191
257
254
234
460
-0.1230
-0.9057
-0.3802
2.5900
-2.3800
-2.9400
192
257
255
235
461
-0.1132
-0.9038
-0.3709
0.2800
-4.4100
-1.6800
192
258
255
235
458
-0.1225
-0.9018
-0.3802
1.9600
-4.2700
-3.0100
193
258
256
236
460
-0.1196
-0.9043
-0.3699
2.1700
-4.7600
-3.2900
193
259
256
237
458
-0.1205
-0.9145
-0.3792
2.8700
-4.4100
-4.1300
194
259
257
237
460
-0.1196
-0.9096
-0.3680
1.5400
-4.2000
-3.2200
194
260
258
238
457
-0.1142
-0.9145
-0.3826
2.4500
-3.7800
-2.8700
194
260
258
238
459
-0.1147
-0.9135
-0.3797
2.8700
-5.3900
0.2100
195
260
259
239
457
-0.1269
-0.9048
-0.3777
2.8000
-3.9200
-1.4000
195
261
259
239
459
-0.1259
-0.9155
-0.3704
1.6800
-3.7100
-2.4500
196
261
260
240
456
-0.1161
-0.9067
-0.3689
1.6800
-4.2000
-2.3800
196
261
260
240
458
-0.1166
-0.9267
-0.3816
2.3100
-3.9900
-2.5900
196
261
261
240
455
-0.1269
-0.9072
-0.3816
3.8500
-4.4100
-2.5200
196
262
261
240
458
-0.1230
-0.9248
-0.3704
3.4300
-4.7600
-1.9600
197
262
262
240
458
-0.1337
-0.9199
-0.3680
4.5500
-4.8300
-2.5200
197
262
262
240
461
-0.1230
-0.9194
-0.3699
4.7600
-3.8500
-2.3100
196
262
262
240
460
-0.1342
-0.9301
-0.3572
1.4700
-3.7100
-3.0800
196
262
263
240
462
-0.1259
-0.9096
-0.3445
-0.4900
-4.4100
-3.5700
196
262
263
240
461
-0.1376
-0.9194
-0.3680
-1.1200
-5.0400
-4.2000
197
263
264
241
460
-0.1269
-0.9082
-0.3699
4.1300
0.9100
-3.3600
197
263
265
241
460
-0.0893
-0.9287
-0.3899
-6.5800
0.3500
19.3900
207
275
276
249
453
-0.1503
-0.8774
-0.3933
6.4400
-3.0800
8.1200
236
303
308
278
447
-0.1796
-0.9194
-0.3753
18.9000
3.4300
2.2400
285
353
370
327
440
-0.1781
-0.9399
-0.3470
8.8200
0.6300
0.4900
328
402
440
364
433
-0.1693
-0.8989
-0.3362
10.3600
-2.3100
-0.1400
364
443
485
393
429
-0.1893
-0.9360
-0.3431
11.3400
-7.6300
4.0600
384
469
508
414
422
-0.2240
-0.9394
-0.3270
5.6000
-3.7800
-2.7300
392
481
516
426
422
-0.2059
-0.9453
-0.3182
9.7300
-3.2200
-2.1700
398
486
520
434
419
-0.1825
-0.9252
-0.3133
3.3600
-2.4500
-1.4000
400
489
523
441
417
-0.1923
-0.9296
-0.3060
1.4700
-3.5000
-2.9400
403
492
525
445
414
-0.1967
-0.9204
-0.3060
7.2100
-5.5300
-6.3700
408
494
526
451
411
-0.1791
-0.9277
-0.2860
2.3100
-3.9900
-1.9600
409
496
527
453
409
-0.1859
-0.9204
-0.2982
2.7300
-3.0100
-3.0800
410
496
527
453
409
-0.1840
-0.9316
-0.2991
3.5000
-2.5900
-4.9700
410
496
527
453
407
-0.1806
-0.9414
-0.3040
0.6300
-4.4100
-2.4500
409
495
527
453
409
-0.1893
-0.9360
-0.3172
1.3300
-2.5200
-4.7600
408
494
527
452
410
-0.1815
-0.9272
-0.3011
1.8200
-2.7300
-3.1500
407
494
527
450
410
-0.1752
-0.9130
-0.3192
0.4200
-2.9400
-2.6600
407
493
526
449
411
-0.1742
-0.9267
-0.3065
-3.5700
-1.2600
-4.5500
404
488
524
444
410
-0.1718
-0.9218
-0.3318
-1.9600
-1.9600
-2.8700
400
474
502
435
414
-0.1825
-0.9340
-0.3314
-1.4700
-4.9700
0.3500
385
445
471
407
418
-0.1698
-0.9428
-0.3211
1.6100
-1.1900
-0.6300
369
425
444
378
421
-0.1708
-0.9423
-0.3250
2.3100
-5.1800
-2.5200
357
410
421
364
423
-0.1757
-0.9218
-0.3777
-6.1600
-5.4600
-7.3500
340
391
396
346
423
-0.1869
-0.9287
-0.3079
-18.4800
-13.3700
-8.3300
318
372
366
317
429
-0.1752
-0.9043
-0.3733
-16.5900
-9.8700
-5.5300
288
342
332
290
431
-0.1659
-0.8755
-0.4182
-8.2600
-7.9800
-8.6800
263
313
300
267
432
-0.1806
-0.8852
-0.4006
-0.5600
-7.4200
-13.2300
248
284
276
252
427
-0.1415
-0.9052
-0.4114
-3.9900
-8.8200
-6.3700
236
264
263
240
412
-0.1352
-0.9023
-0.4158
-2.4500
-10.8500
-6.3700
225
254
258
232
406
-0.1513
-0.8921
-0.4270
-2.1000
-10.0800
-10.0800
216
249
256
230
410
-0.1586
-0.8984
-0.4182
1.8200
-9.2400
-13.6500
209
244
254
229
429
-0.1249
-0.9043
-0.3958
8.0500
-4.1300
-5.7400
207
244
256
232
438
-0.1166
-0.9170
-0.4153
7.7700
-1.4700
-0.7000
208
245
257
234
437
-0.1064
-0.9077
-0.4026
2.9400
-3.7100
-0.8400
209
247
259
235
440
-0.1210
-0.8818
-0.3943
2.3800
-5.4600
-3.9900
210
248
260
236
444
-0.1244
-0.9013
-0.4026
4.1300
-4.2000
-2.6600
211
249
261
237
445
-0.1249
-0.9052
-0.4065
3.5700
-3.3600
-2.0300
212
250
262
238
445
-0.1269
-0.9067
-0.3958
2.1000
-4.4800
-3.2200
213
251
263
239
445
-0.1225
-0.9087
-0.3836
1.7500
-5.2500
-3.3600
214
252
265
240
445
-0.1371
-0.8930
-0.3870
0.5600
-6.4400
-4.9700
214
253
266
240
445
-0.1352
-0.8999
-0.3997
1.3300
-3.8500
-3.0100
215
253
266
241
444
-0.1366
-0.9101
-0.3924
1.6100
-2.5900
-3.5000
215
254
267
241
443
-0.1240
-0.8935
-0.3938
3.8500
-2.3800
-4.2700
215
254
268
242
443
-0.1074
-0.9077
-0.3938
1.9600
-5.1100
-2.5900
216
254
268
242
443
-0.1327
-0.9209
-0.4006
2.5900
-4.2000
-4.2700
216
255
268
242
443
-0.1259
-0.9023
-0.3841
1.4000
-2.9400
-2.6600
216
255
269
242
442
-0.1152
-0.9004
-0.4031
2.9400
-4.4800
-2.3100
216
255
269
242
446
-0.1235
-0.9135
-0.4026
2.7300
-4.5500
-3.0800
216
255
270
242
445
-0.1269
-0.8940
-0.3880
2.5200
-4.4100
-3.0100
216
255
270
243
449
-0.1210
-0.9111
-0.3928
1.4700
-4.4800
-2.4500
217
255
271
243
450
-0.1327
-0.9062
-0.3880
0.9800
-3.2200
-2.2400
217
256
271
243
451
-0.1249
-0.8979
-0.3938
0.7000
-3.9200
-2.5200
217
256
272
244
451
-0.1181
-0.9018
-0.3816
-1.4000
-3.0800
-6.3000
217
256
272
244
448
-0.2450
-0.8979
-0.3816
-3.9200
-2.8700
-1.0500
219
258
273
246
443
-0.1176
-0.8911
-0.3977
0.0000
-0.1400
1.8900
225
263
279
250
435
-0.1342
-0.9135
-0.4241
7.1400
1.4700
3.4300
234
271
287
258
430
-0.1108
-0.9091
-0.4006
14.8400
-0.4900
16.9400
272
308
324
289
427
-0.1659
-0.9243
-0.3841
20.1600
2.5900
2.8700
324
366
394
338
423
-0.1718
-0.9155
-0.3621
14.5600
3.6400
1.9600
363
410
451
371
419
-0.1571
-0.8862
-0.3782
7.7000
-2.1700
-2.4500
395
444
484
395
415
-0.1552
-0.9282
-0.3514
11.0600
-1.6800
1.0500
402
469
506
417
412
-0.1523
-0.9467
-0.3109
7.0000
-4.3400
-1.0500
407
482
516
432
408
-0.1815
-0.9189
-0.2957
3.9200
-2.1700
-5.3200
409
487
521
440
404
-0.1723
-0.9374
-0.2987
5.4600
-4.1300
-3.7100
411
490
524
446
401
-0.1649
-0.9306
-0.2865
5.2500
-3.5700
0.4900
412
490
524
448
400
-0.1708
-0.9433
-0.2889
3.7800
-1.3300
-4.9700
412
490
524
449
400
-0.1615
-0.9340
-0.2747
2.5900
-4.0600
-2.7300
412
490
524
449
399
-0.1552
-0.9448
-0.2752
0.9800
-4.6900
-3.8500
412
490
525
449
399
-0.1659
-0.9438
-0.2801
1.0500
-3.9900
-3.2900
412
490
525
449
398
-0.1630
-0.9335
-0.2826
2.8700
-3.9200
-3.6400
411
490
524
448
398
-0.1459
-0.9487
-0.2865
2.1700
-4.6900
-4.5500
411
490
524
448
397
-0.1669
-0.9287
-0.2806
2.1000
-3.5700
-3.8500
411
490
524
447
397
-0.1571
-0.9448
-0.2938
2.3100
-2.9400
-3.9200
411
489
524
446
397
-0.1503
-0.9428
-0.2796
-0.5600
-4.0600
-2.1000
410
489
524
446
397
-0.1630
-0.9433
-0.2835
2.8000
-3.5700
-3.2900
410
489
524
445
397
-0.1610
-0.9472
-0.2957
3.5000
-3.5000
-2.5200
409
488
523
444
395
-0.1508
-0.9472
-0.2855
-6.3000
-3.6400
-3.0800
407
482
520
439
398
-0.1498
-0.9379
-0.3030
-1.3300
-2.0300
-3.5700
403
473
510
432
399
-0.1532
-0.9521
-0.3353
-2.8700
-2.5200
-2.3100
400
461
498
422
399
-0.1479
-0.9365
-0.3245
-1.2600
-2.6600
-5.6700
393
449
481
409
401
-0.1464
-0.9321
-0.3284
-0.1400
-4.3400
-3.9200
379
429
457
391
403
-0.1396
-0.9184
-0.3826
4.4800
-4.4100
-3.2200
362
409
430
365
405
-0.1415
-0.9145
-0.3211
-3.1500
-4.6200
-2.8700
348
384
394
338
407
-0.1337
-0.9209
-0.3333
0.8400
-1.3300
-6.7200
331
360
361
319
409
-0.1264
-0.9389
-0.3274
-0.0700
-4.9000
-4.9000
316
336
331
301
411
-0.1127
-0.9360
-0.3548
0.8400
-4.6900
-5.8800
295
312
304
284
413
-0.1279
-0.9072
-0.3533
-3.2200
-4.3400
-8.1900
276
291
283
268
418
-0.1191
-0.8891
-0.3484
-7.5600
-6.9300
-4.7600
261
279
270
256
425
-0.1137
-0.9501
-0.3865
-2.8700
-4.9000
-11.0600
247
267
262
247
424
-0.1098
-0.9150
-0.3782
-0.3500
-5.6700
-7.3500
234
258
255
238
423
-0.0590
-0.8843
-0.3880
-10.9200
-17.7100
2.5200
227
252
255
232
438
-0.1405
-0.8926
-0.3836
3.9200
-13.7200
0.1400
224
250
256
233
448
-0.1122
-0.9189
-0.4036
1.2600
-3.2900
-7.4900
223
250
258
233
450
-0.1142
-0.9091
-0.4109
7.7700
-3.2200
-9.0300
223
250
259
234
450
-0.0878
-0.9023
-0.3880
1.8200
-6.1600
-4.7600
224
250
260
235
451
-0.1064
-0.9087
-0.3884
1.8200
-5.4600
-4.4100
224
252
262
236
452
-0.1078
-0.9013
-0.3758
1.9600
-3.7100
-4.0600
224
253
263
237
453
-0.1039
-0.9082
-0.3899
2.1700
-4.5500
-4.2700
225
254
265
238
455
-0.1049
-0.8926
-0.3762
2.1700
-5.1100
-2.7300
226
255
266
238
456
-0.0947
-0.9155
-0.3875
3.2900
-5.0400
-2.5200
226
256
267
239
455
-0.1132
-0.9126
-0.3865
1.4000
-4.5500
-2.3100
227
256
268
240
454
-0.1005
-0.9170
-0.3792
1.3300
-4.5500
-2.1700
228
257
269
241
454
-0.1157
-0.9057
-0.3777
2.8000
-5.0400
-1.0500
228
258
269
241
452
-0.1176
-0.9150
-0.3802
2.1700
-4.1300
-2.4500
229
258
270
241
454
-0.1044
-0.9126
-0.3811
1.8200
-4.6200
-3.2900
229
258
270
242
452
-0.1074
-0.9111
-0.3836
2.4500
-4.4800
-3.1500
229
259
271
242
454
-0.1035
-0.9121
-0.3728
2.0300
-4.2000
-3.6400
229
259
271
243
451
-0.1176
-0.9087
-0.3689
2.0300
-2.6600
-1.8200
230
259
271
243
453
-0.1078
-0.9111
-0.3753
1.6100
-3.9900
-3.3600
230
259
271
243
451
-0.1108
-0.9038
-0.3719
1.6100
-3.5000
-1.9600
230
259
272
244
453
-0.1127
-0.9199
-0.3719
0.4200
-3.0800
-3.2900
230
260
272
244
450
-0.1088
-0.9170
-0.3762
0.1400
-3.1500
-2.7300
230
260
272
244
450
-0.1093
-0.9126
-0.3811
-0.4900
-2.5200
-2.7300
232
261
273
246
446
-0.0961
-0.9072
-0.3914
-0.4200
-4.2700
1.1900
233
263
275
247
446
-0.1196
-0.9062
-0.4021
-1.8900
-0.7000
1.0500
235
265
277
250
445
-0.1362
-0.9023
-0.3865
-2.3800
-0.8400
2.5900
242
270
283
255
442
-0.1147
-0.8877
-0.4133
4.9700
-0.4200
19.1100
259
287
301
273
442
-0.1557
-0.9248
-0.4065
9.0300
1.1900
7.7700
285
313
330
296
440
-0.1620
-0.9165
-0.4124
13.0200
2.0300
-0.8400
316
348
380
330
436
-0.1645
-0.9106
-0.3484
9.1700
-0.2800
-2.8700
343
379
423
357
433
-0.1601
-0.8960
-0.3748
7.3500
-0.6300
-0.6300
373
416
465
386
428
-0.1732
-0.9233
-0.3865
10.9900
-17.4300
-7.8400
400
451
498
411
422
-0.1562
-0.9209
-0.3455
5.9500
-0.5600
-8.8900
413
470
514
429
412
-0.1425
-0.9067
-0.3299
6.3700
-3.2200
1.1900
415
481
520
440
399
-0.1464
-0.9370
-0.3289
5.5300
-2.3800
-2.8000
415
488
523
446
395
-0.1435
-0.9199
-0.3333
5.7400
-2.4500
-2.9400
415
490
524
449
394
-0.1444
-0.9282
-0.3123
1.0500
-2.8700
-3.9200
416
490
524
450
393
-0.1396
-0.9252
-0.3079
2.6600
-2.8700
-2.8000
416
491
525
451
393
-0.1488
-0.9296
-0.3089
3.0100
-1.6100
-4.7600
416
491
525
451
393
-0.1347
-0.9228
-0.3138
1.9600
-2.5900
-3.8500
416
491
525
451
393
-0.1401
-0.9389
-0.3030
-0.2100
-2.0300
-4.1300
415
491
525
450
393
-0.1357
-0.9340
-0.3182
0.1400
-3.5000
-4.7600
415
490
525
450
393
-0.1279
-0.9277
-0.3240
1.7500
-3.9200
-3.9200
414
490
525
450
393
-0.1357
-0.9389
-0.3235
3.0800
-3.7100
-4.4100
414
490
524
449
394
-0.1303
-0.9321
-0.3201
1.3300
-3.2200
-3.7800
414
489
524
448
393
-0.1313
-0.9233
-0.3177
0.6300
-3.0800
-4.7600
413
488
524
447
392
-0.1240
-0.9360
-0.3284
1.5400
-1.6800
-5.8800
412
486
523
446
394
-0.1083
-0.9379
-0.3309
-5.0400
1.6100
-7.5600
409
481
522
444
394
-0.1152
-0.9013
-0.3304
-1.8900
-0.2800
-5.3900
403
466
515
439
393
-0.1093
-0.9389
-0.3528
-1.4700
0.6300
-9.6600
374
432
471
418
398
-0.0966
-0.8633
-0.3045
6.6500
-2.1000
-17.1500
333
383
406
381
401
-0.1010
-0.9150
-0.3231
-3.5700
-6.9300
-8.8900
302
348
350
344
403
-0.0581
-0.9228
-0.3533
1.4000
-7.0000
-4.9000
286
319
307
303
406
-0.0630
-0.9438
-0.3665
-7.1400
-10.3600
-3.9200
263
285
272
274
408
-0.0825
-0.9374
-0.3621
0.8400
-12.6000
-10.9900
247
267
256
256
408
-0.0639
-0.9101
-0.3650
0.4200
-16.5900
-2.9400
234
253
247
242
411
-0.0698
-0.9272
-0.3855
-6.0900
-18.0600
-5.6700
222
244
244
230
410
-0.0976
-0.9243
-0.3836
1.5400
-13.1600
-6.7200
216
240
244
225
407
-0.0693
-0.9091
-0.3787
3.5000
-5.0400
-4.6200
214
239
246
226
409
-0.0752
-0.9287
-0.3684
1.1200
-9.9400
-3.0800
211
239
248
226
419
-0.0688
-0.9238
-0.3782
3.5700
-7.4900
-3.4300
211
241
250
229
436
-0.0727
-0.9287
-0.3694
0.7700
-5.2500
-10.0100
211
242
253
234
458
-0.0791
-0.9052
-0.3758
4.4800
-2.5200
-12.8800
211
242
254
237
461
-0.0771
-0.9096
-0.3865
-3.0100
-1.7500
-7.6300
211
243
255
238
461
-0.0693
-0.8960
-0.3845
-0.4900
-3.2200
-5.5300
212
244
256
239
457
-0.0649
-0.9082
-0.3933
0.4900
-4.8300
-2.6600
213
244
257
240
457
-0.0703
-0.9052
-0.3909
1.9600
-5.1800
-2.1000
214
245
257
240
454
-0.0683
-0.9087
-0.3841
2.3800
-4.9700
-1.7500
215
245
258
241
456
-0.0732
-0.9101
-0.3987
3.5000
-4.9000
-3.0100
216
246
259
241
453
-0.0664
-0.9126
-0.3889
3.1500
-4.4100
-2.8700
216
247
259
242
454
-0.0712
-0.9052
-0.3894
3.0800
-4.1300
-3.1500
217
247
260
242
452
-0.0781
-0.9091
-0.3894
1.5400
-3.4300
-2.5200
217
247
261
242
454
-0.0659
-0.9048
-0.3860
3.0800
-3.7100
-2.5900
217
247
261
243
451
-0.0683
-0.9150
-0.3865
2.8000
-3.7100
-1.0500
218
248
262
243
453
-0.0712
-0.9106
-0.3884
2.5900
-4.9000
-2.9400
218
248
262
244
453
-0.0752
-0.9199
-0.3884
2.1700
-4.8300
-2.7300
218
248
262
244
452
-0.0664
-0.9111
-0.3738
2.3100
-4.5500
-3.0100
218
249
263
244
453
-0.0732
-0.9145
-0.3924
2.8700
-4.2700
-3.4300
219
249
263
245
452
-0.0703
-0.9140
-0.3899
3.2900
-4.4800
-2.5900
219
249
264
245
452
-0.0771
-0.9135
-0.3899
3.1500
-4.2000
-2.7300
219
250
264
245
452
-0.0673
-0.9209
-0.3850
2.9400
-4.3400
-3.5000
219
250
264
245
452
-0.0737
-0.9213
-0.3802
0.1400
-4.6200
-2.0300
219
250
265
246
452
-0.0834
-0.9130
-0.3802
1.3300
-3.2200
-2.7300
220
251
265
246
450
-0.0732
-0.9140
-0.3806
-0.6300
-0.1400
-3.0800
222
253
267
248
447
-0.0722
-0.8965
-0.3562
-0.8400
0.4900
1.8200
225
256
270
251
443
-0.0839
-0.9111
-0.4094
-0.7000
0.0000
-0.2100
228
260
274
255
438
-0.0732
-0.9536
-0.4080
2.5200
8.1900
8.8200
242
277
288
270
434
-0.0766
-0.8940
-0.4041
21.4900
10.5700
12.6700
293
325
343
314
428
-0.1391
-0.9223
-0.3689
17.2200
1.3300
0.2100
337
376
413
358
426
-0.0956
-0.9116
-0.3440
11.3400
-1.1200
2.9400
374
418
469
389
422
-0.1215
-0.8999
-0.3011
10.4300
-1.4700
3.9900
399
454
503
411
419
-0.1303
-0.9189
-0.3338
10.8500
0.3500
0.5600
408
473
516
424
417
-0.1166
-0.9350
-0.3026
4.6200
-3.5700
-1.1900
406
484
521
431
416
-0.1366
-0.9140
-0.3070
2.0300
-3.1500
-1.8200
405
486
522
433
415
-0.1249
-0.9301
-0.3040
-1.4700
-3.9200
-6.7900
406
488
524
438
414
-0.1347
-0.9170
-0.3148
1.0500
-1.4000
-2.8000
408
490
525
444
410
-0.1118
-0.9267
-0.3079
2.5200
-3.0800
-1.3300
409
491
526
447
408
-0.1396
-0.9433
-0.3109
3.9200
-4.1300
-4.3400
409
491
526
448
405
-0.1269
-0.9179
-0.2811
-1.3300
-4.4100
-3.8500
410
492
527
449
407
-0.1269
-0.9360
-0.3109
4.1300
-4.2700
-4.4100
410
492
527
449
407
-0.1303
-0.9414
-0.3182
2.4500
-4.2000
-2.8700
410
492
527
449
407
-0.1269
-0.9409
-0.3104
2.0300
-3.2200
-3.0800
409
491
527
448
407
-0.1269
-0.9379
-0.3055
1.6100
-3.9900
-3.8500
409
491
526
448
407
-0.1288
-0.9306
-0.3045
1.6100
-3.0800
-4.6900
409
490
526
447
408
-0.1215
-0.9423
-0.3050
3.1500
-3.7800
-3.9200
409
490
526
447
407
-0.1108
-0.9345
-0.2982
1.2600
-4.5500
-0.5600
408
490
526
446
405
-0.1332
-0.9492
-0.3133
-1.1900
-2.8000
-4.4100
407
488
525
445
408
-0.1220
-0.9399
-0.3118
-3.7100
-2.3800
-4.9000
402
479
521
439
409
-0.1127
-0.9287
-0.3323
-6.1600
-2.3100
-5.8800
391
464
507
428
412
-0.1244
-0.9584
-0.3133
2.0300
-2.0300
-8.7500
381
448
483
415
413
-0.0830
-0.9321
-0.3431
-2.5200
-4.2000
-9.2400
367
431
462
403
413
-0.0849
-0.9409
-0.3284
-2.3100
-6.3700
-9.3800
350
410
439
387
416
-0.0815
-0.9301
-0.3684
-0.7000
-3.5000
-11.4100
331
389
401
365
418
-0.0825
-0.9248
-0.3865
-3.3600
-1.5400
-4.6200
309
366
357
340
419
-0.0615
-0.9184
-0.3909
-2.8700
-2.5900
-6.2300
285
343
323
314
420
-0.0610
-0.9008
-0.3719
3.3600
-4.9000
-6.2300
267
308
291
288
420
-0.0630
-0.9057
-0.3655
3.9200
-5.1100
-15.9600
256
279
269
267
420
-0.0268
-0.9004
-0.3797
6.8600
-7.7000
-10.1500
236
264
256
255
415
-0.0181
-0.9326
-0.3704
3.9200
-13.0200
-11.0600
224
253
249
244
412
-0.0468
-0.9233
-0.3909
2.8000
-10.0800
-10.4300
215
247
246
236
407
-0.0176
-0.9252
-0.3714
13.1600
-6.3000
-1.4000
212
246
247
235
408
-0.0127
-0.9740
-0.3528
10.2200
-9.7300
-1.8200
211
246
250
235
408
-0.0493
-0.8960
-0.3860
11.1300
-10.2200
0.4900
211
246
251
235
408
-0.0459
-0.9921
-0.3314
-7.2800
-12.7400
-4.7600
208
245
254
235
409
-0.0795
-0.9038
-0.3577
-3.2900
-2.3100
-15.6800
208
245
256
236
427
0.0190
-0.9335
-0.3748
2.0300
-6.8600
-11.3400
207
245
258
239
449
0.0137
-0.9433
-0.3636
2.8000
-8.8200
-9.8000
208
246
259
241
455
-0.0151
-0.9550
-0.3294
-0.2800
-2.6600
-16.4500
208
246
260
241
454
0.0015
-0.9501
-0.3616
0.4900
0.4900
-15.4000
209
247
261
242
452
0.0561
-0.9189
-0.3670
1.4700
-0.3500
-16.1000
210
247
261
243
450
0.0664
-0.9184
-0.4026
1.6100
-5.1800
-12.3200
210
248
262
243
451
0.0708
-0.9106
-0.3704
0.2100
-6.4400
-6.8600
211
249
263
243
451
0.0493
-0.9716
-0.3079
-6.2300
-1.1900
-11.3400
211
249
263
243
449
0.1137
-0.8355
-0.3977
8.4000
-4.4100
-0.5600
211
250
264
243
450
0.1039
-1.0048
-0.3445
5.0400
0.7700
4.3400
212
250
264
244
452
0.0917
-0.9414
-0.4241
3.0800
9.8700
11.5500
212
251
265
244
450
0.1606
-1.0272
-0.3777
1.4700
3.5000
6.5100
212
251
265
244
447
0.1693
-0.9545
-0.2957
12.8800
4.9700
14.9800
213
252
266
245
448
0.0937
-0.8218
-0.4392
29.1900
2.1700
28.3500
213
252
267
245
458
-0.0210
-1.0248
-0.2220
42.8400
3.6400
-5.8800
213
253
267
247
473
-0.0049
-0.9428
-0.2611
28.7700
-3.2200
24.9900
213
254
268
248
477
-0.0708
-0.9384
-0.2128
24.5700
3.9200
3.5000
214
254
268
248
481
-0.0669
-0.9926
-0.1142
16.5200
4.3400
2.1700
214
254
268
249
485
-0.0712
-0.9477
-0.1601
11.9700
5.2500
1.8900
214
255
269
249
484
-0.0732
-1.0106
-0.0922
8.3300
3.1500
-3.1500
215
255
269
249
489
-0.0756
-1.1190
-0.0673
-0.5600
-0.2800
-2.1000
215
255
269
249
485
-0.0981
-0.9858
-0.1332
-4.2000
0.4200
-8.1900
215
255
269
250
480
-0.0712
-0.9643
-0.1488
-1.8900
-2.1000
-2.9400
216
256
270
251
470
-0.0610
-0.9843
-0.1371
-8.0500
-1.4700
-5.4600
217
257
271
253
459
-0.0927
-0.9628
-0.2547
-14.0000
-2.6600
-3.4300
223
261
275
257
443
-0.0825
-0.9775
-0.2318
-5.3900
-3.7800
15.8200
237
273
288
268
430
-0.0913
-1.0033
-0.1381
-3.2200
6.3700
33.0400
270
302
322
295
419
-0.1386
-1.0072
-0.2591
0.6300
-0.6300
-12.3200
297
331
355
317
415
-0.1025
-0.9140
-0.1679
-4.1300
1.1200
11.0600
321
359
394
337
411
-0.1547
-0.9658
-0.3450
23.0300
11.4100
-19.7400
377
427
484
381
402
-0.0625
-0.9501
-0.0878
19.6700
-1.1200
34.1600
411
471
519
425
395
-0.1669
-0.9750
-0.1693
20.3000
-3.0800
-6.1600
416
485
525
439
389
-0.0864
-0.8979
-0.4182
-15.8900
-2.8700
6.5100
418
491
527
443
382
-0.1991
-0.9570
-0.1796
-7.7000
1.4700
3.0100
419
492
528
444
380
-0.2147
-0.9252
-0.2274
-6.7200
-2.1700
-2.1000
419
493
528
444
379
-0.2094
-0.9389
-0.2381
4.3400
-1.9600
-5.3900
418
492
528
444
379
-0.1698
-0.9955
-0.2113
1.8900
-4.2000
-7.2800
417
492
528
444
379
-0.1908
-0.9301
-0.2084
2.4500
-6.5800
-4.4100
416
492
528
444
381
-0.1952
-0.9453
-0.1874
0.6300
-6.3000
-0.4900
416
491
528
443
382
-0.2118
-0.9545
-0.2108
-0.7000
-3.7800
-5.6700
415
490
528
442
382
-0.2069
-0.9516
-0.2030
3.2900
-1.4700
-4.9700
414
490
528
442
382
-0.1742
-0.9575
-0.2064
0.2800
-3.7100
-0.0700
414
490
528
441
382
-0.1874
-0.9472
-0.2094
-2.8700
-3.9900
-3.9200
414
489
527
441
382
-0.1923
-0.9350
-0.2303
5.3200
-3.7100
-1.5400
414
489
528
440
382
-0.1801
-0.9672
-0.1835
-1.6100
-5.3200
-4.1300
413
489
527
440
382
-0.1957
-0.9218
-0.2352
2.5900
-3.1500
-1.9600
413
488
527
439
383
-0.1976
-0.9858
-0.2172
1.6100
-3.8500
-3.0100
412
487
526
438
383
-0.2064
-0.9560
-0.2240
-0.4900
-2.2400
-5.3200
412
486
526
436
383
-0.1835
-0.9453
-0.2362
3.3600
-3.7100
-3.0100
411
486
525
436
383
-0.1889
-0.9750
-0.2377
3.7100
-3.7100
-5.1100
411
486
525
436
383
-0.1815
-0.9457
-0.2279
-0.1400
-3.0100
-4.4800
411
485
525
435
383
-0.1737
-0.9570
-0.2216
-4.1300
-4.6200
-6.3700
410
481
522
430
383
-0.1723
-0.9579
-0.2513
-5.3900
-2.2400
-10.2200
400
464
506
417
384
-0.1728
-0.9414
-0.2552
-11.6200
-8.6100
-1.6800
380
440
474
397
387
-0.1723
-0.9511
-0.3357
-4.9000
-5.7400
-12.8800
349
406
425
373
388
-0.1474
-0.9731
-0.3030
-10.5700
-8.8200
-11.3400
311
352
355
335
392
-0.1327
-0.9311
-0.3504
-4.0600
-11.4100
-6.8600
279
295
296
292
391
-0.1293
-0.9209
-0.3157
0.0700
-5.3900
-6.3000
249
265
266
267
395
-0.1381
-0.9565
-0.3192
1.5400
-8.8900
-3.0100
233
251
254
254
394
-0.1088
-0.9599
-0.3719
2.5900
-10.0100
-2.1000
224
244
250
244
392
-0.1244
-0.9174
-0.3162
4.9000
-11.2000
-7.9800
220
240
250
243
392
-0.1264
-0.9511
-0.2718
-1.5400
-15.0500
-14.2100
218
239
252
243
395
-0.1371
-0.9228
-0.2850
0.0700
-10.9200
-9.5200
217
240
254
246
403
-0.0922
-0.9794
-0.2938
4.6200
-7.2100
-5.1100
217
241
256
248
422
-0.0869
-0.9780
-0.2987
2.1000
-3.9900
-10.2900
217
242
257
250
429
-0.0771
-0.9438
-0.3309
2.8000
-7.4900
-7.4900
218
243
259
250
430
-0.0883
-0.9277
-0.3392
2.8700
-4.2700
-4.4800
219
245
261
251
433
-0.0864
-0.9282
-0.2860
6.0900
-4.9700
-1.4700
220
246
263
251
439
-0.0849
-0.9565
-0.3021
2.9400
-8.6800
-1.1900
221
246
264
252
438
-0.1249
-0.9433
-0.3084
4.7600
-5.1800
-3.0800
221
247
264
252
440
-0.0883
-0.9487
-0.2816
2.0300
-3.4300
-2.3800
222
248
265
252
441
-0.0908
-0.9575
-0.2996
1.4700
-4.6900
-2.8700
222
248
266
252
440
-0.0986
-0.9374
-0.2957
1.9600
-6.5100
-1.1900
222
249
267
253
439
-0.1191
-0.9477
-0.3074
-0.1400
-2.8700
-3.1500
223
249
267
253
439
-0.0888
-0.9736
-0.2938
-3.0800
-6.3000
-4.0600
223
249
268
254
436
-0.0917
-0.8857
-0.3372
-1.6800
-11.5500
-0.9800
223
249
268
254
438
-0.1215
-0.9496
-0.3382
10.8500
-9.3800
-8.8900
224
250
269
254
445
-0.1127
-0.9487
-0.2889
0.2800
-6.5100
-9.7300
224
251
270
255
451
-0.1274
-0.9155
-0.3016
3.5700
-3.5700
-9.5900
224
252
270
256
454
-0.1039
-0.9423
-0.2664
9.1700
-4.2000
-4.8300
224
253
271
256
457
-0.0844
-0.9662
-0.2786
3.7800
-4.4100
0.2800
224
253
271
257
457
-0.0986
-0.9589
-0.2874
0.0000
-2.8700
-6.3700
225
254
271
257
457
-0.0776
-0.9292
-0.2806
3.2900
-4.0600
-1.1900
225
254
271
257
457
-0.0903
-0.9550
-0.2874
0.7700
-4.6200
-5.6000
225
254
272
257
456
-0.0917
-0.9438
-0.2772
2.6600
-3.2900
-1.8900
225
254
272
258
459
-0.0878
-0.9555
-0.3035
2.5200
-4.8300
-3.1500
225
255
273
258
457
-0.0869
-0.9570
-0.2865
2.0300
-3.9900
-3.5700
225
255
273
258
459
-0.0986
-0.9511
-0.2948
0.1400
-4.4100
-3.5700
225
255
273
259
456
-0.0898
-0.9633
-0.2982
0.0700
-5.1800
-3.0100
226
256
273
260
458
-0.0810
-0.9506
-0.2952
-0.4200
-1.1200
5.8800
229
259
276
262
453
-0.1118
-0.9282
-0.2694
5.0400
-2.8000
8.4700
241
270
287
273
452
-0.0625
-0.9374
-0.2718
5.6700
-0.1400
18.1300
289
318
344
312
442
-0.1449
-0.9326
-0.3118
27.9300
3.6400
38.8500
367
414
468
376
423
-0.2372
-0.9492
-0.2074
28.3500
-2.5200
2.1700
410
466
514
425
410
-0.2401
-0.9799
-0.2186
12.6000
-6.7900
-3.4300
414
482
522
439
407
-0.2445
-0.9897
-0.1176
-4.6900
4.9000
2.5200
416
488
526
445
402
-0.2518
-0.8721
-0.2103
14.0700
4.6900
-14.9100
417
491
527
448
394
-0.1913
-0.9438
-0.1342
14.3500
-3.7100
-2.6600
418
493
528
449
390
-0.2206
-0.9677
-0.1391
8.4000
-9.5200
-3.0800
418
494
528
450
389
-0.2255
-0.9560
-0.1386
4.9000
-7.4900
-4.0600
418
495
529
450
389
-0.2752
-0.9814
-0.1503
4.1300
-0.5600
-7.7000
418
496
529
450
389
-0.2347
-0.9584
-0.1366
4.0600
3.0100
-5.1100
419
497
529
450
388
-0.1957
-0.9692
-0.1259
-0.8400
-2.2400
-2.3100
419
497
529
449
387
-0.2201
-0.9672
-0.1318
4.4100
-2.1700
-7.2800
419
497
529
448
386
-0.1752
-0.9667
-0.1508
1.3300
-5.8100
-3.2900
419
497
529
448
386
-0.2220
-0.9516
-0.1386
0.7000
-5.3200
-3.2900
419
497
529
448
386
-0.2201
-0.9745
-0.1523
5.9500
-3.1500
-9.1000
419
496
529
448
386
-0.1703
-0.9560
-0.1640
4.5500
-5.3200
-8.1900
418
496
528
447
386
-0.2064
-0.9648
-0.1454
-1.3300
-4.8300
-11.4100
418
496
528
447
387
-0.2035
-1.0053
-0.1532
-10.2900
-1.1200
-12.1100
418
493
527
444
387
-0.1615
-0.9350
-0.1649
-25.0600
-4.4800
-4.7600
416
487
524
430
389
-0.1381
-0.9501
-0.1932
-20.1600
-7.9100
-19.0400
409
469
501
412
391
-0.1191
-0.9760
-0.2362
-26.2500
-7.7700
-12.1800
394
428
462
385
396
-0.0971
-0.9321
-0.2708
-11.6200
0.9100
-5.3900
371
383
416
356
404
-0.0917
-0.9604
-0.3196
-4.3400
-5.6700
0.7000
340
346
362
330
407
-0.1122
-0.9755
-0.2967
-6.3000
-7.4900
-0.9100
311
312
323
306
411
-0.1230
-0.9628
-0.3026
4.9700
-8.6100
0.4200
288
286
293
286
414
-0.1205
-0.9374
-0.2913
0.2800
-9.3800
-4.4800
266
264
273
268
416
-0.1279
-0.9418
-0.3343
-2.2400
-6.8600
-8.6800
250
253
261
257
416
-0.1161
-0.9506
-0.3221
1.8200
-7.7000
-9.4500
243
249
259
253
415
-0.0937
-0.9335
-0.3113
3.5000
-7.9100
-8.1200
240
247
258
253
412
-0.0991
-0.9423
-0.3182
3.5700
-7.6300
-13.0200
239
247
260
253
408
-0.0708
-0.9443
-0.3138
1.2600
-4.6200
-9.7300
239
248
262
254
406
-0.0410
-0.9331
-0.3172
-3.7100
-7.7000
-11.1300
240
250
264
257
434
-0.0537
-0.9331
-0.3133
-3.5000
-4.5500
-5.3900
240
251
266
260
455
-0.0805
-0.9501
-0.3343
1.0500
-4.7600
-14.4200
241
252
268
261
461
-0.0249
-0.9262
-0.3255
0.6300
-7.4900
-13.3700
241
252
269
261
459
-0.0181
-0.9345
-0.3328
3.5000
-7.8400
-7.0000
242
253
270
261
462
-0.0268
-0.9653
-0.3353
6.2300
-6.0900
-13.0900
242
254
271
261
462
0.0024
-0.9257
-0.3226
5.6700
-3.0800
-0.3500
243
254
272
262
466
0.0029
-0.9487
-0.3138
4.6900
-7.3500
-0.7000
243
255
272
262
470
-0.0405
-0.9477
-0.3074
4.6200
-6.6500
-3.5700
243
256
273
262
477
-0.0420
-0.9565
-0.2982
3.0800
-2.8000
-2.7300
244
256
274
263
477
-0.0195
-0.9609
-0.2972
2.8000
-3.2200
-3.3600
244
257
275
263
478
-0.0107
-0.9482
-0.3045
0.2100
-3.3600
-0.0700
244
257
275
264
476
-0.0259
-0.9482
-0.3162
-0.0700
-2.7300
-2.5900
244
257
276
264
474
-0.0142
-0.9428
-0.3089
0.1400
-3.1500
-3.6400
245
258
277
265
473
-0.0034
-0.9443
-0.3006
0.9800
-5.6000
-0.6300
245
258
277
265
473
-0.0361
-0.9345
-0.3167
1.8200
-3.8500
-4.9700
245
259
277
266
472
-0.0107
-0.9472
-0.3206
-1.2600
2.7300
-1.4000
247
260
278
267
467
-0.0078
-0.9311
-0.3192
-3.9200
-2.6600
11.3400
252
265
283
272
455
-0.0386
-0.9365
-0.3231
10.0100
-3.8500
5.8100
266
280
300
286
444
-0.0556
-0.9428
-0.3152
7.0000
-2.1000
-0.4900
287
305
329
303
444
-0.0571
-0.9213
-0.3050
5.6000
1.1900
8.3300
312
336
371
323
442
-0.0410
-0.9311
-0.2991
6.7900
0.2800
7.7700
345
381
428
346
439
-0.0981
-0.9350
-0.2791
9.8700
2.1700
11.8300
375
426
475
367
433
-0.1157
-0.9536
-0.3133
31.6400
3.5700
10.7800
401
461
508
400
418
-0.1054
-0.9604
-0.1615
23.1700
5.8800
6.5800
425
482
523
428
406
-0.1464
-0.9618
-0.1913
12.6700
-0.1400
4.5500
428
489
526
438
398
-0.1547
-0.9726
-0.1825
10.4300
-0.7000
0.4900
426
492
527
443
395
-0.1791
-0.9614
-0.1693
2.7300
-3.4300
-0.9800
425
493
528
443
394
-0.1606
-0.9579
-0.1645
1.6800
-3.5000
-4.2700
424
493
528
444
394
-0.1537
-0.9506
-0.1684
3.7100
-4.0600
-0.4900
424
493
528
443
394
-0.1674
-0.9682
-0.1640
-1.1200
-4.5500
-1.4700
423
492
527
442
394
-0.1796
-0.9506
-0.1591
-0.0700
-2.5900
-3.9900
422
492
527
442
394
-0.1503
-0.9521
-0.1581
1.5400
-3.4300
-3.4300
422
492
527
441
394
-0.1674
-0.9633
-0.1610
2.4500
-3.8500
-4.4100
421
491
527
440
394
-0.1586
-0.9653
-0.1684
0.1400
-2.0300
-3.7800
420
491
527
440
394
-0.1596
-0.9492
-0.1654
0.3500
-2.5200
-3.7100
420
490
527
439
394
-0.1542
-0.9638
-0.1703
2.0300
-3.6400
-3.7800
420
490
527
438
394
-0.1571
-0.9594
-0.1723
-0.4900
-3.2900
-3.7800
420
490
527
438
394
-0.1518
-0.9643
-0.1537
0.6300
-2.3100
-4.2700
419
489
526
437
394
-0.1498
-0.9501
-0.1815
-5.1100
-3.9200
-5.6000
415
483
523
433
395
-0.1532
-0.9677
-0.2020
-0.6300
-2.6600
-2.1700
411
477
513
429
397
-0.1518
-0.9628
-0.2020
-1.8900
-4.6200
-3.1500
410
473
507
425
399
-0.1596
-0.9716
-0.1952
1.6800
-4.9000
-4.7600
409
471
504
422
399
-0.1537
-0.9765
-0.1996
0.0700
-3.2900
-7.4900
408
469
501
419
400
-0.1322
-0.9482
-0.1908
-2.3800
-4.3400
-4.7600
405
464
493
414
403
-0.1444
-0.9799
-0.2006
-11.1300
-4.5500
-11.5500
403
440
463
400
407
-0.1576
-0.9858
-0.2801
-4.9000
-9.1700
-8.3300
383
400
414
371
412
-0.1293
-0.9496
-0.2362
-4.2700
-9.1700
-2.5200
360
358
358
340
415
-0.1459
-0.9487
-0.2342
-12.6000
-9.9400
-7.9800
321
320
317
315
425
-0.1298
-0.9082
-0.2713
-0.3500
-5.5300
-11.5500
289
297
293
298
425
-0.1010
-0.9370
-0.2572
-6.5800
-9.3100
-2.4500
269
278
278
285
431
-0.1035
-0.9414
-0.2865
-4.2700
-10.4300
-1.6100
252
264
271
271
430
-0.1118
-0.9731
-0.2469
-7.2100
-9.4500
-13.1600
239
255
263
259
441
-0.0966
-0.9594
-0.2640
2.8000
-4.2000
-10.3600
232
252
260
256
442
-0.0913
-0.9584
-0.2796
-1.9600
-10.1500
-0.4900
230
250
262
257
453
-0.1054
-0.9496
-0.3177
-2.0300
-8.1900
-0.3500
229
251
264
258
462
-0.0834
-0.9648
-0.3177
2.9400
-3.6400
-6.0900
229
252
266
259
470
-0.0800
-0.9492
-0.3045
1.9600
-1.6100
-5.6000
229
253
268
260
473
-0.0791
-0.9555
-0.3060
2.7300
-3.2200
-1.8200
230
254
269
260
474
-0.0825
-0.9550
-0.2957
3.0100
-4.6900
-1.7500
231
256
270
261
473
-0.0888
-0.9492
-0.2908
3.7800
-4.9700
-2.6600
232
256
271
262
473
-0.0942
-0.9482
-0.3021
4.8300
-5.1800
-2.8000
233
257
272
262
474
-0.0849
-0.9555
-0.2904
3.0800
-4.2700
-1.1200
233
258
273
262
476
-0.0976
-0.9506
-0.2855
4.8300
-2.4500
-2.6600
233
258
274
262
480
-0.0825
-0.9579
-0.2840
3.5700
-5.7400
-2.6600
234
258
275
262
480
-0.0947
-0.9501
-0.2777
3.0800
-4.9000
-1.6100
234
259
276
262
484
-0.0903
-0.9462
-0.2723
1.8900
-4.2000
-1.1200
234
259
276
263
482
-0.0966
-0.9614
-0.2762
3.0100
-4.0600
-2.2400
235
260
277
263
485
-0.0956
-0.9448
-0.2645
2.1000
-4.0600
-2.3800
235
260
278
263
484
-0.0952
-0.9472
-0.2777
2.3100
-2.8000
-3.9200
235
261
278
263
484
-0.0898
-0.9545
-0.2669
1.3300
-3.5700
-3.7100
235
261
279
264
482
-0.0966
-0.9492
-0.2699
-1.1900
-3.5700
-8.3300
236
262
279
265
479
-0.0786
-0.9448
-0.2694
2.0300
-2.6600
-6.7900
236
262
280
266
481
-0.0678
-0.9589
-0.2811
3.2200
-3.0100
-4.6200
237
263
280
266
477
-0.0708
-0.9731
-0.2772
-1.9600
-2.6600
-1.1200
239
264
282
269
476
-0.0834
-0.9560
-0.2928
4.4800
-2.8700
-5.5300
240
265
283
270
478
-0.0703
-0.9536
-0.2952
3.0800
-0.0700
-7.5600
243
268
286
272
468
-0.0576
-0.9296
-0.3006
12.8100
-18.6900
11.2000
260
283
302
286
447
-0.0869
-0.9628
-0.2401
26.1100
7.4900
0.0000
303
324
346
317
428
-0.0483
-0.9355
-0.2240
38.5000
11.3400
18.2700
373
416
471
391
413
-0.1571
-1.0043
-0.0781
11.4800
11.7600
12.8100
399
452
515
436
400
-0.1381
-0.9389
-0.1479
4.6200
-2.0300
0.0700
412
465
521
445
398
-0.1078
-0.9140
-0.1132
23.2400
-8.9600
6.7200
413
469
523
446
400
-0.1581
-1.0024
-0.0381
-10.2200
-5.8800
13.4400
410
469
523
445
400
-0.1781
-0.9618
-0.1225
-1.3300
-2.5200
-5.7400
410
470
523
444
405
-0.1396
-1.0116
-0.0708
-8.3300
-9.2400
6.8600
408
470
522
442
406
-0.1776
-0.9755
-0.0756
-4.6900
-6.2300
6.3700
407
469
522
441
406
-0.2372
-0.9575
-0.0737
-7.1400
-2.4500
-8.5400
406
467
522
439
405
-0.1918
-0.9272
-0.1684
1.9600
0.4900
-0.7700
404
466
521
436
404
-0.1796
-0.9775
-0.1288
1.2600
0.5600
1.1200
403
465
519
434
404
-0.1923
-0.9672
-0.1425
2.3800
-0.4200
-6.3700
403
464
518
433
404
-0.1806
-0.9721
-0.1308
2.2400
-3.7100
-2.9400
402
463
518
432
406
-0.1942
-0.9726
-0.1342
2.1000
-2.5200
1.4000
401
462
517
430
406
-0.2035
-0.9604
-0.1030
1.6800
-2.8700
7.0700
401
462
516
428
405
-0.2186
-0.9770
-0.1635
-1.6100
1.3300
12.4600
401
462
516
426
401
-0.2342
-0.9701
-0.1566
-5.2500
-0.9800
-4.1300
400
462
516
426
401
-0.2020
-0.9243
-0.1708
3.0100
-0.7700
2.6600
400
462
516
425
400
-0.2333
-0.9579
-0.1566
3.5700
-3.7800
0.4900
400
461
516
425
398
-0.2479
-0.9511
-0.1479
4.0600
-2.9400
3.1500
399
461
515
423
400
-0.2494
-0.9682
-0.1581
2.7300
-2.8700
-0.6300
399
460
515
423
400
-0.2391
-0.9213
-0.1566
1.2600
-4.4800
-2.0300
399
460
514
421
397
-0.2367
-0.9482
-0.1435
2.0300
-3.9200
-0.7000
398
460
514
421
400
-0.2699
-0.9594
-0.1596
-4.4100
-3.5700
-5.2500
398
460
514
422
400
-0.2757
-0.9174
-0.1640
-0.3500
-2.0300
-4.1300
398
460
514
422
400
-0.2562
-0.9287
-0.1664
6.7200
-1.3300
-0.9100
398
460
514
422
400
-0.2503
-0.9692
-0.1449
0.9800
-3.4300
-5.0400
398
459
513
422
399
-0.2455
-0.9414
-0.1640
-1.6100
-3.3600
-4.2000
397
459
513
421
399
-0.2562
-0.9394
-0.1625
-1.6100
-1.8900
-7.0000
397
459
513
422
399
-0.2518
-0.9467
-0.1664
-3.9200
-3.2900
-6.5800
396
458
512
421
397
-0.2430
-0.9233
-0.1703
-5.4600
-6.0200
-4.1300
394
454
505
418
401
-0.2435
-0.9492
-0.1830
-4.1300
-7.3500
-6.9300
387
441
485
408
407
-0.2430
-0.9394
-0.2201
-19.1100
-6.1600
-2.4500
377
405
440
384
411
-0.2582
-0.9238
-0.2650
-6.1600
-5.3900
-17.9900
354
368
383
352
413
-0.1767
-0.9443
-0.2313
-10.5700
-9.1700
0.0000
329
336
341
322
417
-0.1757
-0.9331
-0.3094
-12.1100
-11.9000
-6.9300
303
306
309
300
425
-0.2006
-0.9140
-0.3226
3.2200
-4.6900
-10.4300
276
279
275
284
430
-0.1791
-0.9941
-0.2572
5.2500
-15.1900
-11.6900
258
263
260
272
436
-0.1718
-0.9726
-0.2562
-2.3100
-12.1100
-11.3400
247
257
256
262
440
-0.1425
-0.8799
-0.2943
-9.7300
-13.3700
-7.2100
238
253
257
258
464
-0.1864
-0.9184
-0.2650
5.0400
-15.1900
-7.9800
234
252
258
261
489
-0.2352
-0.9243
-0.2987
-2.5900
-12.9500
-5.5300
232
253
261
260
495
-0.2050
-0.9335
-0.2455
8.4700
-4.9700
0.7000
233
255
262
261
493
-0.2064
-0.9545
-0.2508
6.3700
0.2100
-5.1800
235
256
264
262
495
-0.1874
-0.9379
-0.2289
5.9500
-0.9800
-0.7000
236
258
266
264
490
-0.1996
-0.9560
-0.2601
4.0600
-2.0300
-3.1500
238
259
267
265
489
-0.1947
-0.9467
-0.2367
3.2200
-1.6800
-6.3000
238
259
269
266
488
-0.1942
-0.9599
-0.2416
-0.9100
-2.1000
-6.5100
239
260
269
266
486
-0.1903
-0.9399
-0.2469
0.2800
-1.1200
-5.4600
239
261
270
266
484
-0.1718
-0.9365
-0.2372
1.6100
-2.9400
-2.8000
240
261
271
267
480
-0.1747
-0.9296
-0.2503
3.7800
-3.2200
-4.5500
240
261
271
267
482
-0.1752
-0.9614
-0.2450
2.0300
-2.2400
-4.0600
240
262
272
268
479
-0.1703
-0.9472
-0.2362
3.4300
-2.3800
-1.4000
241
262
272
268
481
-0.1571
-0.9536
-0.2489
1.7500
-5.3200
-2.5200
241
263
273
269
481
-0.1874
-0.9277
-0.2430
2.8700
-4.5500
-2.1700
241
263
274
269
480
-0.1786
-0.9570
-0.2298
1.5400
-4.0600
-5.1100
242
263
274
269
479
-0.1591
-0.9516
-0.2372
1.1200
-4.6200
-2.3800
242
263
275
270
479
-0.1879
-0.9496
-0.2362
2.6600
-4.6900
-3.6400
242
263
275
270
479
-0.1786
-0.9453
-0.2245
2.5900
-5.0400
-3.3600
242
264
275
270
476
-0.1732
-0.9409
-0.2323
2.1700
-5.0400
-3.4300
242
264
275
270
477
-0.1674
-0.9453
-0.2347
1.6800
-4.6900
-5.5300
242
264
276
270
474
-0.1796
-0.9448
-0.2318
2.1000
-4.0600
-2.2400
242
264
276
270
477
-0.1762
-0.9536
-0.2303
1.3300
-2.5900
-4.6900
242
264
276
270
478
-0.1625
-0.9492
-0.2220
-1.5400
-4.7600
-4.3400
242
264
277
271
478
-0.1703
-0.9399
-0.2240
-6.7900
-2.3800
-4.4100
243
265
277
273
475
-0.1723
-0.9526
-0.2464
-1.1200
-1.7500
-3.4300
247
267
280
277
467
-0.1620
-0.9335
-0.2601
4.9700
-3.7800
-3.5700
258
277
291
288
461
-0.1674
-0.9301
-0.2367
11.2000
-4.6200
0.8400
287
306
326
310
448
-0.1552
-0.9409
-0.2255
9.3100
-2.3100
4.0600
329
356
392
342
441
-0.1606
-0.9365
-0.1967
6.5100
-2.1000
3.7100
373
416
464
377
429
-0.1718
-1.0028
0.0976
2.9400
1.4000
9.1700
402
454
507
413
416
-0.1976
-0.9467
-0.2211
19.3900
-1.6100
1.6800
416
473
520
433
407
-0.1854
-0.9731
-0.2054
14.5600
-4.2000
1.6100
416
482
524
441
399
-0.1908
-0.9594
-0.1688
3.7100
-3.7100
0.4200
415
484
525
442
401
-0.2264
-0.9545
-0.1796
3.0800
-4.4800
-1.0500
414
484
525
442
401
-0.2391
-0.9496
-0.1659
0.8400
-3.4300
-2.6600
413
483
524
441
399
-0.2089
-0.9453
-0.1752
4.4100
-3.7800
-2.5200
412
482
524
440
401
-0.2162
-0.9653
-0.1801
5.6700
-4.4100
-0.9100
411
482
524
439
402
-0.2250
-0.9570
-0.1713
3.0800
-3.0100
-2.8000
410
480
524
438
402
-0.2176
-0.9536
-0.1723
4.0600
-3.6400
-3.3600
409
480
523
436
402
-0.2123
-0.9726
-0.1606
1.4000
-4.3400
-0.6300
409
479
523
436
402
-0.2289
-0.9545
-0.1620
1.4000
-4.8300
-3.8500
408
478
523
435
402
-0.2318
-0.9262
-0.1688
6.9300
-4.2700
-1.5400
408
478
522
433
402
-0.2094
-0.9697
-0.1440
4.1300
-7.0000
-1.6100
407
477
522
433
402
-0.2391
-0.9462
-0.1635
2.3800
-5.3900
-2.3100
407
476
522
432
403
-0.2425
-0.9711
-0.1781
4.6200
-0.9800
-6.6500
406
476
521
431
403
-0.2098
-0.9599
-0.1645
1.6100
-2.2400
-2.5900
406
475
520
429
403
-0.2118
-0.9667
-0.1513
-0.4900
-3.9200
-2.5200
405
474
520
427
404
-0.2259
-0.9550
-0.1688
0.8400
-4.1300
1.7500
405
474
519
425
404
-0.2294
-0.9521
-0.1825
2.2400
-3.9200
1.8900
404
473
517
424
402
-0.2430
-0.9511
-0.1791
0.2800
-3.6400
-3.8500
404
473
516
422
405
-0.2186
-0.9389
-0.1674
1.0500
-2.5900
-3.6400
403
471
513
421
406
-0.2230
-0.9438
-0.1767
-1.9600
-3.7100
-3.9200
402
470
509
419
407
-0.2338
-0.9467
-0.1776
3.5700
-4.2000
-2.0300
401
469
508
418
407
-0.2289
-0.9526
-0.1776
3.2200
-4.1300
-2.5900
400
468
507
417
407
-0.2240
-0.9618
-0.1898
0.9100
-2.7300
-3.8500
400
468
506
417
407
-0.2313
-0.9560
-0.1786
0.0700
-3.4300
-4.6900
399
467
504
416
407
-0.2181
-0.9370
-0.1791
-1.0500
-4.1300
-7.6300
394
461
496
413
408
-0.2225
-0.9345
-0.1932
-6.0200
-3.7100
-8.1200
380
440
458
398
413
-0.2147
-0.9155
-0.2162
-5.8800
-1.7500
-3.6400
383
407
415
382
417
-0.2196
-0.9321
-0.2303
-15.1900
-5.9500
-8.3300
357
371
370
360
422
-0.1991
-0.9184
-0.2508
-7.7000
-3.4300
-5.5300
327
336
335
338
425
-0.1864
-0.9404
-0.2538
-8.8900
-4.8300
-8.7500
295
306
300
313
428
-0.1796
-0.9414
-0.2840
1.0500
-9.7300
-10.1500
270
282
276
293
430
-0.1913
-0.9560
-0.2904
-5.5300
-10.2200
-4.1300
248
264
262
277
430
-0.1752
-0.9433
-0.2650
-6.0900
-11.6900
-5.6000
235
255
255
263
429
-0.1869
-0.9511
-0.2933
0.2100
-10.6400
-6.4400
227
251
254
260
431
-0.1688
-0.9555
-0.3196
2.9400
-8.4000
-14.7000
225
250
255
259
438
-0.2167
-0.9292
-0.2977
2.8000
-6.0900
-3.2900
223
250
256
259
446
-0.1420
-0.9292
-0.2723
5.4600
-5.5300
-6.1600
224
250
258
263
459
-0.1645
-0.9326
-0.2591
3.2900
-6.2300
-7.2800
224
251
261
265
463
-0.1581
-0.9370
-0.2430
3.9900
-5.5300
-3.5000
225
252
262
266
466
-0.1654
-0.9462
-0.2645
3.0100
-3.3600
-2.1000
226
253
263
266
466
-0.1615
-0.9482
-0.2625
6.3700
-6.0900
-4.5500
227
254
264
267
466
-0.1430
-0.9565
-0.2503
-0.5600
-10.9900
-0.5600
227
255
266
267
466
-0.1635
-0.9389
-0.2674
0.9800
-4.7600
-0.5600
228
255
267
267
463
-0.1688
-0.9326
-0.2494
2.8000
-4.0600
-0.4900
229
256
268
268
464
-0.1747
-0.9584
-0.2562
1.6800
-5.1800
-1.6100
229
257
268
269
461
-0.1825
-0.9599
-0.2650
1.8200
-3.5000
-1.6100
230
257
269
269
463
-0.1781
-0.9223
-0.2655
3.0800
-3.5700
-2.2400
230
258
269
270
460
-0.1806
-0.9492
-0.2562
2.5900
-4.6900
-3.2200
231
258
270
270
462
-0.1864
-0.9457
-0.2572
3.0100
-3.5000
-3.2900
231
258
270
270
459
-0.1606
-0.9506
-0.2664
2.8000
-5.2500
-1.4700
231
259
271
271
461
-0.1796
-0.9575
-0.2582
2.6600
-4.6200
-2.8000
232
259
271
271
459
-0.1791
-0.9433
-0.2596
1.4700
-2.5200
-5.4600
232
259
271
271
460
-0.1835
-0.9467
-0.2591
2.5900
-3.4300
-3.0100
232
260
272
272
459
-0.1713
-0.9389
-0.2460
5.7400
-4.8300
-3.7800
232
260
272
272
459
-0.1649
-0.9511
-0.2372
2.5200
-4.4100
-1.6800
232
260
272
271
461
-0.1713
-0.9506
-0.2445
2.3100
-5.0400
-1.3300
233
260
273
272
464
-0.1786
-0.9545
-0.2499
2.8700
-4.8300
-3.5700
233
260
273
272
465
-0.1723
-0.9545
-0.2479
1.7500
-4.4800
-4.0600
233
260
273
272
463
-0.1640
-0.9423
-0.2269
-7.4900
-6.0200
2.7300
235
262
275
274
458
-0.1571
-0.9545
-0.2684
7.2800
-12.1800
18.6900
242
271
283
278
451
-0.2157
-0.9355
-0.2474
10.0800
-2.1000
3.0100
265
299
316
296
446
-0.2352
-0.9618
-0.2391
5.8100
6.1600
1.1900
313
349
378
323
440
-0.2255
-0.9414
-0.2806
10.9900
6.3700
-1.6800
368
417
462
355
428
-0.2191
-0.9609
-0.2440
11.3400
5.4600
-0.7700
401
461
507
399
416
-0.2381
-0.9404
-0.1767
11.4100
-0.6300
3.0800
418
480
521
431
408
-0.2186
-0.9545
-0.2245
8.6800
-2.5200
-2.8000
420
487
525
442
404
-0.2172
-0.9272
-0.2015
7.9800
-2.3100
-1.9600
419
489
525
444
404
-0.2523
-0.9179
-0.1752
0.4200
-2.7300
1.8200
418
489
526
444
404
-0.2547
-0.9618
-0.1889
-5.0400
-3.7100
-6.4400
417
488
525
443
404
-0.2391
-0.9233
-0.1986
1.6800
-2.4500
-2.5900
416
488
525
442
402
-0.2372
-0.9457
-0.2030
3.5700
-3.0100
-2.7300
416
487
525
441
404
-0.2367
-0.9301
-0.1942
-0.3500
-3.9200
-4.7600
415
487
525
441
404
-0.2342
-0.9394
-0.1976
3.6400
-2.8700
-4.0600
414
486
525
440
405
-0.2460
-0.9453
-0.1932
-0.9100
-3.2200
-5.3900
414
485
524
439
405
-0.2308
-0.9282
-0.2084
2.2400
-3.5700
-4.1300
413
485
524
439
405
-0.2367
-0.9496
-0.1942
2.4500
-4.0600
-3.5000
413
484
524
438
405
-0.2381
-0.9501
-0.2059
2.3100
-3.0800
-3.3600
413
484
524
438
405
-0.2250
-0.9365
-0.2069
2.3800
-3.5000
-3.9200
412
483
523
437
405
-0.2259
-0.9521
-0.2142
2.7300
-3.7800
-2.9400
411
480
521
435
406
-0.2396
-0.9492
-0.2128
0.8400
-1.6100
-6.3700
401
463
505
431
408
-0.2430
-0.9599
-0.2011
-5.8100
-0.0700
-10.7100
384
435
461
414
412
-0.2162
-0.9321
-0.2240
-7.1400
-3.8500
-3.9200
377
393
407
383
415
-0.2391
-0.9692
-0.2503
0.7000
-3.0100
-4.4100
352
358
361
359
417
-0.2001
-0.9428
-0.2616
-0.1400
-3.0100
-7.9800
321
330
324
337
419
-0.2133
-0.9511
-0.2801
7.9800
-5.1100
-8.1900
281
291
284
312
421
-0.1864
-0.9384
-0.2196
11.1300
-6.6500
-10.6400
260
274
266
293
422
-0.1664
-0.9409
-0.2294
3.7800
-10.2200
-7.8400
246
263
257
279
424
-0.1737
-0.9404
-0.2220
-2.2400
-20.4400
-3.5700
235
255
256
262
429
-0.1440
-0.9170
-0.2640
-3.3600
-12.6700
-6.6500
227
250
258
255
433
-0.1664
-0.9579
-0.2176
4.5500
-6.7200
-4.6900
225
248
260
255
436
-0.1596
-0.9770
-0.2460
2.8000
-7.7000
-5.8800
221
245
261
254
442
-0.1254
-0.9584
-0.2172
-3.5700
-11.9700
-8.7500
217
245
261
254
451
-0.1464
-0.9565
-0.2650
-4.7600
-1.0500
-7.9800
216
247
262
259
457
-0.1620
-0.9589
-0.2674
3.1500
-3.1500
-3.2900
216
248
263
261
459
-0.1366
-0.9462
-0.2450
3.8500
-2.3100
0.3500
217
249
264
261
462
-0.1430
-0.9428
-0.2440
1.1200
-2.4500
-2.1700
218
250
265
262
465
-0.1474
-0.9487
-0.2211
1.0500
-6.0200
-2.7300
219
251
266
262
465
-0.1547
-0.9394
-0.2308
-0.4200
-5.2500
-2.2400
219
251
267
262
465
-0.1454
-0.9404
-0.2401
0.6300
-6.0200
-2.4500
220
251
268
263
465
-0.1444
-0.9648
-0.2362
2.5200
-4.7600
-2.2400
220
252
269
263
466
-0.1513
-0.9492
-0.2469
1.1900
-4.2700
-3.7100
221
252
269
263
464
-0.1552
-0.9531
-0.2489
1.7500
-4.4100
-3.2200
221
253
269
263
466
-0.1523
-0.9604
-0.2513
2.5200
-4.7600
-3.5700
221
253
270
264
463
-0.1454
-0.9521
-0.2518
3.3600
-5.0400
-3.0100
221
254
270
264
465
-0.1459
-0.9467
-0.2489
3.7100
-4.2000
-3.1500
222
254
271
264
462
-0.1415
-0.9487
-0.2450
1.7500
-4.8300
-1.6100
222
254
271
264
464
-0.1498
-0.9531
-0.2484
2.1700
-4.4100
-3.1500
222
255
271
265
461
-0.1357
-0.9531
-0.2445
0.4900
-6.1600
-1.3300
222
255
272
265
463
-0.1552
-0.9584
-0.2479
0.1400
-2.9400
-3.1500
223
256
272
266
459
-0.1274
-0.9423
-0.2791
0.2800
5.1100
6.7900
228
261
276
270
460
-0.1781
-0.9531
-0.2655
7.7700
-1.4000
1.9600
250
285
300
291
443
-0.1493
-0.9233
-0.2274
13.3000
3.6400
10.7100
305
338
363
331
426
-0.1932
-0.9360
-0.2372
20.4400
-0.1400
14.7700
368
412
463
368
411
-0.2186
-0.9423
-0.1801
13.6500
-6.8600
4.2700
400
447
502
405
407
-0.2333
-0.9457
-0.1923
-1.3300
-6.4400
3.4300
414
463
515
424
404
-0.2469
-0.9662
-0.2196
8.4000
-4.3400
-0.2800
418
480
523
436
400
-0.2699
-0.9692
-0.2352
10.9200
-2.5900
-6.5800
420
490
526
442
396
-0.2133
-0.9550
-0.2079
2.6600
-2.9400
-3.2900
423
495
528
446
393
-0.2279
-0.9784
-0.2035
2.3800
-6.4400
-4.1300
424
496
529
449
391
-0.2176
-0.9467
-0.2098
7.8400
-3.9200
0.6300
424
497
529
450
390
-0.2172
-0.9536
-0.2142
4.8300
-5.6700
-1.3300
424
497
529
450
389
-0.2391
-0.9423
-0.2167
3.6400
-3.5000
-4.6200
424
497
529
450
389
-0.2313
-0.9506
-0.1957
1.1200
-3.7800
-3.2900
424
497
529
450
389
-0.2294
-0.9414
-0.2162
4.2700
-4.1300
-3.7800
424
497
529
450
389
-0.2255
-0.9531
-0.2059
4.4100
-4.5500
-2.7300
424
497
529
449
389
-0.2303
-0.9550
-0.2050
1.2600
-3.3600
-3.0100
423
496
529
449
389
-0.2259
-0.9384
-0.2020
1.0500
-1.9600
-3.5700
423
496
529
449
389
-0.2216
-0.9628
-0.2128
-0.7000
-3.0800
-5.1100
423
495
528
448
389
-0.2172
-0.9409
-0.2045
-14.3500
-1.5400
-1.4700
419
486
527
445
391