-0.0869
-0.8945
-0.4216
0.9100
-3.6400
-3.2900
404
472
510
438
471
-0.0864
-0.8979
-0.4177
1.6800
-2.8700
-3.4300
404
472
510
438
472
-0.0703
-0.8930
-0.4197
1.6100
-4.1300
-2.4500
404
472
510
438
472
-0.0874
-0.8930
-0.4143
0.7700
-3.2900
-2.8000
404
472
510
438
471
-0.0810
-0.8999
-0.4158
1.4700
-3.9900
-1.9600
404
472
510
438
471
-0.0854
-0.8921
-0.4275
2.1000
-3.4300
-1.7500
404
472
510
438
469
-0.0874
-0.9018
-0.4260
1.8900
-1.7500
-1.1900
404
472
509
438
474
-0.0825
-0.8882
-0.4197
3.6400
-3.6400
5.7400
404
472
509
437
483
-0.0956
-0.9008
-0.4275
5.6700
-3.3600
2.2400
404
472
509
437
509
-0.0956
-0.9013
-0.4197
3.4300
-1.7500
0.5600
404
472
509
437
551
-0.1049
-0.8950
-0.4294
3.1500
-0.4900
1.0500
404
471
508
436
594
-0.1093
-0.8867
-0.3992
2.7300
-1.3300
-0.8400
404
471
508
436
646
-0.1035
-0.8940
-0.3963
-0.6300
-5.8800
0.3500
404
471
508
436
704
-0.0971
-0.8847
-0.4377
3.2900
-3.1500
0.0000
404
470
507
436
753
-0.1244
-0.8965
-0.4016
0.3500
-5.5300
0.9100
405
471
507
437
813
-0.1205
-0.8984
-0.4265
8.1900
-5.0400
-10.6400
405
471
507
437
879
-0.1430
-0.9077
-0.4143
6.5100
-2.5900
-9.1700
405
472
506
436
916
-0.1308
-0.8940
-0.3894
4.6200
-2.9400
-1.1200
405
472
507
435
933
-0.1113
-0.9008
-0.4109
6.8600
-5.6000
0.2100
405
473
506
434
945
-0.1449
-0.9091
-0.3899
3.8500
-5.6700
-4.0600
405
473
506
434
943
-0.1303
-0.9116
-0.3894
0.9100
-5.9500
0.3500
405
474
506
433
935
-0.1601
-0.9048
-0.4016
3.2900
-4.9700
-3.7800
406
474
506
432
935
-0.1391
-0.9140
-0.3850
0.4200
-2.7300
-1.4000
406
474
506
430
939
-0.1396
-0.8926
-0.3753
2.1000
-5.2500
-2.4500
406
474
506
429
937
-0.1405
-0.9038
-0.3831
2.6600
-4.4800
-4.0600
406
474
506
429
932
-0.1459
-0.9023
-0.3865
1.4700
-3.9900
-1.9600
406
474
506
429
929
-0.1410
-0.9101
-0.3845
2.8700
-2.7300
-2.1000
406
474
506
428
930
-0.1391
-0.9101
-0.3958
4.8300
-3.9200
-3.3600
406
474
506
428
928
-0.1362
-0.9145
-0.3880
1.9600
-4.1300
-3.2200
406
474
506
427
924
-0.1410
-0.9111
-0.3836
2.1000
-3.2200
-2.6600
406
474
506
427
923
-0.1444
-0.9096
-0.3860
5.5300
-4.6900
-2.1000
406
474
506
427
924
-0.1454
-0.9135
-0.3831
3.5700
-3.6400
-1.4000
406
474
506
427
922
-0.1484
-0.9043
-0.3753
4.4800
-4.9700
-3.1500
406
474
506
426
916
-0.1484
-0.9043
-0.3758
2.5900
-3.9200
-2.5900
406
474
506
426
915
-0.1498
-0.9048
-0.3762
1.4000
-4.3400
-1.8200
406
474
505
426
918
-0.1479
-0.9116
-0.3855
2.5200
-2.5900
-2.7300
406
474
505
426
917
-0.1566
-0.8950
-0.3855
1.3300
-1.7500
-0.7700
406
474
506
426
911
-0.1420
-0.8994
-0.3860
0.1400
-0.2800
-8.3300
406
474
506
427
899
-0.1362
-0.8965
-0.3767
-5.0400
-4.4800
-6.8600
406
473
506
429
833
-0.1435
-0.9048
-0.4055
8.2600
1.4700
-11.1300
405
472
507
434
630
-0.0981
-0.9189
-0.3826
4.2000
-1.1900
-7.4200
405
473
508
438
496
-0.1249
-0.9087
-0.3880
-3.5000
-7.1400
-7.7700
405
473
508
441
448
-0.1147
-0.9062
-0.3880
1.5400
-5.9500
-7.2100
406
473
509
443
425
-0.1176
-0.9048
-0.3948
-3.0800
-10.1500
-11.6200
406
473
510
446
405
-0.0942
-0.9043
-0.4060
-0.7700
-10.9900
-12.3200
406
474
512
451
392
-0.0849
-0.9091
-0.3997
6.5100
-10.6400
-7.6300
406
476
515
454
387
-0.0791
-0.9077
-0.3826
2.1700
-4.9700
-3.5000
406
477
516
455
386
-0.0869
-0.9243
-0.3924
3.5000
-9.2400
-9.9400
407
478
518
457
381
-0.0898
-0.9106
-0.3645
2.6600
-8.1900
-5.6000
407
479
519
458
377
-0.0659
-0.9091
-0.3792
1.0500
-6.5800
-2.5200
408
479
520
459
376
-0.0893
-0.9135
-0.3889
2.5200
-2.8000
-4.2700
408
479
520
459
376
-0.0820
-0.9057
-0.3841
3.9200
-2.8000
-2.3800
408
480
520
459
376
-0.0786
-0.9155
-0.3845
2.7300
-2.8700
-2.7300
408
480
520
459
377
-0.0732
-0.9194
-0.3904
3.9900
-2.1700
-3.5000
408
479
520
458
382
-0.0805
-0.9145
-0.3875
4.3400
-2.1700
-0.4200
408
479
520
458
390
-0.0913
-0.9233
-0.3889
3.4300
2.1700
6.2300
408
480
520
458
402
-0.1098
-0.9116
-0.3816
4.1300
-2.1000
7.5600
408
480
520
457
412
-0.1142
-0.9233
-0.3899
5.6000
-3.5000
1.9600
408
480
519
456
434
-0.0766
-0.9033
-0.3753
6.7900
-0.8400
-0.3500
408
480
519
455
483
-0.0961
-0.8940
-0.3836
13.0900
0.1400
11.9700
408
480
519
455
548
-0.1230
-0.9287
-0.3738
2.8700
-5.9500
-3.4300
408
480
519
454
586
-0.1318
-0.9096
-0.3626
0.6300
-4.4100
-5.9500
408
480
519
455
618
-0.1537
-0.9243
-0.3694
-0.2800
-7.2100
-6.5800
408
480
519
455
642
-0.1235
-0.9179
-0.3636
0.8400
-6.1600
-3.6400
408
480
519
454
667
-0.1401
-0.9087
-0.3719
3.5700
0.1400
0.0700
408
480
519
454
707
-0.1381
-0.9087
-0.3680
1.1900
-4.1300
-5.4600
408
480
519
453
743
-0.1191
-0.9126
-0.3553
0.3500
-6.7900
-0.8400
408
480
519
453
791
-0.1220
-0.9126
-0.3855
-0.3500
-7.6300
-1.6800
408
480
518
451
833
-0.1347
-0.9023
-0.3743
1.1200
-6.3000
-3.9200
407
480
518
449
855
-0.1615
-0.9082
-0.3714
1.6100
-3.6400
3.3600
407
480
517
446
875
-0.1728
-0.9013
-0.3621
8.4700
-2.7300
-1.9600
406
480
516
443
889
-0.1635
-0.9179
-0.3553
0.7700
-6.5800
-2.7300
405
480
516
442
896
-0.1508
-0.9043
-0.3753
-1.5400
-4.4800
-2.1000
405
480
516
441
900
-0.1698
-0.8960
-0.3689
1.1200
-7.4200
-2.0300
405
480
516
439
902
-0.1635
-0.9052
-0.3733
-0.5600
-8.6100
-4.1300
406
480
515
437
901
-0.1786
-0.9096
-0.3572
4.2000
-7.5600
-4.3400
406
480
516
437
900
-0.1713
-0.9106
-0.3640
-1.1200
-2.2400
-1.5400
406
480
516
437
897
-0.1923
-0.9091
-0.3680
-1.3300
-2.8700
-0.1400
406
480
515
436
895
-0.1698
-0.9082
-0.3699
-2.1700
-5.5300
-1.5400
406
480
516
436
892
-0.1796
-0.8906
-0.3782
3.6400
-4.9700
-2.4500
406
480
515
436
890
-0.1796
-0.9067
-0.3743
2.7300
-3.2900
-2.3100
406
480
516
435
899
-0.1620
-0.9082
-0.3660
-0.0700
-4.2000
-1.4000
406
480
515
435
899
-0.1771
-0.9135
-0.3816
4.4800
-4.7600
-3.0100
406
480
515
435
894
-0.1771
-0.9165
-0.3645
1.4000
-4.4100
-3.5000
406
480
515
434
896
-0.1791
-0.9023
-0.3806
5.1100
-3.6400
-3.5700
406
480
515
434
898
-0.1688
-0.9087
-0.3792
2.0300
-3.0800
-3.2200
406
480
515
433
902
-0.1796
-0.8940
-0.3875
-2.1000
-5.8100
-1.8200
406
480
515
433
899
-0.1898
-0.8945
-0.3841
-0.0700
-5.1100
-2.9400
406
480
515
433
882
-0.1693
-0.8984
-0.3797
-7.7700
-0.7000
-6.9300
406
480
515
435
789
-0.1864
-0.8896
-0.4133
12.0400
-1.4700
-17.1500
406
480
516
439
621
-0.1454
-0.9096
-0.3675
3.4300
0.5600
-5.1800
406
480
516
442
521
-0.1391
-0.8911
-0.3792
-1.7500
-2.8700
-5.2500
406
480
517
443
467
-0.1113
-0.9130
-0.3860
-0.7700
-7.7700
-16.6600
406
480
517
444
427
-0.1376
-0.9018
-0.3777
1.5400
-4.0600
-12.9500
406
480
517
448
403
-0.0786
-0.9106
-0.3797
1.5400
-11.7600
-12.4600
406
480
518
452
391
-0.0766
-0.9052
-0.3884
2.3800
-13.9300
-7.4900
407
481
518
454
385
-0.0795
-0.9155
-0.3802
5.3200
-6.0200
-3.4300
407
481
519
455
387
-0.0717
-0.9174
-0.3758
2.4500
-3.7100
-3.5700
407
481
519
455
388
-0.0888
-0.9267
-0.3753
2.3100
-4.2000
0.7700
407
481
519
455
390
-0.1000
-0.9243
-0.3811
-0.9800
-1.3300
-4.7600
407
481
519
454
391
-0.0854
-0.9116
-0.2552
0.7700
-3.5700
-2.1000
407
480
519
454
392
-0.0898
-0.9135
-0.3816
2.8000
-2.3800
-3.2200
407
481
519
454
392
-0.0878
-0.9248
-0.3933
1.8900
-2.2400
-3.9200
407
480
519
454
392
-0.0820
-0.9082
-0.3836
0.7000
-2.8000
-2.8700
407
481
519
454
392
-0.0825
-0.9038
-0.3841
1.5400
-3.3600
-3.1500
407
481
519
454
393
-0.0898
-0.9160
-0.3841
3.0100
-3.4300
-1.1200
407
480
519
453
394
-0.0991
-0.9213
-0.3811
2.9400
-1.4700
-0.3500
407
480
519
453
403
-0.0742
-0.9145
-0.3675
4.0600
0.6300
4.3400
407
480
519
453
423
-0.0947
-0.9067
-0.3748
3.5000
-1.6800
3.2900
407
480
519
452
448
-0.1069
-0.9135
-0.3728
5.2500
8.1900
7.0700
407
480
519
452
508
-0.0996
-0.9209
-0.3670
1.1200
-1.0500
-6.0200
407
480
519
451
559
-0.1015
-0.9121
-0.3670
-1.2600
-3.7800
-4.2000
407
481
519
452
588
-0.1166
-0.9199
-0.3797
-3.0800
-1.6800
-3.1500
407
480
519
452
632
-0.1376
-0.9267
-0.3802
-0.2100
0.7000
-4.2000
407
480
518
452
679
-0.0893
-0.9111
-0.4011
1.4700
0.3500
-3.7100
407
481
518
452
742
-0.0859
-0.9038
-0.3748
0.4900
-3.6400
1.9600
407
481
518
450
798
-0.1137
-0.9096
-0.3767
0.8400
-6.8600
-6.3000
407
481
517
448
838
-0.0917
-0.9155
-0.3675
8.6800
-2.5900
-1.8200
407
481
517
446
859
-0.0771
-0.9116
-0.3953
-2.9400
-5.3900
2.5200
407
481
517
445
863
-0.1244
-0.9111
-0.3845
0.4200
-2.6600
-3.8500
407
481
517
444
857
-0.1122
-0.9130
-0.3640
0.0000
-3.9900
2.3800
407
481
517
443
858
-0.1191
-0.9145
-0.3811
1.4000
-3.3600
-0.3500
407
481
516
442
862
-0.1152
-0.9199
-0.3704
1.4000
-5.4600
-2.1000
407
481
516
442
855
-0.1352
-0.9116
-0.3948
0.9800
-2.5200
0.1400
407
481
516
441
859
-0.1244
-0.9077
-0.3723
2.5200
-2.1700
-4.0600
407
481
516
441
856
-0.1069
-0.9126
-0.3767
0.4200
-4.2000
-1.1200
407
480
516
440
856
-0.1264
-0.9126
-0.3826
0.7700
-3.1500
-2.2400
407
480
516
440
856
-0.1342
-0.9165
-0.3889
5.3200
-3.9200
-3.0100
407
480
516
439
856
-0.1269
-0.9179
-0.3772
1.2600
-3.5700
-2.1000
407
480
516
439
860
-0.1459
-0.9155
-0.3733
1.6800
-4.8300
-3.8500
407
480
516
438
857
-0.1259
-0.9023
-0.3655
1.8200
-3.7100
-0.2100
407
480
516
438
855
-0.1259
-0.9165
-0.3816
1.9600
-2.9400
-1.9600
407
480
516
438
853
-0.1347
-0.9145
-0.3845
4.2000
-3.9900
-1.4700
407
480
516
438
864
-0.1279
-0.9043
-0.3558
3.6400
-7.7000
-7.2100
407
481
516
437
864
-0.1264
-0.8926
-0.3650
3.7100
-3.8500
-1.1200
407
480
516
436
864
-0.1230
-0.9277
-0.3621
-0.3500
-2.3100
-1.2600
407
480
516
436
837
-0.1620
-0.9248
-0.3855
6.3700
-6.7200
-12.8800
407
480
516
437
741
-0.0996
-0.9233
-0.3748
-5.1100
-10.5000
-10.6400
407
480
517
440
559
-0.1142
-0.8999
-0.3943
6.4400
-1.8900
-9.3100
407
480
517
442
473
-0.1083
-0.9296
-0.3841
3.2900
-5.9500
-7.7700
407
480
517
442
441
-0.0991
-0.9121
-0.3792
1.4000
-7.7700
-8.1900
407
480
517
442
424
-0.0932
-0.9062
-0.3787
-1.2600
-14.8400
-8.5400
407
481
517
442
411
-0.0883
-0.9077
-0.3963
-3.3600
-8.7500
-11.2000
407
481
518
443
396
-0.0981
-0.8921
-0.3924
0.9800
-5.8100
-11.0600
407
481
518
444
389
-0.0693
-0.9008
-0.3797
3.0100
-12.6700
-8.6800
407
481
518
445
384
-0.0556
-0.9174
-0.3972
2.3100
-2.8000
-2.3800
407
481
518
446
384
-0.0644
-0.9004
-0.3860
4.9000
-2.4500
-3.5000
407
481
518
446
384
-0.0639
-0.9209
-0.3919
3.2200
-3.0100
-1.5400
407
481
518
446
385
-0.0859
-0.9155
-0.3811
2.8700
-3.4300
-0.4200
407
481
518
446
385
-0.0747
-0.9267
-0.3953
5.1100
-2.3800
-3.2900
407
481
518
446
386
-0.0698
-0.9248
-0.3880
1.4000
-2.5200
-2.1700
407
481
518
446
387
-0.0717
-0.9155
-0.3792
1.2600
-2.5200
-3.4300
407
480
518
446
388
-0.0742
-0.9023
-0.3719
2.9400
-3.4300
0.9800
407
480
519
446
388
-0.0844
-0.9248
-0.3777
2.7300
-2.6600
-4.0600
407
480
518
446
390
-0.0830
-0.9126
-0.3841
4.4800
-3.4300
-2.6600
407
480
518
446
391
-0.0771
-0.9262
-0.3704
2.6600
-3.8500
-2.3800
407
480
518
446
392
-0.0893
-0.9243
-0.3645
-0.2100
0.7700
2.9400
407
481
518
446
405
-0.0673
-0.9189
-0.3826
4.3400
0.3500
9.9400
407
481
518
446
428
-0.1035
-0.9135
-0.3811
5.1800
-1.4000
-6.6500
407
481
518
446
452
-0.0830
-0.9394
-0.3601
5.0400
-3.8500
-16.9400
407
481
518
446
479
-0.0644
-0.9184
-0.3601
-4.5500
-3.4300
-6.2300
407
482
518
447
507
-0.0317
-0.9101
-0.3655
-0.0700
-7.0700
-1.8200
407
482
518
447
543
-0.0634
-0.9316
-0.3665
2.5900
0.4900
2.8700
407
482
518
447
598
-0.0454
-0.9204
-0.3723
2.3800
-1.2600
0.5600
407
482
518
447
661
-0.0830
-0.9248
-0.3670
-2.3800
-5.0400
2.5900
407
482
517
446
737
-0.0820
-0.9218
-0.3806
-0.3500
-9.9400
0.9100
406
482
517
445
798
-0.0673
-0.9179
-0.3811
6.5800
-4.4100
-0.9100
406
482
517
444
819
-0.0834
-0.9267
-0.3704
0.1400
-3.4300
2.5200
405
482
517
444
813
-0.1049
-0.9165
-0.3723
2.3800
-6.7900
-0.7000
405
482
517
444
813
-0.1015
-0.9160
-0.3714
2.8700
-4.4100
-2.0300
405
482
517
444
812
-0.0874
-0.9179
-0.3797
1.8200
-3.1500
-1.6100
405
482
517
443
810
-0.0956
-0.9082
-0.3684
-0.0700
-1.6100
-1.1200
405
482
516
443
808
-0.1025
-0.9165
-0.3806
3.3600
-3.4300
-2.4500
405
481
516
443
805
-0.1098
-0.9218
-0.3826
-0.2100
-1.8900
-0.9100
405
482
517
443
801
-0.0947
-0.9033
-0.3870
-0.2100
-3.5000
0.0700
405
481
516
443
802
-0.1210
-0.9038
-0.3880
0.3500
-4.0600
-2.4500
405
481
516
442
801
-0.1108
-0.9087
-0.3836
3.2900
-1.4000
-2.1000
405
481
517
442
800
-0.1078
-0.9082
-0.3806
2.1700
-3.2200
-2.6600
405
481
516
442
800
-0.1074
-0.9116
-0.3987
2.6600
-4.4800
-1.8900
405
481
516
442
799
-0.1127
-0.9140
-0.3841
0.9800
0.0000
1.4000
405
481
516
441
800
-0.1269
-0.9048
-0.3816
2.8000
-2.8000
-1.8200
405
481
516
441
799
-0.1166
-0.9170
-0.2542
1.6100
-3.9900
-1.9600
405
481
516
441
799
-0.1264
-0.8965
-0.3748
0.2100
-3.0100
0.3500
406
481
516
440
801
-0.1601
-0.9052
-0.3748
4.2700
-2.7300
-1.8200
406
481
516
440
801
-0.1147
-0.9096
-0.3689
0.7700
-3.7800
-3.7100
405
481
516
439
797
-0.1176
-0.9121
-0.3880
-3.5000
-3.1500
-6.7200
405
481
516
440
747
-0.1147
-0.8999
-0.3943
4.2000
-0.2800
-0.4900
405
480
516
442
607
-0.1142
-0.9155
-0.3924
9.5200
-0.1400
-3.2900
405
480
517
443
522
-0.1015
-0.9287
-0.3694
1.5400
-5.4600
-8.1200
405
481
517
443
489
-0.0971
-0.9048
-0.3640
0.0000
-8.2600
-4.4800
406
480
517
443
455
-0.1103
-0.9174
-0.3777
3.0800
-4.4800
-6.6500
406
480
517
443
434
-0.1147
-0.9189
-0.3797
-1.2600
-1.4700
-8.6100
406
480
517
443
413
-0.0986
-0.9013
-0.3875
-0.2800
-10.2900
-10.2200
406
480
517
443
398
-0.0464
-0.9126
-0.3845
-1.0500
-16.3100
-9.0300
407
480
518
444
389
-0.0825
-0.9170
-0.3997
2.2400
-10.4300
-7.7700
407
480
518
444
385
-0.0732
-0.9228
-0.4021
5.0400
-3.8500
-3.9200
407
480
518
445
385
-0.0917
-0.9106
-0.3992
3.5700
-3.0800
1.0500
407
480
518
444
386
-0.1015
-0.9223
-0.3836
1.9600
-3.1500
-1.6800
407
480
518
444
387
-0.0791
-0.9116
-0.3919
2.9400
-3.0100
-0.9100
407
480
518
444
387
-0.0781
-0.9155
-0.3943
2.5200
-3.5700
-3.9200
407
480
518
444
388
-0.0820
-0.9096
-0.3982
5.2500
-3.0100
-1.1200
407
480
518
444
389
-0.0839
-0.9238
-0.3899
1.3300
-2.4500
-2.1700
407
480
518
444
390
-0.0952
-0.9072
-0.3894
2.4500
-2.5200
-3.7100
407
480
518
444
390
-0.0830
-0.9184
-0.3723
3.0100
2.7300
4.6200
407
480
518
444
395
-0.0791
-0.9135
-0.3899
3.2200
-0.8400
5.0400
407
480
518
443
402
-0.0996
-0.9223
-0.3772
5.1800
-0.2100
0.7000
407
480
518
443
412
-0.0859
-0.9184
-0.3914
7.0000
3.6400
0.7000
407
480
518
443
417
-0.0971
-0.9194
-0.3689
7.0000
4.4100
5.2500
407
480
518
442
431
-0.1137
-0.9228
-0.3943
2.9400
-1.4700
1.1900
407
480
517
442
442
-0.1103
-0.9140
-0.3860
2.5200
0.4200
1.6100
407
480
517
443
455
-0.1054
-0.8969
-0.3933
8.4000
6.3000
9.1700
407
480
517
443
497
-0.1274
-0.9252
-0.3621
3.8500
-2.3100
4.7600
407
480
517
443
550
-0.1293
-0.9082
-0.3548
2.5900
-5.6000
-2.8000
407
479
516
443
598
-0.1469
-0.9189
-0.3592
2.2400
-5.1100
-3.7100
407
479
516
443
654
-0.1332
-0.9082
-0.3597
1.9600
-4.4800
-2.9400
407
479
516
443
703
-0.1240
-0.9335
-0.3772
0.0700
-6.6500
-4.5500
406
479
515
443
757
-0.1508
-0.9194
-0.3543
2.9400
-3.0100
-4.4100
406
479
515
443
807
-0.1362
-0.9087
-0.3577
2.3100
-2.5900
-4.2000
406
479
515
442
847
-0.1274
-0.9331
-0.3431
0.0000
-0.6300
0.3500
405
479
515
441
871
-0.1513
-0.9028
-0.3601
-5.1800
-3.5000
-1.6100
405
479
514
440
863
-0.1362
-0.9160
-0.3777
-0.3500
-0.2800
-2.7300
405
479
515
441
861
-0.1391
-0.9194
-0.3875
5.2500
-5.6000
-3.0100
405
479
515
440
855
-0.1376
-0.9282
-0.3831
1.6800
-1.8900
-2.2400
405
479
515
440
852
-0.1405
-0.9096
-0.3894
1.3300
-3.7800
-0.7000
405
479
514
439
846
-0.1459
-0.9140
-0.3860
2.4500
-2.3800
-2.9400
405
479
514
439
845
-0.1449
-0.9018
-0.3743
1.8200
-4.4800
-3.5000
405
479
514
438
840
-0.1337
-0.9096
-0.3870
1.0500
-4.2700
-1.4000
405
479
514
438
840
-0.1527
-0.9179
-0.3802
2.8700
-3.7800
-4.2000
405
479
514
438
837
-0.1352
-0.9160
-0.3743
0.8400
-4.4800
-2.5900
405
479
514
438
835
-0.1357
-0.8994
-0.3787
3.0100
-2.6600
-3.1500
405
479
514
438
833
-0.1362
-0.9048
-0.3831
1.8900
-3.7800
-3.8500
405
479
514
438
831
-0.1362
-0.9023
-0.3782
1.8900
-3.8500
-3.8500
405
479
514
438
830
-0.1415
-0.9067
-0.3875
2.6600
-3.5000
-2.8700
405
479
514
437
828
-0.1313
-0.9126
-0.3826
1.8200
-3.8500
-1.8200
405
479
514
437
826
-0.1464
-0.9121
-0.3919
3.7800
-3.1500
-2.1000
405
479
514
436
825
-0.1420
-0.8965
-0.3753
8.4700
-4.6200
-0.7700
405
479
514
436
824
-0.1459
-0.9228
-0.3884
2.6600
-4.8300
-2.3800
405
479
514
436
826
-0.1430
-0.9130
-0.3733
6.3000
-5.0400
-3.9200
405
479
514
434
823
-0.1405
-0.9126
-0.3767
-0.7700
-7.3500
-3.9900
405
479
514
434
823
-0.1552
-0.9048
-0.3860
1.9600
-8.3300
-6.7900
405
479
514
435
804
-0.1191
-0.9184
-0.3767
2.0300
-7.7000
-4.2000
405
479
514
435
742
-0.1254
-0.9252
-0.4031
3.0100
-7.9100
-3.7800
405
479
515
436
661
-0.1254
-0.9096
-0.3723
8.7500
-5.6000
-5.3200
406
479
515
437
584
-0.1430
-0.9209
-0.3601
2.2400
-10.9200
-4.4800
406
479
515
436
522
-0.1513
-0.9189
-0.3621
1.1900
-12.8100
-9.2400
406
479
516
437
474
-0.1537
-0.9077
-0.3562
4.0600
-8.3300
-6.2300
406
479
516
437
444
-0.1757
-0.9243
-0.3606
1.1900
-9.0300
-10.0100
406
478
516
438
415
-0.1396
-0.9262
-0.3640
6.7900
-13.3700
-12.5300
406
478
516
441
393
-0.1098
-0.9170
-0.3494
0.0000
-8.8900
-8.5400
407
478
517
444
384
-0.0996
-0.9248
-0.3558
-0.9800
-5.8800
-8.9600
407
478
517
446
380
-0.0922
-0.9209
-0.3479
1.8200
-11.2000
-7.0000
407
478
517
448
380
-0.1000
-0.9189
-0.3567
1.8900
-5.8100
-5.1100
407
478
517
448
379
-0.1069
-0.9145
-0.3479
3.4300
-4.0600
-1.8200
407
478
517
448
380
-0.0913
-0.9204
-0.3528
3.0100
-2.4500
-0.7700
407
478
517
449
380
-0.0966
-0.9238
-0.3533
4.5500
-2.8000
-1.9600
407
478
518
449
382
-0.0952
-0.9248
-0.3460
1.8900
-4.4100
-0.2100
407
478
518
448
383
-0.1181
-0.9189
-0.3616
2.1700
-1.7500
-1.4700
407
478
518
448
384
-0.1161
-0.9321
-0.3465
2.8000
-1.8200
-1.4700
407
478
517
448
386
-0.1152
-0.9135
-0.3470
1.5400
0.9800
-0.5600
407
478
517
448
389
-0.1176
-0.9223
-0.3489
0.5600
0.5600
-2.3800
407
478
517
448
397
-0.1225
-0.9155
-0.3587
4.5500
-2.7300
2.6600
407
478
517
447
422
-0.1401
-0.9213
-0.3460
5.5300
-3.3600
4.9000
407
478
517
446
469
-0.1401
-0.9282
-0.3240
3.4300
-5.9500
-3.5000
407
478
517
445
520
-0.1337
-0.9345
-0.3704
7.6300
2.1000
1.4000
407
478
517
445
578
-0.1557
-0.9218
-0.3445
3.2200
-0.7000
-1.8900
407
478
517
445
636
-0.1235
-0.9160
-0.3431
5.1100
2.9400
3.7100
407
478
517
444
696
-0.1488
-0.9282
-0.3533
4.7600
1.3300
2.9400
407
478
517
444
759
-0.1464
-0.9233
-0.3362
2.1700
-1.1200
-1.7500
407
478
516
443
823
-0.1425
-0.9184
-0.3382
-0.4900
-2.1700
1.1200
407
478
516
441
870
-0.1527
-0.9233
-0.3274
-1.4700
-1.6100
-1.4000
406
477
516
440
891
-0.1508
-0.9106
-0.3621
-0.8400
0.7700
0.1400
406
477
515
440
895
-0.1728
-0.9096
-0.3528
-9.8000
-3.0800
-0.4900
406
477
515
439
903
-0.1620
-0.9018
-0.3767
3.7800
-3.2900
-2.8000
405
477
515
438
906
-0.1728
-0.9223
-0.3797
6.5100
-5.2500
-2.9400
406
477
514
437
906
-0.1630
-0.9301
-0.3684
3.7800
-5.5300
-3.7100
406
477
514
437
899
-0.1576
-0.9184
-0.3748
3.9900
-2.8700
-2.3800
406
477
514
437
897
-0.1464
-0.9116
-0.3640
2.0300
-0.9800
-3.7100
406
478
514
436
896
-0.1547
-0.8867
-0.3592
-0.7700
-3.4300
-2.8000
406
477
514
435
888
-0.1728
-0.9096
-0.3660
2.8700
0.2800
-1.9600
406
477
514
435
883
-0.1586
-0.9135
-0.3694
2.1700
-3.4300
-3.2200
406
477
514
435
879
-0.1601
-0.9140
-0.3758
4.6200
-2.4500
-3.5000
406
478
514
435
875
-0.1581
-0.9165
-0.3650
5.6000
-2.5900
-3.2900
406
477
514
435
873
-0.1527
-0.9091
-0.3645
3.2900
-2.3100
-3.7100
406
478
514
435
870
-0.1449
-0.9106
-0.3680
4.8300
-3.7100
-3.0800
406
478
514
435
870
-0.1562
-0.9096
-0.3636
1.6800
-4.1300
-2.4500
406
477
514
435
869
-0.1542
-0.9130
-0.3728
2.2400
-3.2200
-3.4300
406
477
514
434
867
-0.1625
-0.9170
-0.3689
1.7500
-2.9400
-2.3800
406
478
514
435
866
-0.1591
-0.8955
-0.3518
-0.7000
-4.5500
-4.1300
406
477
514
435
859
-0.1552
-0.9170
-0.3772
0.2800
-4.6900
-1.8200
406
478
514
435
859
-0.1723
-0.9145
-0.3704
0.7000
-3.2200
-1.8200
406
478
514
435
857
-0.1557
-0.9106
-0.3675
7.9100
-4.2700
-0.7000
406
478
514
434
863
-0.1679
-0.9048
-0.3592
0.9800
-4.4100
-1.7500
406
478
514
434
865
-0.1664
-0.9062
-0.3587
2.9400
-2.1000
-1.7500
406
478
514
434
860
-0.1615
-0.8916
-0.3314
-15.1900
-4.9000
-3.1500
406
478
515
435
750
-0.1767
-0.9228
-0.3855
-0.2100
-16.5200
-10.4300
407
478
515
437
551
-0.1352
-0.9135
-0.3680
1.8200
-5.2500
-8.2600
407
478
516
438
463
-0.1449
-0.9072
-0.4021
0.9100
-6.3000
-7.7000
407
478
516
439
427
-0.1625
-0.9218
-0.3806
-0.9100
-7.7700
-12.6700
407
478
516
440
403
-0.0971
-0.9057
-0.3728
-2.4500
-14.0700
-14.4900
407
478
516
441
386
-0.1410
-0.9121
-0.3733
0.1400
-13.1600
-20.8600
407
479
517
443
379
-0.0932
-0.9008
-0.3943
2.0300
-7.6300
-23.6600
407
479
517
444
375
-0.0678
-0.9145
-0.3845
1.5400
-2.9400
-6.1600
407
479
517
445
374
-0.0673
-0.9160
-0.3841
3.5700
-3.9900
-0.4900
407
479
517
445
374
-0.0595
-0.9130
-0.3762
2.3100
-6.2300
-3.3600
407
479
518
445
373
-0.0737
-0.9223
-0.3738
0.6300
-3.7800
-4.7600
407
479
518
445
374
-0.0576
-0.9121
-0.3806
4.5500
-0.2800
-0.3500
407
479
518
445
374
-0.0678
-0.9267
-0.3894
3.9200
-1.4000
-0.7700
407
479
518
445
375
-0.0654
-0.9233
-0.3914
5.6700
0.0000
0.9800
407
479
518
445
376
-0.0815
-0.9404
-0.3655
2.6600
-3.0800
0.8400
407
479
518
445
377
-0.0678
-0.9248
-0.3699
2.5200
-1.8200
-1.6800
407
479
518
445
379
-0.0630
-0.9184
-0.3704
3.2200
0.2100
-0.9100
407
479
518
445
380
-0.0756
-0.9101
-0.3694
1.4700
-1.4000
0.4200
407
479
517
445
384
-0.0810
-0.9184
-0.3577
1.1200
0.3500
-0.0700
407
479
517
444
389
-0.0854
-0.9116
-0.3675
-1.1200
1.1200
0.2100
407
479
517
444
400
-0.0844
-0.9199
-0.3767
2.1700
2.8700
0.4200
407
479
517
444
411
-0.0825
-0.9179
-0.3733
-0.5600
3.5700
0.0000
406
479
517
444
426
-0.1015
-0.9204
-0.3831
1.6800
0.5600
-0.9800
406
479
516
444
450
-0.0742
-0.9087
-0.3860
2.2400
0.2100
-1.7500
406
478
515
444
487
-0.0971
-0.8730
-0.3733
0.4200
2.5900
3.1500
406
478
515
444
527
-0.0878
-0.9238
-0.3802
4.2000
3.8500
3.5700
406
478
514
443
577
-0.0917
-0.9082
-0.3909
3.7800
4.4800
5.3900
406
477
514
443
651
-0.1000
-0.9243
-0.3723
2.0300
1.5400
5.1800
406
477
513
442
712
-0.1113
-0.9077
-0.3709
0.2100
-1.7500
2.3100
406
477
513
442
759
-0.1020
-0.9140
-0.3626
3.6400
-0.3500
0.9800
406
476
512
441
818
-0.1196
-0.9262
-0.3514
2.7300
0.7000
0.9800
406
477
512
440
840
-0.1166
-0.9228
-0.3665
1.2600
1.4700
2.5900
405
476
512
440
844
-0.1137
-0.9223
-0.3684
-5.1100
-2.2400
-3.9900
405
476
512
439
839
-0.1352
-0.9077
-0.3894
-2.7300
-4.7600
0.4900
405
477
512
439
833
-0.1113
-0.9048
-0.3894
-0.4900
-3.6400
-2.3100
405
477
512
439
829
-0.1157
-0.9189
-0.3797
-1.1200
-3.1500
-3.5700
405
477
512
438
825
-0.1103
-0.9155
-0.3982
1.7500
-6.0900
-0.5600
405
477
512
438
823
-0.1176
-0.9194
-0.3821
2.8000
-4.9000
-2.1000
405
477
512
438
820
-0.1264
-0.9267
-0.4026
1.8200
-2.5200
-3.1500
405
477
512
438
816
-0.1269
-0.9267
-0.3889
3.5700
-2.4500
-4.4100
405
477
512
438
813
-0.1049
-0.9077
-0.3836
1.4700
-3.5700
-2.2400
405
477
512
438
809
-0.1059
-0.8999
-0.3943
0.7000
-5.3200
-1.2600
405
477
512
437
807
-0.1220
-0.9101
-0.4050
3.9200
-3.7800
-2.5200
405
477
512
437
803
-0.1093
-0.9077
-0.3845
1.4700
-3.4300
-2.2400
405
477
512
437
803
-0.1122
-0.9018
-0.3855
2.1700
-3.2900
-2.2400
405
477
512
437
803
-0.1083
-0.9170
-0.3933
2.7300
-5.4600
-1.6800
405
477
512
437
803
-0.1196
-0.9130
-0.3933
2.5900
-4.3400
-1.7500
405
477
512
436
802
-0.1030
-0.8989
-0.3860
2.5900
-4.5500
0.2800
405
477
512
436
802
-0.1225
-0.9272
-0.3938
3.0800
-3.9200
-4.5500
405
477
512
435
804
-0.1191
-0.9057
-0.3753
-4.9000
-7.2800
-13.3700
405
477
512
437
762
-0.1074
-0.9013
-0.4255
5.1800
-8.8900
-10.5000
405
477
512
439
659
-0.1020
-0.9179
-0.3943
3.5000
-10.3600
-9.3100
405
477
513
440
559
-0.0952
-0.9057
-0.3943
-3.2200
-9.1700
-7.7000
405
477
513
440
492
-0.1108
-0.9150
-0.4168
-2.2400
-3.7800
-11.9000
405
477
514
441
445
-0.0595
-0.9008
-0.4026
-3.1500
-2.5900
-15.6100
405
477
514
442
412
-0.0703
-0.9004
-0.4177
6.0900
-13.4400
-13.2300
405
477
515
443
391
-0.0093
-0.8940
-0.4309
1.7500
-14.2100
-12.4600
406
478
516
444
383
-0.0590
-0.8969
-0.3972
1.5400
-11.4100
-7.0700
406
478
517
446
380
-0.0346
-0.9101
-0.4207
6.1600
-4.4100
-12.3200
406
478
517
448
379
-0.0068
-0.9179
-0.4002
0.0000
-4.6900
-2.9400
406
478
517
448
379
-0.0200
-0.9082
-0.4148
2.8700
-6.0200
-3.8500
406
479
518
448
380
-0.0278
-0.9150
-0.4148
0.9100
-4.1300
-3.2900
406
479
518
448
380
-0.0190
-0.9038
-0.4148
0.7700
-1.8200
-2.1000
406
479
518
448
380
-0.0205
-0.8984
-0.4085
2.1000
-4.6200
-2.9400
406
479
518
448
380
-0.0220
-0.9028
-0.4109
4.0600
-3.3600
-2.4500
406
479
518
448
381
-0.0215
-0.9091
-0.4080
2.5900
-1.6800
-0.8400
406
479
518
448
381
-0.0205
-0.9067
-0.3987
2.3100
-1.5400
-0.6300
406
479
518
448
382
-0.0200
-0.9135
-0.4128
4.2000
-0.4200
0.5600
406
479
518
448
384
-0.0215
-0.9023
-0.4114
3.9900
0.2100
0.9100
406
479
518
447
387
-0.0298
-0.9218
-0.4114
4.7600
2.5900
4.2000
406
479
518
447
395
-0.0205
-0.9140
-0.4085
7.8400
-0.1400
0.7700
406
479
517
447
410
-0.0322
-0.9213
-0.3948
5.8800
-0.5600
-1.8900
407
479
517
446
425
-0.0508
-0.9184
-0.4026
7.4900
-0.9100
2.7300
407
479
517
446
452
-0.0830
-0.9165
-0.3845
6.3000
2.9400
7.2800
407
479
517
445
498
-0.0820
-0.9379
-0.3865
8.8900
6.8600
7.3500
407
479
516
444
558
-0.0503
-0.9077
-0.3499
0.5600
-1.8200
5.6000
407
478
515
443
671
-0.0517
-0.9038
-0.3684
7.9800
-0.7700
0.6300
407
478
515
442
744
-0.0917
-0.9321
-0.3709
4.6200
-3.6400
-1.2600
407
478
514
442
801
-0.0351
-0.9165
-0.3626
5.7400
-1.4000
0.2100
407
478
514
441
863
-0.0913
-0.9301
-0.3509
1.9600
-1.9600
2.8000
407
478
514
438
903
-0.1264
-0.9174
-0.3499
1.8900
-3.9200
2.6600
407
478
513
435
909
-0.1127
-0.9287
-0.3660
1.7500
-3.2900
-1.7500
407
478
513
434
900
-0.1103
-0.9160
-0.3436
-4.2700
-5.1800
-0.9100
407
478
513
434
890
-0.1152
-0.9218
-0.3509
0.8400
-3.6400
-4.0600
407
478
513
433
884
-0.1015
-0.9282
-0.3582
1.6100
-3.5700
-3.2200
407
478
513
433
878
-0.1098
-0.9218
-0.3675
2.9400
-4.7600
-3.2200
407
478
513
433
871
-0.1093
-0.9199
-0.3694
3.3600
-3.3600
-4.8300
407
478
513
433
868
-0.0966
-0.9277
-0.3592
4.0600
-5.8800
-3.5700
407
478
513
433
863
-0.0991
-0.9272
-0.3675
4.1300
-4.7600
-2.8700
407
478
513
432
862
-0.1025
-0.9262
-0.3645
1.4000
-3.2900
-2.3800
407
478
513
432
858
-0.1069
-0.9170
-0.3592
0.5600
-3.2200
-2.7300
407
478
513
432
855
-0.1054
-0.9082
-0.3704
2.8700
-4.4800
-3.3600
407
478
513
432
852
-0.1088
-0.9257
-0.3606
2.3800
-4.5500
-3.3600
407
478
513
432
849
-0.1035
-0.9209
-0.3558
2.6600
-3.7800
-3.0800
407
478
513
432
847
-0.1152
-0.9130
-0.3689
2.1000
-4.3400
-3.0100
407
478
513
432
843
-0.1054
-0.9243
-0.3601
3.2200
-3.6400
-2.5900
407
478
513
432
844
-0.0991
-0.9140
-0.3675
2.9400
-5.1800
-1.2600
407
478
513
431
841
-0.1235
-0.9194
-0.3528
0.9100
-5.9500
-6.3700
407
477
513
430
842
-0.1044
-0.9106
-0.3611
0.6300
-6.5800
-5.7400
407
478
513
431
825
-0.0756
-0.9204
-0.3806
-0.9800
-5.7400
-2.5200
407
477
513
432
774
-0.1215
-0.9326
-0.3963
-6.5100
-6.3700
-5.3200
407
477
514
435
644
-0.1303
-0.9116
-0.4055
-2.0300
-10.9900
-4.2700
407
477
514
436
548
-0.1103
-0.9121
-0.4011
1.0500
-6.2300
-7.7000
407
478
515
437
484
-0.1015
-0.9121
-0.3899
-0.2800
-6.8600
-11.0600
407
478
515
438
440
-0.0781
-0.9101
-0.3919
-3.2200
-12.1100
-11.7600
407
478
515
439
416
-0.1108
-0.8994
-0.3997
2.0300
-11.6200
-11.4800
407
478
516
441
400
-0.0649
-0.9091
-0.4021
2.1000
-13.4400
-9.3800
407
478
516
441
392
-0.0859
-0.9004
-0.3943
-9.5900
-12.8800
-7.2800
407
479
516
442
391
-0.0776
-0.9096
-0.4031
3.2900
-9.1700
-6.5800
407
478
517
442
389
-0.0756
-0.9082
-0.4026
0.9100
-8.7500
-7.6300
407
478
517
443
387
-0.0571
-0.9072
-0.4041
3.0100
-7.0000
-6.5100
407
478
517
443
386
-0.0625
-0.9077
-0.4031
0.0700
-8.6800
-4.2700
407
478
517
444
386
-0.0708
-0.9043
-0.3924
2.3100
-7.3500
-5.6000
407
479
517
444
386
-0.0615
-0.9199
-0.4011
2.3800
-4.4100
-4.7600
407
479
517
445
386
-0.0586
-0.8999
-0.3909
3.6400
-2.5900
-3.4300
407
479
518
445
386
-0.0503
-0.9204
-0.3811
2.3800
-3.7100
-3.6400
407
479
518
445
386
-0.0571
-0.9140
-0.3826
1.7500
-3.4300
-2.6600
407
479
518
445
387
-0.0669
-0.9135
-0.3792
1.9600
-2.4500
-3.1500
407
479
517
445
387
-0.0673
-0.9087
-0.3733
2.2400
-3.5700
-1.3300
407
479
517
445
388
-0.0571
-0.9101
-0.3748
3.5000
-2.4500
-2.1700
407
479
517
445
389
-0.0566
-0.9150
-0.3850
3.5700
-1.8200
-0.8400
407
479
517
445
393
-0.0483
-0.9072
-0.3782
4.3400
0.7700
0.7700
407
479
517
444
404
-0.0810
-0.9238
-0.3850
6.0200
5.5300
10.2200
407
479
517
443
420
-0.1039
-0.9321
-0.3709
1.2600
2.1700
4.0600
407
479
517
443
446
-0.1025
-0.9096
-0.3733
4.9000
6.0200
7.9800
407
478
516
443
484
-0.1078
-0.9218
-0.3645
7.2100
8.1200
7.2800
407
478
516
441
534
-0.1088
-0.9238
-0.3577
7.2100
8.7500
7.9100
407
477
515
440
609
-0.1322
-0.9199
-0.3655
7.8400
1.5400
2.2400
407
477
514
440
686
-0.1142
-0.9301
-0.3631
4.9700
0.2100
-1.2600
407
477
514
440
733
-0.1376
-0.9243
-0.3553
5.3200
-1.3300
-0.6300
407
477
514
439
769
-0.1342
-0.9257
-0.3460
6.3700
-1.1200
-1.1900
407
477
514
439
807
-0.1235
-0.9165
-0.3392
7.4900
0.0000
1.9600
407
477
514
438
845
-0.2460
-0.9262
-0.3323
1.4000
-2.4500
-2.1700
407
478
514
437
859
-0.1342
-0.9267
-0.3294
1.3300
-3.2200
-3.7100
407
478
514
436
867
-0.1161
-0.9350
-0.3372
0.9100
-1.5400
-3.7800
408
478
513
436
877
-0.1279
-0.9121
-0.3533
-0.1400
-6.4400
-2.0300
407
477
513
434
878
-0.1249
-0.9174
-0.3187
0.8400
-7.7000
2.8000
408
478
513
434
875
-0.1591
-0.9023
-0.3421
2.3800
-1.6800
-0.6300
407
478
513
434
868
-0.1532
-0.9589
-0.3050
-4.2000
-0.0700
-3.6400
407
478
513
434
870
-0.1196
-0.8755
-0.3475
0.3500
-3.0100
2.0300
407
478
513
433
871
-0.1532
-0.9091
-0.3362
9.4500
-4.9700
4.1300
407
478
512
433
867
-0.1620
-0.9394
-0.3465
8.9600
-1.2600
2.1700
407
478
512
433
867
-0.1742
-0.9272
-0.3177
5.8100
3.2900
7.4900
407
477
512
432
869
-0.1913
-0.9126
-0.3050
7.2100
2.3100
2.6600
407
478
512
433
875
-0.1532
-0.9423
-0.2835
11.5500
-2.3100
1.5400
407
477
512
432
875
-0.1786
-0.9243
-0.2699
5.6000
-5.4600
1.5400
407
477
512
432
879
-0.1962
-0.9316
-0.2786
9.8000
-3.0800
-0.0700
407
477
512
432
880
-0.2074
-0.9287
-0.2791
5.0400
-4.8300
-1.7500
407
477
512
433
879
-0.2103
-0.9204
-0.2547
6.0900
-4.2700
1.6100
407
477
512
433
882
-0.2059
-0.9531
-0.2679
7.2100
-3.9900
-1.6800
407
477
512
432
878
-0.2098
-0.9453
-0.2533
1.9600
-4.9700
-1.6100
407
477
511
432
879
-0.2196
-0.9379
-0.2464
3.9900
-4.2700
-2.1000
407
477
511
432
878
-0.2123
-0.9301
-0.2694
1.8900
-4.2000
-1.8200
407
477
511
432
873
-0.2157
-0.9394
-0.2679
3.0800
-3.5700
-3.0100
407
477
511
432
873
-0.2089
-0.9218
-0.2616
3.7100
-4.2700
-2.1000
407
477
511
432
869
-0.2089
-0.9389
-0.2499
3.7800
-6.2300
-2.8000
407
477
511
432
868
-0.2113
-0.9277
-0.2562
3.2200
-5.1800
-2.9400
407
477
511
432
865
-0.2191
-0.9414
-0.2401
0.0000
-5.6000
-4.6200
407
477
511
432
860
-0.2206
-0.9370
-0.2582
-1.0500
-5.3900
-5.6000
407
477
511
432
838
-0.2050
-0.9345
-0.2645
1.1900
-5.6000
-5.6000
407
477
511
432
796
-0.1810
-0.9453
-0.2830
2.2400
-7.8400
-0.9800
407
477
512
433
760
-0.2167
-0.9252
-0.2772
-2.8700
-7.2800
-3.0800
407
476
512
434
681
-0.2172
-0.9296
-0.2660
-1.1200
-8.1900
-9.1700
407
476
512
434
616
-0.2103
-0.9340
-0.2791
1.7500
-10.9900
-8.5400
407
476
513
435
541
-0.2050
-0.9296
-0.2694
-2.5200
-11.7600
-9.3800
407
476
513
437
493
-0.1976
-0.9433
-0.2913
-1.0500
-10.5700
-10.1500
407
476
514
438
454
-0.1825
-0.9409
-0.2869
0.2800
-12.5300
-11.2000
407
476
514
439
434
-0.1615
-0.9277
-0.2806
0.8400
-13.1600
-9.2400
407
476
514
440
419
-0.1708
-0.9370
-0.2767
2.9400
-7.9800
-5.8100
407
476
515
440
416
-0.1601
-0.9350
-0.2747
4.9000
-5.3200
-4.4800
407
476
515
440
416
-0.1625
-0.9443
-0.2743
3.2900
-5.1100
-3.7100
407
477
515
441
417
-0.1625
-0.9311
-0.2655
2.0300
-6.3700
-2.8700
407
476
515
441
418
-0.1664
-0.9462
-0.2757
2.5200
-2.8700
-3.7100
407
476
515
441
418
-0.1615
-0.9394
-0.2733
2.4500
-2.8000
-3.2200
407
476
515
441
419
-0.1576
-0.9389
-0.2796
2.8000
-2.1700
-2.5200
407
476
515
441
420
-0.1547
-0.9399
-0.2689
4.7600
-0.4200
-0.7000
407
476
515
441
423
-0.1615
-0.9433
-0.2733
3.0100
0.0700
3.2200
407
476
515
440
430
-0.1732
-0.9433
-0.2738
5.8100
4.6900
4.2000
407
476
515
440
441
-0.1688
-0.9438
-0.2601
1.8900
1.6800
3.7100
407
476
515
440
458
-0.1771
-0.9414
-0.2664
3.8500
2.0300
2.2400
407
476
514
440
494
-0.1898
-0.9404
-0.2650
5.1800
4.9000
4.4800
407
476
514
439
542
-0.2098
-0.9374
-0.2669
3.9200
2.8000
3.8500
407
476
514
438
603
-0.2079
-0.9296
-0.2616
4.7600
2.5200
1.6100
407
476
513
437
679
-0.2176
-0.9433
-0.2572
3.8500
2.4500
1.2600
407
476
513
437
739
-0.2030
-0.9296
-0.2616
5.6000
0.7700
0.9800
407
476
512
437
787
-0.2084
-0.9467
-0.2489
1.9600
-2.0300
-0.7000
407
476
512
437
828
-0.2108
-0.9409
-0.2660
4.4800
0.1400
-0.8400
407
476
512
437
862
-0.2137
-0.9257
-0.2552
3.2900
-1.5400
0.1400
407
476
512
436
892
-0.2045
-0.9384
-0.1264
4.3400
-5.2500
1.6100
407
476
511
435
918
-0.2274
-0.9409
-0.2381
0.3500
-3.7800
-3.7100
407
476
511
435
914
-0.2274
-0.9101
-0.2542
0.8400
-2.1000
-3.8500
407
476
511
434
906
-0.2045
-0.9399
-0.2577
3.4300
-3.7100
-2.0300
407
476
511
434
906
-0.2269
-0.9331
-0.2552
1.1900
-3.3600
-2.1000
407
476
511
434
901
-0.2181
-0.9326
-0.2479
2.5200
-3.7100
-0.9800
407
476
511
433
895
-0.2250
-0.9370
-0.2489
1.1900
-4.4100
-2.6600
407
476
511
433
894
-0.2264
-0.9311
-0.2455
1.1200
-3.3600
-4.2000
407
476
511
433
891
-0.2264
-0.9223
-0.2425
0.2100
-3.1500
-4.7600
407
476
511
433
886
-0.2103
-0.9277
-0.2474
2.5200
-4.2700
-1.6800
407
476
511
433
887
-0.2655
-0.9301
-0.2484
1.1900
-3.3600
-2.8700
407
476
511
433
883
-0.2123
-0.9277
-0.2406
1.2600
-3.6400
-3.0800
407
476
511
432
885
-0.2206
-0.9296
-0.2513
1.6800
-3.5000
-3.6400
407
476
511
432
882
-0.2191
-0.9262
-0.2562
1.4000
-3.4300
-3.4300
407
476
511
432
878
-0.2216
-0.9233
-0.2552
2.1700
-3.7800
-3.2900
407
476
511
432
879
-0.2176
-0.9360
-0.2552
1.7500
-3.7100
-2.9400
407
476
511
432
878
-0.2240
-0.9287
-0.2601
4.4800
-4.9000
-3.0800
407
476
511
432
874
-0.2211
-0.9389
-0.2616
2.1700
-3.7800
-2.3100
407
476
511
432
875
-0.2342
-0.9350
-0.2630
2.3100
-3.3600
-4.6900
407
476
511
432
871
-0.2176
-0.9345
-0.2416
2.1700
-3.6400
-2.8000
407
476
511
432
873
-0.2259
-0.9262
-0.2435
-0.2800
-5.1100
-1.8900
407
476
511
432
870
-0.2245
-0.9267
-0.2455
2.6600
-3.9900
-2.8000
407
476
511
432
866
-0.2142
-0.9326
-0.2533
2.7300
-4.7600
-1.3300
407
476
511
432
866
-0.2255
-0.9340
-0.2503
2.5900
-4.1300
-2.3800
407
476
511
432
862
-0.2167
-0.9384
-0.2464
1.4700
-3.5700
-2.3100
407
476
511
432
862
-0.2157
-0.9370
-0.2469
1.4700
-3.7100
-3.6400
407
476
511
432
860
-0.2206
-0.9223
-0.2586
1.9600
-3.6400
-2.2400
407
476
511
432
859
-0.2211
-0.9355
-0.2416
0.9800
-4.4800
-2.3100
407
476
511
432
859
-0.2250
-0.9311
-0.2538
1.7500
-4.4800
-4.0600
407
476
511
432
855
-0.2196
-0.9248
-0.2460
-0.2100
-7.2100
-5.4600
407
476
511
432
804
-0.1986
-0.9282
-0.2679
-7.9800
-14.2800
-12.8800
407
476
512
433
673
-0.1918
-0.9365
-0.2660
-2.1000
-12.9500
-9.3800
407
476
512
435
589
-0.1908
-0.9345
-0.2777
-0.7000
-10.1500
-6.7200
407
476
513
435
531
-0.1996
-0.9311
-0.2777
0.4200
-5.8100
-6.5800
407
476
513
436
503
-0.1913
-0.9296
-0.2723
1.1900
-6.3700
-6.7900
407
476
513
436
488
-0.1918
-0.9223
-0.2840
1.6800
-6.3000
-6.4400
407
476
514
436
469
-0.2064
-0.9389
-0.2752
-0.2100
-5.5300
-7.4900
407
476
514
436
462
-0.1898
-0.9252
-0.2762
1.4700
-5.1800
-3.2900
407
476
514
436
457
-0.1923
-0.9326
-0.2811
2.8700
-4.0600
-3.4300
407
476
514
436
455
-0.1913
-0.9331
-0.2791
2.9400
-4.7600
-1.1900
407
476
514
436
455
-0.1996
-0.9404
-0.2791
3.2900
-4.3400
-1.7500
407
476
514
436
455
-0.1923
-0.9438
-0.2630
0.5600
-4.9000
-3.6400
407
476
514
436
455
-0.2011
-0.9194
-0.2835
0.0000
-5.0400
-3.7100
407
476
514
436
455
-0.1991
-0.9384
-0.2752
-0.7000
-3.2200
-4.0600
407
476
514
436
454
-0.2001
-0.9257
-0.2816
3.3600
-3.6400
-1.9600
407
476
514
436
454
-0.2040
-0.9414
-0.2835
1.6100
-2.5900
-2.3800
407
476
514
436
455
-0.1986
-0.9340
-0.2835
3.0100
-1.3300
0.2800
407
476
514
436
459
-0.2103
-0.9277
-0.2801
3.1500
-0.9100
-0.0700
407
476
514
436
467
-0.1972
-0.9228
-0.2840
5.1100
3.5000
3.2200
407
476
514
436
493
-0.1996
-0.9453
-0.2752
3.9200
0.7700
1.9600
407
476
513
436
516
-0.2186
-0.9262
-0.2718
2.6600
-0.7000
0.4200
407
476
513
435
535
-0.2259
-0.9384
-0.2777
2.8000
1.6100
-1.0500
407
476
513
435
569
-0.2040
-0.9213
-0.2757
2.8000
-0.2100
-2.0300
407
476
513
435
599
-0.2113
-0.9482
-0.2616
0.2100
-3.0800
-4.3400
407
476
513
434
617
-0.2050
-0.9189
-0.2791
-0.2800
-5.6700
-4.2700
407
476
513
434
624
-0.2137
-0.9335
-0.2796
-0.7700
-6.7200
-4.1300
407
476
513
434
638
-0.2098
-0.9238
-0.2913
-1.6100
-4.9700
-5.1100
407
477
513
434
651
-0.2181
-0.9438
-0.2821
-1.7500
-3.4300
-7.8400
407
477
513
434
665
-0.2011
-0.9296
-0.3026
-4.1300
-3.5700
-9.5200
407
477
513
433
688
-0.1996
-0.9292
-0.2982
-4.4800
-4.8300
-8.5400
407
477
513
433
700
-0.1693
-0.9018
-0.3138
-3.2200
-5.4600
-1.5400
407
477
513
433
721
-0.1972
-0.9345
-0.3304
-5.1100
-5.2500
-8.1900
407
477
513
433
756
-0.1840
-0.9116
-0.3260
-4.1300
-4.2700
-4.4100
407
477
513
432
790
-0.1884
-0.9179
-0.3484
-4.9000
-3.9900
-5.6000
407
477
513
433
816
-0.1850
-0.9199
-0.3406
0.4900
-0.4200
-3.8500
407
477
512
432
831
-0.1625
-0.9292
-0.3294
-1.8900
-4.9700
-5.7400
407
477
512
431
835
-0.1640
-0.9023
-0.3416
-0.6300
-3.5000
-1.9600
407
477
512
431
831
-0.1576
-0.9096
-0.3645
-0.9100
-3.0100
-2.8000
407
477
512
431
827
-0.1679
-0.9048
-0.3714
2.6600
-1.5400
-2.8000
407
477
512
431
823
-0.1440
-0.9140
-0.3587
1.7500
-3.3600
-1.1900
407
477
512
431
824
-0.1620
-0.9106
-0.3606
-0.2800
-4.3400
-1.4700
408
478
512
431
822
-0.1635
-0.9209
-0.3680
3.1500
-2.4500
-1.5400
407
477
512
430
820
-0.1581
-0.8974
-0.3450
0.1400
-5.0400
-0.7000
407
477
512
430
818
-0.1659
-0.9174
-0.3553
1.8200
-4.9700
-3.7800
407
477
512
430
817
-0.1771
-0.9091
-0.3806
5.0400
-4.2000
-2.9400
407
477
511
430
816
-0.1674
-0.9331
-0.3714
3.5000
-4.3400
-2.5900
408
478
512
430
815
-0.1649
-0.9248
-0.3621
2.5900
-2.5900
-2.7300
407
478
512
430
814
-0.1669
-0.9194
-0.3592
1.1900
-3.0100
-2.5200
408
478
512
429
811
-0.1625
-0.9121
-0.3582
0.9100
-3.0100
-2.5900
408
478
512
429
812
-0.1630
-0.9048
-0.3567
0.4900
-2.4500
-1.5400
408
478
511
429
811
-0.1620
-0.9228
-0.3631
2.5200
-3.8500
-1.8900
408
478
512
429
811
-0.1698
-0.9204
-0.3714
3.6400
-3.9200
-3.5700
408
478
511
428
809
-0.1488
-0.9184
-0.3445
4.5500
-3.3600
-2.2400
408
478
511
428
805
-0.1615
-0.9082
-0.3528
0.9800
-3.5700
-3.4300
408
478
511
428
804
-0.1606
-0.9082
-0.3538
2.0300
-5.1800
-3.8500
408
478
511
428
799
-0.1610
-0.9165
-0.3445
-9.5200
-12.4600
-6.7200
407
478
512
430
676
-0.1625
-0.8969
-0.3558
-9.3100
-20.1600
-12.7400
407
478
512
432
522
-0.1625
-0.9228
-0.4016
-6.1600
-5.9500
-4.4800
407
478
513
433
439
-0.1566
-0.9101
-0.3792
-3.7100
-4.4800
-8.4000
407
478
513
435
407
-0.1200
-0.9018
-0.3782
-5.5300
-6.3700
-9.8700
407
478
513
436
393
-0.1220
-0.8965
-0.3787
-17.7800
-7.8400
-8.5400
408
478
514
438
382
-0.1244
-0.8984
-0.4138
3.1500
-10.9200
-9.6600
407
478
514
440
377
-0.0932
-0.9106
-0.4143
4.4100
-10.2900
-5.4600
408
478
515
442
376
-0.1181
-0.9170
-0.3977
5.6000
-4.6900
-0.7700
408
478
515
443
376
-0.1152
-0.9150
-0.3933
1.4700
-3.6400
-2.3800
408
478
515
443
376
-0.1093
-0.8989
-0.3924
0.5600
-3.3600
-1.7500
408
478
515
443
376
-0.1093
-0.9057
-0.3831
0.7000
-3.5700
-2.3800
408
478
515
443
377
-0.1220
-0.8979
-0.3894
3.4300
-2.8700
-1.4000
408
478
516
444
378
-0.1254
-0.9228
-0.3821
0.7700
-3.6400
-3.0100
408
478
516
443
378
-0.1118
-0.9033
-0.4021
-2.3100
-1.7500
-0.4900
408
478
515
443
379
-0.1322
-0.9082
-0.4050
3.2900
2.4500
-6.0200
408
478
515
443
378
-0.0971
-0.9077
-0.4119
-1.1200
2.4500
-2.8700
408
479
516
443
378
-0.0971
-0.8974
-0.4211
-2.2400
0.3500
-0.4900
408
478
515
443
378
-0.1000
-0.9135
-0.4050
-0.2800
3.7800
-2.2400
408
479
515
443
382
-0.0996
-0.8857
-0.4216
0.1400
11.2000
9.1700
408
479
515
442
399
-0.1113
-0.8901
-0.4202
-0.6300
10.0800
8.1900
408
479
515
441
439
-0.1103
-0.8950
-0.4006
6.1600
12.8100
9.8700
408
479
514
440
491
-0.1054
-0.8794
-0.4148
5.3900
7.9800
0.1400
408
478
514
439
565
-0.0903
-0.8735
-0.4329
4.0600
3.1500
4.8300
408
478
512
438
653
-0.1610
-0.9023
-0.4207
2.8700
3.4300
-1.8900
408
478
512
437
739
-0.1283
-0.9008
-0.4089
3.0800
-0.1400
-3.3600
408
478
512
436
796
-0.1030
-0.8886
-0.4250
5.3200
-1.9600
-2.4500
408
478
512
435
821
-0.1039
-0.9008
-0.4026
4.3400
-1.9600
-3.7800
408
478
512
433
839
-0.0029
-0.8955
-0.4109
3.0100
-1.6800
-1.1900
409
478
512
432
846
-0.1240
-0.8867
-0.4094
1.9600
-1.6100
-2.1700
409
478
512
430
852
-0.1157
-0.8950
-0.4085
0.7700
-2.7300
-8.8900
409
478
512
429
844
-0.0976
-0.9087
-0.3963
-6.6500
-5.1100
-8.4700
409
478
512
429
836
-0.0996
-0.8789
-0.4197
4.4100
-3.7100
-3.4300
409
479
512
429
830
-0.0917
-0.9096
-0.4187
3.7800
-5.8800
-0.8400
409
479
512
429
824
-0.1108
-0.9028
-0.4275
3.0800
-5.6000
-3.1500
409
479
512
429
821
-0.1083
-0.9018
-0.4070
1.4000
-4.4100
-3.5000
409
479
512
429
818
-0.1000
-0.9052
-0.4089
2.1700
-4.8300
-3.9200
409
479
512
429
815
-0.1020
-0.8935
-0.4104
3.6400
-4.5500
-3.5700
409
479
512
429
811
-0.1025
-0.9038
-0.4080
2.4500
-5.3900
-1.4000
409
479
512
429
810
-0.1078
-0.9067
-0.4031
1.9600
-5.3900
-1.8200
409
479
512
429
807
-0.1083
-0.8984
-0.3982
2.3100
-4.2700
-2.9400
409
479
512
429
805
-0.1118
-0.9033
-0.4177
5.3900
-4.9000
-1.1200
409
479
512
429
803
-0.1113
-0.9072
-0.4094
0.5600
-2.3100
-3.1500
409
479
512
429
799
-0.1074
-0.8838
-0.4119
1.8900
-4.9700
-3.2900
409
479
512
429
799
-0.1147
-0.9043
-0.3972
1.2600
-4.4800
-2.3100
409
479
512
429
798
-0.1191
-0.9013
-0.4128
3.6400
-4.1300
-2.1000
409
478
512
428
797
-0.1161
-0.9067
-0.4075
3.2900
-3.8500
-3.2200
409
479
512
428
796
-0.1127
-0.9062
-0.3997
1.8200
-4.0600
-1.9600
409
479
512
428
793
-0.1210
-0.8886
-0.4055
4.2000
-3.2900
-3.2900
409
478
512
428
795
-0.1137
-0.9067
-0.3997
1.3300
-5.3900
-4.2000
409
479
512
428
783
-0.1215
-0.9067
-0.4192
-0.8400
-7.2100
-4.8300
409
478
512
429
755
-0.1249
-0.8965
-0.3963
-8.5400
-10.7100
-8.1200
408
478
512
430
648
-0.1225
-0.8955
-0.4329
-8.0500
-13.7200
-6.5100
408
479
513
432
539
-0.1118
-0.8877
-0.4250
-0.7000
-9.3800
-8.6100
408
479
513
433
466
-0.0952
-0.8940
-0.4451
0.2800
-6.9300
-6.0200
408
479
514
434
418
-0.0913
-0.8950
-0.4480
0.0000
-9.1000
-8.8200
408
479
514
435
393
-0.0922
-0.8774
-0.4392
-1.0500
-10.9900
-8.1900
408
479
514
436
380
-0.1010
-0.8760
-0.4333
-2.4500
-11.4100
-5.3900
408
479
514
437
375
-0.0673
-0.8813
-0.4514
2.3800
-8.1900
-5.8800
408
479
515
437
372
-0.0810
-0.8852
-0.4470
1.6800
-7.4200
-2.1000
408
479
515
438
372
-0.0996
-0.8906
-0.4480
3.9200
-4.4800
-3.8500
408
479
515
438
372
-0.0878
-0.8877
-0.4416
2.5200
-3.2900
-1.1900
408
479
515
438
372
-0.0888
-0.8896
-0.4431
1.9600
-3.0100
-1.6100
408
479
515
438
372
-0.0878
-0.8823
-0.4426
4.1300
-2.0300
-2.1700
408
479
515
438
373
-0.0844
-0.9018
-0.4392
3.2900
-3.2200
-1.8900
408
479
515
438
373
-0.0878
-0.9004
-0.4402
4.0600
-3.8500
-2.3800
408
479
515
438
373
-0.0844
-0.8974
-0.4299
2.5900
-4.1300
-1.6800
408
479
515
438
374
-0.0878
-0.8974
-0.4382
3.4300
-3.0800
-3.4300
408
479
515
438
375
-0.0893
-0.8945
-0.4475
6.0900
0.6300
1.3300
408
479
515
437
380
-0.1220
-0.9004
-0.4309
-0.7000
0.8400
0.4200
408
479
515
438
392
-0.0986
-0.8852
-0.4211
5.0400
3.8500
5.2500
408
479
515
437
413
-0.0917
-0.8804
-0.4255
10.0800
7.2100
10.9200
408
479
514
436
464
-0.1269
-0.8940
-0.4099
7.2100
6.3000
4.4800
408
479
514
435
525
-0.1132
-0.9052
-0.4055
6.2300
4.6200
1.8200
408
479
513
434
582
-0.0981
-0.8916
-0.4114
6.6500
2.8000
-0.7000
408
478
513
434
659
-0.1225
-0.9062
-0.3992
3.2200
-2.7300
-3.2900
408
478
513
434
713
-0.1200
-0.8979
-0.3987
2.1700
-0.1400
-1.3300
408
478
512
434
752
-0.1176
-0.9091
-0.4070
5.1800
-0.8400
-2.3800
408
478
512
433
794
-0.1020
-0.9082
-0.4065
3.5000
-0.8400
-1.3300
409
478
512
433
816
-0.1254
-0.9087
-0.3938
2.0300
-1.1200
-0.9800
408
478
512
432
824
-0.1074
-0.9082
-0.3982
-0.7700
-2.3100
-3.3600
408
478
512
432
823
-0.1088
-0.8877
-0.4021
-2.5200
-4.2000
-1.6100
408
478
512
432
812
-0.1118
-0.8984
-0.4109
-1.2600
-4.1300
-3.0800
408
478
512
432
807
-0.1108
-0.8926
-0.3987
-3.5700
-4.8300
-2.6600
408
478
512
432
798
-0.1127
-0.8886
-0.4182
1.6100
-4.1300
-3.2900
408
478
512
432
797
-0.1064
-0.9023
-0.4099
-0.2100
-4.0600
-5.7400
408
478
512
431
793
-0.1039
-0.8901
-0.4158
2.3100
-4.6900
-5.3200
408
478
512
431
790
-0.1069
-0.9043
-0.4207
-0.5600
-4.3400
-4.2700
408
478
512
431
786
-0.1015
-0.8862
-0.4260
2.8700
-4.9000
-3.1500
408
478
512
431
783
-0.1069
-0.8965
-0.4207
-0.4900
-4.6200
-3.5700
408
478
512
431
779
-0.1088
-0.8808
-0.4211
1.2600
-4.2000
-5.3200
408
478
512
431
777
-0.1054
-0.9028
-0.4128
0.9800
-3.2900
-6.3700
408
478
512
431
773
-0.0947
-0.8794
-0.4265
-0.6300
-3.5700
-5.6700
408
478
512
431
769
-0.0947
-0.8872
-0.4280
0.7700
-3.8500
-3.3600
408
479
512
431
766
-0.0937
-0.9004
-0.4290
-3.3600
-3.2900
-3.0800
408
478
512
431
764
-0.0913
-0.8867
-0.4480
-1.4000
-2.3800
-5.2500
408
478
512
431
761
-0.0712
-0.8808
-0.4392
-1.6800
-3.0800
-2.3800
408
478
512
431
761
-0.0859
-0.8799
-0.4436
3.0800
-3.3600
-3.7800
408
478
512
431
761
-0.0805
-0.8833
-0.4329
3.9200
-3.7800
-1.4000
408
478
512
431
762
-0.0839
-0.8994
-0.4314
3.2200
-5.1100
-3.2200
408
478
512
431
761
-0.0888
-0.8838
-0.4011
-5.1100
-12.7400
-12.1800
408
478
512
432
665
-0.0664
-0.9004
-0.4221
-3.0800
-26.6000
-13.4400
408
479
514
435
486
-0.0766
-0.8891
-0.4470
1.1200
-12.9500
-5.1100
408
478
514
436
423
-0.0693
-0.8901
-0.4270
1.0500
-13.8600
-9.1000
408
479
514
437
401
-0.0761
-0.8877
-0.4436
1.7500
-6.9300
-6.0900
408
478
515
438
392
-0.0712
-0.9028
-0.4485
3.0100
-6.2300
-6.7200
408
478
515
438
389
-0.0576
-0.8818
-0.4397
3.9200
-5.2500
-3.3600
408
478
515
438
388
-0.0630
-0.8969
-0.4246
1.0500
-4.7600
-3.4300
408
478
515
438
388
-0.0625
-0.8979
-0.4314
2.1700
-4.6900
-3.2900
408
478
515
438
387
-0.0639
-0.9028
-0.4207
2.3800
-4.9700
-4.5500
408
478
515
438
387
-0.0649
-0.8945
-0.4314
3.7100
-3.0100
-1.3300
408
478
515
439
388
-0.0703
-0.9038
-0.4309
1.1200
-2.5200
0.2100
408
478
515
439
388
-0.0747
-0.8994
-0.4397
2.8700
-0.4200
-2.3100
408
478
515
438
389
-0.0600
-0.9043
-0.4094
-0.7700
-3.9200
-5.2500
408
478
515
439
389
-0.0610
-0.8872
-0.4421
1.6100
-3.8500
-3.5700
408
478
515
439
389
-0.0610
-0.8872
-0.4226
0.4900
-3.9200
-3.3600
408
479
515
439
386
-0.0732
-0.8940
-0.4255
-0.9100
-2.3800
-1.4700
408
479
515
439
389
-0.0634
-0.8857
-0.4294
2.0300
3.6400
5.9500
408
478
515
438
398
-0.0942
-0.8882
-0.4348
0.0700
5.1100
7.0700
408
479
515
439
422
-0.0917
-0.8886
-0.4280
2.3100
4.5500
3.0100
408
479
515
439
458
-0.0854
-0.8930
-0.4255
4.9700
1.8200
1.9600
408
478
515
438
491
-0.0581
-0.8882
-0.4294
5.6000
1.8200
0.6300
408
479
514
438
537
-0.0893
-0.8994
-0.4329
6.5100
0.0000
1.4000
408
478
514
438
578
-0.0610
-0.8921
-0.4426
4.8300
1.8200
-0.7700
408
478
514
438
633
-0.0839
-0.9008
-0.4226
2.4500
0.9800
-2.1000
408
478
513
438
690
-0.0771
-0.8921
-0.4231
1.4000
-1.4000
0.1400
408
478
513
438
731
-0.0917
-0.8935
-0.4246
4.0600
-1.6100
-2.3100
408
478
513
438
767
-0.1015
-0.9067
-0.4187
5.0400
-2.8000
-6.3000
408
478
513
438
790
-0.0761
-0.8896
-0.4168
6.9300
-3.6400
-0.2100
408
478
513
437
795
-0.0761
-0.9126
-0.4143
2.2400
-3.5000
-4.5500
408
478
513
437
789
-0.0795
-0.8926
-0.4275
2.8700
-3.7800
-4.6200
408
478
513
437
785
-0.0786
-0.9043
-0.4158
3.8500
-5.2500
-2.8000
408
478
513
436
782
-0.0791
-0.9028
-0.4133
3.2200
-4.8300
-1.9600
408
478
513
436
779
-0.0903
-0.9155
-0.4304
2.1000
-3.4300
-3.4300
408
478
513
436
777
-0.0834
-0.8940
-0.4065
3.2200
-2.8700
-2.8000
408
478
513
435
776
-0.0844
-0.9048
-0.4168
1.4000
-4.8300
-2.5200
408
478
513
435
775
-0.0908
-0.8935
-0.4221
3.9200
-4.3400
-2.0300
408
478
513
435
775
-0.0791
-0.9082
-0.4099
2.1000
-5.3900
-3.4300
408
478
513
434
775
-0.0942
-0.9023
-0.4133
3.0100
-4.5500
-3.1500
408
478
513
434
776
-0.0859
-0.9013
-0.4080
2.1700
-5.3200
-3.8500
408
478
513
434
776
-0.0898
-0.9018
-0.4182
3.6400
-4.5500
-3.8500
408
478
513
433
776
-0.0908
-0.9008
-0.4168
4.9700
-4.9700
-1.1900
409
478
513
433
781
-0.1137
-0.9091
-0.4148
-0.2100
-5.6700
-2.8700
408
478
513
433
782
-0.0942
-0.9004
-0.4216
5.8100
-4.2700
-2.4500
408
478
513
432
780
-0.0761
-0.9184
-0.4138
0.4900
-4.8300
-3.3600
408
478
513
432
776
-0.0956
-0.8911
-0.4099
-4.2000
-5.6000
-5.1800
408
478
513
432
744
-0.1010
-0.8955
-0.4187
-5.9500
-9.0300
-9.9400
408
478
513
434
626
-0.0795
-0.8896
-0.4436
-2.5900
-9.5200
-5.0400
408
478
514
436
536
-0.0776
-0.8872
-0.4299
-0.2100
-6.8600
-4.6200
408
478
514
436
485
-0.0878
-0.8896
-0.4285
1.4700
-7.2100
-4.3400
408
479
514
436
449
-0.0859
-0.9013
-0.4416
0.4200
-8.1200
-6.5800
408
479
514
437
420
-0.0683
-0.8882
-0.4270
-1.1200
-9.9400
-8.4700
408
479
515
438
401
-0.0698
-0.8867
-0.4402
-0.4900
-13.9300
-8.6100
408
478
515
439
387
-0.0815
-0.8945
-0.4416
1.6100
-12.8100
-14.2100
408
479
515
440
377
-0.0727
-0.8833
-0.4421
1.1200
-11.6900
-4.2000
408
479
515
441
374
-0.0415
-0.8886
-0.4358
3.0800
-9.5200
-3.2900
408
479
515
441
373
-0.0776
-0.8857
-0.4304
0.3500
-4.3400
-3.5700
408
479
516
441
373
-0.0644
-0.8847
-0.4363
4.4100
-1.9600
-1.9600
408
479
516
441
373
-0.0610
-0.9043
-0.4358
3.8500
-4.5500
-1.7500
408
479
516
441
373
-0.0693
-0.8950
-0.4392
2.7300
-2.8700
-2.3100
408
479
516
441
374
-0.0698
-0.8945
-0.4460
4.0600
-1.6100
-1.5400
408
479
516
441
375
-0.0688
-0.8877
-0.4290
2.1000
-3.4300
0.0000
408
479
516
441
377
-0.0820
-0.8945
-0.4280
3.9900
-1.6100
-2.0300
408
479
516
441
380
-0.0776
-0.8989
-0.4265
2.6600
-2.3800
-1.2600
408
479
516
440
383
-0.0693
-0.8989
-0.4324
4.7600
1.1200
-17.8500
408
479
516
440
391
-0.0771
-0.9082
-0.4231
1.8900
-2.4500
-4.7600
408
479
516
440
394
-0.0722
-0.8926
-0.4236
0.8400
-4.2700
-3.9200
408
479
516
440
398
-0.0644
-0.8804
-0.4124
1.9600
-4.4100
-1.7500
408
479
516
440
403
-0.0825
-0.8969
-0.4182
1.9600
-3.7100
-2.9400
408
479
516
440
407
-0.0737
-0.8974
-0.4280
0.3500
0.8400
1.1900
408
479
516
440
413
-0.0717
-0.8955
-0.4348
2.8700
1.4000
1.1900
408
479
516
440
434
-0.0615
-0.8896
-0.4226
12.9500
10.2200
8.6100
408
479
515
439
493
-0.0952
-0.9155
-0.4133
9.1000
9.8700
4.8300
408
478
514
438
582
-0.0883
-0.9087
-0.4055
5.8100
6.3700
1.2600
408
478
513
437
676
-0.0669
-0.8906
-0.4021
-0.4200
0.2800
-4.0600
408
478
512
437
730
-0.0908
-0.9013
-0.4202
2.5900
-1.0500
-2.2400
408
478
512
437
773
-0.0893
-0.9038
-0.4089
3.5000
-3.6400
-1.8200
408
478
512
437
797
-0.0854
-0.9038
-0.4104
1.1900
-1.9600
-2.0300
408
478
512
437
806
-0.0908
-0.9087
-0.4075
-4.3400
-3.3600
-0.4200
408
478
512
437
802
-0.0986
-0.8867
-0.4148
0.2800
-3.5000
-1.8900
408
478
512
437
803
-0.0859
-0.9048
-0.4109
3.7100
-2.8700
-1.9600
408
478
512
436
801
-0.0834
-0.8984
-0.3953
-2.3100
-4.8300
-1.8900
408
478
512
436
798
-0.0966
-0.8979
-0.4168
-1.7500
-4.6200
-2.3800
408
478
512
436
794
-0.0874
-0.8911
-0.4153
3.6400
-4.4800
-1.5400
408
478
512
436
789
-0.0854
-0.9155
-0.4065
1.7500
-4.6900
-3.5000
408
478
512
435
790
-0.0883
-0.9038
-0.4275
2.9400
-4.4100
-2.3800
408
478
512
435
788
-0.0966
-0.9023
-0.4119
2.4500
-4.1300
-2.6600
408
478
512
435
786
-0.0971
-0.9096
-0.4128
2.1000
-3.2200
-3.0800
408
478
512
435
784
-0.1049
-0.8935
-0.4089
2.7300
-4.7600
-3.5000
408
478
512
434
783
-0.0922
-0.9013
-0.4138
4.1300
-4.2700
-3.9200
408
478
512
434
781
-0.0830
-0.8926
-0.4143
2.8000
-4.9700
-1.4700
408
478
512
434
781
-0.1030
-0.9091
-0.4138
3.3600
-3.5700
-2.8000
408
478
512
434
779
-0.0888
-0.8965
-0.4075
2.3100
-3.9900
-3.7100
408
478
512
434
779
-0.0922
-0.9013
-0.4094
3.5700
-3.9900
-2.4500
408
478
512
434
780
-0.0956
-0.9057
-0.4182
3.2900
-4.6200
-2.6600
408
478
512
433
784
-0.0937
-0.9091
-0.4075
1.8900
-5.4600
-2.1700
408
478
512
433
788
-0.1083
-0.9023
-0.3987
-0.2800
-5.6000
-7.0700
408
478
512
433
786
-0.1035
-0.8774
-0.3831
-1.8200
-5.1100
-2.1000
408
478
512
432
779
-0.1074
-0.8950
-0.4002
1.3300
-5.0400
-3.0100
408
478
512
432
775
-0.1083
-0.8901
-0.3904
-7.4900
-10.4300
-7.9100
408
478
512
433
753
-0.0927
-0.8862
-0.3982
-9.5900
-17.3600
-12.3200
408
478
513
433
676
-0.0683
-0.8955
-0.4153
0.7700
-11.1300
-11.0600
408
478
513
434
598
-0.0547
-0.8974
-0.4348
6.0900
-5.2500
-6.3000
408
478
514
434
509
-0.0654
-0.9111
-0.4168
1.4000
-5.2500
-10.7100
408
478
514
435
444
-0.0708
-0.8877
-0.4280
-0.8400
-8.0500
-9.0300
408
478
514
436
409
-0.1108
-0.9101
-0.4431
1.3300
-10.6400
-12.0400
408
478
514
437
378
-0.0610
-0.9155
-0.4646
3.2900
-15.1900
-14.1400
408
478
514
439
368
-0.0620
-0.8930
-0.4324
5.6000
-14.2100
-7.9800
408
478
515
440
365
-0.0473
-0.9043
-0.4202
2.8700
-14.3500
-1.2600
407
478
515
441
365
-0.0737
-0.8984
-0.4250
0.4200
-4.8300
-3.0800
408
478
515
441
364
-0.0551
-0.9023
-0.4197
0.9100
-3.0800
-1.6800
408
478
515
441
364
-0.0429
-0.8994
-0.4168
0.4900
-3.1500
1.4700
408
478
515
441
365
-0.0581
-0.8916
-0.4177
1.8200
-1.7500
-3.0800
408
478
515
441
365
-0.0576
-0.9072
-0.4187
5.6000
-0.1400
-2.8700
408
478
515
441
365
-0.0478
-0.9013
-0.4119
3.4300
-2.3100
-2.4500
408
478
515
441
365
-0.0556
-0.9091
-0.4104
2.8700
-1.8900
-1.3300
408
478
515
441
366
-0.0566
-0.9062
-0.4177
3.3600
0.5600
1.1900
408
479
515
440
366
-0.0522
-0.8994
-0.4075
1.8200
1.5400
2.9400
408
479
515
440
371
-0.0508
-0.8984
-0.4270
6.9300
8.8200
7.4200
408
479
514
439
377
-0.0493
-0.9038
-0.4304
15.4700
12.9500
4.4100
408
478
513
438
393
-0.0512
-0.9048
-0.4207
16.4500
18.6900
12.1100
408
478
512
439
434
-0.1064
-0.9023
-0.3987
8.1200
7.2800
5.6000
408
477
512
438
496
-0.1049
-0.8901
-0.3753
5.9500
5.5300
-0.2100
408
477
511
438
562
-0.0874
-0.9067
-0.3797
4.2700
3.2900
0.0000
408
476
511
438
634
-0.1308
-0.9150
-0.3748
0.0000
0.4200
-2.5900
408
476
510
438
711
-0.0937
-0.9248
-0.3904
-0.4200
-4.0600
-6.2300
408
476
510
438
760
-0.0869
-0.9082
-0.3987
0.2100
-5.4600
-3.1500
408
476
510
438
783
-0.0883
-0.9116
-0.3816
1.6800
-3.1500
-4.2000
408
476
510
438
816
-0.0800
-0.9126
-0.3767
0.7000
-3.0100
-2.7300
408
476
511
437
832
-0.0937
-0.9116
-0.3821
-2.0300
-3.7100
-3.5700
408
477
511
437
826
-0.0849
-0.9062
-0.3899
1.2600
-4.6200
-2.1700
408
477
511
437
819
-0.0805
-0.9087
-0.3831
0.1400
-5.3200
-2.8700
408
477
511
436
820
-0.0942
-0.9106
-0.3836
2.7300
-4.8300
-4.2700
408
477
511
436
817
-0.0947
-0.9155
-0.3894
1.2600
-4.8300
-1.3300
408
477
511
436
814
-0.0927
-0.9223
-0.3933
1.5400
-4.4800
-3.8500
408
477
511
436
809
-0.0961
-0.9130
-0.3982
3.8500
-4.4100
-1.8200
408
477
511
436
804
-0.0883
-0.9209
-0.3967
1.8200
-5.6000
-3.3600
408
477
511
435
803
-0.0898
-0.9165
-0.3992
3.2900
-3.7100
-3.5700
408
477
511
435
801
-0.0781
-0.9130
-0.3953
3.0100
-4.2000
-3.1500
408
477
511
434
798
-0.0864
-0.9170
-0.4006
4.6900
-4.4800
-3.5000
408
477
511
434
796
-0.0937
-0.9179
-0.3797
1.1200
-5.3900
-3.1500
408
477
511
434
793
-0.0966
-0.9204
-0.3938
3.0100
-3.7800
-2.8000
408
477
511
434
793
-0.1000
-0.9067
-0.3826
0.2100
-4.2000
-2.9400
408
477
511
433
792
-0.0893
-0.9140
-0.3875
4.6200
-3.5000
-1.9600
408
477
511
433
791
-0.1132
-0.9096
-0.3680
0.7700
-5.6000
-2.5900
408
477
511
432
794
-0.0991
-0.9057
-0.3787
1.1200
-6.3000
-2.3800
408
477
511
432
793
-0.1137
-0.9038
-0.3748
-3.5700
-4.4800
-3.0800
408
477
511
432
791
-0.1186
-0.8984
-0.3802
2.5900
-2.8000
-1.6800
408
477
511
431
789
-0.0996
-0.9072
-0.3845
3.2200
-5.1800
0.4900
408
477
511
430
789
-0.1088
-0.9199
-0.3816
-0.0700
-3.9900
-4.8300
408
477
511
430
781
-0.1108
-0.9194
-0.3831
-5.1800
-7.5600
-2.9400
408
477
511
431
754
-0.1025
-0.8984
-0.3938
-3.7800
-5.6000
1.4700
408
477
511
431
734
-0.1074
-0.9189
-0.3797
-6.0900
-16.1000
-8.9600
408
477
512
432
688
-0.0620
-0.8994
-0.4270
1.6100
-9.9400
-5.0400
408
477
512
433
635
-0.0893
-0.9038
-0.4465
-0.8400
-6.8600
-3.7800
408
478
513
434
581
-0.1054
-0.8994
-0.4202
-1.1900
-6.3700
-4.8300
408
478
513
434
529
-0.1005
-0.9038
-0.4192
0.5600
-7.7700
-3.5000
408
478
513
435
487
-0.1069
-0.8867
-0.4319
-1.4000
-5.8100
-5.3900
408
478
514
436
453
-0.1020
-0.8926
-0.4329
-0.5600
-6.5100
-5.6000
408
478
513
436
430
-0.1137
-0.8891
-0.4416
0.4200
-6.0900
-5.7400
408
478
514
437
415
-0.0878
-0.9023
-0.4338
1.3300
-5.5300
-5.6000
408
478
514
437
403
-0.0878
-0.8804
-0.4290
0.9100
-5.5300
-3.4300
408
479
514
438
397
-0.0908
-0.9008
-0.4294
-1.4000
-6.4400
-8.8200
408
479
514
438
386
-0.0952
-0.8833
-0.4499
-1.3300
-9.8700
-15.1200
408
479
515
439
376
-0.0503
-0.8984
-0.4426
3.4300
-22.1200
-24.5700
408
479
515
440
369
-0.0102
-0.8804
-0.4221
1.9600
-16.5200
-12.1800
408
479
516
441
366
-0.0654
-0.9116
-0.4480
5.9500
-12.2500
-8.8200
408
479
517
442
365
-0.0346
-0.9096
-0.4353
5.8100
-11.1300
-8.1200
408
478
517
442
365
-0.0351
-0.8960
-0.4377
1.5400
-4.6200
-4.6200
408
479
517
442
365
-0.0454
-0.9008
-0.4250
2.1700
-3.8500
-2.1000
408
479
517
442
365
-0.0566
-0.8867
-0.4353
1.8900
-3.3600
-1.9600
408
478
517
442
366
-0.0503
-0.8960
-0.4168
2.8000
-2.1000
-3.1500
408
478
517
442
366
-0.0410
-0.8891
-0.4250
3.6400
-0.9100
-2.1000
408
478
517
442
367
-0.0454
-0.9028
-0.4226
2.4500
-2.7300
-1.9600
408
478
517
442
368
-0.0459
-0.8984
-0.4285
3.4300
-4.0600
-3.9900
408
478
517
442
368
-0.0444
-0.9130
-0.4182
3.7100
-4.3400
-2.6600
408
479
517
442
368
-0.0512
-0.9028
-0.4333
2.9400
-4.1300
-3.4300
408
478
517
442
368