-0.1493
-0.9345
-0.3157
0.8400
-3.5000
-3.6400
410
466
491
421
517
-0.1557
-0.9370
-0.3274
2.3100
-3.9900
-2.7300
410
466
491
421
515
-0.1469
-0.9311
-0.3167
1.6100
-4.6200
-2.5200
410
466
491
421
517
-0.1498
-0.9218
-0.3162
3.0100
-3.7100
-2.5200
410
466
491
421
517
-0.1425
-0.9340
-0.3289
-0.3500
-4.9000
-1.5400
410
466
491
421
515
-0.1635
-0.9252
-0.3299
4.1300
-3.5000
-2.5900
410
466
491
421
517
-0.1532
-0.9374
-0.3099
1.4700
-3.4300
-3.6400
410
466
491
421
517
-0.1557
-0.9374
-0.3133
-4.4100
-1.9600
-5.3900
410
466
491
421
515
-0.1352
-0.9218
-0.3226
-4.8300
-2.6600
-3.5700
410
466
491
422
517
-0.1523
-0.9370
-0.3411
-15.3300
-5.6000
-7.4200
410
466
491
423
518
-0.1523
-0.9301
-0.3884
-14.2100
-2.0300
-7.1400
410
466
491
423
518
-0.1303
-0.9189
-0.4260
-16.5200
-2.1000
-9.0300
410
465
487
422
517
-0.1000
-0.8833
-0.4089
-15.8900
-7.2100
-0.7000
409
464
480
421
521
-0.1049
-0.8764
-0.4299
-3.0800
-7.8400
-4.4800
409
462
478
421
521
-0.1220
-0.8706
-0.4470
-3.2900
-6.6500
-4.6900
409
460
478
421
518
-0.1118
-0.8696
-0.4309
-0.1400
-3.2200
-7.0700
408
458
476
420
519
-0.1103
-0.8721
-0.4553
-1.1900
-6.8600
-10.9900
407
454
466
415
524
-0.0981
-0.8677
-0.4729
1.0500
-0.2800
-4.4800
401
446
446
406
525
-0.0844
-0.8716
-0.4665
1.2600
-2.9400
-6.7200
388
426
413
390
523
-0.0830
-0.8603
-0.4499
3.0100
-2.0300
-9.6600
368
397
378
369
528
-0.0664
-0.8745
-0.4534
5.7400
-8.3300
-13.0900
353
367
349
345
543
-0.0566
-0.8852
-0.4651
6.3000
-7.7000
-7.7700
352
341
326
324
561
-0.0576
-0.8804
-0.4602
6.6500
-3.9900
-4.0600
349
329
313
312
591
-0.0756
-0.8926
-0.4485
3.2900
-5.8100
-4.6200
346
323
306
307
634
-0.0488
-0.8926
-0.4455
8.9600
-7.0000
-6.5100
343
318
300
303
679
-0.0429
-0.9130
-0.4299
4.4100
-7.9100
0.2100
342
316
297
300
715
-0.0703
-0.8823
-0.4021
9.1000
-3.8500
-1.2600
336
310
292
296
746
-0.0483
-0.9023
-0.4402
0.7000
-3.7800
-3.0800
330
306
291
295
745
-0.0654
-0.9116
-0.4358
-5.8100
-5.2500
-3.2900
320
303
291
296
734
-0.0532
-0.8930
-0.4358
-2.0300
-6.0200
-3.5700
315
303
293
297
726
-0.0708
-0.8813
-0.4485
-0.2100
-3.6400
-4.6900
312
304
295
299
724
-0.0634
-0.8867
-0.4372
2.7300
-5.1100
-3.7800
309
303
296
300
724
-0.0659
-0.8764
-0.4372
2.3100
-4.6200
-6.7200
309
303
296
301
718
-0.0625
-0.8852
-0.4412
1.6800
-2.5200
-8.0500
310
305
298
302
688
-0.0527
-0.8838
-0.4397
-4.4100
-3.9200
-5.6700
313
307
300
305
687
-0.0649
-0.8745
-0.4568
-2.5900
-3.6400
-19.2500
315
308
302
307
686
-0.0171
-0.8696
-0.4460
0.9800
-7.3500
-3.7100
318
310
303
309
685
-0.0176
-0.8686
-0.4670
1.2600
-7.7700
-3.7100
320
312
304
311
681
-0.0395
-0.8926
-0.4587
2.5900
-6.7200
-2.7300
322
313
305
312
681
-0.0429
-0.9106
-0.4333
19.7400
-7.7700
-12.4600
326
315
306
314
691
-0.0151
-0.8813
-0.4050
5.5300
-4.4100
0.2100
327
315
307
316
689
-0.0356
-0.9101
-0.4250
4.4100
-3.7800
-2.1000
328
316
308
318
686
-0.0337
-0.9135
-0.4294
2.2400
-4.0600
-3.2900
330
317
308
319
681
-0.0376
-0.8945
-0.4177
4.6200
-5.3900
-2.7300
332
317
309
320
677
-0.0215
-0.8955
-0.4094
-2.0300
-6.5800
-2.1000
333
317
310
320
671
-0.0366
-0.8804
-0.4216
0.6300
-5.8800
-2.7300
341
326
318
326
645
-0.0342
-0.8989
-0.4094
-2.6600
-4.4800
4.4800
354
345
345
342
618
-0.0498
-0.8764
-0.4104
1.6100
-5.1800
6.8600
374
372
380
366
577
-0.0678
-0.9013
-0.4641
5.6000
-5.1800
5.8100
392
403
427
393
546
-0.0917
-0.9072
-0.4202
2.3800
-3.5000
0.9800
407
433
470
414
521
-0.0893
-0.8930
-0.4143
4.6200
-6.1600
0.6300
421
457
497
426
501
-0.0976
-0.9213
-0.4211
9.0300
-3.0100
-2.3800
435
474
512
440
478
-0.1127
-0.9135
-0.3767
7.7700
-2.8000
-3.5000
442
481
518
450
466
-0.0947
-0.9091
-0.4099
10.5000
-3.9200
-2.5200
446
485
521
454
463
-0.1098
-0.9043
-0.3782
3.0800
-5.1800
-2.8700
447
487
522
455
461
-0.1103
-0.9179
-0.3767
1.5400
-2.5200
-1.0500
448
486
522
455
463
-0.1147
-0.9067
-0.4011
2.5900
-4.2000
-1.8200
447
486
522
455
461
-0.1137
-0.9018
-0.3875
3.0800
-4.0600
-2.7300
447
485
521
455
463
-0.1122
-0.9067
-0.4065
1.2600
-4.6200
-2.9400
446
484
521
454
461
-0.1035
-0.9170
-0.3948
5.3900
-3.7100
-7.0000
445
483
520
452
465
-0.1020
-0.9204
-0.4021
0.1400
-6.0900
-8.8900
444
479
518
448
464
-0.1054
-0.9150
-0.4006
3.0800
-3.9900
-12.1100
440
473
514
441
470
-0.0805
-0.9057
-0.4050
2.3100
-2.8700
-8.3300
435
465
496
429
473
-0.0756
-0.9096
-0.3967
-1.4700
-2.3100
-10.9200
429
450
456
416
479
-0.0532
-0.8945
-0.4075
-1.5400
-3.2200
-8.9600
418
427
408
397
482
-0.0571
-0.9101
-0.3850
1.1200
-2.1700
-8.4000
401
389
371
374
490
-0.0498
-0.9213
-0.4114
1.8900
-1.1900
-6.4400
390
361
345
354
497
-0.0176
-0.9018
-0.3948
2.9400
-2.3100
-6.4400
379
340
325
338
500
-0.0322
-0.9121
-0.4065
4.2000
-1.4700
-8.8200
369
324
308
326
515
-0.0156
-0.9106
-0.3914
-1.1900
-2.4500
-1.1200
355
312
296
317
535
-0.0293
-0.9091
-0.3997
3.1500
-4.2700
-5.8800
342
304
288
310
565
-0.0259
-0.9111
-0.4080
5.1100
-6.1600
-3.7100
339
304
288
309
611
-0.0200
-0.9199
-0.3963
5.5300
-7.8400
-1.2600
337
304
288
309
678
-0.0356
-0.9184
-0.3865
4.4800
-7.2100
-2.6600
336
304
288
309
715
-0.0181
-0.9150
-0.3938
4.9000
-3.9900
-3.1500
337
305
289
310
737
-0.0210
-0.9228
-0.3909
3.3600
-3.7800
-4.6900
337
306
290
311
750
-0.0220
-0.9218
-0.3806
3.4300
-5.5300
-4.7600
337
306
290
311
745
-0.0376
-0.9072
-0.3850
2.3800
-6.7900
-1.6100
337
308
292
312
730
-0.0024
-0.9174
-0.3762
1.4000
-10.2900
-3.9900
337
309
293
313
724
-0.0185
-0.9306
-0.3899
1.4700
-11.2700
-4.1300
338
309
294
314
717
-0.0312
-0.9326
-0.3982
-1.4700
-5.8800
-2.1000
338
310
295
315
709
-0.0390
-0.9189
-0.3709
1.4700
-4.8300
-3.0800
338
311
297
315
706
-0.0429
-0.9189
-0.3728
3.2900
-4.7600
-6.3700
339
311
297
316
705
-0.0468
-0.9209
-0.3616
1.6800
-3.2900
-4.0600
339
312
298
317
701
-0.0468
-0.9506
-0.3938
2.8700
-4.4100
-3.8500
339
313
299
317
697
-0.0259
-0.9223
-0.3792
2.1000
-4.0600
-4.4100
340
314
300
318
699
-0.0390
-0.9257
-0.3670
2.1700
-2.1000
-3.0800
340
314
300
318
700
-0.0405
-0.9311
-0.3719
4.8300
-2.6600
-3.2900
340
315
301
319
706
-0.0156
-0.9145
-0.3670
2.8700
-4.7600
-1.2600
340
315
301
319
713
-0.0395
-0.9360
-0.3802
5.4600
-4.9000
-5.8800
340
315
301
319
721
-0.0220
-0.9492
-0.3645
6.5800
-6.9300
-3.8500
338
314
301
319
717
-0.0278
-0.9243
-0.3582
0.3500
-3.9200
-1.4000
338
315
301
319
709
-0.0278
-0.9355
-0.3611
0.2100
-1.2600
-4.1300
339
317
304
320
693
-0.0303
-0.9360
-0.3694
1.1900
-3.0100
-4.0600
341
319
307
322
676
-0.0224
-0.9228
-0.3601
2.5900
-5.9500
-3.9200
342
321
312
325
660
-0.0298
-0.9248
-0.3782
-0.7700
-5.3900
-2.4500
347
329
322
331
627
-0.0307
-0.9189
-0.3748
2.3100
-5.3900
2.0300
357
342
342
340
587
-0.0361
-0.9121
-0.3704
5.0400
-5.7400
-0.8400
366
360
365
356
563
-0.0517
-0.9218
-0.3880
6.0200
-3.4300
2.5200
388
400
422
386
544
-0.0503
-0.9399
-0.3816
7.1400
-3.3600
-0.9800
406
436
473
412
531
-0.0517
-0.9423
-0.3904
5.8100
-2.4500
2.5200
420
457
501
425
513
-0.0654
-0.9228
-0.3782
12.0400
-5.1100
-2.4500
431
471
513
436
493
-0.0761
-0.9370
-0.3626
5.1800
-5.1100
-2.0300
438
480
519
446
486
-0.0737
-0.9013
-0.3645
7.8400
-3.0100
-0.5600
441
484
521
451
483
-0.0747
-0.9345
-0.3372
0.1400
-3.3600
-2.3100
443
486
522
453
483
-0.0898
-0.9213
-0.3406
3.2900
-4.7600
-1.4000
444
487
523
454
483
-0.0898
-0.9252
-0.3460
6.3000
-4.4100
-0.8400
445
487
523
454
481
-0.0961
-0.9252
-0.3338
6.1600
-3.6400
-0.4200
444
487
523
454
483
-0.0986
-0.9414
-0.3294
3.6400
-4.1300
-3.2200
444
487
523
453
481
-0.0854
-0.9409
-0.3357
2.6600
-3.5000
-1.7500
443
486
523
452
483
-0.0893
-0.9428
-0.3240
2.1000
-5.4600
-3.2200
442
485
522
450
484
-0.0888
-0.9575
-0.2991
2.1700
-2.0300
-3.2200
440
482
520
445
485
-0.0888
-0.9262
-0.3084
-5.7400
-6.0900
-4.7600
436
474
511
437
488
-0.0976
-0.9409
-0.3333
0.2800
-2.1700
-7.5600
430
464
488
426
489
-0.0737
-0.9409
-0.3343
-3.9900
-2.6600
-4.9000
423
451
464
417
494
-0.0747
-0.9252
-0.3572
-1.7500
-2.1000
-3.5000
415
435
435
407
498
-0.0722
-0.9335
-0.3548
-2.8700
-1.7500
-6.0900
405
411
403
391
507
-0.0698
-0.9306
-0.3631
-0.2800
-1.8200
-10.9900
396
384
373
374
518
-0.0595
-0.9072
-0.3601
6.5100
-6.0900
-5.8100
389
360
348
356
531
-0.0415
-0.9316
-0.3450
2.3100
-6.8600
-8.4000
379
342
328
340
554
-0.0390
-0.9428
-0.3572
1.2600
-6.7900
-6.0900
372
331
312
330
577
-0.0376
-0.9360
-0.3606
3.0800
-4.4800
-5.0400
367
325
305
324
593
-0.0327
-0.9243
-0.3475
0.8400
-4.2000
-3.5700
364
321
300
321
609
-0.0171
-0.9428
-0.3396
1.0500
-4.6900
-4.3400
362
318
298
320
622
-0.0449
-0.9160
-0.3675
0.3500
-4.3400
-7.0700
358
315
294
317
638
-0.0151
-0.9179
-0.3372
5.6700
-8.0500
-6.5800
356
314
292
315
671
-0.0127
-0.9370
-0.3279
3.5700
-5.7400
-0.7000
356
314
292
316
686
-0.0205
-0.9409
-0.3523
4.2700
-2.9400
-3.6400
355
315
293
316
683
-0.0083
-0.9409
-0.3357
4.2000
-3.9900
-2.5200
356
317
294
317
690
-0.0229
-0.9496
-0.3343
4.5500
-3.5700
-3.0100
356
317
295
318
694
-0.0200
-0.9355
-0.3372
3.7800
-3.7100
-2.8700
356
318
296
319
698
-0.0185
-0.9414
-0.3421
2.4500
-4.2000
-2.4500
356
319
297
319
697
-0.0229
-0.9379
-0.3289
2.6600
-4.4100
-2.2400
357
319
298
319
693
-0.0171
-0.9360
-0.3235
1.4000
-3.5000
-2.5200
357
320
299
320
691
-0.0195
-0.9355
-0.3304
3.4300
-3.8500
-3.0800
357
320
300
320
690
-0.0259
-0.9414
-0.3333
2.0300
-4.1300
-3.8500
357
320
301
320
693
-0.0161
-0.9296
-0.3318
2.5900
-3.7800
-0.2800
358
321
302
320
687
-0.0171
-0.9570
-0.3113
3.2900
-4.8300
-3.4300
358
322
302
320
685
-0.0327
-0.9409
-0.3416
2.8700
-4.3400
-3.5700
358
322
303
320
683
-0.0303
-0.9467
-0.3270
3.6400
-3.9900
-2.0300
358
322
304
320
685
-0.0259
-0.9462
-0.3128
1.8900
-3.7100
-1.9600
358
322
304
321
687
-0.0317
-0.9428
-0.3279
1.4700
-3.3600
-3.2200
358
322
304
321
693
-0.0229
-0.9267
-0.3211
0.7000
-3.7800
-2.2400
355
320
303
320
701
-0.0254
-0.9492
-0.3348
3.0100
-4.9000
-3.6400
354
318
301
318
703
-0.0224
-0.9453
-0.3152
2.3800
-4.9700
-2.1700
354
318
301
318
701
-0.0220
-0.9516
-0.3221
-0.2100
-6.0900
-0.9800
354
321
304
319
684
-0.0327
-0.9423
-0.3157
4.1300
-5.3200
-6.7900
358
326
310
324
660
-0.0249
-0.9428
-0.3333
-0.7700
-5.3900
-1.6800
362
333
320
332
624
-0.0400
-0.9252
-0.3338
4.3400
-3.0800
-2.8000
370
351
343
345
578
-0.0185
-0.9350
-0.3416
3.3600
-5.3200
4.9700
392
392
400
379
545
-0.0512
-0.9204
-0.3187
4.1300
-4.2000
4.8300
410
434
462
409
534
-0.0508
-0.9428
-0.3362
5.8100
-6.0200
3.9900
417
454
488
424
527
-0.0664
-0.9633
-0.3172
0.7000
-6.4400
-0.0700
423
462
501
433
515
-0.0820
-0.9428
-0.3167
1.8900
-7.9100
-4.1300
429
469
508
436
511
-0.0859
-0.9599
-0.3284
5.1800
-5.2500
0.6300
432
471
511
437
510
-0.0913
-0.9365
-0.3231
2.3800
-4.3400
-2.2400
432
471
511
437
508
-0.0678
-0.9238
-0.3055
3.2200
-2.8000
0.0000
432
471
511
437
510
-0.0669
-0.9526
-0.3011
2.3100
-5.7400
-0.9800
432
471
511
437
511
-0.0937
-0.9462
-0.3167
2.2400
-3.5000
-3.8500
432
471
511
436
508
-0.0742
-0.9267
-0.3094
2.0300
-4.4100
-0.7700
432
470
511
436
511
-0.0898
-0.9448
-0.3157
1.9600
-4.8300
-1.0500
432
470
510
435
509
-0.0878
-0.9482
-0.3221
3.8500
-3.9900
1.4000
432
469
509
435
511
-0.0869
-0.9633
-0.3040
0.5600
-7.1400
0.1400
432
469
508
434
511
-0.1215
-0.9321
-0.3284
6.5100
-2.8700
-6.3000
432
469
508
434
510
-0.0913
-0.9428
-0.2840
-0.9800
-4.8300
-0.7700
431
468
506
433
512
-0.1122
-0.9492
-0.3079
0.4900
-3.0100
-4.9000
430
466
500
430
513
-0.0981
-0.9409
-0.3089
-0.0700
-2.9400
-2.8700
429
462
492
426
511
-0.0932
-0.9389
-0.3187
1.8900
-3.1500
-1.6800
428
460
487
424
514
-0.0942
-0.9453
-0.3021
0.4200
-3.1500
-3.1500
426
457
477
418
515
-0.0986
-0.9316
-0.3240
-1.3300
-1.2600
-4.7600
422
444
447
405
515
-0.0932
-0.9150
-0.3387
0.1400
-0.1400
-7.9100
412
415
399
380
525
-0.0620
-0.9409
-0.3274
-1.4000
-4.2000
-6.8600
397
382
367
361
540
-0.0849
-0.9453
-0.3362
2.3100
-5.6700
-7.7700
388
361
346
345
574
-0.0717
-0.9506
-0.3348
4.7600
-8.1200
-13.9300
381
346
331
336
628
-0.0532
-0.9301
-0.3206
2.6600
-6.4400
-9.8700
375
336
319
328
672
-0.0298
-0.9492
-0.3055
2.1000
-8.7500
-7.3500
372
330
312
321
716
-0.0488
-0.9272
-0.3426
3.2900
-4.4800
-5.5300
368
324
305
316
752
-0.0366
-0.9511
-0.3050
1.9600
-2.5900
-5.1800
366
321
302
316
767
-0.0229
-0.9457
-0.3279
-3.2900
-3.1500
-4.9700
364
320
302
316
760
-0.0156
-0.9536
-0.3284
-3.5700
-4.3400
-3.6400
364
320
302
316
761
-0.0234
-0.9311
-0.3211
4.6900
-4.1300
-2.4500
364
320
303
317
764
-0.0366
-0.9243
-0.3484
2.5900
-3.1500
-1.7500
364
321
304
317
763
-0.0181
-0.9536
-0.3133
5.0400
-4.6200
-2.0300
364
322
305
318
761
-0.0508
-0.9316
-0.3299
5.8800
-2.5200
-4.2700
365
324
307
319
758
-0.0190
-0.9609
-0.3060
0.7700
-4.4800
-1.8900
365
325
308
320
753
-0.0376
-0.9233
-0.3255
1.6100
-3.2900
-1.6800
365
325
309
320
749
-0.0307
-0.9462
-0.3148
2.6600
-3.7100
-1.0500
365
326
311
320
745
-0.0410
-0.9526
-0.3206
3.9900
-3.1500
-3.2200
365
327
312
320
745
-0.0356
-0.9438
-0.3050
2.3800
-3.0800
-4.2000
365
327
312
320
741
-0.0220
-0.9579
-0.3152
2.8700
-3.9900
-3.3600
365
327
312
321
740
-0.0278
-0.9516
-0.3226
-1.5400
-3.7800
-3.3600
362
325
312
320
740
-0.0195
-0.9423
-0.3172
0.5600
-5.8100
-3.2200
360
322
311
320
742
-0.0405
-0.9418
-0.3162
0.2800
-7.0000
-3.0800
360
322
311
319
740
-0.0342
-0.9238
-0.3162
1.2600
-4.6900
-1.3300
359
321
310
318
744
-0.0346
-0.9365
-0.3289
1.5400
-5.6700
-4.6200
359
321
309
318
746
-0.0503
-0.9536
-0.3187
4.9000
-2.8000
-3.8500
358
319
308
317
750
-0.0332
-0.9540
-0.3192
-0.4900
-4.1300
-4.3400
357
318
308
317
748
-0.0303
-0.9052
-0.3392
1.1200
-3.0100
-0.9100
357
319
309
317
742
-0.0332
-0.9335
-0.3260
-0.4200
-3.9900
-0.2100
358
323
312
320
714
-0.0278
-0.9433
-0.3274
-4.4100
-9.8700
11.7600
369
341
330
327
639
-0.0756
-0.9282
-0.3309
1.8900
-12.6000
16.5200
391
382
384
358
578
-0.0839
-0.9882
-0.3465
13.0200
-19.3200
-4.9000
408
422
444
396
555
-0.0693
-0.9194
-0.3026
-1.4000
-17.5700
7.0000
413
432
460
406
548
-0.0766
-0.9599
-0.3050
10.2200
-19.3200
-9.7300
413
433
462
407
547
-0.1420
-0.9433
-0.2908
10.0800
-12.0400
-2.0300
416
442
476
414
537
-0.1240
-0.9780
-0.3074
9.5200
-10.5000
12.8100
420
454
494
426
517
-0.1044
-0.9526
-0.2743
2.3800
-4.5500
1.3300
425
462
504
431
491
-0.0996
-0.9087
-0.2791
8.5400
0.2100
-0.0700
429
469
512
436
476
-0.1318
-0.9760
-0.2962
15.6800
-2.1700
2.3800
433
475
517
442
471
-0.1596
-0.9941
-0.2884
0.9100
8.1200
11.0600
434
478
519
445
471
-0.1620
-0.9565
-0.2250
-0.0700
7.7700
-10.4300
435
479
519
446
472
-0.1244
-0.9130
-0.2552
-9.0300
9.5900
-1.8200
435
479
519
447
470
-0.1620
-0.9667
-0.2908
-1.9600
7.0700
-18.1300
435
479
519
447
473
-0.1327
-0.9658
-0.2772
3.6400
3.5000
-14.6300
435
479
519
447
474
-0.0908
-0.9091
-0.2562
-9.2400
12.1100
16.3800
435
479
518
447
475
-0.1025
-0.9374
-0.2996
5.3900
1.7500
-16.1000
435
478
518
447
475
-0.1044
-0.9477
-0.2977
4.4100
-0.2800
-4.1300
434
477
517
447
473
-0.1015
-0.9394
-0.2796
-2.6600
-5.7400
-6.6500
433
472
508
442
477
-0.1098
-0.9331
-0.2996
4.5500
-7.0700
-2.3800
431
467
498
437
484
-0.1030
-0.9404
-0.2948
-0.1400
-2.1700
-7.1400
429
461
478
429
495
-0.0942
-0.9501
-0.3250
1.7500
-1.1200
-4.7600
426
453
455
421
505
-0.0605
-0.9462
-0.3055
1.0500
-6.6500
-6.4400
424
445
437
414
527
-0.0639
-0.9394
-0.3006
5.2500
-6.5100
-6.2300
422
433
418
404
560
-0.0727
-0.9438
-0.2962
4.1300
-7.2100
-8.4700
418
414
394
389
599
-0.0527
-0.9628
-0.3109
4.8300
-6.5100
-12.5300
413
395
374
376
632
-0.0298
-0.9379
-0.2967
3.2200
-5.6700
-12.5300
404
373
355
364
659
-0.0615
-0.9594
-0.2982
7.4200
-6.6500
-3.5700
393
354
341
355
684
-0.0346
-0.9692
-0.2996
3.8500
-5.5300
-5.1800
384
339
330
348
695
-0.0273
-0.9677
-0.2835
-1.1900
-4.9700
-2.6600
372
326
322
343
693
-0.0322
-0.9550
-0.2962
1.1200
-5.5300
-1.8900
361
317
315
341
690
-0.0200
-0.9677
-0.3070
3.1500
-5.7400
-2.9400
351
312
313
339
690
-0.0346
-0.9662
-0.2967
0.5600
-5.8100
-3.9200
347
312
314
340
689
-0.0351
-0.9536
-0.2987
2.9400
-4.9000
-1.7500
342
310
312
340
692
-0.0312
-0.9516
-0.2884
2.3800
-5.9500
-0.5600
339
309
311
338
695
-0.0415
-0.9609
-0.3045
2.8000
-3.9900
-3.2900
337
309
310
337
695
-0.0449
-0.9550
-0.2850
2.8700
-4.4800
-3.0800
335
308
309
336
696
-0.0390
-0.9570
-0.2913
0.8400
-4.9000
-2.3100
334
307
307
335
699
-0.0464
-0.9389
-0.2869
2.4500
-4.4800
-3.3600
333
306
305
334
698
-0.0425
-0.9433
-0.3089
2.6600
-3.5000
-2.4500
333
306
305
334
698
-0.0395
-0.9614
-0.2943
2.5900
-4.5500
-3.9200
333
307
305
334
701
-0.0386
-0.9462
-0.2987
2.2400
-3.6400
-3.3600
333
307
305
334
705
-0.0390
-0.9457
-0.2923
2.5900
-4.0600
-3.5700
334
307
305
334
706
-0.0415
-0.9482
-0.2904
0.5600
-4.2700
-3.1500
334
307
305
333
707
-0.0454
-0.9662
-0.3006
2.3800
-3.8500
-4.2700
333
306
303
332
713
-0.0371
-0.9521
-0.2987
2.1700
-4.0600
-3.9900
333
305
303
332
713
-0.0356
-0.9462
-0.2865
2.3100
-5.4600
-3.3600
332
305
302
331
715
-0.0395
-0.9482
-0.2889
1.6100
-4.4100
-3.5700
331
303
301
329
716
-0.0512
-0.9501
-0.3001
0.0700
-4.2000
-4.4100
330
301
299
327
716
-0.0366
-0.9428
-0.3045
2.1000
-4.4100
-3.2900
330
301
299
327
715
-0.0307
-0.9545
-0.2938
2.4500
-5.3200
-1.6800
329
301
299
326
715
-0.0459
-0.9511
-0.2991
1.2600
-4.4800
-3.7100
329
302
300
326
708
-0.0307
-0.9687
-0.3021
-0.7000
-4.5500
-1.8900
331
307
305
329
676
-0.0415
-0.9545
-0.3035
0.9800
-2.1700
1.8900
338
318
316
334
623
-0.0439
-0.9340
-0.3055
0.0000
-3.9900
4.9700
346
333
331
342
593
-0.0493
-0.9526
-0.3231
2.5900
-4.9000
6.1600
368
365
371
364
568
-0.0820
-0.9658
-0.3221
8.1900
-7.4200
5.6700
395
411
433
396
544
-0.1122
-0.9448
-0.2879
13.1600
-5.4600
12.8800
417
450
485
425
522
-0.1127
-0.9492
-0.2528
15.2600
-5.4600
6.6500
429
466
506
434
508
-0.1479
-0.9823
-0.2728
5.6000
-5.8800
-0.7700
435
473
514
439
502
-0.1405
-0.9467
-0.2699
8.4000
-4.0600
0.4200
436
476
516
442
494
-0.1352
-0.9653
-0.2528
3.2200
-8.6100
1.6100
436
477
518
445
493
-0.1649
-0.9536
-0.2630
5.6000
-7.7000
2.2400
437
478
519
448
490
-0.1752
-0.9623
-0.2396
-0.2800
-7.2800
-1.1200
438
482
521
451
486
-0.1806
-0.9252
-0.2591
2.7300
-4.6200
-1.5400
441
487
523
455
484
-0.1698
-0.9565
-0.2406
0.5600
-2.2400
-2.5900
442
490
524
457
481
-0.1630
-0.9433
-0.2743
3.4300
-3.5000
-3.2200
442
492
524
457
483
-0.1537
-0.9614
-0.2450
3.2900
-3.2900
-2.3800
442
492
524
458
481
-0.1688
-0.9394
-0.2494
1.5400
-3.2200
-3.3600
442
492
524
458
483
-0.1562
-0.9584
-0.2294
0.0000
-3.9900
-1.2600
442
492
524
457
483
-0.1610
-0.9296
-0.2503
-3.4300
-2.6600
-0.7000
441
491
524
456
484
-0.1771
-0.9350
-0.2538
-6.7900
-3.9200
0.8400
439
490
523
452
485
-0.1679
-0.9277
-0.2616
-5.9500
3.6400
2.1700
437
487
521
447
484
-0.1762
-0.9457
-0.2733
-0.8400
-0.8400
-13.0900
431
479
514
440
489
-0.1552
-0.9438
-0.2830
-4.2700
-2.8700
-14.2800
423
469
493
434
492
-0.1405
-0.9209
-0.3006
0.7000
-1.3300
-8.0500
419
463
475
428
495
-0.1279
-0.9609
-0.2899
-1.3300
-2.1700
-6.2300
416
455
454
421
499
-0.1440
-0.9340
-0.3138
1.6100
-0.7000
-6.3000
412
447
433
411
499
-0.1264
-0.9662
-0.3162
1.3300
-1.4700
-6.2300
409
437
416
401
504
-0.1225
-0.9516
-0.3250
1.8200
-0.9100
-7.9800
402
418
396
390
510
-0.1074
-0.9374
-0.3284
1.3300
-2.9400
-5.6700
396
397
377
379
514
-0.1166
-0.9428
-0.3221
-0.9800
-0.2100
-9.8000
391
381
364
371
528
-0.1088
-0.9453
-0.3436
0.7700
3.2900
-10.4300
382
364
351
364
552
-0.0786
-0.9399
-0.3440
9.1700
-0.2100
-7.7700
375
350
340
359
573
-0.0532
-0.9404
-0.3118
5.3200
-3.7800
-3.0800
370
343
333
356
607
-0.0752
-0.9575
-0.3187
5.4600
-7.7000
-9.5200
369
339
328
353
642
-0.0737
-0.9467
-0.3016
5.3200
-3.0800
-4.4800
368
336
324
351
678
-0.0542
-0.9428
-0.2948
6.2300
-4.4800
-6.0200
366
331
321
349
706
-0.0547
-0.9531
-0.2845
5.3900
-7.8400
-9.4500
365
329
316
347
726
-0.0537
-0.9604
-0.2918
6.3000
-5.9500
-9.1000
365
327
312
344
726
-0.0410
-0.9394
-0.2747
1.6100
-4.6200
-0.9100
362
326
311
343
713
-0.0566
-0.9292
-0.2747
2.0300
-4.9000
-0.7000
361
325
310
343
709
-0.0425
-0.9423
-0.2743
1.1900
-4.4800
-0.7000
357
326
313
344
704
-0.0595
-0.9545
-0.2801
2.3100
-5.1100
-0.1400
357
327
318
346
701
-0.0542
-0.9575
-0.2967
2.5900
-4.7600
-2.3800
356
328
319
346
699
-0.0478
-0.9662
-0.2933
3.8500
-4.2700
-2.3800
355
328
320
346
701
-0.0727
-0.9526
-0.2860
1.2600
-2.5200
-3.9200
355
328
320
346
698
-0.0522
-0.9487
-0.2840
4.7600
-3.4300
-3.5000
355
328
321
346
697
-0.0478
-0.9443
-0.2796
-0.4200
-4.6200
-1.1900
355
328
321
345
695
-0.0717
-0.9579
-0.2840
-0.8400
-4.1300
-3.5700
355
329
322
345
694
-0.0581
-0.9506
-0.2884
1.0500
-3.5000
-4.2000
356
329
322
346
692
-0.0498
-0.9584
-0.2943
4.6900
-3.0100
-3.2200
355
329
323
346
692
-0.0493
-0.9599
-0.2952
4.5500
-4.2700
-2.2400
353
327
321
344
692
-0.0586
-0.9687
-0.2957
2.1700
-4.4800
-4.5500
351
325
320
343
691
-0.0512
-0.9550
-0.2962
3.5700
-3.5000
-5.0400
351
325
319
343
693
-0.0498
-0.9584
-0.2835
1.8900
-5.3200
-3.2200
348
322
317
341
692
-0.0551
-0.9628
-0.2938
2.1000
-4.7600
-3.0800
347
320
315
340
691
-0.0468
-0.9633
-0.2904
2.8700
-4.2000
-2.1000
347
321
315
340
690
-0.0595
-0.9570
-0.2874
4.9000
-4.2700
-4.3400
345
317
311
337
690
-0.0464
-0.9453
-0.2713
3.7100
-5.6000
-2.3800
343
314
306
335
689
-0.0473
-0.9492
-0.2645
-3.2900
-5.4600
-1.1900
344
319
312
337
677
-0.0556
-0.9223
-0.2796
-4.0600
-3.7800
0.0700
348
326
321
341
636
-0.0610
-0.9384
-0.2918
-2.4500
-3.0800
7.1400
363
352
351
356
587
-0.0903
-0.9457
-0.2826
1.6800
-4.6900
-0.1400
382
385
392
375
555
-0.0761
-0.9496
-0.2855
6.2300
-7.2800
4.9700
399
418
445
402
544
-0.0800
-0.9218
-0.2528
8.8900
-3.7800
6.0200
419
450
491
423
536
-0.1025
-0.9287
-0.2582
2.9400
-4.2000
1.5400
429
465
508
431
524
-0.1249
-0.9506
-0.2542
6.9300
-4.2700
0.0000
433
471
515
436
520
-0.1132
-0.9658
-0.2582
10.7800
-6.7200
2.9400
434
474
517
438
506
-0.1371
-0.9789
-0.2264
3.0800
-6.9300
3.5000
437
477
519
443
488
-0.1698
-0.9565
-0.2416
2.8700
-4.2700
-2.3800
440
481
521
447
476
-0.1410
-0.9462
-0.2352
4.5500
-6.4400
-4.2000
443
484
522
451
468
-0.1391
-0.9579
-0.2079
-0.7000
-4.0600
-2.3100
444
486
523
453
471
-0.1420
-0.9433
-0.2220
0.7700
-3.3600
-1.5400
444
486
524
454
469
-0.1396
-0.9667
-0.2225
4.2700
-1.7500
-2.3100
444
485
524
454
472
-0.1337
-0.9701
-0.2259
1.8900
-4.2000
-1.9600
444
485
524
453
470
-0.1679
-0.9506
-0.2308
-1.9600
-2.7300
-2.8000
444
485
523
453
473
-0.1527
-0.9511
-0.2279
0.8400
0.0000
-2.5900
444
485
523
453
472
-0.1425
-0.9482
-0.2264
1.4000
-2.9400
-3.0800
443
483
522
451
476
-0.1479
-0.9516
-0.2401
3.0100
-3.3600
-1.4700
442
482
522
451
477
-0.1415
-0.9716
-0.2333
1.7500
-4.2700
-2.9400
442
482
522
450
478
-0.1459
-0.9667
-0.2362
2.3800
-4.4100
-2.0300
441
481
521
449
478
-0.1376
-0.9667
-0.2323
1.4700
-1.8200
-4.7600
440
479
520
447
478
-0.1425
-0.9355
-0.2338
-3.2900
-4.2000
-3.2200
438
476
517
443
483
-0.1444
-0.9467
-0.2245
-0.4900
-2.3100
-4.5500
435
470
507
437
485
-0.1484
-0.9492
-0.2381
-4.4100
-2.6600
-7.6300
430
459
475
428
499
-0.1357
-0.9579
-0.2752
3.2900
-2.3800
-11.9000
423
445
443
420
512
-0.1078
-0.9604
-0.2298
4.5500
-6.0900
-17.6400
417
424
413
409
524
-0.1005
-0.9301
-0.2181
-2.3800
-5.1800
-8.1200
410
398
386
392
538
-0.1044
-0.9750
-0.2499
1.1900
-4.9700
-4.9000
397
372
362
374
550
-0.1064
-0.9457
-0.2391
1.3300
-2.5200
-5.9500
385
349
341
360
562
-0.0981
-0.9726
-0.2596
-2.3100
-4.1300
-3.6400
373
338
330
352
573
-0.0981
-0.9823
-0.2777
-1.5400
-3.0100
-6.4400
362
329
322
347
583
-0.0678
-0.9794
-0.2762
-2.1000
-6.5800
-6.5100
356
324
318
344
595
-0.0722
-0.9604
-0.2835
-10.0100
-4.9000
-3.9200
348
320
313
340
611
-0.0800
-0.9399
-0.3123
-9.5900
-6.8600
-1.6800
343
318
311
338
624
-0.0849
-0.9296
-0.2948
-7.8400
-6.5100
1.5400
336
315
309
337
628
-0.1044
-0.9311
-0.3079
-9.5900
-6.0900
2.5900
334
316
310
337
631
-0.1098
-0.9077
-0.3304
-2.3100
-5.8800
-1.0500
330
317
312
338
632
-0.0932
-0.9257
-0.3211
-4.4100
-4.5500
-0.3500
328
318
314
338
629
-0.1020
-0.9296
-0.3494
-0.2100
-5.2500
-0.3500
324
320
316
339
627
-0.0976
-0.9531
-0.3479
7.0700
-5.3200
-3.5000
324
321
317
339
626
-0.1054
-0.9438
-0.3431
4.9700
-3.8500
-3.7800
324
321
318
340
625
-0.1132
-0.9428
-0.3362
3.5700
-4.2000
-3.6400
324
322
318
340
624
-0.1015
-0.9228
-0.3294
2.1700
-4.5500
-1.9600
322
322
319
340
624
-0.1152
-0.9389
-0.3377
3.0800
-3.7100
-4.1300
321
321
320
339
623
-0.1030
-0.9316
-0.3270
1.6100
-3.9900
-3.7800
319
322
320
339
619
-0.1127
-0.9184
-0.3318
4.6900
-2.8700
-2.5200
319
322
320
340
619
-0.0991
-0.9355
-0.3284
1.4000
-3.9200
-1.1200
320
322
321
340
619
-0.1176
-0.9296
-0.3382
2.1700
-3.5700
-2.6600
320
322
321
340
618
-0.1054
-0.9355
-0.3211
2.1000
-4.2000
-3.0800
320
322
321
339
618
-0.1137
-0.9384
-0.3323
3.0100
-3.5000
-3.4300
320
323
321
339
617
-0.1108
-0.9218
-0.3323
1.4700
-2.9400
-3.0100
319
322
320
337
617
-0.0971
-0.9316
-0.3274
1.5400
-4.7600
-2.8000
319
322
321
338
616
-0.1137
-0.9389
-0.3377
2.1000
-4.2000
-2.5200
320
323
321
338
618
-0.1132
-0.9267
-0.3362
2.8000
-3.4300
-2.3800
321
323
322
339
617
-0.1000
-0.9404
-0.3279
1.2600
-4.6200
-3.5000
322
324
323
339
615
-0.1093
-0.9292
-0.3357
1.8200
-4.4100
-2.4500
330
332
333
344
606
-0.1083
-0.9409
-0.3333
4.5500
-3.8500
2.1000
340
346
350
352
584
-0.1064
-0.9365
-0.3294
2.5900
-3.2900
-2.7300
353
363
371
363
566
-0.1108
-0.9008
-0.3372
3.5000
-6.6500
7.2100
369
385
399
377
553
-0.1488
-0.9433
-0.3338
3.5000
-7.1400
-0.0700
389
412
434
395
540
-0.1513
-0.9555
-0.3470
5.6000
-3.8500
-2.3100
405
438
474
414
520
-0.1342
-0.9379
-0.3479
15.8200
-8.5400
8.6100
415
452
489
422
510
-0.1606
-0.9575
-0.3333
9.1000
-6.5800
-4.2700
424
463
503
427
506
-0.1732
-0.9394
-0.3094
9.5900
-4.7600
-1.4700
432
473
513
432
498
-0.1640
-0.9277
-0.2972
7.3500
-1.8200
1.4700
435
477
517
439
498
-0.1771
-0.9350
-0.2996
3.2200
-4.4800
-3.6400
439
481
520
447
497
-0.1825
-0.9077
-0.2752
-1.9600
-4.9000
1.8900
441
483
522
451
462
-0.1518
-0.9350
-0.2967
0.7700
-2.3800
-2.1700
441
485
523
454
457
-0.1635
-0.9189
-0.2747
-1.1200
-2.4500
-2.7300
442
485
523
455
454
-0.1693
-0.9243
-0.2923
4.2700
-3.6400
-1.6100
442
485
523
456
455
-0.1659
-0.9438
-0.2962
4.0600
-4.6200
-3.1500
441
485
523
455
453
-0.1747
-0.9414
-0.2928
1.6100
-3.2900
-3.9200
441
484
523
455
455
-0.1693
-0.9404
-0.2835
2.8000
-3.7100
-4.2700
441
484
523
454
452
-0.1591
-0.9409
-0.2816
2.5200
-3.7800
-3.7800
440
483
522
454
455
-0.1713
-0.9433
-0.2821
2.1000
-4.2700
-3.4300
440
483
522
453
452
-0.1767
-0.9365
-0.2826
3.5700
-3.7800
-3.2900
440
483
522
453
455
-0.1591
-0.9448
-0.2982
2.8700
-3.2900
-2.5200
439
482
522
452
452
-0.1747
-0.9428
-0.2865
2.5200
-3.0100
-3.2200
439
482
522
451
455
-0.1601
-0.9438
-0.2923
2.5200
-4.2000
-3.2200
439
481
521
450
452
-0.1674
-0.9326
-0.2894
3.2900
-3.7800
-4.2000
437
480
519
447
454
-0.1552
-0.9521
-0.3011
3.7800
-3.8500
-2.8000
437
478
518
445
452
-0.1654
-0.9433
-0.3011
4.0600
-4.8300
-3.5000
435
477
517
444
454
-0.1693
-0.9496
-0.2972
4.4100
-3.0100
-6.7200
433
474
513
441
454
-0.1659
-0.9360
-0.2762
1.6800
-3.0800
-3.7100
432
470
508
437
454
-0.1464
-0.9365
-0.2879
-1.2600
-2.0300
-4.1300
428
464
493
430
453
-0.1537
-0.9355
-0.2928
-0.2100
-3.5000
-6.5800
422
454
472
422
464
-0.1381
-0.9448
-0.2899
3.9200
-4.2000
-5.3200
418
446
456
414
467
-0.1337
-0.9472
-0.3148
2.2400
-5.4600
-6.3000
414
436
440
407
478
-0.1332
-0.9648
-0.3143
3.1500
-4.9700
-7.4200
407
423
424
398
490
-0.1264
-0.9662
-0.2689
2.0300
-5.1100
-7.7000
400
406
405
387
523
-0.1327
-0.9423
-0.2933
3.7100
-3.1500
-8.9600
388
383
380
374
553
-0.0996
-0.9492
-0.3118
3.5700
-2.8700
-12.2500
374
359
355
360
575
-0.0932
-0.9501
-0.2860
0.0000
-2.9400
-11.6200
362
339
332
348
587
-0.0810
-0.9438
-0.3138
-0.9800
-2.9400
-5.6700
353
326
318
339
597
-0.0766
-0.9428
-0.2869
2.4500
-3.2200
-4.1300
344
318
308
332
608
-0.0747
-0.9677
-0.2860
0.6300
-4.4800
-4.9700
342
315
302
329
619
-0.0854
-0.9409
-0.2943
2.3800
-4.2700
-3.9200
338
312
298
326
629
-0.0727
-0.9374
-0.2987
1.6800
-4.0600
-2.9400
333
306
292
323
636
-0.0786
-0.9575
-0.3055
1.8200
-4.9000
-4.3400
330
302
290
321
639
-0.0839
-0.9692
-0.3167
4.3400
-4.0600
-6.0900
329
297
287
321
639
-0.0810
-0.9209
-0.2874
2.2400
-3.0800
-3.2200
327
296
285
319
639
-0.0605
-0.9379
-0.2948
0.6300
-3.6400
-2.2400
325
294
284
319
638
-0.0756
-0.9174
-0.2865
-1.4000
-4.2000
-2.3100
324
295
285
319
637
-0.0791
-0.9374
-0.2977
2.7300
-3.9900
-1.8200
324
295
286
319
634
-0.0698
-0.9545
-0.2913
1.0500
-5.9500
-1.5400
324
297
287
320
631
-0.0742
-0.9409
-0.3011
0.9100
-5.1100
-1.5400
324
299
289
321
627
-0.0761
-0.9531
-0.2933
0.7000
-4.2000
-1.5400
324
302
294
323
623
-0.0795
-0.9511
-0.3070
1.5400
-3.9200
-2.8000
325
306
298
326
620
-0.0776
-0.9584
-0.3065
1.9600
-4.7600
-3.0100
325
308
301
327
616
-0.0849
-0.9453
-0.3162
3.2200
-3.3600
-2.9400
323
309
301
327
615
-0.0800
-0.9379
-0.2957
2.1000
-4.3400
-3.1500
323
309
302
327
613
-0.0795
-0.9394
-0.2913
-1.1200
-4.3400
-2.1000
323
309
302
327
612
-0.0961
-0.9438
-0.3148
1.1200
-3.9900
-1.7500
324
310
303
328
608
-0.0810
-0.9516
-0.3172
2.7300
-3.7100
-3.5700
325
310
304
328
606
-0.0781
-0.9623
-0.3070
3.4300
-5.6000
-3.5700
328
313
305
330
601
-0.0849
-0.9560
-0.3021
3.3600
-5.7400
-2.9400
332
318
311
333
578
-0.0864
-0.9433
-0.3035
1.1200
-1.8200
-3.8500
337
327
322
337
548
-0.0791
-0.9414
-0.3113
0.9100
-1.6100
-0.0700
344
339
335
343
512
-0.1015
-0.9482
-0.3192
-0.4900
-1.3300
-0.4200
357
356
355
352
487
-0.0630
-0.9389
-0.3270
-1.7500
-1.0500
1.6100
374
388
398
374
469
-0.1118
-0.9443
-0.3294
6.5100
-6.4400
3.3600
396
421
442
396
459
-0.1254
-0.9116
-0.2938
-1.1900
-7.2800
8.1200
406
441
473
411
455
-0.1410
-0.9462
-0.3133
0.7000
-9.5900
0.7000
416
456
497
422
446
-0.1454
-0.8657
-0.2913
-0.5600
-4.4800
0.0700
422
466
508
428
441
-0.1440
-0.8769
-0.2957
-0.7700
-1.1200
-2.2400
426
471
513
431
436
-0.1415
-0.9384
-0.3128
0.2800
-2.7300
-4.7600
429
474
516
433
425
-0.1376
-0.9389
-0.3143
-0.9100
0.0700
-3.6400
430
476
518
436
419
-0.1415
-0.9213
-0.3074
-3.8500
0.0000
-7.5600
430
476
518
437
414
-0.1205
-0.8965
-0.2928
-2.5900
-0.2100
-5.2500
430
477
518
437
411
-0.1196
-0.9321
-0.3152
3.6400
-0.9800
-1.8900
431
477
519
437
410
-0.1166
-0.9379
-0.3182
2.9400
-3.5000
-1.0500
430
477
518
437
410
-0.1244
-0.9306
-0.3133
1.3300
-4.1300
-3.5700
430
476
518
437
410
-0.1259
-0.9292
-0.3192
2.7300
-3.0800
-2.6600
430
476
518
436
410
-0.1249
-0.9340
-0.3138
1.8200
-3.8500
-2.1000
430
476
518
436
410
-0.1337
-0.9267
-0.3113
1.5400
-2.5200
-3.5700
430
475
518
436
411
-0.1303
-0.9355
-0.3133
1.6100
-3.2900
-2.1700
429
475
517
435
411
-0.1215
-0.9233
-0.3074
1.9600
-3.2900
-1.8200
429
475
517
435
412
-0.1274
-0.9331
-0.3113
3.2900
-4.4100
-1.2600
429
474
517
434
412
-0.1347
-0.9360
-0.3065
1.4700
-3.6400
-2.1700
429
474
517
434
410
-0.1430
-0.9492
-0.3172
3.6400
-3.1500
-2.5200
428
473
516
433
412
-0.1186
-0.9448
-0.2913
0.0700
-1.8200
-1.6100
427
471
515
430
413
-0.1371
-0.9350
-0.3201
-1.5400
-1.4700
-3.2900
425
469
512
428
413
-0.1249
-0.9267
-0.3323
1.2600
-2.3100
-6.0200
425
468
509
425
414
-0.1386
-0.9384
-0.3235
2.4500
-3.4300
-5.2500
423
464
505
422
412
-0.1127
-0.9399
-0.3255
2.1700
-3.1500
-5.8100
421
461
501
420
414
-0.1118
-0.9174
-0.3172
-1.1900
-1.6800
-5.0400
418
457
493
416
415
-0.0942
-0.9189
-0.3260
-0.9800
-2.3100
-4.8300
414
450
484
412
415
-0.1132
-0.9252
-0.2967
-5.6700
-0.9100
-6.5100
405
442
473
403
417
-0.0986
-0.9199
-0.3562
-3.2200
-1.6100
-7.2800
395
428
453
395
419
-0.1059
-0.9292
-0.3250
-3.6400
1.1200
-20.1600
388
409
423
384
423
-0.0634
-0.9994
-0.3353
-2.4500
-1.1200
-6.6500
380
384
385
370
425
-0.0708
-0.9048
-0.3465
5.6000
-8.1900
-5.2500
373
361
358
357
439
-0.0781
-0.9457
-0.3572
4.5500
1.4000
-7.8400
361
340
337
346
454
-0.0464
-0.9570
-0.3431
5.3900
-4.2700
-6.5100
349
325
321
336
478
-0.0483
-0.9511
-0.3772
6.0200
-5.1800
-7.4900
338
315
310
329
506
-0.0429
-0.9536
-0.3709
3.8500
-5.5300
-5.1800
334
310
302
325
540
-0.0542
-0.9433
-0.3558
3.1500
-5.0400
-3.0100
330
307
299
323
565
-0.0537
-0.9404
-0.3723
4.9700
-2.5200
-0.0700
321
303
300
324
572
-0.0464
-0.9501
-0.3748
2.8000
-3.5000
-1.1200
311
300
302
327
567
-0.0478
-0.9428
-0.3587
1.8900
-4.7600
-2.1000
307
305
308
330
561
-0.0576
-0.9194
-0.3450
0.6300
-3.6400
-0.6300
307
308
310
332
561
-0.0615
-0.9096
-0.3465
-2.1000
-3.4300
-1.3300
304
309
311
333
559
-0.0600
-0.9238
-0.3680
-4.0600
-3.5700
-0.3500
298
309
312
334
556
-0.0595
-0.9272
-0.3655
0.1400
-5.6000
-1.8900
296
309
313
334
555
-0.0600
-0.9331
-0.3709
2.1700
-4.2700
-2.5900
294
308
313
334
558
-0.0688
-0.9160
-0.3640
2.2400
-4.9700
-1.8200
294
307
313
334
559
-0.0664
-0.9223
-0.3728
2.3100
-4.7600
-3.2900
294
308
313
334
556
-0.0630
-0.9223
-0.3611
3.5700
-5.1800
-2.8000
295
308
314
334
558
-0.0639
-0.9209
-0.3592
1.5400
-4.2700
-3.1500
295
309
314
335
563
-0.0630
-0.9096
-0.3631
2.1000
-2.9400
-2.4500
296
309
314
335
562
-0.0600
-0.9365
-0.3582
1.0500
-4.6900
-1.9600
297
310
315
335
559
-0.0703
-0.9228
-0.3533
2.7300
-3.2900
-3.3600
297
310
315
335
558
-0.0605
-0.9326
-0.3640
2.0300
-3.6400
-3.2200
298
310
315
335
559
-0.0654
-0.9311
-0.3606
2.0300
-4.4100
-3.5000
299
311
316
335
558
-0.0639
-0.9277
-0.3548
2.4500
-4.2000
-4.2700
300
312
316
336
556
-0.0639
-0.9252
-0.3582
-0.2100
-3.7800
-3.4300
302
314
318
336
554
-0.0615
-0.9209
-0.3723
4.3400
-5.1800
-2.3100
308
323
327
340
541
-0.0547
-0.9243
-0.3387
2.7300
-2.4500
1.8900
327
343
352
353
505
-0.0820
-0.8911
-0.3396
5.7400
-5.6700
3.4300
354
369
394
373
477
-0.0693
-0.9335
-0.3640
5.9500
-2.7300
-0.5600
382
407
444
397
465
-0.0903
-0.9023
-0.3489
8.8200
-5.1100
-0.5600
403
442
487
417
454
-0.0810
-0.9453
-0.3192
8.1900
-3.6400
-3.3600
416
459
505
428
447
-0.0986
-0.9360
-0.3221
4.1300
-3.9200
-4.3400
425
471
514
435
438
-0.1078
-0.9355
-0.3270
10.3600
-5.1800
-3.2900
432
479
519
444
434
-0.0956
-0.9501
-0.3060
3.6400
-6.5100
-4.4800
436
485
522
449
428
-0.1142
-0.9306
-0.3182
1.2600
-3.2900
-4.1300
437
486
523
452
422
-0.0956
-0.9428
-0.3123
0.6300
-2.5200
-2.5900
438
487
523
453
419
-0.0864
-0.9360
-0.3109
0.9800
-3.0100
-1.4000
438
487
524
453
417
-0.1005
-0.9399
-0.3143
2.5200
-3.6400
-2.9400
438
487
524
453
419
-0.1005
-0.9496
-0.3250
2.9400
-3.9900
-3.5700
438
487
524
453
419
-0.0927
-0.9457
-0.3123
1.1200
-3.6400
-4.4100
438
486
524
453
419
-0.0883
-0.9389
-0.3148
1.9600
-3.5000
-3.4300
438
486
524
453
419
-0.1044
-0.9316
-0.3016
-0.4200
-3.6400
-2.4500
438
486
524
453
417
-0.1044
-0.9428
-0.3162
4.9000
-3.0100
-4.2700
438
486
524
453
419
-0.0815
-0.9399
-0.3001
1.8200
-4.2700
-1.8900
438
486
524
453
419
-0.1054
-0.9370
-0.3113
2.3800
-4.3400
-3.9900
437
486
524
453
418
-0.0956
-0.9316
-0.3182
2.1700
-3.2200
-4.4100
437
486
524
453
419
-0.0908
-0.9360
-0.3050
2.3800
-3.1500
-5.4600
437
485
524
453
419
-0.0927
-0.9360
-0.3021
1.1200
-3.9200
-4.9000
437
485
523
453
420
-0.0922
-0.9394
-0.3045
2.5200
-4.1300
-4.9700
437
485
523
452
420
-0.0996
-0.9374
-0.2987
4.0600
-4.4100
-4.9000
436
484
523
452
420
-0.0864
-0.9492
-0.3094
-0.8400
-3.7800
-5.3200
435
480
521
452
420
-0.0849
-0.9487
-0.3182
0.8400
-2.1700
-6.0900
431
474
516
447
421
-0.0820
-0.9506
-0.3182
-2.1700
-1.7500
-4.8300
426
466
506
442
422
-0.0825
-0.9379
-0.3157
-0.5600
-0.7000
-5.6000
422
458
491
435
424
-0.0727
-0.9765
-0.4016
3.7800
2.6600
-5.6000
418
448
465
427
429
-0.0649
-0.9462
-0.3211
3.1500
2.3800
-7.6300
405
429
435
419
439
-0.0815
-0.9438
-0.3323
3.3600
-2.0300
-11.1300
390
404
398
402
455
-0.0390
-0.9418
-0.3577
2.0300
-2.7300
-5.8100
377
379
367
384
481
-0.0547
-0.9340
-0.3382
6.3700
-1.3300
-11.4800
371
362
348
372
514
-0.0224
-0.9492
-0.3260
0.2800
-1.8900
-3.7100
363
346
332
361
546
-0.0317
-0.9243
-0.3323
0.2800
-3.1500
-1.0500
354
338
323
353
571
-0.0376
-0.9418
-0.3372
1.5400
-3.1500
-2.9400
348
336
321
350
582
-0.0181
-0.9292
-0.3255
-0.2100
-2.9400
-5.2500
342
330
316
346
577
-0.0249
-0.9311
-0.3392
1.6800
-2.8700
-1.5400
336
326
314
346
570
-0.0210
-0.9609
-0.3587
2.8700
-5.3200
-2.5900
332
325
316
347
568
-0.0239
-0.9394
-0.3494
3.9200
-4.2700
-2.2400
331
324
317
347
566
-0.0361
-0.9272
-0.3279
-0.9100
-5.1800
-0.6300
331
324
317
348
568
-0.0346
-0.9165
-0.3362
-0.9800
-3.2200
-1.6800
329
324
318
348
566
-0.0244
-0.9301
-0.3431
-1.2600
-4.9000
-0.5600
328
325
320
349
563
-0.0449
-0.9321
-0.3626
1.6800
-4.2700
-2.9400
329
326
321
349
562
-0.0278
-0.9365
-0.3450
1.6100
-4.5500
-0.8400
329
327
322
350
565
-0.0420
-0.9433
-0.3543
3.0800
-3.7800
-3.5700
328
327
322
350
566
-0.0361
-0.9443
-0.3426
3.8500
-5.3200
-2.0300
328
327
322
350
565
-0.0405
-0.9350
-0.3455
0.8400
-4.6200
-1.9600
328
327
323
350
563
-0.0434
-0.9311
-0.3455
3.2900
-3.1500
-2.4500
328
327
323
350
562
-0.0264
-0.9282
-0.3304
0.5600
-4.8300
-1.2600
328
327
323
350
564
-0.0410
-0.9292
-0.3421
1.5400
-3.7800
-3.2900
328
328
323
350
564
-0.0395
-0.9316
-0.3382
1.4700
-3.9200
-2.3800
329
328
324
350
562
-0.0444
-0.9213
-0.3494
2.5200
-4.6900
-2.1700
329
328
324
350
562
-0.0444
-0.9331
-0.3357
1.1900
-3.8500
-2.7300
329
328
324
350
564
-0.0532
-0.9277
-0.3426
0.9100
-3.2200
-2.6600
328
328
324
349
564
-0.0312
-0.9296
-0.3436
1.9600
-4.9000
-1.2600
327
328
324
349
564
-0.0464
-0.9365
-0.3323
0.4900
-6.3700
-0.8400
327
328
324
349
559
-0.0556
-0.9355
-0.3514
0.2100
-5.8100
-3.5000
329
331
328
350
553
-0.0478
-0.9248
-0.3538
-0.1400
-3.9900
-0.5600
341
345
343
355
531
-0.0405
-0.9170
-0.3538
2.4500
-3.6400
5.1800
367
371
377
370
500
-0.0644
-0.9365
-0.3372
1.2600
-3.6400
3.0800
377
386
403
383
477
-0.0927
-0.9170
-0.3353
2.2400
-3.3600
-2.1000
391
407
434
398
465
-0.0825
-0.9374
-0.3509
4.2700
-5.3200
0.9100
401
429
466
413
455
-0.0698
-0.9404
-0.3362
3.9900
-3.9200
-1.7500
415
455
498
427
439
-0.0781
-0.9145
-0.3416
2.2400
-3.2900
-1.8900
422
467
510
432
431
-0.0825
-0.9350
-0.3455
4.4800
-5.4600
-1.4700
427
472
516
437
420
-0.0971
-0.9340
-0.3279
0.7700
-4.6200
-5.2500
433
481
520
444
415
-0.0874
-0.9111
-0.3192
1.3300
-4.1300
-6.2300
437
487
523
448
412
-0.0776
-0.9028
-0.3455
0.6300
-3.5000
-2.8700
440
491
524
451
410
-0.0781
-0.9238
-0.3494
3.5000
-1.8200
-2.1700
442
492
524
453
409
-0.0786
-0.9287
-0.3192
1.9600
-4.0600
-2.2400
442
493
525
454
409
-0.0971
-0.9374
-0.3377
3.0100
-3.3600
-3.0800
443
493
525
455
409
-0.0786
-0.9248
-0.3279
1.7500
-3.7800
-2.9400
443
493
525
455
409
-0.0898
-0.9272
-0.3279
2.3100
-2.7300
-2.5900
443
492
525
455
409
-0.0922
-0.9189
-0.3245
1.5400
-3.7800
-2.0300
442
492
525
454
409
-0.0883
-0.9409
-0.3338
4.6900
-3.9900
-0.9100
442
492
525
454
410
-0.0893
-0.9496
-0.3470
3.5000
-3.3600
-2.3800
442
491
524
454
410
-0.0795
-0.9418
-0.3323
3.5000
-2.2400
-2.5200
440
490
524
453
410
-0.0942
-0.9272
-0.3353
-7.4900
-1.2600
-1.7500
436
486
522
452
410
-0.0864
-0.9052
-0.3460
-1.2600
-1.8200
-5.1100
431
480
516
446
412
-0.0786
-0.9272
-0.3182
-2.5200
-2.3100
-7.2100
424
471
504
441
415
-0.1357
-0.9443
-0.4055
1.2600
-0.3500
-6.4400
418
462
488
432
417
-0.0649
-0.9379
-0.3299
-10.5700
-1.4000
-5.6000
408
448
459
422
421
-0.0732
-0.9135
-0.4011
-7.5600
1.2600
-6.7900
398
427
428
408
427
-0.0610
-0.9043
-0.3470
-6.3700
0.7000
-6.0900
385
397
392
389
440
-0.0571
-0.9033
-0.3650
1.2600
-0.0700
-5.3900
369
369
363
372
453
-0.0386
-0.9165
-0.3694
-0.4900
-2.1000
-5.1100
356
350
343
360
467
-0.0483
-0.9340
-0.4119
3.1500
-1.4700
-6.7900
348
339
329
352
481
-0.0415
-0.9272
-0.3875
4.8300
-3.2900
-5.1800
341
330
322
348
496
-0.0205
-0.9184
-0.3748
2.1000
-3.4300
-3.1500
336
324
317
345
505
-0.0259
-0.9135
-0.3943
0.3500
-3.9200
-3.4300
329
318
312
343
508
-0.0224
-0.9087
-0.3880
17.7100
-4.5500
-2.3800
323
312
311
342
507
-0.0273
-0.9013
-0.3928
3.6400
-5.9500
-0.1400
316
311
313
343
505
-0.0395
-0.9326
-0.3963
4.9000
-3.9200
-1.4700
316
313
315
344
505
-0.0376
-0.9292
-0.3811
3.5700
-3.5000
-3.3600
313
314
316
345
503
-0.0312
-0.9331
-0.3855
2.4500
-3.9900
-2.3800
312
314
317
345
500
-0.0425
-0.9355
-0.3802
3.0800
-3.1500
-3.5700
311
314
317
345
503
-0.0439
-0.9252
-0.4026
7.4900
-2.7300
-4.6900
311
313
315
343
502
-0.0268
-0.9204
-0.3626
4.3400
-4.6200
-2.2400
311
314
316
344
501
-0.0449
-0.9077
-0.3675
2.2400
-3.9200
-3.0800
311
313
314
343
507
-0.0400
-0.9213
-0.3689
0.9100
-4.2700
-3.5000
311
314
315
343
506
-0.0371
-0.9140
-0.3670
0.7000
-5.1800
-2.3100
312
314
315
344
512
-0.0454
-0.9252
-0.3660
1.5400
-4.0600
-1.9600
313
314
316
344
513
-0.0361
-0.9160
-0.3577
-1.3300
-3.7800
-0.8400
313
314
315
344
511
-0.0410
-0.9189
-0.3723
1.7500
-4.1300
-3.7100
313
314
315
344
514
-0.0361
-0.9292
-0.3655
1.1900
-4.4800
-3.1500
313
314
314
344
516
-0.0439
-0.9262
-0.3723
3.9900
-4.7600
-3.1500
314
314
315
344
513
-0.0454
-0.9374
-0.3597
1.9600
-3.8500
-3.3600
314
314
315
344
513
-0.0429
-0.9277
-0.3636
5.0400
-4.6900
-4.2700
314
314
315
344
513
-0.0366
-0.9374
-0.3558
3.0100
-5.6700
-2.8700
315
314
315
344
510
-0.0473
-0.9316
-0.3616
1.1900
-4.6900
-2.6600
315
315
317
345
508
-0.0429
-0.9443
-0.3680
1.0500
-4.8300
-4.6200
317
319
321
346
502
-0.0332
-0.9340
-0.3650
3.2200
-4.4800
-4.5500
319
321
324
347
499
-0.0459
-0.9384
-0.3499
0.7000
-4.8300
-2.0300
326
329
332
350
487
-0.0439
-0.8930
-0.3572
0.6300
-0.7700
-2.5900
335
339
344
355
472
-0.0337
-0.9233
-0.3870
2.7300
-5.8100
2.1000
353
360
369
364
465
-0.0561
-0.9174
-0.3665
7.8400
-7.8400
0.8400
381
399
418
388
457
-0.0434
-0.9482
-0.3826
8.4700
-6.7200
4.4800
401
435
469
413
452
-0.0571
-0.9321
-0.3328
9.8000
-5.7400
3.2200
416
460
502
429
448
-0.0800
-0.9672
-0.3489
8.4700
-6.0200
1.0500
430
477
516
440
444
-0.0956
-0.9428
-0.3333
1.1200
-4.3400
-0.8400
437
483
521
448
440
-0.0820
-0.9404
-0.3094
1.3300
-1.7500
-0.4200
438
485
522
451
439
-0.0771
-0.9277
-0.3406
4.7600
-5.1100
-2.7300
439
487
524
454
437
-0.0917
-0.9472
-0.3426
5.3900
-5.8100
-1.2600
440
487
524
454
434
-0.0971
-0.9472
-0.3338
4.6200
-5.3200
-3.2900
440
487
524
454
436
-0.1103
-0.9472
-0.3240
1.4000
-4.3400
-3.5700
440
486
524
454
437
-0.1059
-0.9331
-0.3362
3.3600
-3.9900
-2.0300
439
486
523
454
437
-0.0976
-0.9370
-0.3231
-0.2100
-4.9000
-1.7500
439
486
523
454
437
-0.1030
-0.9306
-0.3289
0.7000
-2.3100
-3.7800
438
485
523
453
437
-0.0874
-0.9374
-0.3255
1.1900
-4.2000
-2.0300
438
485
523
453
436
-0.0966
-0.9370
-0.3260
1.2600
-3.2900
-4.2000
438
485
523
453
429
-0.0952
-0.9414
-0.3333
0.7700
-3.7100
-4.1300
438
485
523
452
419
-0.0898
-0.9365
-0.3411
3.2900
-3.7100
-4.5500
438
485
523
452
409
-0.0898
-0.9453
-0.3348
1.0500
-3.2900
-5.0400
438
485
523
452
404
-0.0986
-0.9301
-0.3294
0.6300
-1.3300
-1.1200
438
486
523
452
397
-0.0888
-0.9252
-0.3318
0.0700
-1.4700
-2.7300
438
486
523
452
396
-0.0722
-0.9204
-0.3231
1.1900
0.8400
-4.4800
435
483
521
450
396
-0.0815
-0.9443
-0.3601
-0.4900
-3.2200
-13.9300
427
473
511
443
401
-0.0581
-0.9438
-0.3123
4.0600
-1.1200
-6.9300
420
464
496
436
404
-0.0590
-0.9365
-0.3001
3.5000
-1.8200
-6.7200
416
452
477
428
409
-0.0459
-0.9379
-0.2708
1.8200
-6.3700
-12.8100
410
437
441
420
416
-0.0439
-0.9233
-0.3494
1.9600
-9.1700
-14.7000
403
418
409
407
433
-0.0332
-0.9252
-0.3675
-1.5400
-7.9100
-6.7200
393
389
379
389
457
-0.0195
-0.9252
-0.3509
4.4800
-0.5600
2.0300
379
366
358
375
484
-0.0356
-0.9292
-0.3216
-1.8200
-2.8000
-0.5600
364
348
340
362
507
-0.0283
-0.9101
-0.3479
1.4000
-1.2600
-3.7800
353
337
327
353
529
-0.0171
-0.9209
-0.3431
-1.6800
-1.8900
-4.9700
346
330
320
347
543
-0.0215
-0.9418
-0.3450
2.1700
-2.9400
-3.7100
338
325
316
345
542
-0.0171
-0.9360
-0.3606
0.4200
-5.6000
0.9800
320
320
315
345
542
-0.0195
-0.9316
-0.3582
5.6700
-5.3200
-1.8200
315
321
318
346
542
-0.0229
-0.9428
-0.3475
6.0900
-5.3900
-2.8000
311
320
318
346
539
-0.0220
-0.9272
-0.3606
5.5300
-4.2700
-2.1700
308
317
316
345
537
-0.0190
-0.9287
-0.3538
-1.0500
-2.8000
-2.8000
304
314
314
344
542
-0.0249
-0.9087
-0.3475
2.3800
-2.3100
-1.8200
301
310
311
342
544
-0.0190
-0.9296
-0.3665
5.6000
-5.2500
-2.0300
301
309
310
342
541
-0.0268
-0.9555
-0.3514
5.2500
-4.2700
-4.4100
300
308
309
340
543
-0.0327
-0.9355
-0.3440
1.8200
-4.4100
-3.4300
301
309
309
340
544
-0.0234
-0.9209
-0.3416
1.4700
-4.4800
-1.7500
301
308
308
339
544
-0.0273
-0.9209
-0.3411
-1.4700
-3.9200
-0.1400
301
308
308
339
542
-0.0273
-0.9316
-0.3494
3.4300
-4.2000
-2.5900
301
307
307
339
544
-0.0195
-0.9477
-0.3475
3.1500
-4.8300
-3.1500
301
308
307
339
544
-0.0400
-0.9384
-0.3494
5.5300
-5.2500
-3.4300
302
308
308
339
541
-0.0278
-0.9414
-0.3411
2.8700
-4.4100
-3.1500
302
308
308
338
541
-0.0356
-0.9301
-0.3479
3.0800
-3.6400
-3.2900
302
307
306
337
544
-0.0176
-0.9350
-0.3470
4.5500
-5.3900
-2.2400
301
305
304
336
545
-0.0386
-0.9389
-0.3304
1.0500
-4.3400
-3.2200
302
305
304
336
543
-0.0356
-0.9399
-0.3445
2.1000
-3.9200
-4.6200
302
305
304
336
546
-0.0332
-0.9418
-0.3421
1.4000
-6.6500
-3.0100
302
305
304
336
543
-0.0390
-0.9335
-0.3372
2.0300
-3.4300
-2.9400
302
305
304
336
538
-0.0283
-0.9365
-0.3353
1.6800
-4.2700
-3.2200
302
306
306
336
536
-0.0317
-0.9433
-0.3387
6.0200
-7.2800
-1.8200
305
310
311
338
526
-0.0371
-0.9692
-0.3348
2.5200
-5.1100
-0.8400
311
321
321
342
511
-0.0395
-0.9389
-0.3587
-0.2800
-2.4500
5.8100
325
335
338
351
483
-0.0508
-0.9443
-0.3338
-0.2800
-4.0600
3.3600
354
361
369
367
465
-0.0483
-0.9599
-0.3328
7.8400
-6.3000
7.3500
386
407
436
399
453
-0.0756
-0.9418
-0.3143
33.9500
-9.2400
5.3900
404
445
486
423
441
-0.0878
-0.9355
-0.3353
8.4000
-6.0900
-1.4700
417
464
508
432
430
-0.0942
-0.9194
-0.2977
-5.6000
-2.8700
-0.6300
425
474
515
438
420
-0.0844
-0.9414
-0.3079
-2.7300
-3.7100
-3.0800
432
480
520
445
412
-0.0791
-0.9345
-0.2972
-0.7000
0.0000
0.7000
435
483
522
450
409
-0.0956
-0.9350
-0.2801
1.3300
-1.9600
-0.7700
436
485
524
454
408
-0.1020
-0.9492
-0.3055
1.8200
-2.3800
-1.1900
437
487
525
455
408
-0.1088
-0.9189
-0.2894
0.0000
-3.2900
-1.9600
437
487
525
456
408
-0.0908
-0.9165
-0.2791
-4.2700
-0.5600
-1.1900
438
487
525
456
408
-0.1020
-0.8994
-0.2850
0.3500
-1.4000
-0.9100
438
488
526
456
408
-0.1025
-0.9340
-0.2977
0.7000
-1.4000
-2.3100
438
487
526
456
406
-0.1200
-0.9199
-0.2674
-0.4900
-2.6600
-3.3600
437
487
526
456
408
-0.1205
-0.9374
-0.2962
1.5400
-2.9400
-3.5700
437
488
526
456
408
-0.1142
-0.9355
-0.2899
2.1000
-2.6600
-2.6600
437
487
526
456
408
-0.1176
-0.9433
-0.2982
-0.0700
-3.1500
-3.4300
437
487
525
455
408
-0.1152
-0.9335
-0.2913
-2.0300
0.9100
-5.3900
437
487
525
454
409
-0.1137
-0.9262
-0.3104
4.5500
3.7800
-3.4300
436
486
524
453
409
-0.1098
-0.9404
-0.3216
7.6300
1.1200
-5.2500
433
483
523
451
410
-0.0839
-0.9862
-0.2977
5.5300
-1.7500
-15.7500
428
475
513
444
412
-0.1035
-0.9370
-0.3113
-2.5200
17.7800
1.0500
421
464
486
434
419
-0.0927
-0.9135
-0.3489
2.2400
-1.8200
-5.0400
413
447
457
425
425
-0.0786
-0.9545
-0.3109
-2.7300
-3.5000
-8.1200
401
427
425
413
434
-0.0761
-0.9326
-0.3128
-1.4000
-2.9400
-2.0300
380
403
402
399
440
-0.0732
-0.9316
-0.3392
-4.9700
-2.8000
-3.0800
357
377
377
382
447
-0.0644
-0.9487
-0.3601
-12.3200
-1.5400
-0.6300
336
354
354
366
455
-0.0820
-0.9316
-0.3850
7.4900
-1.8200
-6.3700
324
339
336
355
467
-0.0483
-0.9667
-0.3357
5.0400
-4.9700
-5.3200
315
330
324
348
480
-0.0620
-0.9155
-0.3616
6.0900
-4.6200
-4.2700
311
325
318
341
493
-0.0742
-0.9350
-0.3367
7.8400
-3.5000
-4.2000
310
322
316
338
506
-0.0595
-0.9414
-0.3353
4.0600
-4.9700
-4.0600
310
322
315
337
530
-0.0625
-0.9496
-0.3392
3.7100
-5.5300
-3.8500
310
321
313
336
551
-0.0698
-0.9526
-0.3465
4.6200
-5.6000
-5.3900
308
319
312
335
568
-0.0673
-0.9506
-0.3533
4.2000
-5.1800
-4.4100
308
319
311
333
579
-0.0547
-0.9423
-0.3377
3.1500
-5.1100
-4.2000
309
319
312
334
580
-0.0610
-0.9428
-0.3382
0.5600
-4.8300
-3.9200
309
320
313
335
581
-0.0581
-0.9321
-0.3343
2.1700
-4.5500
-3.9200
310
321
313
335
582
-0.0586
-0.9409
-0.3479
4.2700
-5.0400
-3.5700
310
322
314
336
583
-0.0673
-0.9462
-0.3421
2.0300
-3.7100
-4.0600
311
322
315
336
581
-0.0581
-0.9409
-0.3274
1.0500
-4.2000
-3.7100
312
323
315
336
579
-0.0556
-0.9223
-0.3455
6.0200
-4.4800
-5.6000
312
323
315
336
580
-0.0459
-0.9618
-0.3436
3.7800
-3.5700
-5.1100
311
322
314
335
579
-0.0498
-0.9292
-0.3382
-0.7700
-5.7400
-2.3800
310
321
313
334
579
-0.0576
-0.9340
-0.3211
-0.2800
-4.9700
-3.9900
310
321
313
335
577
-0.0669
-0.9306
-0.3431
2.8000
-3.7800
-1.8900
311
320
313
334
577
-0.0483
-0.9135
-0.3396
2.9400
-2.8000
-2.5200
310
319
312
333
578
-0.0503
-0.9213
-0.3138
-4.6900
-3.7100
-2.8700
310
318
311
333
579
-0.0571
-0.9106
-0.3274
-1.2600
-3.2200
-2.8700
310
319
312
334
576
-0.0551
-0.9326
-0.3382
0.5600
-4.0600
-2.1000
311
320
314
335
571
-0.0561
-0.9453
-0.3338
-1.8900
-4.8300
-3.7800
312
325
321
339
562
-0.0786
-0.9697
-0.3587
-2.1000
-4.6200
-2.4500
315
332
327
342
554
-0.0703
-0.9438
-0.3528
3.8500
-3.5700
-3.5700
315
333
329
342
553
-0.0517
-0.9399
-0.3621
3.1500
-4.9000
-2.9400
317
336
333
344
541
-0.0512
-0.9184
-0.3567
1.9600
-3.7100
1.4700
332
354
356
357
504
-0.0839
-0.9389
-0.3548
4.4800
-3.7800
5.0400
368
392
408
385
474
-0.0800
-0.9745
-0.3465
14.1400
-7.3500
2.3100
408
444
480
417
452
-0.0917
-0.9511
-0.3377
11.7600
-6.5800
2.0300
426
467
506
428
440
-0.0986
-0.9687
-0.3240
5.9500
-7.8400
-4.4800
435
479
516
438
429
-0.0942
-0.9536
-0.3060
13.5800
-8.1200
-6.2300
439
484
520
445
418
-0.0844
-0.9457
-0.3045
11.0600
-0.2800
-3.7100
442
487
522
451
409
-0.0932
-0.9599
-0.2948
-2.4500
-2.4500
-4.4100
442
488
523
453
408
-0.1020
-0.9438
-0.3011
5.7400
-5.1800
-10.4300
443
488
523
454
407
-0.0605
-0.9487
-0.2928
7.0000
-4.3400
-2.2400
444
490
524
456
406
-0.0795
-0.9667
-0.2918
0.8400
-3.3600
-3.2900
444
490
524
456
406
-0.0854
-0.9579
-0.3030
4.9000
-3.1500
-4.7600
444
490
524
456
405
-0.0722
-0.9697
-0.3011
4.3400
-5.3200
-3.7100
444
490
524
457
406
-0.0888
-0.9511
-0.2938
2.5900
-4.9700
-4.6200
444
490
524
457
406
-0.0874
-0.9638
-0.3035
4.8300
-4.4800
-4.1300
444
490
524
457
404
-0.0815
-0.9672
-0.3094
2.9400
-4.4800
-4.1300
444
490
524
457
407
-0.0688
-0.9511
-0.3011
2.9400
-3.7800
-4.6200
443
489
524
457
407
-0.0712
-0.9501
-0.2957
0.2100
-3.2200
-2.6600
442
489
523
455
408
-0.0800
-0.9443
-0.2957
2.0300
-2.5200
-4.6900
441
488
522
452
409
-0.0693
-0.9648
-0.3045
-3.0100
-2.3800
-5.7400
438
483
518
449
412
0.0020
-1.0326
-0.3138
-4.7600
-2.0300
-7.4200
432
470
504
444
419
-0.0415
-0.9438
-0.2923
-3.6400
2.3100
-4.2700
424
452
473
433
428
-0.0449
-0.9374
-0.3299
-6.5800
0.5600
-3.8500
412
426
432
416
433
-0.0293
-0.9433
-0.3636
0.9800
-0.4900
-3.2900
401
399
393
397
446
-0.0468
-0.9721
-0.3621
7.9100
-1.2600
-5.2500
389
372
364
378
457
-0.0371
-0.9379
-0.3387
3.9200
-2.5900
-2.8000
379
354
346
366
473
-0.0346
-0.9340
-0.3362
1.1900
-3.2200
-2.5200
371
344
336
360
486
-0.0356
-0.9438
-0.3372
2.8000
1.8200
-2.5900
365
337
328
354
505
-0.0429
-0.9374
-0.3294
7.6300
-3.7100
-6.5800
358
327
320
347
523
-0.0200
-0.9414
-0.3074
2.1700
-4.7600
-3.0800
353
324
317
346
538
-0.0283
-0.9374
-0.3226
2.7300
-1.9600
-4.2000
351
324
315
344
560
-0.0312
-0.9321
-0.3113
2.6600
-2.7300
-2.7300
348
320
312
341
565
-0.0107
-0.9453
-0.3157
-0.7700
-2.6600
-1.6100
346
320
312
342
555
-0.0171
-0.9404
-0.3133
1.9600
-5.0400
-3.9200
346
321
314
343
552
-0.0185
-0.9428
-0.3279
0.0000
-4.4100
-1.4700
344
321
315
344
553
-0.0205
-0.9575
-0.3314
3.7100
-4.7600
-1.6800
339
323
317
345
553
-0.0312
-0.9701
-0.3362
7.0000
-4.5500
-1.8900
333
323
318
345
549
-0.0278
-0.9579
-0.3196
2.8000
-3.9900
-2.0300
334
324
319
346
549
-0.0239
-0.9370
-0.3240
0.7700
-3.0100
-2.3100
333
324
320
346
551
-0.0185
-0.9355
-0.3162
1.8900
-3.9200
-2.6600
332
322
320
346
550
-0.0234
-0.9399
-0.3211
0.4900
-4.3400
-1.5400
331
322
320
346
548
-0.0234
-0.9428
-0.3177
2.5200
-4.9000
-1.8200
330
320
319
345
549
-0.0273
-0.9526
-0.3377
5.8100
-5.5300
-2.9400
330
320
319
344
551
-0.0239
-0.9550
-0.3265
5.1100
-4.9000
-1.9600
331
320
319
345
551
-0.0332
-0.9492
-0.3221
4.1300
-5.3200
-2.3100
331
321
319
345
551
-0.0176
-0.9521
-0.3167
2.5900
-4.9000
-2.3800
331
321
319
344
553
-0.0342
-0.9628
-0.3162
2.2400
-4.5500
-2.3800
332
322
319
345
555
-0.0293
-0.9506
-0.3152
4.5500
-5.3200
-3.3600
332
321
319
345
560
-0.0215
-0.9575
-0.3099
6.5800
-6.0900
-1.8200
331
320
319
344
563
-0.0386
-0.9453
-0.3006
1.4700
-5.2500
-2.5900
330
318
318
343
561
-0.0346
-0.9579
-0.3016
-0.1400
-4.9700
-3.9200
332
322
321
344
558
-0.0351
-0.9462
-0.3050
-1.1200
-4.4800
-6.0200
335
327
326
346
553
-0.0268
-0.9453
-0.3089
-1.8900
-2.3100
-7.2100
344
338
338
351
544
-0.0161
-0.9345
-0.3006
-4.4100
-3.3600
-5.8800
357
359
359
361
506
-0.0078
-0.9482
-0.3387
-4.1300
-7.0700
-2.4500
385
398
420
392
470
-0.0024
-0.9111
-0.3431
6.3000
-4.9000
-0.2800
407
441
483
426
448
-0.0200
-1.0092
-0.3684
19.3200
-4.2700
-1.7500
423
466
514
442
431
-0.0386
-0.9335
-0.3811
1.3300
-1.3300
-0.3500
431
476
521
453
419
-0.0439
-0.9721
-0.3387
11.8300
-1.1200
-0.2800
434
480
524
457
416
-0.0342
-0.9335
-0.2908
8.6100
2.9400
-1.7500
434
481
524
458
415
-0.0547
-0.9794
-0.3426
2.8000
5.1800
-4.8300
434
484
525
459
411
-0.0346
-0.9140
-0.3314
1.4000
0.0700
-9.9400
434
487
526
458
406
-0.0024
-0.8872
-0.3060
11.9700
-2.9400
-4.0600
434
488
527
459
405
-0.0205
-0.9287
-0.2826
20.1600
-5.1100
-2.1700
434
488
527
458
405
-0.0068
-0.9716
-0.2220
14.2800
-3.0800
-2.1000
434
488
527
454
403
0.0015
-0.9604
-0.2274
-0.1400
-4.0600
-12.5300
433
488
526
452
400
0.0922
-1.0209
-0.2816
1.5400
0.7000
-19.8100
433
487
526
450
398
0.1030
-0.9238
-0.2362
3.0100
-13.1600
16.9400
432
487
526
450
398
-0.0054
-0.9731
-0.2469
-9.2400
-6.0200
-14.2800
432
487
526
449
397
0.0478
-0.9384
-0.2689
-2.0300
3.6400
-14.5600
431
486
526
449
396
0.1225
-0.9721
-0.2826
1.9600
2.3100
-3.8500
431
486
526
448
396
0.1074
-0.9575
-0.2762
1.9600
-0.0700
-1.2600
430
485
525
448
396
0.1220
-0.9809
-0.2826
1.1200
-0.5600
1.1900
430
484
525
447
397
0.0903
-0.9379
-0.2855
2.9400
0.5600
-1.6100
430
484
525
447
397
0.1142
-0.9672
-0.2801
6.0200
-2.8700
-7.0000
430
484
525
447
399
0.1108
-0.9628
-0.2460
-3.5700
-8.8200
10.8500
430
483
524
447
401
0.0522
-0.9750
-0.2733
2.4500
-2.4500
0.1400
429
483
524
447
402
0.0420
-0.9404
-0.2738
1.5400
-0.8400
3.2200
429
482
524
446
403
0.0405
-0.9506
-0.2733
2.4500
-1.9600
17.8500
429
482
524
446
403
0.0522
-0.9599
-0.2777
3.7100
-2.2400
-0.2100
429
482
523
445
403
0.0454
-0.9658
-0.2733
5.3900
-3.9900
-0.7000
429
481
523
445
404
0.0259
-0.9579
-0.2679
6.7200
-3.7800
-1.5400
429
481
523
445
405
0.0449
-0.9789
-0.2650
1.6100
-6.0200
1.1200
428
481
523
444
405
0.0425
-0.9545
-0.2704
6.3700
-10.5000
3.7100
428
481
523
444
406
0.0063
-0.9531
-0.2440
2.0300
-10.5700
8.9600
428
480
522
443
409
-0.0181
-0.9770
-0.2918
5.8800
-4.9000
0.2100
428
480
522
442
410
-0.0171
-0.9711
-0.2699
5.6000
0.7700
-2.2400
427
479
521
442
411
0.0015
-0.9843
-0.2474
5.8100
-1.7500
1.1200
427
479
521
441
412
0.0000
-0.9858
-0.2172
1.6100
-3.1500
2.5900
427
479
521
440
413
-0.0259
-0.9526
-0.2420
-2.2400
-3.5000
3.1500
427
478
520
440
414
-0.0410
-0.9780
-0.2186
1.4000
-4.2000
-1.2600
427
478
520
439
415
-0.0244
-0.9326
-0.2499
2.1000
-7.8400
4.5500
426
478
519
437
416
-0.0625
-0.9716
-0.2542
2.2400
-4.3400
2.7300
426
477
519
436
416
-0.0752
-0.9633
-0.2718
-0.2100
-3.2900
1.1900
426
477
519
435
417
-0.0595
-0.9506
-0.2645
2.6600
-4.2000
2.3100
426
476
518
434
415
-0.0693
-0.9687
-0.2596
5.4600
-4.8300
-2.5900
426
476
518
433
418
-0.0703
-0.9833
-0.2474
1.1200
-5.3200
0.5600
426
476
517
432
418
-0.0888
-0.9516
-0.2420
0.6300
-2.9400
-3.5000
426
476
517
431
418
-0.0644
-0.9379
-0.2547
0.9800
-3.5700
-2.9400
426
475
517
431
418
-0.0859
-0.9374
-0.2772
3.0100
-1.2600
-5.1800
426
475
517
431
419