-0.1801
-0.9623
-0.1801
-1.7500
-3.6400
-3.3600
420
465
496
421
445
-0.1767
-0.9477
-0.1957
0.3500
-3.7800
-3.0800
420
465
496
421
445
-0.1781
-0.9550
-0.1928
1.6800
-3.6400
-1.5400
420
465
496
421
445
-0.1713
-0.9521
-0.2001
2.1000
-3.6400
-3.0800
420
465
496
422
445
-0.1674
-0.9667
-0.1972
1.4700
-3.7800
-2.2400
420
465
496
422
445
-0.1747
-0.9589
-0.2006
1.3300
-4.1300
-3.2900
420
465
496
422
445
-0.1728
-0.9521
-0.1952
1.5400
-4.1300
-3.7800
419
465
495
422
445
-0.1693
-0.9570
-0.2079
3.9900
-4.4100
-2.5200
420
465
492
422
445
-0.1762
-0.9750
-0.2074
0.0700
-3.2900
-3.7100
420
465
490
422
445
-0.1728
-0.9570
-0.2103
4.4100
-4.8300
-1.9600
418
465
490
422
445
-0.1986
-0.9770
-0.1972
1.2600
-2.8000
-2.5200
413
464
490
422
443
-0.1810
-0.9653
-0.2020
1.6800
-2.4500
-3.2900
413
464
490
422
446
-0.1703
-0.9658
-0.1932
1.6100
-5.2500
-1.2600
413
464
489
422
443
-0.1830
-0.9648
-0.1908
0.2800
-4.5500
-3.2900
413
464
489
422
446
-0.1737
-0.9511
-0.1981
1.0500
-4.5500
-2.7300
413
464
489
422
444
-0.1732
-0.9658
-0.1967
4.0600
-4.5500
-2.5200
413
464
489
422
446
-0.1791
-0.9609
-0.2113
1.4000
-2.6600
-2.8700
413
464
489
422
443
-0.1732
-0.9682
-0.1913
3.4300
-4.4800
-0.7700
413
464
489
422
446
-0.1854
-0.9496
-0.2035
-3.3600
-3.2900
-1.8200
413
464
489
422
446
-0.1801
-0.9477
-0.1932
1.6100
-3.6400
-3.9200
413
464
489
422
446
-0.1737
-0.9575
-0.2040
-3.7100
-3.0100
-1.4000
414
464
489
422
446
-0.1879
-0.9287
-0.2211
0.2100
-2.8700
-2.5200
414
464
489
422
446
-0.1757
-0.9570
-0.2157
-0.6300
-2.5200
-1.4000
414
464
489
422
446
-0.1737
-0.9589
-0.2425
-3.6400
-0.6300
-2.3100
413
463
487
423
446
-0.1928
-0.9814
-0.2313
-15.4700
2.6600
-6.7200
411
454
478
423
445
-0.1757
-0.9204
-0.2865
-9.8700
-0.7000
-0.7700
407
446
468
424
445
-0.1967
-0.9106
-0.3065
-7.0000
3.3600
-0.4900
403
436
451
425
445
-0.1723
-0.9433
-0.3377
-2.5200
-1.9600
-3.0100
395
421
427
425
446
-0.1908
-0.9155
-0.3353
-0.6300
-0.3500
-3.6400
385
402
401
425
446
-0.1835
-0.9296
-0.3245
-2.1700
2.3100
-3.5700
372
382
376
424
447
-0.1801
-0.9199
-0.3323
-3.7800
-0.8400
-7.4200
356
364
359
424
448
-0.1596
-0.9233
-0.3494
-1.4000
-0.1400
-5.1100
338
350
351
423
449
-0.1649
-0.9135
-0.3606
0.2800
1.9600
-3.5000
315
331
343
422
450
-0.1610
-0.9184
-0.3855
-0.7000
0.7700
-6.3700
298
313
330
421
451
-0.0917
-0.9277
-0.3723
1.5400
-1.0500
-5.1100
285
296
306
419
452
-0.1327
-0.9087
-0.3884
4.4800
-0.6300
-0.7700
282
286
290
423
454
-0.1464
-0.9306
-0.3806
9.5900
-1.1900
-5.6700
274
274
274
428
455
-0.1132
-0.9135
-0.3518
5.7400
-4.2700
-4.7600
265
265
267
433
455
-0.1303
-0.9023
-0.3523
4.0600
-0.2800
-5.1100
255
258
262
436
456
-0.1181
-0.9209
-0.3499
5.5300
-3.5700
-0.4900
249
253
260
436
457
-0.1322
-0.9228
-0.3548
3.5000
-2.5200
-2.8000
251
254
259
436
459
-0.1205
-0.9248
-0.3601
5.4600
-2.5200
-2.5900
253
255
259
436
465
-0.1362
-0.9238
-0.3445
3.5700
-5.9500
-7.7700
254
255
258
435
469
-0.1205
-0.9379
-0.3514
2.7300
-3.5000
-4.6200
255
256
259
434
472
-0.1210
-0.9248
-0.3367
2.0300
-5.8800
-4.2700
255
257
260
434
472
-0.1396
-0.9223
-0.3411
1.2600
-4.5500
-5.3200
256
257
261
434
474
-0.1313
-0.9170
-0.3431
-0.5600
-3.1500
-4.0600
257
258
263
435
471
-0.1215
-0.9204
-0.3523
0.7700
-3.1500
-4.3400
257
258
264
435
476
-0.1264
-0.9209
-0.3382
4.9700
-4.2000
-2.5900
258
258
264
435
475
-0.1171
-0.9272
-0.3343
0.1400
-5.8100
-3.1500
258
258
265
435
481
-0.1313
-0.9321
-0.3543
5.4600
-3.2200
-5.4600
259
259
265
435
480
-0.1225
-0.9272
-0.3265
0.5600
-4.3400
-3.3600
259
259
266
435
481
-0.1235
-0.9228
-0.3382
1.4000
-4.2000
-3.9200
260
259
266
435
483
-0.1322
-0.9126
-0.3455
2.3100
-3.7800
-3.5000
260
259
266
435
485
-0.1205
-0.9199
-0.3431
1.9600
-3.4300
-2.5200
260
259
266
435
494
-0.1220
-0.9199
-0.3479
1.2600
-4.2700
-2.7300
261
259
266
435
497
-0.1191
-0.9209
-0.3377
0.7700
-5.8800
-3.5700
261
258
266
434
509
-0.1381
-0.9189
-0.3504
2.2400
-3.4300
-2.3100
262
257
266
434
510
-0.1215
-0.9282
-0.3411
2.4500
-3.6400
-2.1000
262
257
266
434
516
-0.1176
-0.9252
-0.3455
2.0300
-4.2700
-1.0500
263
256
265
434
522
-0.1274
-0.9252
-0.3382
3.0100
-4.6200
-3.6400
263
256
266
433
521
-0.1254
-0.9262
-0.3299
-2.9400
-3.3600
-4.6900
263
258
268
432
497
-0.1230
-0.9126
-0.3509
1.2600
-2.8700
-5.3900
265
263
273
431
484
-0.1074
-0.9135
-0.3450
-3.9200
-6.0200
-2.0300
279
276
286
430
477
-0.1293
-0.9179
-0.3616
1.4000
-8.6800
2.3800
310
310
334
431
469
-0.1518
-0.9160
-0.3694
2.0300
-7.0700
5.0400
353
372
414
434
458
-0.1459
-0.9145
-0.3318
4.2000
-11.6200
0.8400
385
424
473
436
448
-0.1688
-0.9165
-0.3372
3.6400
-7.7000
6.0200
409
455
501
439
441
-0.1747
-0.9228
-0.3504
6.8600
-6.2300
0.3500
416
469
510
443
436
-0.1645
-0.9301
-0.3279
4.2000
-3.7100
0.9100
417
472
513
446
430
-0.1908
-0.9174
-0.3128
-1.0500
-5.4600
-0.2800
418
476
516
448
427
-0.1708
-0.8984
-0.3226
5.8800
-8.8900
0.0000
417
480
518
449
424
-0.1869
-0.9345
-0.3445
11.8300
-2.5200
-2.5900
417
481
518
450
422
-0.2011
-0.9262
-0.3250
2.2400
-1.6100
-2.7300
416
481
518
450
421
-0.1918
-0.9262
-0.3294
3.3600
-4.6200
0.7700
416
480
518
450
420
-0.2069
-0.9204
-0.3128
1.7500
-3.9900
-2.8700
415
480
518
450
422
-0.2040
-0.9340
-0.3221
2.5900
-1.2600
0.1400
414
479
518
449
423
-0.1996
-0.9111
-0.3182
-0.3500
-2.1000
0.0000
413
478
517
449
422
-0.2196
-0.9023
-0.3177
0.6300
-0.0700
3.5700
412
476
516
448
422
-0.2089
-0.9277
-0.3206
2.3100
-0.2800
1.8900
412
475
516
448
421
-0.2152
-0.9311
-0.3387
5.5300
-1.1200
-3.1500
412
476
516
447
420
-0.1986
-0.9399
-0.3094
-0.4900
-2.2400
-16.8700
412
476
516
447
419
-0.1796
-0.9018
-0.3084
-7.1400
-8.5400
-4.8300
412
475
515
447
419
-0.2162
-0.9048
-0.3318
2.7300
-3.0800
-2.5200
411
473
514
446
421
-0.2216
-0.9111
-0.3343
1.2600
-4.2000
-2.4500
403
464
503
443
424
-0.2167
-0.9218
-0.3270
-4.3400
-4.0600
0.0000
397
455
489
439
426
-0.2181
-0.9052
-0.3601
-0.7700
0.3500
-4.6200
392
444
474
437
428
-0.1957
-0.9111
-0.3548
-1.6800
2.4500
-4.3400
391
428
453
435
430
-0.2040
-0.9018
-0.3723
-0.9100
-1.3300
-6.1600
392
395
415
435
432
-0.1830
-0.9077
-0.3743
11.9700
3.3600
-2.6600
369
355
376
436
436
-0.2079
-0.8872
-0.3323
10.7100
-2.3100
-5.1800
339
325
343
436
440
-0.1840
-0.8974
-0.3314
2.8000
-2.8700
-3.0800
317
309
323
435
446
-0.2015
-0.8984
-0.3357
4.0600
-3.0100
-3.5000
296
296
310
435
453
-0.1942
-0.9238
-0.3260
1.2600
-3.7800
-8.0500
281
284
292
434
454
-0.1810
-0.9209
-0.3494
12.3200
-1.0500
-2.2400
272
274
277
432
457
-0.1737
-0.9414
-0.3113
4.3400
-4.9000
-6.7200
267
270
269
431
466
-0.1527
-0.9155
-0.3245
7.5600
-2.8700
-7.2100
265
267
267
430
475
-0.1713
-0.9306
-0.2996
4.2700
-3.4300
-5.5300
263
263
262
427
483
-0.1659
-0.9008
-0.3084
2.3100
-5.1800
-0.8400
262
261
259
425
484
-0.1728
-0.9379
-0.3021
2.6600
-3.6400
-5.6700
261
257
256
423
493
-0.1596
-0.9516
-0.3250
9.2400
-6.9300
-4.1300
261
257
255
422
491
-0.1767
-0.9428
-0.2967
5.2500
-3.6400
-6.1600
261
256
255
421
496
-0.1806
-0.9111
-0.2860
-1.9600
-5.6000
-1.5400
262
257
256
420
498
-0.1713
-0.9170
-0.2948
1.8900
-5.1800
-2.3100
262
257
257
420
496
-0.1723
-0.9272
-0.2987
-0.6300
-3.6400
-2.5200
262
257
258
420
497
-0.1767
-0.9365
-0.3045
3.3600
-3.9900
-2.2400
263
258
259
420
497
-0.1830
-0.9433
-0.3045
3.7800
-4.1300
-2.9400
263
259
260
421
496
-0.1732
-0.9379
-0.2987
4.4800
-3.4300
-2.0300
263
259
260
421
498
-0.1732
-0.9331
-0.2943
3.2900
-3.2900
-3.2200
264
259
261
421
496
-0.1903
-0.9306
-0.2869
2.7300
-3.1500
-3.2900
264
259
262
420
499
-0.1586
-0.9233
-0.2933
3.9200
-4.1300
-1.2600
264
259
262
420
499
-0.1723
-0.9326
-0.2913
1.6100
-4.5500
-3.8500
264
260
263
420
498
-0.1752
-0.9345
-0.2782
2.0300
-3.8500
-2.2400
264
260
263
420
502
-0.1718
-0.9272
-0.2835
1.8200
-3.7800
-3.5700
265
260
263
420
503
-0.1762
-0.9204
-0.2865
3.5000
-4.9700
-2.6600
265
260
264
420
513
-0.1649
-0.9409
-0.2772
4.3400
-4.7600
-3.2200
265
259
264
419
514
-0.1913
-0.9243
-0.2850
1.0500
-4.2700
-2.4500
265
259
264
419
511
-0.1796
-0.9365
-0.2811
1.2600
-5.4600
-2.8000
266
258
264
419
525
-0.1786
-0.9360
-0.2684
0.2100
-4.2000
-3.6400
266
258
264
418
523
-0.1747
-0.9370
-0.2743
-2.3100
-3.7800
-4.9000
266
259
264
416
513
-0.1693
-0.9389
-0.2821
-7.4900
-2.4500
-9.8700
266
262
267
411
509
-0.1679
-0.9418
-0.3084
-15.6800
-1.1900
-0.9100
277
280
287
413
483
-0.1532
-0.8940
-0.3162
-1.4000
-10.2200
6.5100
318
335
365
422
472
-0.1874
-0.9184
-0.3094
10.2200
-13.3700
5.9500
371
410
454
429
462
-0.2079
-0.9340
-0.3030
14.0000
-7.0700
-0.5600
404
459
499
434
451
-0.2050
-0.9077
-0.3104
15.3300
-12.1100
1.1200
417
475
510
439
444
-0.2352
-0.9174
-0.2723
5.7400
-7.7000
-3.8500
422
481
515
443
436
-0.2186
-0.9316
-0.2664
-5.1800
-5.0400
-4.9700
422
485
518
448
426
-0.2216
-0.8901
-0.2440
0.3500
-3.0100
-1.2600
422
487
520
450
420
-0.2225
-0.9057
-0.2542
-1.1200
-3.0100
1.1200
422
487
520
451
419
-0.2294
-0.8896
-0.2533
-4.4100
-2.3800
0.6300
422
487
520
451
416
-0.2416
-0.8862
-0.2572
1.3300
-4.2700
-2.3800
421
487
520
451
419
-0.2430
-0.9091
-0.2601
-1.9600
-3.4300
-3.8500
421
486
520
451
419
-0.2357
-0.9052
-0.2572
-0.2800
-4.4100
-2.3100
421
486
520
451
419
-0.2440
-0.9096
-0.2430
1.4000
-3.0800
-6.8600
420
485
519
451
419
-0.2289
-0.9213
-0.2538
-5.7400
-4.9000
-5.8800
419
484
519
451
419
-0.2318
-0.9062
-0.2811
2.8700
-4.5500
-1.9600
418
483
518
450
419
-0.2347
-0.9365
-0.2601
3.3600
-3.3600
-4.9000
418
483
518
450
420
-0.2313
-0.9213
-0.2650
2.3800
-3.5000
-4.8300
417
483
518
450
420
-0.2284
-0.9233
-0.2743
2.1700
-2.2400
-4.7600
416
482
517
450
421
-0.2201
-0.9292
-0.2616
-5.6700
-1.1200
-9.5900
410
473
509
449
423
-0.2191
-0.9248
-0.3021
-4.7600
-5.8800
-8.2600
400
449
481
447
428
-0.2084
-0.9204
-0.2830
-8.9600
-2.5900
-6.2300
396
406
432
442
436
-0.2147
-0.9248
-0.3314
3.0100
-1.1200
-3.9200
381
375
388
438
443
-0.2030
-0.9213
-0.2943
5.1100
0.1400
-5.0400
368
348
352
436
448
-0.2069
-0.9277
-0.2918
2.5900
-1.9600
-3.1500
345
326
327
434
460
-0.2001
-0.9340
-0.3109
5.6700
-1.4700
-8.6100
320
305
303
432
461
-0.1893
-0.9394
-0.3001
13.6500
-2.1000
-0.9100
293
287
284
430
467
-0.1840
-0.9453
-0.2991
9.9400
-6.1600
-1.6100
271
276
273
427
476
-0.1957
-0.9394
-0.2757
14.4900
-4.8300
-6.7200
252
265
261
422
487
-0.1874
-0.9443
-0.2484
11.7600
-5.0400
-9.6600
243
256
252
416
496
-0.1747
-0.9516
-0.2347
6.4400
-4.0600
-2.2400
240
252
248
412
501
-0.1679
-0.9496
-0.2367
7.4900
-7.0700
-6.1600
239
250
246
409
510
-0.1810
-0.9365
-0.2225
1.8900
-3.8500
0.1400
240
251
247
408
514
-0.1850
-0.9594
-0.2323
4.4800
-4.4800
-2.2400
240
252
248
408
515
-0.1742
-0.9750
-0.2357
2.8000
-9.2400
-6.0900
241
252
249
407
524
-0.1893
-0.9623
-0.2372
3.9900
-4.1300
-3.7100
242
252
250
407
525
-0.1728
-0.9692
-0.2259
5.1800
-4.7600
-4.4800
243
253
251
407
523
-0.1752
-0.9511
-0.2284
2.5900
-2.6600
-2.7300
244
255
253
408
522
-0.1771
-0.9453
-0.2313
2.1000
-1.4000
-2.0300
246
257
256
409
519
-0.1796
-0.9492
-0.2137
1.2600
-2.3100
-3.8500
247
258
258
410
515
-0.1781
-0.9409
-0.2255
-1.3300
-3.7800
-2.8000
248
259
259
410
516
-0.1835
-0.9340
-0.2235
3.2900
-3.2200
-3.5700
249
259
260
410
518
-0.1693
-0.9477
-0.2181
-0.7000
-3.2200
-2.8000
249
259
260
410
518
-0.1757
-0.9384
-0.2323
2.5200
-4.6200
-2.8000
249
259
261
410
524
-0.1718
-0.9467
-0.2152
0.5600
-4.7600
-2.4500
251
259
261
410
524
-0.1708
-0.9501
-0.2313
3.8500
-3.6400
-4.1300
251
260
262
410
521
-0.1757
-0.9467
-0.2264
4.3400
-3.0800
-2.4500
252
260
263
410
526
-0.1645
-0.9570
-0.2089
2.3100
-4.6900
-1.2600
252
260
263
411
529
-0.1820
-0.9462
-0.2264
2.8000
-2.9400
-2.8000
252
260
263
410
526
-0.1791
-0.9555
-0.2216
5.1100
-2.5900
-1.6100
254
261
264
410
522
-0.1776
-0.9736
-0.2201
1.3300
-3.6400
-3.9200
255
261
265
409
521
-0.1776
-0.9628
-0.2352
0.6300
-2.5200
-3.2200
257
263
267
409
510
-0.1869
-0.9570
-0.2279
1.1200
-2.6600
-7.1400
264
265
269
409
499
-0.1762
-0.9584
-0.2352
-1.4700
-3.7800
-2.3800
272
271
275
410
486
-0.1654
-0.9726
-0.2450
-1.7500
-4.1300
1.0500
284
288
297
412
475
-0.1708
-0.9511
-0.2601
-2.8000
-3.2200
3.1500
311
320
343
415
470
-0.2069
-0.9487
-0.2533
-2.9400
-10.8500
-2.3100
350
375
408
419
460
-0.1947
-0.9350
-0.2684
9.7300
-12.0400
0.2100
378
421
463
423
449
-0.1928
-0.9243
-0.2264
14.9800
-10.8500
-0.0700
391
444
487
426
441
-0.2108
-0.9287
-0.2172
-4.4800
-5.8800
0.9800
408
467
504
431
431
-0.2089
-0.9004
-0.2318
4.9000
-3.0100
-0.5600
422
480
514
437
424
-0.2118
-0.9301
-0.2098
7.4200
-10.5700
-2.5900
426
486
519
442
419
-0.2137
-0.9409
-0.1923
-6.5100
-1.6100
-1.3300
425
490
521
446
415
-0.2303
-0.9174
-0.2747
-1.3300
1.7500
-2.3100
424
490
521
448
417
-0.2289
-0.9199
-0.2357
2.8700
-0.9100
-1.7500
424
491
522
449
417
-0.2377
-0.9248
-0.2318
1.1900
-3.2200
-5.3900
424
491
522
449
417
-0.2352
-0.9321
-0.2123
-0.5600
-1.7500
-5.2500
423
491
522
449
417
-0.2259
-0.9257
-0.2323
1.4700
-1.9600
-3.2900
423
491
522
449
417
-0.2303
-0.9340
-0.2450
-0.4200
-2.5200
-2.5900
422
491
522
449
417
-0.2342
-0.9277
-0.2367
0.2800
-1.7500
-2.3800
422
490
522
449
417
-0.2269
-0.9199
-0.2440
0.4900
-3.6400
-1.8900
422
490
521
449
417
-0.2338
-0.9194
-0.2362
3.7100
-3.0800
-1.6800
422
490
521
449
417
-0.2362
-0.9409
-0.2406
1.8200
-3.6400
-2.6600
421
490
521
449
416
-0.2416
-0.9301
-0.2469
6.5100
-2.8700
-3.1500
421
489
521
449
417
-0.2489
-0.9531
-0.2533
5.2500
-1.1900
-1.8900
422
489
519
446
418
-0.2499
-0.9223
-0.2596
-4.4800
-4.7600
-6.8600
420
484
513
441
422
-0.2372
-0.9350
-0.2684
3.4300
-1.4700
-10.3600
409
474
500
435
431
-0.2054
-0.9457
-0.2708
5.8100
-0.6300
-5.8800
396
461
477
433
439
-0.2220
-0.9599
-0.2259
10.1500
-0.1400
-5.6700
383
439
450
431
449
-0.2255
-0.9682
-0.2347
8.8200
-3.5000
-6.5800
382
415
418
428
458
-0.1893
-0.9628
-0.2372
9.4500
-9.4500
-8.0500
375
387
371
423
463
-0.1845
-0.9301
-0.2338
3.2900
-4.7600
-1.8900
363
365
348
421
472
-0.2001
-0.9662
-0.2206
0.0700
-9.4500
-9.7300
352
352
336
420
475
-0.1815
-0.9687
-0.2474
5.3900
-4.4800
-5.3200
344
337
331
418
476
-0.1806
-0.9355
-0.2250
5.0400
-7.7700
-7.6300
335
327
326
417
473
-0.1645
-0.9306
-0.2020
-5.6700
-8.6100
-7.2100
325
316
319
414
470
-0.1630
-0.9404
-0.2167
1.1900
-11.4800
-9.0300
319
308
318
411
471
-0.1552
-0.9736
-0.2172
-2.1000
-12.4600
-7.0000
316
302
320
408
472
-0.1889
-0.9521
-0.2220
3.9900
-7.5600
-4.5500
315
301
321
407
471
-0.1601
-0.9506
-0.2001
2.5900
-10.9200
-3.2900
313
299
322
405
470
-0.1776
-0.9453
-0.2006
-0.1400
-8.6800
-0.9100
313
299
323
405
472
-0.1703
-0.9579
-0.2069
2.8700
-6.0900
-4.9000
312
300
325
405
468
-0.1576
-0.9531
-0.2089
-0.9100
-3.2200
-1.8900
307
300
325
405
470
-0.1698
-0.9589
-0.2201
2.0300
-2.9400
-2.8000
306
301
326
405
466
-0.1718
-0.9609
-0.2152
2.3800
-4.3400
-3.3600
306
302
326
405
468
-0.1649
-0.9667
-0.2089
1.6800
-4.7600
-3.9200
304
303
327
405
466
-0.1596
-0.9604
-0.2157
1.6800
-4.3400
-3.7800
305
304
328
406
468
-0.1649
-0.9594
-0.2054
2.8000
-3.2200
-3.7100
304
304
328
406
468
-0.1649
-0.9540
-0.2167
2.5900
-3.2200
-2.5200
304
304
329
405
467
-0.1532
-0.9521
-0.2147
1.4700
-3.4300
-1.4000
301
304
329
405
467
-0.1620
-0.9623
-0.2152
0.0700
-3.6400
-2.2400
302
305
329
405
467
-0.1640
-0.9443
-0.2137
3.0800
-3.7800
-3.0100
302
305
329
405
467
-0.1654
-0.9540
-0.2054
0.0700
-4.3400
-2.5200
302
305
329
405
467
-0.1693
-0.9428
-0.2045
-0.7700
-3.9900
-1.9600
301
305
330
405
467
-0.1635
-0.9448
-0.2059
0.9100
-4.2700
-3.7100
301
306
330
405
467
-0.1654
-0.9550
-0.2069
2.1000
-4.2700
-3.7100
301
305
330
405
468
-0.1645
-0.9653
-0.1996
1.4000
-4.2000
-0.8400
301
305
330
405
468
-0.1747
-0.9594
-0.2128
1.4000
-3.6400
-3.7800
300
306
330
405
468
-0.1606
-0.9638
-0.2045
-2.5900
-0.6300
-1.4000
299
307
330
405
462
-0.1542
-0.9540
-0.2308
-4.6900
1.4000
-1.1900
303
310
328
406
466
-0.1645
-0.9575
-0.2313
-16.5900
3.2200
0.7700
311
316
325
409
465
-0.1757
-0.9374
-0.3050
-2.1000
0.7000
9.3800
338
354
368
416
461
-0.2001
-0.9223
-0.2933
5.8800
-6.7200
6.4400
370
410
442
422
445
-0.2001
-0.9335
-0.2791
3.0800
-10.5000
2.8700
392
442
485
427
439
-0.2396
-0.9409
-0.2494
6.5100
-8.2600
1.6800
405
464
505
431
432
-0.2059
-0.9243
-0.2445
-0.2800
-5.3200
-0.4200
409
478
514
436
426
-0.2133
-0.9091
-0.2621
-4.8300
-4.9000
-1.1200
409
484
518
443
421
-0.2352
-0.9370
-0.2518
-0.8400
-4.9000
-2.2400
410
486
520
447
419
-0.2054
-0.9350
-0.2523
3.0100
-3.7800
-3.7800
411
488
521
448
418
-0.2123
-0.9145
-0.2557
2.5200
-2.4500
-3.0100
411
488
521
449
415
-0.2172
-0.9170
-0.2411
3.2200
-1.9600
-1.7500
411
489
522
449
416
-0.2152
-0.9292
-0.2464
2.0300
-3.2200
-3.0100
411
489
522
449
416
-0.2191
-0.9501
-0.2674
11.6200
-7.2100
-1.4700
411
489
521
449
416
-0.2284
-0.9579
-0.2479
3.9900
-5.0400
-2.5900
412
490
521
449
416
-0.2318
-0.9501
-0.2528
0.6300
-3.8500
-1.8900
412
490
521
450
414
-0.2303
-0.9365
-0.2298
3.5700
-3.7800
-2.7300
412
490
521
450
416
-0.2216
-0.9409
-0.2386
-1.8200
-2.8000
-2.5200
412
490
521
449
416
-0.2308
-0.9282
-0.2499
5.3200
-3.3600
-4.6200
412
490
521
449
416
-0.2186
-0.9443
-0.2279
2.0300
-3.9900
-2.1700
412
489
521
449
416
-0.2269
-0.9482
-0.2445
4.0600
-3.8500
-2.3800
411
489
521
448
416
-0.2264
-0.9414
-0.2025
4.6200
-4.8300
-3.2900
411
489
521
448
416
-0.2206
-0.9311
-0.2577
3.4300
-1.5400
-2.8000
411
488
520
448
417
-0.2137
-0.9379
-0.2303
1.5400
0.4200
-3.1500
410
484
518
447
418
-0.2235
-0.9506
-0.2660
0.9800
-1.5400
-8.0500
398
469
504
444
420
-0.2069
-0.9292
-0.2464
0.7700
0.2800
-2.1000
386
455
485
440
421
-0.2216
-0.9374
-0.2469
1.5400
-0.8400
-4.2000
370
436
463
437
427
-0.2059
-0.9487
-0.2669
-1.1200
-0.9100
-2.9400
348
405
423
434
433
-0.1903
-0.9321
-0.2538
3.5000
1.0500
-6.1600
337
377
392
430
441
-0.2030
-0.9155
-0.2601
-0.0700
-1.4000
-7.9100
329
352
364
426
446
-0.1879
-0.9184
-0.2420
5.1800
-3.7100
-6.6500
315
332
342
422
450
-0.1810
-0.9145
-0.2318
0.8400
-5.1800
-3.4300
304
321
328
419
459
-0.1869
-0.9179
-0.2430
0.9800
-5.3900
-4.7600
295
312
319
417
471
-0.1664
-0.9423
-0.2489
4.8300
-8.4000
-4.4100
290
309
316
416
480
-0.1679
-0.9492
-0.2586
1.1200
-7.8400
-4.6900
283
302
309
414
486
-0.1732
-0.9467
-0.2381
0.2800
-9.6600
-3.9900
279
295
306
412
489
-0.1810
-0.9521
-0.2318
2.1000
-11.9000
-5.4600
276
291
308
410
492
-0.1737
-0.9462
-0.2396
5.0400
-9.1700
-5.9500
273
286
309
409
498
-0.1693
-0.9628
-0.2528
2.2400
-3.7800
-6.0900
271
286
309
412
499
-0.1645
-0.9379
-0.2313
2.5900
-5.1800
-5.7400
270
283
311
416
502
-0.1645
-0.9340
-0.2279
-1.0500
-4.6200
-4.6900
270
285
312
417
500
-0.1776
-0.9462
-0.2196
0.0000
-4.2700
-1.5400
271
285
313
417
501
-0.1674
-0.9335
-0.2269
2.2400
-3.5000
-1.6800
272
286
314
418
499
-0.1781
-0.9584
-0.2303
2.3800
-4.3400
-2.8700
272
287
315
418
496
-0.1728
-0.9379
-0.2240
2.3800
-4.2000
-1.6100
273
288
316
418
498
-0.1791
-0.9399
-0.2245
1.8900
-4.6900
-2.5900
273
288
316
418
496
-0.1781
-0.9423
-0.2094
1.1200
-3.8500
-3.2900
273
288
317
417
497
-0.1796
-0.9423
-0.2059
1.6100
-4.1300
-2.8700
273
288
317
417
497
-0.1728
-0.9462
-0.2137
0.5600
-3.7800
-4.6200
273
289
318
417
496
-0.1786
-0.9296
-0.2064
0.3500
-3.9900
-2.6600
273
289
318
417
499
-0.1703
-0.9448
-0.2186
-0.2800
-3.6400
-2.7300
274
289
319
417
498
-0.1752
-0.9536
-0.2133
2.1700
-4.4800
-2.8700
274
289
319
416
498
-0.1747
-0.9589
-0.2094
2.5200
-4.4100
-2.9400
274
289
319
416
498
-0.1732
-0.9477
-0.2113
1.9600
-3.5700
-3.6400
274
290
320
416
496
-0.1801
-0.9487
-0.2128
2.1700
-2.4500
-3.3600
275
290
320
416
499
-0.1810
-0.9443
-0.2035
2.1000
-5.1100
-3.9900
275
289
320
416
500
-0.1747
-0.9531
-0.1991
-0.1400
-3.9200
-2.9400
275
290
321
414
496
-0.1684
-0.9550
-0.2040
-7.2100
-0.2100
2.2400
276
294
321
414
491
-0.1967
-0.9443
-0.2269
-6.0900
3.0800
0.8400
280
296
319
413
475
-0.1840
-0.9365
-0.2367
-9.1700
-5.6700
-1.8900
289
305
321
412
467
-0.1820
-0.9243
-0.2484
-1.6100
-4.0600
-0.2800
297
317
333
414
465
-0.2094
-0.9472
-0.2523
6.0200
-2.2400
2.0300
321
350
377
418
461
-0.1952
-0.9540
-0.2572
2.3100
-3.3600
3.9900
345
387
428
421
457
-0.2186
-0.9540
-0.2430
3.3600
-9.6600
-0.1400
373
422
474
424
456
-0.2108
-0.9560
-0.2479
2.2400
-7.5600
-0.9100
400
451
501
427
450
-0.2191
-0.9374
-0.2552
2.3800
-6.1600
2.4500
416
468
513
431
447
-0.2347
-0.9477
-0.2401
2.8000
-6.0200
-2.2400
424
479
519
440
441
-0.2318
-0.9340
-0.2591
10.7100
-7.4200
-1.6800
428
484
521
443
442
-0.2386
-0.9614
-0.2328
4.2000
-4.4100
-4.6900
429
485
522
445
438
-0.2255
-0.9223
-0.2416
4.1300
0.6300
-3.3600
429
485
522
446
438
-0.2269
-0.9623
-0.2284
1.3300
-3.5700
-2.3800
429
485
523
447
436
-0.2176
-0.9218
-0.2176
-1.6800
-1.1200
-2.3100
429
485
523
447
436
-0.2220
-0.9272
-0.2181
0.4200
-2.5900
-2.1000
429
485
523
447
435
-0.2250
-0.9301
-0.2333
2.6600
-3.0100
-2.8700
428
485
523
447
436
-0.2259
-0.9296
-0.2303
1.7500
-4.6200
-1.8200
428
485
523
447
436
-0.2352
-0.9301
-0.2206
1.6800
-4.4100
-3.2900
427
484
523
446
435
-0.2279
-0.9301
-0.2230
3.0800
-3.5700
-1.6800
427
484
523
446
436
-0.2289
-0.9365
-0.2172
2.7300
-3.5700
-2.6600
427
483
523
446
433
-0.2338
-0.9462
-0.2372
4.0600
-2.5200
-3.2200
426
483
522
446
435
-0.2162
-0.9438
-0.2211
2.8000
-4.1300
-2.8000
426
483
522
446
436
-0.2347
-0.9316
-0.2255
2.5900
-4.4100
-3.5000
426
482
522
446
436
-0.2323
-0.9345
-0.2167
2.1700
-3.4300
-3.8500
426
482
522
445
436
-0.2284
-0.9565
-0.2313
2.8700
-3.3600
-2.3800
425
481
522
445
436
-0.2313
-0.9453
-0.2308
2.7300
-1.6100
-0.9800
424
479
521
445
437
-0.2298
-0.9370
-0.2074
3.2900
-2.4500
-1.3300
419
473
517
443
438
-0.2367
-0.9536
-0.2342
7.9100
-3.7100
-4.9700
406
455
501
439
443
-0.2298
-0.9374
-0.2255
6.7200
-3.0800
-4.5500
393
422
468
435
444
-0.2137
-0.9477
-0.1962
0.4900
0.5600
-6.0900
379
390
428
431
451
-0.2167
-0.9306
-0.2352
4.3400
0.5600
-3.8500
365
363
393
427
454
-0.2123
-0.9477
-0.2274
3.5700
-3.3600
-4.3400
351
340
364
424
462
-0.2420
-0.9301
-0.2162
2.4500
-8.1200
-10.0100
330
321
345
421
466
-0.1986
-0.9121
-0.2172
7.7000
-4.0600
-7.8400
314
307
333
419
474
-0.1932
-0.9550
-0.2128
4.0600
-3.8500
-4.4800
306
297
320
418
474
-0.2128
-0.9653
-0.2054
3.7800
-5.8100
-5.0400
299
288
309
416
478
-0.2050
-0.9462
-0.1972
9.1000
-6.4400
-7.5600
290
280
299
414
480
-0.1820
-0.9516
-0.1962
6.5100
-8.1200
-6.1600
286
274
296
412
486
-0.2030
-0.9516
-0.1976
1.7500
-8.1200
-5.4600
284
270
298
411
490
-0.1718
-0.9248
-0.1806
1.8900
-6.0900
-4.2000
282
268
300
410
490
-0.1830
-0.9394
-0.1791
4.0600
-4.7600
-0.2800
281
265
302
410
493
-0.1981
-0.9506
-0.1723
1.7500
-3.9200
-3.6400
281
265
304
409
488
-0.1728
-0.9536
-0.1674
-0.0700
-4.3400
-2.1700
282
263
306
409
490
-0.2045
-0.9423
-0.1825
0.9800
-1.8200
-2.5200
282
264
307
408
490
-0.1923
-0.9599
-0.1737
0.5600
-4.3400
-2.9400
283
264
308
408
487
-0.1937
-0.9433
-0.1728
0.4200
-3.9200
-2.1700
283
265
309
409
489
-0.1947
-0.9462
-0.1591
-1.6100
-3.2900
-2.6600
284
265
310
408
487
-0.1952
-0.9379
-0.1752
0.0000
-3.7800
-3.0800
285
266
310
408
489
-0.2040
-0.9487
-0.1586
-0.0700
-4.2000
-2.8700
285
267
311
409
489
-0.1981
-0.9477
-0.1762
1.3300
-3.6400
-3.4300
286
267
311
409
489
-0.2006
-0.9604
-0.1688
-0.4900
-3.7800
-2.8000
286
268
312
409
488
-0.1996
-0.9560
-0.1776
3.0100
-2.8700
-3.5700
286
269
312
409
485
-0.1923
-0.9579
-0.1806
2.6600
-4.4100
-1.9600
287
270
313
409
487
-0.2094
-0.9682
-0.1791
3.6400
-4.1300
-2.5900
287
270
313
409
487
-0.1962
-0.9565
-0.1845
3.8500
-4.2000
-3.1500
287
271
314
409
487
-0.2020
-0.9667
-0.1854
4.4800
-4.3400
-1.8900
288
271
314
409
487
-0.2011
-0.9653
-0.1767
4.9700
-3.9200
-3.9900
288
272
315
409
485
-0.2025
-0.9618
-0.1752
3.6400
-4.2700
-0.9100
288
272
315
409
488
-0.2094
-0.9467
-0.1708
1.7500
-2.2400
-2.1700
288
272
315
409
485
-0.2001
-0.9750
-0.1869
4.4100
-2.3800
-4.3400
288
272
315
409
487
-0.1918
-0.9536
-0.1781
2.8000
-4.6900
-3.2900
289
272
315
409
488
-0.1986
-0.9575
-0.1762
1.1200
-4.0600
-4.5500
289
272
316
409
488
-0.1850
-0.9506
-0.1669
-4.4100
2.5900
-4.2000
287
277
315
409
489
-0.1952
-0.9740
-0.2064
-1.3300
-2.3800
-7.0700
291
281
314
409
485
-0.1864
-0.9453
-0.1913
-19.8100
-0.5600
-6.0200
304
293
319
411
481
-0.1962
-0.9370
-0.2255
-5.1800
-5.9500
-8.1900
319
316
340
415
472
-0.2015
-0.9292
-0.2362
5.3200
3.1500
-4.2000
344
360
391
419
464
-0.1664
-0.9526
-0.2147
3.0100
-0.9800
-2.8000
361
394
435
422
456
-0.1728
-0.9594
-0.2191
0.8400
-1.1200
-0.5600
378
423
472
425
449
-0.1542
-0.9560
-0.2137
1.6100
-0.5600
-4.6900
397
450
500
430
435
-0.1718
-0.9179
-0.2245
-2.3800
-14.6300
-1.1900
409
465
513
435
418
-0.1762
-0.9414
-0.2191
-3.2200
-6.5800
-2.6600
413
472
518
439
408
-0.1776
-0.9516
-0.2342
-4.7600
-3.5000
-7.5600
414
476
521
442
399
-0.1601
-0.9428
-0.2240
-11.1300
-7.6300
-1.4700
413
478
523
445
392
-0.1479
-0.9282
-0.2650
8.4700
-4.5500
-0.7000
412
479
524
445
395
-0.1723
-0.9682
-0.2396
2.3100
-3.3600
-1.0500
411
479
524
445
395
-0.1649
-0.9496
-0.2586
2.4500
-5.3900
-2.9400
411
478
524
445
392
-0.1596
-0.9550
-0.2455
7.2100
-3.9900
-0.6300
411
478
524
445
395
-0.1810
-0.9589
-0.2440
-2.6600
-2.3800
-3.2200
410
478
524
445
395
-0.1664
-0.9267
-0.2460
1.0500
-4.1300
-3.1500
410
477
524
445
395
-0.1708
-0.9501
-0.2464
4.0600
-3.9900
-2.5200
410
477
524
445
395
-0.1684
-0.9477
-0.2518
2.1000
-3.6400
-2.4500
410
477
523
445
395
-0.1684
-0.9433
-0.2362
0.6300
-4.3400
-1.9600
409
477
523
445
395
-0.1659
-0.9560
-0.2538
6.8600
-3.4300
-1.9600
409
476
523
445
395
-0.1723
-0.9550
-0.2406
1.6800
-3.4300
-2.7300
409
476
523
444
396
-0.1718
-0.9492
-0.2342
0.7000
-4.0600
-2.3100
408
475
523
444
396
-0.1718
-0.9487
-0.2416
2.8700
-3.2200
-1.1200
408
475
522
444
396
-0.1684
-0.9579
-0.2328
2.0300
-2.3800
-1.3300
407
474
522
443
397
-0.1898
-0.9360
-0.2201
0.2800
-6.2300
-2.1700
402
467
521
443
397
-0.1684
-0.9521
-0.2259
1.1900
-4.0600
-2.6600
396
457
514
441
398
-0.1606
-0.9350
-0.1913
6.8600
0.0000
-0.4900
390
440
497
437
403
-0.1737
-0.9687
-0.2191
9.9400
-1.1200
-2.1700
378
410
472
433
409
-0.1820
-0.9526
-0.2523
11.6200
-3.0800
-2.8000
357
364
435
428
422
-0.1820
-0.9482
-0.1879
-0.2800
-5.6700
-2.7300
333
327
389
425
437
-0.1771
-0.9418
-0.1884
8.0500
-1.6800
0.2800
316
306
356
421
459
-0.1820
-0.9555
-0.1864
4.7600
-3.4300
1.4700
305
292
335
418
471
-0.1947
-0.9609
-0.1688
3.5700
-3.6400
-2.1700
298
282
322
416
489
-0.1664
-0.9658
-0.1757
6.5100
-5.8800
-3.1500
294
277
313
414
494
-0.1845
-0.9701
-0.1654
2.7300
-7.1400
-3.9200
291
274
311
413
503
-0.1728
-0.9750
-0.1684
0.3500
-4.2700
-5.3900
288
270
308
412
505
-0.1513
-0.9433
-0.1649
1.9600
-6.8600
-2.5900
286
266
307
410
503
-0.1610
-0.9589
-0.1659
0.2100
-5.6700
-2.3800
284
265
309
410
504
-0.1781
-0.9609
-0.1698
-0.4200
-5.7400
-3.0100
284
264
311
411
503
-0.1810
-0.9594
-0.1752
2.9400
-5.4600
-4.6200
284
263
313
411
501
-0.1713
-0.9687
-0.1752
3.2200
-4.4100
-2.0300
284
263
315
410
502
-0.1806
-0.9643
-0.1723
3.1500
-4.4100
-2.0300
285
263
316
410
498
-0.1864
-0.9628
-0.1767
5.3900
-3.0100
-3.2200
285
263
317
410
501
-0.1615
-0.9794
-0.1630
4.0600
-4.7600
-2.6600
285
264
317
410
500
-0.1703
-0.9658
-0.1732
4.1300
-2.6600
-3.0800
286
264
318
410
497
-0.1728
-0.9697
-0.1601
2.5200
-2.9400
-2.5200
286
265
319
410
499
-0.1718
-0.9545
-0.1723
2.3100
-3.9200
-2.1700
287
265
319
410
497
-0.1791
-0.9672
-0.1698
4.5500
-4.0600
-4.2000
287
265
320
410
499
-0.1693
-0.9731
-0.1620
2.0300
-4.5500
-3.5000
287
266
320
410
499
-0.1874
-0.9511
-0.1664
2.0300
-3.9900
-2.9400
288
266
321
410
496
-0.1845
-0.9614
-0.1645
1.4700
-3.9200
-2.8700
288
267
321
410
498
-0.1713
-0.9628
-0.1728
3.7800
-3.7100
-3.8500
288
267
322
410
497
-0.1737
-0.9633
-0.1713
2.1000
-4.0600
-2.1000
289
268
322
410
497
-0.1801
-0.9579
-0.1527
1.4700
-4.8300
-2.6600
289
268
322
410
496
-0.1767
-0.9614
-0.1747
0.2800
-3.2900
-2.5900
289
269
322
410
494
-0.1728
-0.9633
-0.1606
2.2400
-4.0600
-3.4300
289
269
323
410
496
-0.1688
-0.9628
-0.1757
3.0800
-4.8300
-2.6600
289
269
323
410
495
-0.1854
-0.9755
-0.1649
3.7100
-3.9900
-4.9000
290
269
323
410
493
-0.1659
-0.9633
-0.1649
1.2600
-4.6900
-2.6600
290
269
323
410
496
-0.1757
-0.9570
-0.1664
2.9400
-4.9000
-3.1500
290
270
324
410
493
-0.1786
-0.9736
-0.1610
4.2700
-4.8300
-3.2200
291
271
324
410
495
-0.1810
-0.9872
-0.1610
0.9800
-3.3600
-2.5900
292
271
325
410
495
-0.1806
-0.9706
-0.1664
2.6600
-0.7700
-2.5900
292
273
326
410
493
-0.1747
-0.9628
-0.1586
4.4100
0.8400
-4.4100
293
275
326
410
491
-0.1786
-0.9672
-0.1601
-0.9800
-2.2400
-3.2900
294
277
326
410
487
-0.1654
-0.9492
-0.1737
-6.3700
-1.6100
-5.2500
295
280
325
410
487
-0.1732
-0.9594
-0.1928
-8.6100
0.1400
-6.6500
299
283
322
411
485
-0.1371
-0.9521
-0.2006
-1.4700
0.5600
0.0700
308
294
330
414
482
-0.1576
-0.9618
-0.2181
3.4300
-0.9100
2.1000
323
324
362
416
477
-0.1723
-0.9672
-0.2015
4.5500
-1.3300
3.0100
346
367
416
419
467
-0.1708
-0.9677
-0.1898
0.7700
-2.9400
-0.9100
367
407
462
420
456
-0.1732
-0.9609
-0.2176
-8.7500
-1.2600
0.4200
388
439
494
426
437
-0.1669
-0.9575
-0.2357
-3.2200
-3.9200
-6.7900
401
455
507
430
419
-0.1698
-0.9721
-0.2406
-3.0800
-7.0700
-6.6500
408
463
514
434
408
-0.1674
-0.9560
-0.2474
3.5000
-5.7400
-3.9900
410
465
516
436
401
-0.1747
-0.9648
-0.2333
3.5700
-5.6700
-3.0100
412
468
519
437
401
-0.1806
-0.9462
-0.2479
3.2200
-3.5700
-2.0300
417
473
521
438
400
-0.1664
-0.9701
-0.2455
5.5300
-4.6900
-2.3100
422
476
522
439
400
-0.1654
-0.9531
-0.2377
0.6300
-4.0600
-1.4700
424
477
522
439
400
-0.1840
-0.9575
-0.2411
2.5900
-3.9900
-1.8900
425
477
522
439
400
-0.1693
-0.9536
-0.2377
2.5900
-3.5000
-2.5200
425
477
522
439
400
-0.1781
-0.9477
-0.2318
2.5200
-4.9700
-4.4800
425
477
522
439
400
-0.1752
-0.9506
-0.2303
2.1000
-4.0600
-1.5400
425
477
522
439
400
-0.1825
-0.9477
-0.2396
2.4500
-4.1300
-3.3600
425
476
522
439
400
-0.1757
-0.9536
-0.2362
3.0800
-4.1300
-1.5400
424
475
522
439
400
-0.1767
-0.9511
-0.2201
1.5400
-4.9700
-1.7500
424
475
521
439
400
-0.1840
-0.9604
-0.2342
1.4700
-4.4800
-2.3100
424
474
521
438
400
-0.1771
-0.9438
-0.2201
-1.1200
-2.8000
-2.5200
423
473
520
438
401
-0.1718
-0.9335
-0.2216
4.0600
-2.7300
-2.8700
421
470
518
437
400
-0.1928
-0.9638
-0.2713
6.6500
-4.2700
-6.3000
415
462
509
435
404
-0.1767
-0.9379
-0.2133
6.2300
-6.7200
-3.3600
404
445
484
432
407
-0.1728
-0.9736
-0.2133
1.6100
-5.6700
-2.8000
393
424
452
430
412
-0.1840
-0.9594
-0.2362
5.9500
-3.0800
-2.1700
381
399
416
428
422
-0.1806
-0.9662
-0.2045
4.4100
-3.8500
-1.9600
367
374
383
426
431
-0.2064
-0.9809
-0.1962
0.0700
-6.9300
-6.1600
347
337
352
423
443
-0.1781
-0.9584
-0.2040
3.6400
-5.9500
-4.7600
333
322
334
420
456
-0.1713
-0.9472
-0.2079
0.9100
-5.0400
-3.8500
324
311
323
418
472
-0.1728
-0.9453
-0.2133
4.3400
-4.3400
-3.6400
318
302
313
416
491
-0.1708
-0.9477
-0.2025
1.6100
-4.5500
-3.9900
312
294
304
414
494
-0.1606
-0.9526
-0.1991
2.5900
-5.2500
-4.9000
308
287
294
413
490
-0.1542
-0.9379
-0.1879
5.6000
-6.1600
-4.2700
304
283
294
411
491
-0.1591
-0.9516
-0.1820
0.8400
-8.1200
-3.3600
302
281
296
411
490
-0.1684
-0.9482
-0.1986
0.1400
-5.8100
-3.9200
300
279
298
410
490
-0.1498
-0.9662
-0.2001
-1.6800
-5.0400
-4.6900
299
278
299
409
493
-0.1630
-0.9658
-0.1981
6.2300
-6.8600
-5.5300
299
278
301
409
492
-0.1493
-0.9697
-0.2054
7.4200
-5.1800
-3.9200
298
277
302
408
495
-0.1596
-0.9701
-0.1830
4.2000
-3.9200
-5.3200
298
276
303
408
495
-0.1581
-0.9575
-0.1640
0.9800
-3.9200
-3.7800
298
275
303
408
496
-0.1415
-0.9536
-0.1874
1.7500
-5.7400
-0.7000
298
276
304
408
497
-0.1640
-0.9682
-0.1879
1.1900
-3.4300
-3.6400
299
276
304
408
498
-0.1576
-0.9526
-0.1830
1.6800
-4.8300
-3.1500
299
276
305
408
501
-0.1444
-0.9765
-0.1859
3.2200
-3.8500
-3.5000
300
276
306
408
499
-0.1586
-0.9716
-0.1815
2.3800
-4.2000
-3.9200
300
276
306
408
499
-0.1479
-0.9643
-0.1835
1.1200
-3.2900
-4.1300
301
276
307
408
498
-0.1566
-0.9609
-0.1840
3.1500
-3.8500
-3.1500
301
277
307
408
496
-0.1552
-0.9584
-0.1781
0.5600
-4.7600
-2.8700
302
277
308
408
495
-0.1581
-0.9594
-0.1854
1.8200
-4.0600
-3.2900
302
277
309
409
494
-0.1513
-0.9487
-0.1815
0.1400
-5.3900
-2.4500
302
278
309
409
491
-0.1488
-0.9565
-0.1776
-17.9200
-4.2000
-3.0100
303
278
309
409
492
-0.1537
-0.9555
-0.1859
2.0300
-3.2200
-2.2400
303
278
310
410
491
-0.1459
-0.9604
-0.1820
1.3300
-3.9900
-2.8700
303
279
310
410
490
-0.1557
-0.9618
-0.1830
-1.6800
-5.4600
-4.2000
305
279
310
410
487
-0.1376
-0.9487
-0.1771
0.2100
-4.7600
-2.1700
305
279
311
410
484
-0.1503
-0.9614
-0.1786
0.1400
-4.4100
-0.6300
306
280
312
410
487
-0.1484
-0.9643
-0.1952
-4.2000
-1.4000
2.6600
307
284
314
409
478
-0.1688
-0.9516
-0.2050
-1.6100
1.5400
2.8000
310
290
315
410
476
-0.1713
-0.9462
-0.2064
-1.8200
-3.0100
1.8900
320
307
331
411
472
-0.1732
-0.9584
-0.2025
-1.4700
-3.1500
1.9600
338
345
377
414
466
-0.1918
-0.9492
-0.2069
-1.6800
-6.0200
3.3600
367
406
452
420
455
-0.1854
-0.9575
-0.2333
2.4500
-5.3900
1.7500
393
450
494
427
443
-0.2128
-0.9423
-0.2011
-0.2800
-6.3000
0.9100
409
472
510
433
426
-0.2098
-0.9487
-0.2303
4.2700
-6.7900
-3.5700
412
486
519
443
413
-0.2079
-0.9692
-0.1913
-2.1000
-4.7600
-5.9500
413
491
523
449
405
-0.1806
-0.9467
-0.2176
5.0400
-4.8300
-2.8700
413
493
524
451
407
-0.2040
-0.9799
-0.2279
1.0500
-2.6600
-1.6100
413
494
525
453
407
-0.2040
-0.9594
-0.2294
-0.2100
-2.6600
-3.0800
414
494
526
453
406
-0.1913
-0.9565
-0.2181
-0.3500
-4.6200
-1.5400
414
494
526
454
407
-0.2025
-0.9453
-0.2338
-0.5600
-2.8000
-2.5200
413
494
526
454
407
-0.2035
-0.9453
-0.2323
0.9800
-3.5000
-3.5000
413
494
526
453
407
-0.1893
-0.9399
-0.2362
0.2100
-2.8700
-0.8400
413
494
526
454
407
-0.2113
-0.9521
-0.2347
3.9900
-3.9900
-3.8500
413
494
526
453
405
-0.1884
-0.9492
-0.2347
2.9400
-4.5500
-4.0600
413
494
525
453
407
-0.1976
-0.9565
-0.2342
-0.6300
-3.2900
-3.0100
413
493
525
453
407
-0.1957
-0.9335
-0.2294
-0.8400
-3.3600
-3.0800
413
493
525
453
408
-0.1903
-0.9438
-0.2303
-0.2100
-4.5500
-3.2900
413
493
525
452
408
-0.1952
-0.9340
-0.2308
1.9600
-2.2400
-2.5900
413
493
525
452
408
-0.1869
-0.9472
-0.2420
0.3500
-3.0100
-1.3300
413
493
524
450
409
-0.1957
-0.9501
-0.2274
0.5600
3.7800
-0.2800
413
491
522
448
411
-0.2079
-0.9404
-0.2542
3.1500
1.4000
-4.6200
413
487
516
446
410
-0.2006
-0.9653
-0.2596
-5.2500
0.2800
-7.9100
405
472
488
443
415
-0.1752
-0.9570
-0.2850
-0.6300
6.2300
-5.7400
387
445
451
438
422
-0.1708
-0.9331
-0.2660
0.2800
0.2100
-2.8700
375
418
419
435
429
-0.1825
-0.9384
-0.2762
1.1200
-1.0500
-5.9500
374
386
386
432
437
-0.1728
-0.9399
-0.2904
2.8000
-3.6400
-2.0300
360
357
358
429
438
-0.1664
-0.9487
-0.2674
0.4900
-4.0600
-7.9800
347
334
336
426
449
-0.1649
-0.9414
-0.2874
1.9600
-5.6700
-5.6700
338
321
323
423
455
-0.1464
-0.9355
-0.2718
-1.0500
-7.3500
-5.1800
329
309
312
421
468
-0.1396
-0.9389
-0.2928
1.8200
-6.8600
-3.8500
323
301
305
419
473
-0.1440
-0.9482
-0.2777
2.5200
-9.7300
-4.5500
318
296
303
417
479
-0.1474
-0.9540
-0.2860
-2.3800
-10.6400
-3.0800
316
293
305
415
482
-0.1391
-0.9457
-0.2913
1.9600
-8.8900
-3.1500
316
291
307
414
482
-0.1620
-0.9404
-0.2669
-2.0300
-5.9500
-2.3100
313
289
308
412
484
-0.1435
-0.9287
-0.2713
0.6300
-5.2500
-2.5200
312
288
309
411
485
-0.1357
-0.9457
-0.2913
0.8400
-3.2200
-2.1700
310
289
310
411
486
-0.1659
-0.9326
-0.2840
0.7000
-1.3300
-3.9900
310
290
311
410
485
-0.1498
-0.9389
-0.2855
2.0300
-2.5900
-3.6400
310
290
312
409
486
-0.1440
-0.9438
-0.2782
2.7300
-4.4100
-1.8900
311
291
313
409
486
-0.1523
-0.9433
-0.2772
3.3600
-2.6600
-2.9400
311
291
314
409
484
-0.1396
-0.9453
-0.2908
3.2200
-0.4200
-1.9600
312
292
315
410
485
-0.1444
-0.9409
-0.2786
3.4300
1.0500
-3.3600
312
293
316
410
482
-0.1405
-0.9453
-0.2767
-0.1400
-2.1000
-3.7100
313
294
316
411
483
-0.1484
-0.9326
-0.2850
1.7500
-3.6400
-2.8700
314
295
316
411
483
-0.1547
-0.9423
-0.2806
0.2100
-2.4500
-2.9400
314
295
317
411
482
-0.1357
-0.9340
-0.2782
0.8400
-2.7300
-2.1700
314
295
318
412
482
-0.1318
-0.9384
-0.2816
0.6300
-5.2500
-2.6600
314
296
318
412
480
-0.1547
-0.9467
-0.2918
0.9800
-3.3600
-3.4300
315
296
318
412
482
-0.1357
-0.9379
-0.2845
2.2400
-4.6900
-2.6600
315
296
319
412
479
-0.1459
-0.9423
-0.2850
2.1000
-5.2500
-3.2900
315
297
319
412
482
-0.1474
-0.9350
-0.2782
1.2600
-4.4100
-2.5200
315
297
319
412
482
-0.1469
-0.9414
-0.2782
1.1900
-4.0600
-2.6600
315
297
320
412
482
-0.1318
-0.9370
-0.2865
-0.2100
-3.0100
-2.4500
315
297
320
412
481
-0.1376
-0.9394
-0.2743
0.4200
-5.2500
-2.0300
316
298
320
412
480
-0.1420
-0.9389
-0.2811
-5.8800
2.7300
-1.6100
316
300
320
412
481
-0.1357
-0.9228
-0.3001
-5.5300
3.7800
-3.0800
314
302
319
413
480
-0.1371
-0.9238
-0.3133
-0.7700
-2.7300
-4.5500
317
305
317
413
479
-0.1205
-0.9106
-0.3216
4.5500
2.0300
2.0300
332
325
341
416
475
-0.1552
-0.9199
-0.3084
7.0700
-8.7500
1.2600
358
376
409
421
467
-0.1498
-0.9457
-0.3001
4.4100
-6.7900
-1.5400
377
419
468
427
456
-0.1576
-0.9384
-0.2840
10.8500
-7.3500
3.1500
391
443
498
432
447
-0.1698
-0.9101
-0.2611
16.8700
-3.6400
1.4700
407
465
515
439
434
-0.1708
-0.9311
-0.2523
7.0000
-1.7500
-4.2700
416
477
521
444
428
-0.1723
-0.9599
-0.2547
5.7400
-2.6600
-2.1000
418
481
523
446
424
-0.1718
-0.9462
-0.2474
3.9200
-4.7600
-2.3100
419
482
524
446
426
-0.1698
-0.9589
-0.3719
2.8000
-5.8100
-2.6600
420
482
524
447
425
-0.1840
-0.9506
-0.2401
0.9800
-4.6900
-3.7100
420
483
524
447
425
-0.1806
-0.9477
-0.2518
3.0800
-4.1300
-2.2400
422
485
525
447
425
-0.1786
-0.9340
-0.2381
-0.5600
-3.9200
-2.2400
423
486
525
447
422
-0.1840
-0.9409
-0.2494
6.4400
-2.4500
-2.3800
423
486
525
447
425
-0.1747
-0.9516
-0.2411
-0.9800
-4.2000
-3.7100
423
486
525
448
425
-0.1752
-0.9414
-0.2630
-4.8300
-3.3600
-4.5500
423
486
525
447
425
-0.1786
-0.9423
-0.2528
0.2800
-4.3400
-3.3600
423
486
525
447
425
-0.1801
-0.9331
-0.2513
2.1700
-4.3400
-2.6600
423
486
525
447
425
-0.1830
-0.9570
-0.2616
-0.1400
-4.4100
-3.6400
422
485
525
446
426
-0.1874
-0.9331
-0.2425
-5.4600
-3.0100
-6.7200
420
483
524
445
427
-0.1742
-0.9296
-0.2684
-0.7000
-4.2000
-4.6200
420
481
523
442
429
-0.1562
-0.9218
-0.2635
-3.2900
-2.4500
-4.9700
414
475
519
440
429
-0.1703
-0.9223
-0.2777
-5.4600
-4.6200
-7.4200
404
465
510
437
434
-0.1762
-0.9389
-0.3040
-6.3700
-5.6700
-8.6800
396
454
499
433
435
-0.1527
-0.9277
-0.3060
-4.9000
-1.9600
-4.3400
385
428
465
430
441
-0.1454
-0.9457
-0.3260
-3.7800
-1.1900
-8.5400
374
393
421
429
443
-0.1420
-0.9189
-0.3060
-4.1300
-2.2400
-8.4000
352
353
373
428
447
-0.1425
-0.9238
-0.3470
-4.7600
-4.0600
-5.0400
327
316
332
428
449
-0.1293
-0.9184
-0.3484
2.6600
-2.2400
-4.0600
313
296
308
427
454
-0.1220
-0.9287
-0.3353
3.2200
-4.9700
-3.8500
306
287
296
425
461
-0.1220
-0.9155
-0.3323
1.8900
-8.1900
0.8400
302
284
293
424
482
-0.1318
-0.9213
-0.3357
-4.0600
-14.1400
-3.7800
299
283
292
423
486
-0.1454
-0.9145
-0.3357
-0.9100
-5.8100
-4.9700
298
282
294
424
488
-0.1000
-0.9023
-0.3562
0.3500
-6.9300
-1.8900
295
279
297
425
487
-0.1576
-0.9170
-0.3494
-1.1900
-8.6800
-2.3100
292
275
299
425
484
-0.1337
-0.9252
-0.3645
3.1500
-6.3700
-4.8300
292
275
301
424
483
-0.1347
-0.9252
-0.3606
0.0000
-7.4200
-5.4600
292
277
302
424
476
-0.1571
-0.9140
-0.3601
0.7700
-5.6000
-3.4300
293
278
303
424
476
-0.1371
-0.9287
-0.3558
4.6900
-5.4600
-3.7100
294
279
303
424
473
-0.1469
-0.9165
-0.3631
3.2900
-2.3800
-3.5700
295
280
304
424
475
-0.1401
-0.9228
-0.3538
-0.1400
-2.5900
-2.3100
296
280
305
425
475
-0.1381
-0.9116
-0.3509
0.8400
-2.4500
-1.1900
296
280
305
425
475
-0.1337
-0.9145
-0.3504
5.1100
-1.8900
-3.0100
297
281
306
425
475
-0.1391
-0.9116
-0.3523
4.3400
-5.1800
-3.6400
297
281
307
425
476
-0.1391
-0.9257
-0.3450
0.9100
-3.4300
-1.8200
298
282
307
425
476
-0.1405
-0.9189
-0.3328
2.5200
-4.1300
-1.8900
299
282
308
426
474
-0.1415
-0.9174
-0.3372
1.1200
-5.6700
-3.5000
299
282
308
426
476
-0.1391
-0.9155
-0.3436
2.1000
-4.4100
-2.5900
300
283
309
425
474
-0.1435
-0.9233
-0.3309
1.1200
-5.1800
-1.1200
300
283
309
425
477
-0.1440
-0.9243
-0.3431
3.1500
-2.3100
-4.2700
300
283
310
425
477
-0.1430
-0.9326
-0.3499
2.8700
-3.5000
-0.7700
301
283
310
425
476
-0.1459
-0.9370
-0.3323
4.4100
-7.2800
-4.4100
301
283
311
425
476
-0.1318
-0.9331
-0.3362
0.2800
-4.5500
-2.5200
301
283
311
425
476
-0.1493
-0.9218
-0.3333
3.5000
-3.1500
-4.3400
301
283
311
425
476
-0.1401
-0.9282
-0.3206
1.8200
-4.5500
-3.8500
301
283
311
424
475
-0.1362
-0.9209
-0.3226
-3.3600
-4.1300
-1.9600
301
284
312
424
477
-0.1376
-0.9121
-0.3348
-11.9700
1.7500
1.9600
304
289
315
421
474
-0.1366
-0.9043
-0.3728
3.5000
-6.0200
-11.2700
315
297
320
422
473
-0.0966
-0.9179
-0.3733
11.6900
-1.9600
-0.5600
343
342
372
426
463
-0.1127
-0.9165
-0.3392
15.8900
-3.4300
4.8300
372
408
459
431
447
-0.1523
-0.8969
-0.3030
27.1600
-20.6500
-0.7000
391
444
500
435
438
-0.2006
-0.8960
-0.2494
9.8700
-11.2000
2.8700
408
470
516
442
422
-0.1845
-0.9096
-0.2401
-7.4200
-5.6700
-1.4700
416
482
521
448
417
-0.2020
-0.9335
-0.2786
-2.5200
-5.4600
-0.9800
415
488
524
450
413
-0.1840
-0.9423
-0.2635
2.8000
-3.3600
-2.0300
416
490
525
452
412
-0.1679
-0.9287
-0.2645
3.0100
-2.3100
-2.2400
416
491
526
453
411
-0.1830
-0.9301
-0.2664
-0.2100
-2.0300
-2.8700
416
491
526
453
409
-0.1732
-0.9370
-0.2533
-0.2100
-2.3800
-1.4000
416
491
526
453
411
-0.1747
-0.9526
-0.2713
1.7500
-2.2400
-2.4500
416
491
526
453
411
-0.1771
-0.9453
-0.2689
0.7000
-3.6400
-0.3500
416
491
526
453
413
-0.1752
-0.9360
-0.2503
-1.9600
-4.3400
-1.6800
416
492
526
453
413
-0.1757
-0.9199
-0.2635
-0.2100
-2.9400
-4.2000
416
491
526
453
411
-0.1801
-0.9277
-0.2577
3.1500
-5.2500
-3.0800
416
491
526
453
413
-0.1732
-0.9370
-0.2640
0.0700
-4.4100
-3.7800
416
491
526
453
414
-0.1723
-0.9316
-0.2601
3.1500
-4.7600
-3.1500
416
491
526
452
414
-0.1728
-0.9457
-0.2723
0.7700
-3.5000
-3.7100
416
490
525
452
414
-0.1767
-0.9316
-0.2567
-1.6800
-2.7300
-4.4100
415
489
525
452
414
-0.1547
-0.9145
-0.2508
0.1400
-3.3600
-2.2400
415
484
523
452
414
-0.1781
-0.9487
-0.2660
-1.8200
-0.2800
-2.3800
412
479
519
451
415
-0.1688
-0.9077
-0.2684
3.7100
0.2100
-3.7100
409
468
511
451
416
-0.1654
-0.9399
-0.2713
-8.1200
2.9400
-6.0900
401
440
476
450
419
-0.1630
-0.9394
-0.3104
3.7100
5.1100
-2.8700
400
402
435
448
423
-0.1391
-0.9443
-0.2752
6.8600
-1.4700
-4.1300
387
370
389
447
432
-0.1362
-0.9316
-0.3021
2.3100
4.1300
-6.3000
361
315
330
445
442
-0.1205
-0.9467
-0.3211
13.3000
5.3200
-3.4300
328
273
287
445
450
-0.1200
-0.9565
-0.2669
4.7600
-3.2900
17.1500
310
264
277
445
458
-0.1596
-0.9428
-0.2606
2.5200
-4.9700
0.1400
303
263
277
445
458
-0.1459
-0.9438
-0.2621
5.4600
-6.7900
-0.1400
300
261
280
444
462
-0.1571
-0.9540
-0.2684
8.4700
-4.6200
-2.1000
296
260
283
444
467
-0.1581
-0.9740
-0.2591
6.9300
-4.9000
-2.3100
293
259
286
442
468
-0.1586
-0.9428
-0.2606
-1.1900
-3.6400
-0.9100
291
260
287
442
467
-0.1723
-0.9579
-0.2440
0.0000
-3.4300
-3.9900
290
262
288
442
464
-0.1474
-0.9623
-0.2752
5.3200
-7.1400
-4.6900
289
263
290
441
462
-0.1620
-0.9594
-0.2533
0.7000
-6.2300
0.0700
286
266
292
441
459
-0.1615
-0.9482
-0.2679
2.1700
-4.0600
-2.8700
283
268
294
441
458
-0.1498
-0.9453
-0.2572
1.1900
-4.9000
-3.0100
280
269
295
441
456
-0.1586
-0.9457
-0.2669
-2.9400
-3.9900
-2.8700
277
272
295
441
455
-0.1688
-0.9496
-0.2757
3.1500
-2.8000
-3.6400
275
273
295
441
455
-0.1513
-0.9545
-0.2699
3.3600
-7.2100
-3.5000
272
273
296
441
455
-0.1630
-0.9536
-0.2908
3.0800
-5.4600
-3.2200
269
274
297
440
454
-0.1566
-0.9594
-0.2718
2.1000
-3.5000
-3.5000
267
274
298
440
454
-0.1566
-0.9477
-0.2689
-1.9600
-4.5500
-2.8700
266
276
298
440
453
-0.1542
-0.9462
-0.2782
2.5200
-4.6900
-4.4800
256
276
298
439
452
-0.1606
-0.9472
-0.2762
4.3400
-4.4100
-2.3100
252
276
299
438
452
-0.1723
-0.9570
-0.2782
3.2900
-3.0800
-3.3600
252
277
299
436
452
-0.1586
-0.9589
-0.2762
2.9400
-6.3000
-3.9200
253
277
300
436
452
-0.1737
-0.9540
-0.2801
2.1700
-5.8100
-5.8800
257
279
302
436
451
-0.1484
-0.9628
-0.2650
-3.2900
-9.9400
-8.4000
267
287
314
435
452
-0.1118
-0.9306
-0.3123
5.9500
-2.5900
2.0300
283
300
331
434
447
-0.1918
-0.9467
-0.2860
4.2000
-6.7900
-2.5200
315
338
382
435
440
-0.1776
-0.9326
-0.2889
1.1900
-21.0000
-9.4500
365
413
461
437
437
-0.1703
-0.9584
-0.2513
2.6600
-19.4600
-6.0900
395
457
498
437
434
-0.2011
-0.9780
-0.2684
5.7400
-12.6000
-3.5700
407
473
509
439
432
-0.1718
-0.9697
-0.2469
4.4800
-8.6100
-2.5200
411
481
514
440
432
-0.1591
-0.9633
-0.2460
3.1500
-8.1200
-4.2000
412
486
519
441
431
-0.1532
-0.9316
-0.2499
6.8600
-7.2100
-3.6400
414
489
521
442
431
-0.1669
-0.9409
-0.2621
1.0500
-1.6800
-0.9100
414
490
522
443
428
-0.1615
-0.9423
-0.2562
1.4700
-2.8700
-3.1500
414
490
523
443
430
-0.1508
-0.9482
-0.2596
2.5200
-4.7600
-2.3100
414
490
523
443
430
-0.1596
-0.9555
-0.2567
2.8700
-2.7300
-2.5200
414
490
523
443
430
-0.1488
-0.9555
-0.2538
0.9800
-3.4300
-4.1300
414
490
523
443
430
-0.1527
-0.9506
-0.2552
0.4200
-3.1500
-3.1500
414
489
523
443
430
-0.1537
-0.9477
-0.2650
2.3100
-3.0100
-3.1500
414
488
522
443
430
-0.1576
-0.9506
-0.2552
0.1400
-2.3100
-0.4900
413
486
522
443
428
-0.1586
-0.9672
-0.2816
-1.8200
-0.5600
-0.4200
411
482
518
443
431
-0.1698
-0.9545
-0.2928
5.5300
-4.8300
-8.8200
400
467
506
442
430
-0.1591
-0.9536
-0.2464
12.0400
-1.2600
-6.3700
389
449
495
441
430
-0.1396
-0.9584
-0.2084
3.7800
1.2600
-4.9000
374
423
474
442
431
-0.1362
-0.9736
-0.2352
0.6300
2.0300
-3.5700
360
395
437
442
435
-0.1523
-0.9404
-0.2176
-2.5200
0.9800
-3.6400
345
366
393
442
438
-0.1166
-0.9404
-0.2372
0.7000
1.0500
-6.8600
319
332
358
442
436
-0.1083
-0.9794
-0.2294
-2.3800
-0.4200
-11.0600
282
300
332
442
439
-0.1118
-0.9194
-0.2621
5.0400
-3.6400
-9.2400
261
282
318
443
438
-0.0932
-0.9496
-0.2255
-0.9800
-4.2000
-3.5000
248
269
303
443
445
-0.0956
-0.9414
-0.2528
1.3300
-7.2800
-2.3800
243
264
299
443
447
-0.1015
-0.9711
-0.2303
-0.9800
-8.1200
-7.0700
241
262
298
444
453
-0.1093
-0.9609
-0.2533
4.4800
-2.8000
-6.5800
238
260
297
447
452
-0.0834
-0.9545
-0.2474
8.8200
0.2800
1.3300
238
262
298
449
454
-0.0991
-0.9594
-0.2157
-1.7500
-7.4200
1.1900
238
264
299
449
456
-0.1220
-0.9545
-0.2528
-4.6200
-5.7400
-1.0500
239
266
300
449
458
-0.1230
-0.9399
-0.2416
0.6300
-4.1300
-0.8400
240
268
302
449
457
-0.1396
-0.9531
-0.2542
1.4700
-4.5500
-1.9600
240
268
302
449
459
-0.1322
-0.9540
-0.2352
-1.8200
-5.5300
-4.1300
241
269
302
447
460
-0.1240
-0.9443
-0.2499
1.4000
-5.8800
-2.3100
241
269
304
447
461
-0.1264
-0.9526
-0.2372
-0.6300
-4.9000
-2.1700
242
270
304
447
459
-0.1283
-0.9536
-0.2455
2.5200
-4.2700
-2.5900
243
270
305
447
462
-0.1181
-0.9501
-0.2401
-0.9800
-3.9200
-3.8500
243
271
305
447
458
-0.1132
-0.9579
-0.2577
1.1900
-3.6400
-1.6100
244
272
307
447
460
-0.1127
-0.9638
-0.2435
0.7700
-2.4500
-2.8000
245
273
308
447
458
-0.1161
-0.9540
-0.2586
0.7000
-4.2000
-3.7100
245
273
308
446
461
-0.1074
-0.9653
-0.2562
2.6600
-3.9900
-3.4300
245
274
308
446
459
-0.1225
-0.9594
-0.2674
1.6100
-3.5000
-3.1500
246
274
308
445
462
-0.1181
-0.9589
-0.2538
2.2400
-3.6400
-2.3100
246
274
309
445
462
-0.1157
-0.9599
-0.2557
1.8200
-4.9700
-2.8000
246
274
309
445
463
-0.1225
-0.9599
-0.2499
3.5700
-4.3400
-4.4800
247
275
309
444
463
-0.1074
-0.9477
-0.2508
3.2900
-4.6200
-3.2200
247
275
309
444
464
-0.1259
-0.9662
-0.2503
3.5700
-4.7600
-3.6400
247
275
309
444
464
-0.1186
-0.9653
-0.2450
3.5700
-5.5300
-3.3600
247
276
309
444
465
-0.1103
-0.9623
-0.2489
-0.5600
-2.0300
-2.2400
247
276
310
444
465
-0.1279
-0.9467
-0.2450
-1.7500
-1.2600
-2.8700
248
278
312
442
461
-0.1249
-0.9570
-0.2752
-7.0700
1.0500
4.2700
249
280
317
441
453
-0.1161
-0.9414
-0.2845
-13.4400
6.7200
6.3000
261
289
325
440
443
-0.1523
-0.9360
-0.3070
4.7600
-7.8400
-0.2800
295
320
363
441
437
-0.1293
-0.9555
-0.3074
14.5600
-5.1100
-3.7100
344
385
435
444
429
-0.1410
-0.9633
-0.2738
19.0400
-1.0500
0.4200
383
447
495
449
421
-0.1440
-0.9575
-0.2308
8.9600
-0.9800
2.2400
398
473
511
452
416
-0.1547
-0.9438
-0.2596
4.6900
-0.9100
-1.0500
404
483
518
454
410
-0.1640
-0.9496
-0.2308
7.0700
-2.8000
1.6100
406
488
522
456
408
-0.1674
-0.9477
-0.2279
1.2600
-3.5000
0.4200
408
491
524
458
407
-0.1698
-0.9228
-0.2250
0.9100
-3.2900
1.4000
408
491
524
458
404
-0.1810
-0.9540
-0.2240
-1.3300
-4.0600
-0.7700
409
491
524
458
406
-0.1820
-0.9433
-0.2274
1.5400
-5.3200
-1.9600
409
491
524
458
406
-0.1845
-0.9536
-0.2259
2.8000
-3.2900
-1.8900
409
490
524
458
406
-0.1830
-0.9462
-0.2294
2.1700
-3.3600
-1.0500
409
490
524
458
406
-0.1815
-0.9501
-0.2250
-0.9800
-2.6600
-1.5400
409
490
524
458
406
-0.1742
-0.9399
-0.2225
-1.8900
-4.2000
-3.7100
409
490
524
458
406
-0.1684
-0.9433
-0.2479
3.0800
-3.2900
-2.6600
409
489
524
458
406
-0.1684
-0.9545
-0.2367
2.8000
-3.5000
-2.2400
409
488
524
457
404
-0.1820
-0.9526
-0.2347
1.7500
-3.6400
-1.8200
409
487
523
457
406
-0.1801
-0.9540
-0.2303
3.1500
-4.4100
-2.6600
409
486
523
456
407
-0.1762
-0.9638
-0.2323
-3.6400
-3.9900
-1.6800
408
484
522
454
407
-0.1723
-0.9370
-0.2528
-5.8100
-2.5200
-3.4300
408
481
520
453
408
-0.1645
-0.9536
-0.2684
-4.2000
-2.3100
-3.2200
407
475
511
451
409
-0.1693
-0.9609
-0.2669
-3.7800
-1.8200
-1.6800
406
465
491
449
412
-0.1762
-0.9374
-0.2572
-9.7300
-2.3100
-3.5000
402
453
467
447
418
-0.1693
-0.9257
-0.3109
-6.5100
1.4700
-2.2400
398
436
438
444
425
-0.1054
-0.9272
-0.2913
-2.5900
3.6400
-1.4000
384
416
414
442
433
-0.1664
-0.9350
-0.3050
-7.1400
-6.3700
-11.2700
370
398
398
442
449
-0.1635
-0.9199
-0.3162
-2.1700
-7.0700
-8.3300
357
375
378
441
450
-0.1703
-0.9121
-0.3148
1.5400
-3.2200
-1.1200
349
360
362
441
446
-0.1537
-0.9209
-0.3221
7.8400
-3.0100
-7.3500
342
349
352
439
443
-0.1523
-0.9423
-0.3050
-6.7900
-7.1400
-4.1300
336
340
349
436
440
-0.1425
-0.9360
-0.3582
8.9600
-4.6200
-9.5900
330
333
348
435
440
-0.1332
-0.9374
-0.3309
3.6400
-5.9500
-5.7400
324
325
344
434
444
-0.1547
-0.9126
-0.2967
4.5500
-2.5900
-4.4800
320
320
341
434
447
-0.1269
-0.9218
-0.2786
5.6700
-3.2200
-2.8000
319
317
341
434
446
-0.1264
-0.9199
-0.2938
3.2200
-4.2700
-1.8900
317
317
341
434
447
-0.1420
-0.9487
-0.3079
-2.3100
-3.5700
-1.4700
311
320
342
433
441
-0.1498
-0.9252
-0.2908
0.6300
-4.2000
3.9900
303
323
344
434
438
-0.1386
-0.9570
-0.3226
2.8700
-4.1300
-1.5400
293
323
348
433
433
-0.1527
-0.9350
-0.3001
3.3600
-2.1000
-2.2400
287
322
351
432
430
-0.1474
-0.9477
-0.3035
3.3600
-3.0800
-3.2200
283
322
352
433
429
-0.1396
-0.9267
-0.2899
2.8700
-2.5900
-2.5200
283
323
353
432
429
-0.1401
-0.9321
-0.2869
-0.3500
-5.2500
-3.5000
284
323
353
432
426
-0.1391
-0.9199
-0.2894
-6.5100
-4.4800
-0.4200
284
322
352
431
426
-0.1293
-0.9272
-0.2869
-1.8900
-3.9200
-2.8000
285
322
352
432
425
-0.1488
-0.9233
-0.3016
2.2400
-3.0100
-3.5700
286
322
352
434
425
-0.1464
-0.9409
-0.3050
4.1300
-4.1300
-2.7300
286
321
351
434
426
-0.1415
-0.9511
-0.3006
3.7100
-4.9700
-4.6200
286
322
352
435
426
-0.1415
-0.9462
-0.3011
7.0700
-3.5000
-5.5300
287
322
352
435
426
-0.1274
-0.9594
-0.2855
4.6900
-5.0400
-5.2500
287
322
352
434
425
-0.1279
-0.9428
-0.2967
0.9100
-3.4300
-3.1500
288
322
352
434
423
-0.1503
-0.9428
-0.3055
-4.2000
-1.9600
-3.9200
290
325
354
433
426
-0.1371
-0.9345
-0.3084
-18.4800
-10.0800
-7.3500
306
336
362
431
434
-0.1098
-0.9228
-0.3753
8.0500
-4.2000
2.4500
343
382
413
434
431
-0.1088
-0.9404
-0.3255
7.1400
-10.4300
5.0400
376
430
467
438
422
-0.1366
-0.9570
-0.3445
5.5300
-14.1400
7.3500
392
461
497
441
412
-0.1840
-0.9433
-0.3235
-1.5400
-14.3500
3.0100
399
475
509
442
404
-0.1757
-0.9209
-0.3016
-1.8200
-10.8500
-0.1400
404
479
512
443
401
-0.2015
-0.9165
-0.3284
3.7100
-6.2300
0.5600
407
480
513
444
399
-0.2089
-0.9248
-0.2987
1.0500
-5.8100
-1.9600
408
480
514
444
399
-0.2079
-0.9204
-0.3045
0.7700
-4.0600
-4.2700
408
481
514
444
398
-0.2074
-0.9106
-0.2982
1.0500
-3.8500
-4.1300
408
481
514
444
398
-0.1962
-0.9306
-0.3206
6.5100
-4.4800
-4.8300
408
480
514
444
398
-0.2020
-0.9423
-0.3152
3.9200
-3.6400
-3.0100
408
480
514
444
398
-0.2123
-0.9394
-0.2996
3.7800
-4.4800
-5.5300
408
480
514
444
398
-0.1957
-0.9160
-0.3050
5.0400
-4.4800
-4.6900
408
480
514
444
398
-0.1840
-0.9301
-0.2923
1.4000
-4.7600
-2.3100
408
480
514
444
398
-0.1903
-0.9423
-0.3113
1.9600
-2.1000
-1.9600
408
478
512
444
398
-0.2020
-0.9355
-0.3079
2.9400
-3.8500
-2.4500
408
478
512
444
398
-0.1967
-0.9335
-0.3074
2.0300
-2.9400
-2.4500
407
478
512
443
398
-0.2050
-0.9384
-0.2689
0.0000
1.1900
-2.7300
407
475
512
443
399
-0.1918
-0.9389
-0.3109
3.0800
5.3200
-6.4400
405
469
509
443
399
-0.1669
-0.9077
-0.3021
-5.2500
15.3300
-7.4900
397
449
496
443
402
-0.1581
-0.9179
-0.3187
-18.4100
4.2000
4.5500
388
440
487
442
404
-0.2035
-0.8921
-0.3767
-3.0800
4.2000
-13.3700
376
427
474
442
406
-0.1835
-0.8955
-0.3777
-1.6800
2.2400
-8.8200
357
407
453
442
406
-0.1440
-0.8994
-0.3777
-2.2400
2.3100
-8.2600
330
382
427
442
407
-0.1503
-0.9355
-0.3811
-1.1200
-0.2100
-4.4800
307
358
404
441
410
-0.1327
-0.9052
-0.3772
-2.9400
-2.0300
-4.4800
296
329
385
440
417
-0.1771
-0.8779
-0.3919
0.7000
3.4300
0.2800
283
310
364
439
421
-0.1410
-0.9023
-0.3943
3.8500
-2.6600
-5.8100
271
299
350
438
431
-0.1488
-0.8911
-0.4006
7.2100
-6.4400
-4.0600
267
293
345
437
436
-0.1259
-0.9126
-0.3972
7.9100
-9.3100
-7.0000
266
289
340
437
441
-0.1401
-0.9028
-0.3797
5.7400
-9.1700
-5.9500
265
288
339
437
448
-0.1279
-0.9038
-0.3645
7.1400
-6.0900
-0.2100
265
287
339
437
453
-0.1410
-0.9057
-0.3470
7.4200
-5.2500
-4.2000
265
288
340
437
454
-0.1420
-0.9174
-0.3504
-0.7000
-4.1300
-1.4000
266
289
340
437
454
-0.1523
-0.9111
-0.3567
4.4100
-1.4700
-2.8000
265
290
341
437
451
-0.1357
-0.9248
-0.3514
1.8900
-1.8900
0.0000
266
292
342
437
450
-0.1381
-0.9170
-0.3470
2.5900
-4.6900
-0.3500
266
293
342
436
450
-0.1552
-0.9331
-0.3431
3.7100
-4.9000
-1.7500
266
293
343
435
450
-0.1523
-0.9272
-0.3314
2.6600
-3.8500
-1.7500
266
294
343
435
450
-0.1415
-0.9189
-0.3318
2.6600
-5.1100
-3.1500
267
295
344
435
450
-0.1615
-0.9194
-0.3372
3.2900
-4.4100
-4.6200
267
295
344
434
450
-0.1469
-0.9365
-0.3387
4.9700
-4.6200
-3.5000
268
296
345
434
450
-0.1523
-0.9316
-0.3450
2.8700
-3.9900
-3.9900
268
296
345
433
450
-0.1459
-0.9311
-0.3279
3.5000
-3.7100
-4.1300
269
296
345
433
450
-0.1552
-0.9326
-0.3382
2.5200
-4.4100
-4.2000
269
297
346
433
450
-0.1386
-0.9267
-0.3348
3.2200
-4.9000
-2.8000
269
297
345
433
447
-0.1508
-0.9316
-0.3314
2.5200
-4.3400
-0.5600
270
297
346
433
450
-0.1571
-0.9462
-0.3255
-1.1900
-4.1300
-3.5000
270
298
346
431
447
-0.1405
-0.9277
-0.3314
1.0500
-4.6200
-2.1000
270
298
346
431
450
-0.1586
-0.9174
-0.3333
-0.7000
-0.7000
-3.0100
270
298
347
431
447
-0.1513
-0.9130
-0.3484
2.4500
2.2400
-3.5700
271
299
347
431
449
-0.1562
-0.9126
-0.3265
1.0500
-4.8300
-1.6100
271
299
347
430
447
-0.1513
-0.9252
-0.3523
4.1300
0.5600
-2.8700
278
301
349
429
447
-0.1581
-0.9423
-0.3455
-5.6700
-4.6200
-5.1100
284
308
350
427
437
-0.1332
-0.9111
-0.3504
4.9700
-1.8200
-0.7000
303
328
370
429
429
-0.1659
-0.9243
-0.3479
7.7000
-9.3800
-5.8100
342
384
441
434
417
-0.1508
-0.9443
-0.3406
15.2600
-10.1500
7.9100
383
434
492
441
403
-0.1737
-0.9545
-0.3123
16.8700
-9.4500
6.3700
398
461
512
445
395
-0.1884
-0.9360
-0.2684
10.6400
-12.0400
4.3400
408
478
521
448
390
-0.1913
-0.9316
-0.3006
2.8700
-4.4800
0.2100
411
484
524
450
384
-0.1723
-0.9501
-0.2811
3.3600
-4.3400
1.1900
412
485
525
450
383
-0.1776
-0.9560
-0.2786
2.5900
-4.1300
-0.7700
412
485
525
451
383
-0.2054
-0.9360
-0.2684
0.2100
-4.4800
-2.4500
413
485
525
451
383
-0.1898
-0.9301
-0.2811
2.5200
-4.4800
0.0000
413
486
525
451
383
-0.2001
-0.9506
-0.2806
1.2600
-1.1900
0.0000
412
486
525
452
383
-0.1976
-0.9355
-0.2718
0.9100
-3.3600
-2.3100
412
485
525
452
383
-0.1981
-0.9213
-0.2684
-1.2600
-5.0400
-1.4700
412
485
525
452
383
-0.1903
-0.9199
-0.2718
2.1000
-4.6200
-3.6400
412
485
525
452
384
-0.1854
-0.9316
-0.2806
1.4000
-4.0600
-2.1700
412
485
525
452
383
-0.1918
-0.9301
-0.2743
0.2100
-3.5000
-2.8700
412
485
525
452
384
-0.1889
-0.9311
-0.2767
-1.8900
-2.6600
-1.8900
412
484
524
452
384
-0.1976
-0.9272
-0.2884
-0.2100
-0.8400
-0.2800
411
483
524
452
385
-0.1859
-0.9043
-0.2874
0.8400
0.9100
1.1200
412
482
524
452
387
-0.1757
-0.9135
-0.2533
-6.5800
4.4100
-3.7800
410
477
521
452
392
-0.1820
-0.9257
-0.3079
-2.9400
10.7100
-6.2300
399
467
508
451
400
-0.1654
-0.9184
-0.2889
-1.6800
5.3900
1.2600
383
454
485
450
410
-0.1840
-0.9204
-0.3167
5.5300
-1.1900
1.1200
359
435
459
450
416
-0.1757
-0.9267
-0.2943
10.8500
0.4200
-2.1700
340
413
432
449
418
-0.1962
-0.9218
-0.3006
13.6500
4.1300
7.0000
329
390
407
449
423
-0.2357
-0.9570
-0.2772
1.8900
-2.9400
-5.9500
319
357
381
449
428
-0.1972
-0.9399
-0.2830
4.4100
-4.9700
-8.9600
303
331
352
449
439
-0.1615
-0.9248
-0.2987
3.7800
-6.0900
-8.7500
290
318
343
448
440
-0.1610
-0.9243
-0.2884
-3.6400
-5.8100
-5.6700
281
309
340
449
438
-0.1713
-0.9218
-0.2845
-9.4500
-5.0400
-3.5700
277
305
339
448
437
-0.1767
-0.9082
-0.2982
3.9900
-6.8600
-3.1500
273
302
339
448
439
-0.1547
-0.9257
-0.3050
0.6300
-5.1100
-4.7600
273
300
338
447
442
-0.1649
-0.9457
-0.3104
2.5200
-5.6000
-8.2600
274
299
337
446
442
-0.1430
-0.9614
-0.3011
5.8800
-5.6700
-6.7900
274
299
338
445
443
-0.1313
-0.9418
-0.2972
2.5200
-4.6200
-3.4300
275
299
338
444
445
-0.1523
-0.9365
-0.2972
2.5200
-3.4300
-3.8500
275
300
338
444
446
-0.1420
-0.9477
-0.2874
2.9400
-5.2500
-5.3900
275
300
339
443
445
-0.1459
-0.9448
-0.2908
2.3100
-3.9900
-4.1300
276
301
339
443
448
-0.1425
-0.9311
-0.2908
0.6300
-2.7300
-4.6900
276
301
338
444
448
-0.1322
-0.9423
-0.2952
4.7600
-3.7100
-4.9000
277
301
339
445
451
-0.1454
-0.9462
-0.2874
1.3300
-3.7800
-4.9000
276
302
339
447
449
-0.1283
-0.9579
-0.2977
-11.8300
-5.9500
0.6300
275
301
336
448
453
-0.1357
-0.9218
-0.3274
4.2000
-4.4800
-2.5200
275
301
337
448
450
-0.1318
-0.9443
-0.3157
2.0300
-4.2000
-0.8400
276
302
338
448
452
-0.1327
-0.9345
-0.3138
7.5600
-4.4800
-4.0600
276
302
338
448
449
-0.1537
-0.9013
-0.2201
-22.2600
-23.3100
-16.2400
276
301
337
446
453
-0.1254
-0.9365
-0.3772
-20.2300
-11.6900
-13.9300
277
305
337
443
448
-0.1025
-0.9287
-0.3479
-2.1000
-6.2300
7.0000
292
313
338
441
442
-0.1576
-0.9004
-0.3753
7.2100
-17.6400
25.2000
308
319
333
440
435
-0.2757
-0.9033
-0.3284
17.8500
-33.2500
10.5700
327
345
362
442
418
-0.2547
-0.9160
-0.3489
0.8400
-28.8400
36.6800
361
399
443
443
402