-0.2845
-0.9267
-0.2308
4.4100
-4.6200
-1.6800
410
452
491
410
515
-0.2923
-0.9272
-0.2381
1.8900
-2.1700
-4.7600
408
452
491
410
515
-0.2733
-0.9218
-0.2298
3.9200
-4.2700
-3.5000
408
452
491
410
513
-0.2806
-0.9248
-0.2435
4.5500
-5.0400
-3.2200
407
451
491
410
513
-0.2855
-0.9248
-0.2225
3.8500
-3.4300
-4.0600
407
451
491
409
515
-0.2840
-0.9233
-0.2250
0.6300
-2.5200
-3.2900
406
450
490
409
512
-0.2723
-0.9223
-0.2196
-1.3300
-3.0100
-4.0600
404
449
485
406
514
-0.2679
-0.9448
-0.2435
-7.8400
-1.6800
-6.4400
399
441
472
395
516
-0.2757
-0.9111
-0.2577
-6.7900
-0.5600
-3.7800
397
437
462
386
515
-0.2601
-0.9326
-0.2621
-13.3000
4.2000
-12.3900
387
421
437
364
525
-0.2894
-0.9360
-0.2943
-22.2600
8.7500
-0.5600
366
389
381
320
549
-0.2728
-0.9033
-0.3148
-3.5700
1.9600
-14.4200
345
348
333
277
587
-0.2181
-0.8799
-0.3235
-5.7400
3.3600
-2.6600
326
317
302
250
610
-0.2303
-0.8999
-0.3221
-10.2200
-6.5800
-6.5800
303
292
277
230
649
-0.2255
-0.9135
-0.3733
1.2600
-5.8100
-10.9200
284
277
259
217
689
-0.1913
-0.8896
-0.3109
-4.0600
-12.3900
-6.1600
270
266
252
210
597
-0.2167
-0.9062
-0.3967
0.7000
-3.6400
-4.0600
259
260
248
205
605
-0.2259
-0.8950
-0.3548
-5.3200
-14.0700
-12.3200
255
255
244
202
623
-0.2050
-0.8843
-0.3709
-3.6400
-8.0500
-7.3500
250
249
241
198
642
-0.2011
-0.8760
-0.2640
0.5600
-7.1400
-10.4300
245
244
238
195
656
-0.2011
-0.8696
-0.4046
-1.5400
-5.6700
-1.5400
237
239
236
193
672
-0.1952
-0.9096
-0.3670
7.4200
-10.9900
3.9900
235
235
234
194
689
-0.2416
-0.8930
-0.3660
-9.8000
-14.7000
10.7100
232
233
233
194
693
-0.2616
-0.8935
-0.3850
3.5700
-10.0800
-1.2600
230
232
232
194
702
-0.2533
-0.8716
-0.3680
-4.4800
-14.0700
4.0600
227
230
231
195
719
-0.2430
-0.8906
-0.3802
-0.9800
-12.3900
-2.6600
223
228
229
195
733
-0.2542
-0.8779
-0.3802
0.4900
-8.8900
-2.0300
221
228
228
196
745
-0.2362
-0.8730
-0.3860
0.0700
-8.0500
-6.7200
219
227
227
197
754
-0.2674
-0.8843
-0.3684
0.0700
-11.2000
-3.0100
218
228
226
198
758
-0.2435
-0.8833
-0.3748
-0.6300
-5.6700
-4.9000
218
229
226
199
757
-0.2450
-0.8877
-0.3587
-1.1200
-5.1800
-2.9400
219
230
227
201
754
-0.2616
-0.8867
-0.3841
3.3600
-5.0400
-4.2700
219
231
227
202
752
-0.2352
-0.9150
-0.3680
5.3900
-4.9700
-4.0600
219
231
228
202
750
-0.2440
-0.8896
-0.3699
3.1500
-4.7600
-3.9200
220
232
229
203
748
-0.2455
-0.8862
-0.3616
2.9400
-3.2200
-2.7300
220
233
229
204
746
-0.2406
-0.8911
-0.3587
2.8000
-3.9200
-3.2900
221
233
230
204
746
-0.2479
-0.8877
-0.3514
0.2100
-4.1300
-2.2400
221
233
231
205
745
-0.2347
-0.8921
-0.3553
1.1900
-4.8300
-2.8700
222
234
231
205
740
-0.2401
-0.8857
-0.3684
2.8700
-4.0600
-2.3800
222
234
232
205
742
-0.2425
-0.8862
-0.3645
0.2100
-4.4100
-2.5900
222
235
232
206
741
-0.2533
-0.8911
-0.3709
3.5000
-4.5500
-3.5700
223
235
233
206
740
-0.2469
-0.8935
-0.3597
2.1700
-4.2000
-2.7300
223
236
234
207
739
-0.2445
-0.8882
-0.3601
1.5400
-3.8500
-2.0300
223
236
234
207
738
-0.2455
-0.9004
-0.3611
4.1300
-3.9200
-3.2200
224
237
234
207
734
-0.2377
-0.8960
-0.3479
0.0700
-5.8800
-2.3100
224
237
235
208
736
-0.2523
-0.8872
-0.3582
0.9100
-4.6200
-3.5700
224
237
235
208
735
-0.2367
-0.8886
-0.3567
3.6400
-4.1300
-4.2000
224
237
236
208
734
-0.2440
-0.8999
-0.3616
1.4000
-3.1500
-5.6700
225
238
236
208
731
-0.2191
-0.9013
-0.3655
1.8200
-0.2100
-5.4600
226
238
237
209
719
-0.2201
-0.9028
-0.3767
4.2000
-1.8900
-7.4900
229
240
238
209
702
-0.2123
-0.9018
-0.3806
0.0700
2.8700
6.9300
235
244
245
211
662
-0.1791
-0.9677
-0.3967
6.7900
3.7100
-7.0000
248
248
256
214
628
-0.2181
-0.8730
-0.4036
11.7600
10.9900
7.2100
268
261
271
221
553
-0.2211
-0.9174
-0.3753
6.6500
-4.8300
7.0000
294
289
301
240
508
-0.2396
-0.8906
-0.3050
11.6900
2.1000
5.9500
326
334
353
282
504
-0.2450
-0.9028
-0.3387
8.6100
1.1900
0.7000
344
364
393
315
502
-0.2469
-0.9165
-0.3401
6.8600
0.5600
2.3800
359
391
434
345
493
-0.2372
-0.8599
-0.3133
8.8900
-12.0400
5.5300
379
416
469
373
481
-0.2830
-0.8769
-0.3104
-0.9100
-13.5100
5.5300
390
433
489
399
468
-0.2674
-0.9043
-0.3260
5.3200
-8.8200
-2.8700
403
455
507
417
446
-0.2708
-0.9018
-0.2860
4.6200
-4.6900
3.3600
411
469
515
437
439
-0.2850
-0.9062
-0.3436
3.6400
-4.3400
-0.4900
411
477
520
449
435
-0.3182
-0.8974
-0.3479
3.7100
-0.4900
0.2800
412
482
522
454
431
-0.3030
-0.8940
-0.3533
7.9100
2.3100
0.9100
412
483
523
455
431
-0.3026
-0.9018
-0.3289
4.9000
-3.2900
-2.0300
411
483
523
455
429
-0.3016
-0.8872
-0.3323
0.1400
-4.3400
-1.1900
411
482
523
455
431
-0.3201
-0.8843
-0.3348
1.4700
-1.4000
-3.7100
410
482
523
454
432
-0.2943
-0.8735
-0.3309
1.8900
-2.2400
-2.0300
410
482
523
453
432
-0.3070
-0.8808
-0.3318
4.3400
-2.2400
-4.6900
411
483
523
453
433
-0.2948
-0.8843
-0.3270
0.2800
-2.6600
-4.5500
411
483
523
453
433
-0.2943
-0.8867
-0.3421
0.0700
-2.8700
-2.1000
412
483
523
454
434
-0.3035
-0.8799
-0.3440
2.2400
-4.2000
-3.5000
411
483
523
454
432
-0.3055
-0.8891
-0.3382
0.8400
-2.8000
-1.4700
411
483
523
453
434
-0.3040
-0.8852
-0.3396
-0.0700
-3.0800
-4.6900
411
482
523
452
433
-0.2889
-0.8716
-0.3401
-1.0500
-3.4300
-1.8200
410
480
522
448
436
-0.2952
-0.8813
-0.3396
-0.9800
-2.8700
-3.0800
409
477
519
442
438
-0.3011
-0.8823
-0.3553
-1.1200
-1.7500
-4.6200
407
471
512
433
442
-0.2904
-0.8760
-0.3431
-3.6400
-3.8500
-6.4400
405
464
496
417
447
-0.2767
-0.8799
-0.3660
4.0600
-3.9200
-5.2500
402
457
478
391
475
-0.2913
-0.8828
-0.3445
0.2800
-3.6400
-7.4900
396
444
451
365
499
-0.2874
-0.8755
-0.3504
6.2300
-4.6200
-2.8700
389
427
423
339
532
-0.2821
-0.8706
-0.3279
5.1800
-8.0500
-1.1900
388
402
392
311
581
-0.3152
-0.8808
-0.3265
2.1700
-6.6500
-2.5200
374
371
358
283
623
-0.2762
-0.9048
-0.3440
2.5200
-1.0500
-3.2200
354
340
328
257
663
-0.2777
-0.8857
-0.3367
4.6200
1.0500
-6.9300
332
316
303
238
693
-0.2635
-0.8926
-0.3226
6.2300
-0.3500
-3.2200
318
301
288
225
732
-0.2728
-0.8847
-0.3113
0.2100
-2.5200
-7.7700
309
289
276
214
767
-0.2635
-0.9018
-0.3323
-4.1300
-4.6900
-7.0700
297
279
265
207
796
-0.2557
-0.9140
-0.3538
0.6300
-8.1200
-3.7800
282
268
257
200
825
-0.2518
-0.9228
-0.3216
1.8200
-9.8000
-8.1900
271
262
252
197
853
-0.2108
-0.9272
-0.3279
0.4200
-16.2400
-8.6800
265
260
250
194
882
-0.2557
-0.9106
-0.3309
-6.3700
-13.5800
-14.4900
262
259
247
192
916
-0.1952
-0.9409
-0.3836
2.2400
-7.9100
-7.8400
259
258
246
192
941
-0.2347
-0.8608
-0.3504
6.5800
-5.6700
-1.8200
259
259
247
194
950
-0.2255
-0.9155
-0.3206
1.1900
-8.3300
-1.2600
257
259
247
195
964
-0.2508
-0.9077
-0.3382
-0.4200
-5.7400
-5.9500
256
259
248
196
962
-0.2211
-0.9048
-0.3455
5.4600
-4.2700
-4.0600
257
261
250
197
953
-0.2303
-0.9194
-0.3445
7.5600
-3.9900
-6.0900
258
262
251
198
951
-0.2245
-0.8867
-0.3201
1.3300
-3.7100
-4.7600
258
263
251
199
952
-0.2318
-0.8979
-0.3265
-0.8400
-4.7600
-2.0300
259
263
251
200
949
-0.2372
-0.9018
-0.3353
1.1200
-3.6400
-2.3800
259
264
252
201
944
-0.2362
-0.9091
-0.3284
2.8000
-3.8500
-1.7500
260
263
253
201
939
-0.2284
-0.9106
-0.3353
0.9800
-3.8500
-2.5900
261
263
253
202
936
-0.2420
-0.9018
-0.3343
0.8400
-5.2500
-1.5400
261
263
254
202
937
-0.2420
-0.9072
-0.3387
2.2400
-5.2500
-1.4700
261
263
254
203
935
-0.2323
-0.9140
-0.3445
5.6000
-3.2200
-3.9900
261
264
254
204
933
-0.2264
-0.9160
-0.3289
3.8500
-3.9900
-4.1300
262
264
255
204
930
-0.2381
-0.8838
-0.3338
-0.4200
-3.2200
-2.4500
262
264
255
205
928
-0.2318
-0.8984
-0.3177
-0.9800
-4.1300
-2.5900
262
265
255
205
930
-0.2420
-0.9067
-0.3357
2.3800
-3.9200
-3.0100
262
264
256
205
930
-0.2289
-0.9052
-0.3328
8.2600
-6.4400
-7.7000
262
265
256
206
932
-0.2186
-0.8906
-0.3421
2.8700
-4.3400
-3.7100
263
265
256
206
930
-0.2381
-0.8960
-0.3231
1.6800
-4.3400
-3.6400
263
265
257
206
932
-0.2318
-0.8838
-0.3167
0.4900
-4.0600
-3.7100
263
265
257
206
929
-0.2362
-0.9213
-0.3333
-1.4700
-3.1500
-6.3000
264
267
259
206
908
-0.2172
-0.9160
-0.3655
3.2900
-0.7000
-0.9100
268
270
263
206
868
-0.2362
-0.8979
-0.3338
22.1200
0.7000
0.2800
279
281
272
210
762
-0.2059
-0.9165
-0.3396
10.4300
9.6600
5.5300
304
304
293
222
665
-0.1781
-0.9487
-0.3216
5.6000
0.3500
5.4600
329
327
323
250
566
-0.2084
-0.9062
-0.3060
1.5400
-4.2700
7.2100
357
375
399
308
515
-0.2118
-0.9130
-0.3250
8.0500
-9.4500
1.0500
376
414
461
364
476
-0.2586
-0.9360
-0.3240
-0.8400
0.3500
-1.6100
392
442
496
411
457
-0.2284
-0.9106
-0.3572
-2.3100
-2.3100
0.7700
402
462
509
429
444
-0.2479
-0.8999
-0.3353
3.7800
-3.7100
2.1700
405
478
518
446
435
-0.2577
-0.9116
-0.3436
-2.3800
-7.5600
-0.9100
406
486
522
454
425
-0.2801
-0.8882
-0.3528
-0.9100
-6.0900
-2.3100
407
490
524
458
419
-0.2596
-0.8984
-0.3538
3.9900
-5.7400
-3.0800
408
491
525
458
415
-0.2752
-0.8974
-0.3621
3.2200
-3.0800
-2.2400
408
492
526
459
414
-0.2679
-0.8965
-0.3518
1.7500
-2.3100
-3.0100
408
493
526
459
414
-0.2601
-0.8906
-0.3631
2.5900
-1.9600
-2.6600
409
493
526
459
415
-0.2704
-0.8682
-0.3372
0.2100
-2.1000
-2.3800
409
493
527
459
415
-0.2684
-0.8760
-0.3445
1.1200
-3.9200
-1.7500
409
493
527
459
415
-0.2630
-0.8926
-0.3523
3.3600
-4.3400
-0.9800
410
493
527
459
415
-0.2699
-0.8769
-0.3426
1.5400
-3.5700
-1.8900
410
493
527
459
416
-0.2655
-0.8838
-0.3416
3.5000
-3.5700
-2.8000
410
493
527
458
416
-0.2669
-0.8916
-0.3484
0.0700
-4.3400
-2.5200
410
492
527
458
417
-0.2679
-0.8838
-0.3460
3.9200
-3.9900
-5.1800
410
492
527
457
417
-0.2660
-0.8891
-0.3387
4.0600
-4.8300
-4.0600
409
491
526
454
422
-0.2689
-0.8906
-0.3460
3.7100
-2.3800
-6.3000
409
490
526
452
433
-0.2547
-0.8950
-0.3455
3.7100
-2.2400
-3.5700
409
487
524
444
446
-0.2435
-0.8950
-0.3353
4.0600
1.3300
-1.6800
407
477
513
434
472
-0.2586
-0.8808
-0.3323
2.5200
-0.7700
-4.0600
403
464
482
416
497
-0.2494
-0.8833
-0.3362
0.8400
-5.8100
-4.9700
399
441
437
389
530
-0.2650
-0.8638
-0.3528
4.9700
-4.8300
-12.1100
396
402
386
350
562
-0.2381
-0.9057
-0.3045
7.0000
-2.5200
-5.6000
382
362
343
303
599
-0.2542
-0.9111
-0.3470
8.0500
-6.3700
-12.6700
362
332
311
269
653
-0.2294
-0.9077
-0.2806
1.1900
-7.4900
-6.7900
341
312
292
246
697
-0.2567
-0.9033
-0.3274
0.7700
-2.8700
-6.5100
326
297
278
233
731
-0.2298
-0.9155
-0.3255
0.5600
-5.2500
-6.4400
312
285
267
222
757
-0.2333
-0.9028
-0.3133
-3.2200
-9.0300
-9.1000
300
275
258
213
785
-0.2298
-0.9106
-0.3387
11.2000
-4.6900
-14.7700
286
260
249
208
820
-0.2186
-0.8989
-0.2948
-1.2600
-9.6600
0.3500
271
258
244
203
839
-0.2201
-0.9248
-0.3216
0.0000
-10.0100
-7.1400
266
257
243
201
852
-0.2396
-0.9082
-0.3045
-15.1900
-18.3400
-1.3300
264
256
243
199
862
-0.2172
-0.8886
-0.3206
-9.1000
-9.3800
-3.1500
259
257
241
198
891
-0.1571
-0.9101
-0.3523
-3.6400
-10.0800
-6.1600
256
256
240
195
915
-0.2103
-0.9106
-0.3318
0.7000
-6.2300
-2.0300
256
256
241
195
922
-0.1996
-0.8618
-0.3065
-3.2900
-6.6500
-0.7000
256
256
242
195
923
-0.2274
-0.8833
-0.3421
-0.6300
-5.2500
-1.6100
255
256
243
197
931
-0.2152
-0.9565
-0.3597
7.7700
-8.4000
-3.3600
254
257
244
198
929
-0.2284
-0.9048
-0.3533
5.2500
-2.8700
-3.0100
252
258
244
199
923
-0.2225
-0.8979
-0.3367
0.9100
-3.3600
-0.2800
253
259
245
199
919
-0.2303
-0.9194
-0.3304
2.6600
-3.6400
-1.6800
254
260
246
200
919
-0.2284
-0.9038
-0.3377
1.0500
-3.7100
-3.2900
255
260
246
201
918
-0.2264
-0.9228
-0.3353
2.7300
-5.7400
-3.5000
255
260
247
202
916
-0.2264
-0.9130
-0.3392
3.5700
-4.6200
-4.4800
255
260
247
202
916
-0.2357
-0.9052
-0.3323
2.1000
-3.7800
-2.5900
256
261
248
202
915
-0.2347
-0.9082
-0.3328
2.0300
-3.4300
-3.8500
256
262
248
203
912
-0.2274
-0.9048
-0.3250
-0.7000
-3.5700
-3.3600
256
262
249
204
910
-0.2284
-0.8955
-0.3294
3.2900
-4.4800
-2.5900
257
262
249
204
910
-0.2313
-0.9106
-0.3338
1.1200
-4.0600
-2.3800
257
262
249
204
908
-0.2269
-0.8843
-0.3328
1.6100
-3.2900
-2.3100
257
263
250
205
905
-0.2176
-0.8969
-0.3128
-0.2800
-4.3400
-2.8000
257
263
250
205
908
-0.2289
-0.8960
-0.3245
0.9100
-4.2700
-4.0600
257
263
250
205
909
-0.2162
-0.9121
-0.3343
4.2700
-5.1100
-5.9500
257
263
250
205
904
-0.2167
-0.9428
-0.3465
5.6700
-1.4000
-10.5000
258
264
251
206
883
-0.2259
-0.9077
-0.3162
5.4600
-1.9600
-6.0200
265
271
259
211
762
-0.1688
-0.9399
-0.2991
7.8400
10.6400
-6.3700
280
286
273
221
687
-0.1664
-0.9170
-0.2904
-4.9000
-2.5900
11.2700
311
317
306
251
574
-0.2011
-0.9106
-0.3162
-0.2800
-4.2700
16.6600
336
351
352
287
528
-0.2484
-0.9316
-0.3187
2.0300
-8.4700
9.3800
365
396
431
346
488
-0.2889
-0.9057
-0.3504
-1.6100
-2.5900
3.2900
392
439
484
394
454
-0.2367
-0.8999
-0.3670
-1.8900
-4.4100
-2.6600
405
464
507
421
436
-0.2533
-0.8935
-0.3196
-1.0500
-3.0800
-0.7000
406
481
517
429
421
-0.2908
-0.8774
-0.3318
1.9600
0.9800
-4.2700
409
491
523
444
412
-0.2699
-0.8857
-0.3406
-0.1400
-2.4500
-1.8900
410
495
524
451
406
-0.2591
-0.8769
-0.3440
7.4900
-2.6600
-3.2200
411
495
525
454
401
-0.2655
-0.9033
-0.3406
5.2500
-2.6600
-1.5400
411
495
525
454
403
-0.2811
-0.8901
-0.3440
4.3400
-2.8000
-0.7700
411
495
525
454
404
-0.2704
-0.8950
-0.3479
6.5100
-4.2700
1.3300
411
494
525
453
405
-0.2830
-0.8935
-0.3196
2.7300
-7.2100
-2.5200
410
494
525
452
406
-0.2860
-0.8950
-0.3333
-0.7000
-3.2900
-3.2200
410
493
525
451
406
-0.2718
-0.8794
-0.3201
2.5900
-4.2700
-1.7500
410
493
525
450
407
-0.2757
-0.8833
-0.3270
2.2400
-4.1300
-2.7300
410
493
525
448
407
-0.2801
-0.8735
-0.3011
2.3800
-4.1300
-2.3800
410
492
524
446
408
-0.2786
-0.8901
-0.3187
1.5400
-2.3100
-2.5900
410
491
524
445
409
-0.2816
-0.8891
-0.3177
-0.9100
-0.7000
-3.0100
410
490
524
444
410
-0.2708
-0.8891
-0.3362
4.6200
-1.8900
-3.1500
409
488
522
437
413
-0.2845
-0.9067
-0.3279
5.0400
-1.9600
-2.8700
409
486
521
431
420
-0.2830
-0.9077
-0.3323
6.1600
-1.7500
-3.3600
409
485
519
427
424
-0.2865
-0.8989
-0.3231
3.0100
-2.1000
-3.8500
408
482
518
425
429
-0.2708
-0.8862
-0.3026
1.1900
-3.7100
-2.5200
407
480
516
422
432
-0.2796
-0.8804
-0.3240
0.4900
-2.7300
-5.8100
404
472
507
416
442
-0.2786
-0.8926
-0.3157
-0.4200
-3.5700
-6.5800
397
451
469
401
457
-0.2572
-0.8828
-0.3167
0.6300
-5.3200
-4.2700
397
430
436
377
477
-0.2474
-0.8701
-0.3148
7.2100
-4.3400
-5.0400
394
403
399
347
502
-0.2708
-0.8984
-0.3172
7.0000
-2.8700
-5.6000
383
372
362
311
540
-0.2728
-0.8994
-0.3089
0.4900
-5.1800
-10.2900
369
343
326
280
577
-0.2425
-0.8969
-0.3187
3.4300
-5.7400
-12.4600
348
315
297
254
610
-0.2357
-0.9170
-0.3065
3.0100
-4.8300
-12.3200
332
296
280
238
640
-0.2133
-0.9277
-0.2938
0.3500
-8.6800
-10.5000
317
284
267
225
679
-0.2347
-0.9272
-0.3055
-5.9500
-10.0800
-7.0000
301
276
259
215
729
-0.1947
-0.9243
-0.3265
-3.5700
-9.3100
-11.1300
290
267
253
210
777
-0.2089
-0.8940
-0.3367
2.8700
-12.0400
-11.4800
284
261
249
206
808
-0.1845
-0.9389
-0.3206
-2.3800
-16.9400
-8.3300
279
259
247
204
839
-0.1967
-0.9170
-0.3338
-1.6800
-14.4200
-1.4000
276
258
246
203
850
-0.2181
-0.8974
-0.3074
-3.2900
-5.5300
-4.5500
274
257
245
202
858
-0.1952
-0.9160
-0.3436
-4.2000
-7.0000
-4.1300
272
257
246
200
862
-0.2240
-0.9135
-0.3440
-0.8400
-9.9400
-4.9700
271
258
246
200
864
-0.2259
-0.9165
-0.3338
-6.7200
-5.1800
-5.0400
269
259
247
199
874
-0.2186
-0.8740
-0.3406
-1.2600
-6.6500
-5.8100
269
260
248
200
876
-0.2020
-0.8969
-0.3372
0.9100
-5.0400
-0.7700
270
261
248
201
872
-0.2079
-0.9174
-0.3523
2.0300
-6.5100
-1.7500
271
262
249
202
870
-0.2152
-0.9140
-0.3460
1.3300
-3.8500
-0.8400
271
262
250
203
869
-0.2206
-0.8999
-0.3489
0.9100
-4.4100
-3.5000
271
263
250
204
874
-0.2201
-0.8969
-0.3582
2.1000
-4.6900
-3.7100
270
263
250
204
873
-0.2142
-0.8926
-0.3518
0.8400
-5.2500
-3.3600
270
263
251
205
875
-0.2167
-0.8872
-0.3465
0.0700
-3.9900
-1.4700
270
263
251
205
873
-0.2186
-0.9004
-0.3543
0.2100
-3.1500
-2.1700
271
264
252
206
867
-0.2201
-0.9013
-0.3538
2.6600
-3.7800
-1.9600
271
264
252
206
868
-0.2225
-0.9028
-0.3479
1.6100
-3.7100
-2.5200
272
265
253
207
863
-0.2137
-0.8994
-0.3558
2.3100
-3.0100
-2.8000
273
265
253
207
861
-0.2181
-0.8994
-0.3455
-1.3300
-1.9600
-1.3300
276
268
257
209
834
-0.2347
-0.8872
-0.3640
13.3700
0.7000
-10.0800
284
271
262
215
782
-0.2147
-0.8901
-0.3367
9.8000
-1.4700
3.2200
298
283
275
224
700
-0.2059
-0.9340
-0.3811
12.6700
3.5000
20.3000
333
318
320
262
577
-0.2621
-0.9028
-0.3055
5.6000
2.4500
6.3700
358
369
392
320
524
-0.2684
-0.9091
-0.3250
11.4100
5.2500
-6.0200
381
421
469
375
476
-0.2582
-0.7710
-0.3733
3.7100
2.8000
-16.9400
401
460
507
425
446
-0.2157
-0.8843
-0.3318
7.4900
0.0700
-1.1200
406
479
518
441
429
-0.2557
-0.9096
-0.3011
4.1300
-2.2400
-11.9000
407
488
522
450
415
-0.2538
-0.8950
-0.3226
-6.0200
-5.3900
-10.0800
407
491
524
455
404
-0.2416
-0.8984
-0.3401
-2.4500
-6.5100
-5.5300
408
492
525
456
397
-0.2518
-0.9057
-0.3401
1.9600
-3.1500
-3.3600
407
492
525
457
396
-0.2508
-0.9077
-0.3328
-4.6900
-2.9400
-6.0200
407
492
525
457
397
-0.2338
-0.8677
-0.3240
2.3800
-5.3900
-3.2200
407
491
525
457
397
-0.2528
-0.8979
-0.3445
-0.0700
-5.4600
-3.2200
407
491
525
456
397
-0.2479
-0.9052
-0.3392
3.9900
-2.3800
-2.5900
407
491
525
456
398
-0.2455
-0.9106
-0.3270
0.4900
-4.1300
-3.2200
407
490
525
455
398
-0.2445
-0.8916
-0.3221
0.1400
-2.8000
-2.8700
407
490
525
454
399
-0.2420
-0.8872
-0.3309
0.2800
-4.2000
-1.7500
407
490
525
454
399
-0.2450
-0.8930
-0.3274
1.3300
-3.6400
-3.2900
407
490
525
453
400
-0.2435
-0.8999
-0.3314
1.2600
-3.1500
-2.6600
407
490
525
451
400
-0.2484
-0.8911
-0.3357
1.2600
-3.4300
-3.0100
407
489
525
450
398
-0.2396
-0.8926
-0.3314
2.5900
-5.9500
-2.0300
408
490
525
449
401
-0.2562
-0.9004
-0.3255
2.3100
-3.7800
-3.7800
409
490
525
448
401
-0.2386
-0.8921
-0.3221
3.0100
-4.1300
-3.8500
409
490
525
446
402
-0.2430
-0.9106
-0.3357
0.5600
-4.3400
-4.3400
409
489
524
442
403
-0.2435
-0.9218
-0.3567
2.8700
-1.5400
-5.9500
408
484
522
433
405
-0.2357
-0.9062
-0.3426
-2.1700
-2.8700
-5.5300
405
477
516
426
406
-0.2328
-0.8989
-0.3494
-1.6800
-3.5000
-7.8400
399
465
497
414
410
-0.2420
-0.8974
-0.3416
-2.3100
-1.8900
-1.0500
393
451
462
386
418
-0.2211
-0.8818
-0.3382
3.8500
-1.0500
-2.0300
388
428
421
348
445
-0.3475
-0.9443
-0.3640
6.2300
-2.5900
-9.3800
387
398
381
301
517
-0.2011
-0.8994
-0.3626
7.1400
-10.1500
-6.7900
378
368
347
264
572
-0.2035
-0.9018
-0.3567
4.6900
-4.8300
-8.1900
365
346
324
247
613
-0.1991
-0.9213
-0.3377
1.5400
-4.8300
-14.9800
363
331
308
232
650
-0.1757
-0.8994
-0.3343
-1.8900
-7.6300
-11.9700
360
312
295
220
681
-0.1825
-0.9043
-0.3919
3.2200
-6.8600
-19.6700
348
295
282
214
702
-0.1796
-0.9067
-0.3309
2.3800
-6.6500
-9.8000
330
283
272
211
721
-0.1635
-0.9130
-0.3460
1.7500
-5.5300
-6.3700
314
271
264
208
745
-0.1830
-0.9135
-0.3631
1.5400
-4.1300
-3.5700
305
269
260
206
759
-0.1493
-0.9306
-0.3401
2.4500
-9.3100
-7.8400
302
268
260
204
776
-0.1635
-0.9179
-0.3460
-4.6900
-8.1900
-6.3700
296
266
257
203
792
-0.1586
-0.9292
-0.3440
-3.7100
-8.8200
-1.9600
289
266
256
201
804
-0.1542
-0.9238
-0.3880
1.9600
-6.9300
-3.2900
286
267
256
201
809
-0.1669
-0.9252
-0.3553
5.0400
-5.9500
-3.8500
285
268
257
202
810
-0.1591
-0.9238
-0.3455
0.9100
-5.5300
0.6300
277
270
259
203
806
-0.1674
-0.9028
-0.3353
6.0900
-4.2700
0.1400
273
272
261
205
801
-0.1757
-0.9243
-0.3411
4.2700
-4.4100
-0.3500
269
274
263
206
797
-0.1757
-0.9233
-0.3396
-0.4200
-4.3400
0.9800
264
276
265
207
785
-0.1879
-0.9301
-0.3592
2.3100
-3.9900
-0.7700
253
281
270
209
764
-0.1918
-0.9360
-0.3577
2.1700
-4.2700
-3.5700
248
284
272
210
754
-0.1835
-0.9213
-0.3587
7.7000
-2.9400
-2.5900
247
284
273
211
751
-0.1732
-0.9267
-0.3533
6.3700
-4.7600
0.2100
244
286
274
211
749
-0.1976
-0.9189
-0.3450
3.6400
-4.0600
-1.8900
242
287
274
212
747
-0.1913
-0.9170
-0.3426
1.8200
-4.4800
-2.5900
238
288
275
212
746
-0.1947
-0.8852
-0.3250
0.5600
-3.7100
-0.4900
234
288
276
213
745
-0.1942
-0.9072
-0.3094
-2.5900
-5.0400
-1.9600
232
289
277
213
743
-0.2069
-0.9101
-0.3348
-0.3500
-4.3400
-2.3100
233
291
278
213
737
-0.2074
-0.9179
-0.3401
0.7000
-3.3600
-2.8700
235
292
280
215
730
-0.2054
-0.9228
-0.3528
-4.8300
-1.4000
-7.9100
237
294
285
218
708
-0.1903
-0.8886
-0.3518
-0.9800
2.3100
1.4700
250
303
301
231
602
-0.2006
-0.8891
-0.3855
6.3000
4.9700
13.9300
297
335
356
280
479
-0.1859
-0.9033
-0.3631
3.0800
-5.3900
10.0800
360
397
437
350
443
-0.2289
-0.8930
-0.3343
1.6800
-7.0700
4.9000
393
441
488
398
425
-0.2386
-0.8862
-0.3548
6.0200
-5.1800
-0.9100
406
465
507
417
419
-0.2591
-0.8574
-0.3323
-0.6300
-5.4600
-1.1200
413
481
517
430
413
-0.2591
-0.8852
-0.3689
-1.3300
-2.5900
-1.6100
417
491
522
445
407
-0.2547
-0.8828
-0.3396
8.8900
-4.6900
2.4500
421
496
525
453
404
-0.2747
-0.8804
-0.2948
-3.2900
-5.3200
-1.6100
423
497
525
456
402
-0.2865
-0.8779
-0.3235
-0.5600
-1.8200
-4.2000
423
497
526
457
404
-0.2713
-0.8818
-0.3162
3.1500
-3.1500
-3.2200
423
498
526
458
404
-0.2738
-0.8784
-0.3167
-1.0500
-4.4100
-2.5200
422
497
525
458
405
-0.2806
-0.8838
-0.3157
1.6800
-2.9400
-3.9200
422
497
525
457
405
-0.2650
-0.8862
-0.3172
2.0300
-4.1300
-2.8700
422
496
525
457
405
-0.2689
-0.8886
-0.3182
3.7100
-3.4300
-3.0100
422
496
525
457
406
-0.2762
-0.8916
-0.3152
2.3100
-4.2700
-3.7100
422
496
525
456
406
-0.2723
-0.8984
-0.3152
3.0100
-2.8700
-4.3400
422
495
524
456
405
-0.2660
-0.8945
-0.3211
-0.4900
-3.2900
-5.6000
421
492
523
453
408
-0.2767
-0.8686
-0.3240
1.1200
-2.8000
-5.1800
419
483
516
447
413
-0.2806
-0.8804
-0.3265
-4.1300
-2.8700
-6.3000
414
462
490
425
430
-0.2664
-0.8886
-0.3455
-1.4000
0.9800
-7.7700
405
436
450
371
470
-0.2572
-0.8818
-0.3377
-4.7600
-2.3100
-9.1000
395
397
388
311
511
-0.2372
-0.9028
-0.3821
3.2200
-1.1200
-7.6300
370
351
333
264
548
-0.2342
-0.9057
-0.3499
3.8500
-3.5700
-10.6400
342
323
306
242
585
-0.2167
-0.8882
-0.3543
-1.1200
-8.6100
-6.5800
318
304
287
225
632
-0.2269
-0.9052
-0.3621
-2.3800
-10.9200
-13.5800
303
289
274
214
675
-0.1918
-0.8730
-0.3567
-1.0500
-13.2300
-9.9400
288
276
264
207
712
-0.2035
-0.9155
-0.3684
-3.5000
-10.1500
-2.9400
266
263
255
201
735
-0.2264
-0.9194
-0.3640
1.9600
-10.0800
-6.0900
257
258
250
198
754
-0.1952
-0.8877
-0.3611
-3.2900
-8.6100
-7.3500
251
254
247
196
774
-0.1830
-0.8974
-0.3684
2.2400
-11.6900
-2.9400
250
251
247
195
779
-0.1972
-0.8730
-0.3431
5.6700
-6.4400
-0.5600
251
251
248
196
778
-0.1972
-0.9140
-0.3431
-1.3300
-3.9200
-0.8400
252
252
250
197
775
-0.1859
-0.9072
-0.3636
3.0800
-5.1800
0.0700
250
253
251
198
771
-0.2045
-0.9008
-0.3567
2.0300
-4.1300
-2.3100
248
254
253
200
767
-0.2157
-0.9072
-0.3396
-1.9600
-3.9900
-3.9200
248
255
254
201
762
-0.1976
-0.8911
-0.3567
-0.2100
-4.3400
0.0700
248
255
255
202
758
-0.2015
-0.9072
-0.3553
0.7000
-3.3600
-5.8800
248
254
256
202
752
-0.1981
-0.8994
-0.3592
2.4500
-5.4600
-4.2000
248
254
256
203
753
-0.2011
-0.8974
-0.3528
0.4200
-3.2900
-5.0400
249
255
257
204
751
-0.1903
-0.8877
-0.3362
-3.5000
-5.3200
-1.6800
249
255
258
204
748
-0.2069
-0.8935
-0.3528
-4.1300
-3.8500
-3.8500
250
255
258
204
745
-0.1937
-0.9179
-0.3645
-0.2800
-6.8600
-3.2900
250
255
260
205
741
-0.1864
-0.9199
-0.4060
4.5500
-5.3200
-6.0200
250
256
260
205
740
-0.1962
-0.8921
-0.3606
-0.2800
-5.2500
-1.6800
251
256
260
206
736
-0.2098
-0.8847
-0.3621
-0.5600
-4.8300
-2.2400
251
256
261
206
737
-0.1991
-0.9033
-0.3704
-2.3100
-3.0100
-0.4900
251
256
261
206
734
-0.2015
-0.8857
-0.3660
-2.2400
0.0700
-5.6000
251
257
262
207
726
-0.1864
-0.8911
-0.3894
4.9700
-4.2700
1.7500
252
259
263
207
705
-0.1976
-0.8945
-0.3723
2.1000
-2.0300
2.1000
253
261
265
208
678
-0.1923
-0.9038
-0.3845
11.8300
-1.8900
4.6900
258
266
271
210
639
-0.2059
-0.8891
-0.3665
17.5000
-2.3100
14.8400
273
280
286
218
583
-0.2450
-0.8926
-0.3396
3.7800
1.2600
14.4200
299
311
318
240
529
-0.2952
-0.8872
-0.3479
7.7700
1.3300
6.1600
339
356
377
291
491
-0.2689
-0.8940
-0.3562
10.3600
-4.0600
2.0300
368
402
449
351
457
-0.2567
-0.9048
-0.3436
5.9500
-11.6900
7.7700
390
444
496
407
430
-0.3196
-0.8994
-0.3538
1.9600
-2.5200
-0.7000
406
472
515
428
417
-0.3060
-0.8838
-0.3479
7.1400
-0.1400
-3.7100
411
487
521
445
409
-0.2977
-0.8852
-0.3440
5.3900
0.0000
0.8400
413
493
525
455
405
-0.3128
-0.8828
-0.3406
8.1200
-3.3600
0.9800
414
495
526
458
404
-0.3148
-0.9091
-0.3201
6.2300
-1.4700
-2.2400
414
496
526
459
402
-0.2987
-0.9018
-0.3221
4.1300
-3.7100
-1.1900
414
496
527
459
405
-0.3035
-0.8950
-0.3201
5.6000
-4.6200
-1.6100
414
496
527
459
405
-0.3113
-0.8926
-0.3143
1.6100
-3.8500
-2.0300
414
495
526
458
405
-0.3045
-0.8974
-0.3148
5.0400
-3.5000
-3.5000
414
495
526
458
406
-0.3001
-0.8999
-0.3177
1.7500
-4.1300
-2.6600
414
494
526
457
406
-0.3055
-0.8823
-0.3104
0.1400
-4.4100
-5.1800
414
494
526
456
407
-0.3001
-0.8804
-0.2996
2.3100
-4.8300
-3.5000
413
493
526
456
407
-0.3089
-0.8852
-0.3016
-1.1900
-4.2000
-3.9200
413
492
525
454
408
-0.3001
-0.8852
-0.2977
-3.2900
-3.6400
-5.1800
412
490
524
449
408
-0.3035
-0.8833
-0.3133
-3.5700
-2.3800
-3.7800
412
487
522
443
410
-0.2982
-0.8901
-0.3309
-3.5000
-3.8500
-4.0600
410
481
513
433
417
-0.2918
-0.8877
-0.3299
-0.3500
-0.8400
-6.8600
406
468
490
417
436
-0.2977
-0.8843
-0.3387
-1.9600
-4.3400
-8.0500
399
444
446
386
458
-0.2752
-0.8657
-0.3265
-0.2100
-4.4800
-6.8600
396
409
399
335
493
-0.2694
-0.8828
-0.3387
2.2400
-2.1000
-8.4000
373
373
359
289
548
-0.2738
-0.8911
-0.3235
-0.5600
-6.3700
-11.4100
349
338
321
250
603
-0.2538
-0.9048
-0.3357
-4.4100
-7.7000
-10.1500
324
312
298
228
667
-0.2484
-0.8828
-0.3489
-3.9200
-4.2000
-12.3200
303
294
280
213
726
-0.2191
-0.8833
-0.3357
-8.2600
-4.9700
-16.4500
286
277
267
204
771
-0.2035
-0.8896
-0.3792
-10.7800
-7.2800
-9.9400
271
264
262
200
793
-0.1820
-0.9028
-0.3904
-5.2500
-9.6600
-9.3800
263
261
257
197
817
-0.2069
-0.9096
-0.4460
2.1000
-5.5300
-12.8800
259
261
253
196
830
-0.1479
-0.8891
-0.3665
-2.3100
-6.7900
0.0000
253
261
252
196
839
-0.1815
-0.9062
-0.3992
3.0100
-8.6800
5.5300
246
262
253
196
848
-0.2118
-0.8921
-0.4202
8.5400
-5.3900
0.5600
242
263
254
197
849
-0.1820
-0.9077
-0.4773
18.9000
-3.1500
-5.2500
241
265
256
199
846
-0.1884
-0.8896
-0.3440
-1.5400
-5.2500
1.7500
241
266
258
200
843
-0.2152
-0.8906
-0.3797
0.5600
-2.8000
-2.7300
242
267
259
201
839
-0.2054
-0.8847
-0.3684
0.7700
-2.9400
-0.7700
242
268
261
202
836
-0.2089
-0.9072
-0.3836
1.4700
-4.7600
-0.8400
242
268
262
203
834
-0.2196
-0.9165
-0.3938
4.9000
-4.9000
-3.4300
242
269
263
204
831
-0.2108
-0.9096
-0.3758
4.4800
-4.9000
-4.0600
242
269
264
204
831
-0.2162
-0.9013
-0.3660
3.2900
-2.4500
-4.0600
242
269
264
205
828
-0.2050
-0.8852
-0.3582
0.7700
-4.4100
-1.9600
243
270
265
205
827
-0.2172
-0.8911
-0.3640
2.1700
-3.6400
-2.8700
243
270
265
206
825
-0.2137
-0.9106
-0.3704
4.3400
-4.4800
-4.8300
243
271
266
206
825
-0.2118
-0.9043
-0.3616
4.2700
-4.9000
-3.1500
243
271
266
206
825
-0.2084
-0.8843
-0.3558
2.9400
-4.9000
-4.1300
242
271
266
207
826
-0.1976
-0.8930
-0.3514
-5.3200
-4.4800
-0.9100
244
273
267
208
814
-0.2201
-0.8755
-0.3655
-0.2100
4.0600
-3.0800
246
275
271
210
786
-0.1767
-0.8994
-0.3738
1.6800
1.4000
7.8400
252
283
281
216
727
-0.2289
-0.9067
-0.3738
5.9500
-9.1700
-0.7000
263
296
298
227
647
-0.2255
-0.8969
-0.3855
5.3200
-3.9900
11.1300
302
328
342
261
584
-0.2460
-0.8657
-0.3348
12.0400
1.8200
7.4200
345
380
411
318
518
-0.2596
-0.8833
-0.3226
6.3000
-2.3800
-2.3800
365
404
451
355
480
-0.2460
-0.8808
-0.3314
2.5900
-3.2900
-0.3500
391
440
491
398
446
-0.2616
-0.9023
-0.3558
2.3800
-2.8000
5.1100
407
473
514
422
423
-0.2674
-0.8764
-0.3523
12.6000
-3.9900
1.0500
411
490
522
443
410
-0.2767
-0.9331
-0.3567
13.0200
0.3500
4.1300
412
495
525
452
402
-0.2806
-0.9101
-0.3499
6.1600
-3.2900
-0.1400
414
497
526
455
401
-0.2923
-0.8945
-0.3133
1.7500
-3.9200
-2.6600
414
497
526
456
402
-0.2889
-0.8896
-0.3396
4.4100
-3.8500
-3.7800
414
497
526
456
402
-0.2860
-0.8989
-0.3289
3.9200
-4.9000
-3.5700
414
497
526
456
402
-0.2938
-0.8930
-0.3338
1.4000
-4.6200
-1.9600
414
497
526
456
402
-0.2943
-0.8877
-0.3187
1.3300
-4.2000
-2.7300
414
497
526
456
403
-0.2840
-0.8799
-0.3362
-0.4200
-4.2000
-2.9400
414
497
526
456
401
-0.2913
-0.8730
-0.3299
2.7300
-3.3600
-2.3800
414
497
526
455
404
-0.2821
-0.8911
-0.3299
0.4200
-4.8300
-1.9600
414
496
526
455
404
-0.2889
-0.8911
-0.3284
3.4300
-3.7800
-3.7800
414
496
526
454
404
-0.2904
-0.8930
-0.3294
2.5200
-5.3900
-2.5900
414
496
526
453
405
-0.2967
-0.9013
-0.3314
2.5200
-4.3400
-3.2900
413
496
525
452
405
-0.2996
-0.8940
-0.3196
1.2600
-4.4800
-4.2700
413
495
525
451
406
-0.2869
-0.8862
-0.3143
-0.7700
-4.1300
-4.1300
413
494
524
448
406
-0.2913
-0.8877
-0.3274
-2.0300
-1.8900
-3.9200
412
492
522
442
404
-0.2835
-0.8833
-0.3484
-2.3800
-4.4100
-3.0100
412
487
516
434
410
-0.2791
-0.8784
-0.3436
-1.9600
-2.9400
-2.2400
410
481
508
426
419
-0.2908
-0.8838
-0.3348
-2.8000
-0.6300
-5.9500
403
467
485
407
438
-0.2762
-0.8642
-0.3450
-1.7500
-2.5900
-1.6100
394
448
453
375
469
-0.2704
-0.8769
-0.3445
8.2600
-4.4100
-5.1800
389
428
422
343
507
-0.2694
-0.8804
-0.3309
11.1300
1.4000
-8.8900
387
391
378
321
552
-0.2547
-0.9087
-0.3470
12.4600
3.0800
-11.3400
362
348
338
293
602
-0.2435
-0.8823
-0.3172
8.6100
-6.3000
-12.5300
335
322
312
265
640
-0.2367
-0.8974
-0.2948
0.5600
-7.7000
-10.5700
315
302
295
244
681
-0.2298
-0.9116
-0.3074
3.1500
-8.2600
-10.6400
298
288
279
227
728
-0.2006
-0.9174
-0.3006
-0.9100
-10.2200
-9.8000
285
276
268
216
767
-0.1991
-0.9389
-0.3196
1.8200
-9.9400
-16.1000
277
267
261
207
802
-0.2255
-0.9311
-0.3133
3.7800
-5.1800
-7.0700
270
260
253
201
822
-0.1850
-0.9052
-0.3030
-0.2100
-8.6800
-7.1400
268
258
252
198
825
-0.1913
-0.9135
-0.3245
9.3100
-5.8800
-7.9100
265
259
251
197
833
-0.1723
-0.9677
-0.2933
2.8000
-12.8800
1.6800
260
258
249
195
851
-0.1996
-0.9560
-0.3450
15.3300
-11.2000
-2.5200
257
261
250
195
853
-0.2201
-0.9331
-0.2850
8.1200
-3.8500
-3.9200
257
262
251
197
849
-0.2020
-0.9140
-0.2640
-2.8700
-6.5100
1.7500
258
263
253
199
845
-0.2240
-0.9394
-0.2982
-0.2800
-5.7400
-2.3800
259
264
255
200
837
-0.2196
-0.9292
-0.2855
0.7000
-4.9700
-5.0400
260
266
256
201
834
-0.1986
-0.9374
-0.3084
-1.0500
-5.2500
-1.1900
261
266
257
202
828
-0.2123
-0.9199
-0.2938
-0.1400
-4.6200
-2.4500
262
267
258
203
826
-0.2245
-0.9174
-0.3006
-1.4000
-3.4300
-0.4200
262
268
259
203
821
-0.2196
-0.9160
-0.3079
2.4500
-3.0800
-2.4500
262
268
260
204
821
-0.2118
-0.9306
-0.3099
4.4800
-3.7100
-2.8000
263
269
261
205
816
-0.2225
-0.9209
-0.3089
1.8900
-3.2200
-3.7100
263
269
262
205
816
-0.2176
-0.9106
-0.2899
1.5400
-2.8000
-1.5400
263
269
262
206
815
-0.2186
-0.9204
-0.2962
-0.9100
-3.5700
-4.2000
263
269
262
206
813
-0.2186
-0.9179
-0.3094
-2.8000
-4.0600
-3.9200
264
270
263
206
811
-0.2186
-0.9111
-0.3304
-0.7700
-2.7300
-3.4300
264
271
264
207
803
-0.2098
-0.9301
-0.3196
0.5600
-3.0100
-4.1300
265
272
266
208
789
-0.2162
-0.9116
-0.3260
4.9700
-0.8400
-1.1200
269
279
272
213
731
-0.2113
-0.9257
-0.3206
5.3200
10.3600
8.8900
281
296
297
232
626
-0.2172
-0.9028
-0.3006
-3.2900
-6.2300
4.8300
308
328
345
273
547
-0.2455
-0.8755
-0.3216
2.9400
-5.7400
1.4700
346
374
416
329
500
-0.2352
-0.9218
-0.3192
-2.8000
-3.0800
-3.5000
377
420
475
382
475
-0.2333
-0.9077
-0.3304
-2.1000
2.8700
0.9100
402
461
511
419
449
-0.2098
-0.9204
-0.3684
8.9600
0.5600
-2.1700
406
483
521
441
428
-0.2455
-0.9057
-0.3587
6.4400
-1.4700
-1.3300
408
488
524
450
420
-0.2377
-0.9126
-0.3411
2.1000
0.3500
-2.8700
408
489
524
452
415
-0.2255
-0.9052
-0.3470
2.0300
-3.0800
-1.3300
407
489
524
452
414
-0.2430
-0.9048
-0.3343
1.8200
-2.8000
-2.6600
407
488
524
451
412
-0.2386
-0.8950
-0.3382
0.4900
-4.0600
-3.0100
407
487
524
450
415
-0.2381
-0.8833
-0.3343
2.3100
-3.4300
-2.3100
406
487
524
449
415
-0.2435
-0.8965
-0.3240
-0.4900
-3.0100
-3.2900
406
486
524
449
415
-0.2406
-0.8857
-0.3475
3.9200
0.3500
-2.0300
406
486
524
448
416
-0.2289
-0.9067
-0.3518
2.5200
-4.5500
-3.4300
406
486
524
447
417
-0.2489
-0.9116
-0.3509
2.6600
-3.8500
-4.2700
406
486
523
447
417
-0.2328
-0.8940
-0.3367
2.5200
-3.1500
-3.2200
405
486
523
446
418
-0.2377
-0.8960
-0.3440
0.6300
-4.4800
-2.1700
405
485
523
445
416
-0.2420
-0.8979
-0.3470
1.3300
-3.0800
-4.2000
405
485
523
444
418
-0.2298
-0.8965
-0.3318
0.2100
-4.6200
-2.9400
405
485
523
443
419
-0.2489
-0.8984
-0.3436
1.8200
-3.6400
-3.1500
405
484
523
443
418
-0.2386
-0.8984
-0.3489
2.5200
-3.3600
-3.2900
404
484
522
442
419
-0.2386
-0.9013
-0.3548
0.0700
2.1700
-2.6600
403
478
519
433
420
-0.2430
-0.8989
-0.3558
-2.0300
-2.1000
-3.7100
399
463
496
420
435
-0.2323
-0.9111
-0.3802
0.4200
-3.4300
-6.4400
392
450
463
404
448
-0.2357
-0.8916
-0.3631
2.6600
-1.6800
-2.5900
385
439
433
385
469
-0.2211
-0.8999
-0.3631
3.2900
-5.0400
-3.5000
377
424
408
353
505
-0.2377
-0.9038
-0.3445
5.1800
0.7700
-1.6100
384
395
379
315
547
-0.2333
-0.9043
-0.3548
6.5100
-1.8200
-2.7300
371
362
350
283
591
-0.2328
-0.8994
-0.3392
5.6700
-4.7600
-3.9900
352
336
322
254
643
-0.2245
-0.9057
-0.3372
3.8500
-3.9200
-7.1400
338
317
302
234
694
-0.2142
-0.9126
-0.3543
6.3700
-3.5700
-9.3800
326
300
287
218
738
-0.2064
-0.9077
-0.3548
2.6600
-7.5600
-9.4500
315
286
276
209
773
-0.1913
-0.8940
-0.3201
3.6400
-8.4000
-5.6700
309
279
270
204
791
-0.1835
-0.9379
-0.3240
-0.2100
-8.8900
-8.6800
301
270
266
201
801
-0.1684
-0.9130
-0.3328
-4.8300
-9.2400
-11.4100
294
267
262
198
815
-0.1786
-0.9155
-0.3372
1.5400
-10.5700
-5.7400
287
267
261
197
833
-0.1635
-0.9243
-0.3494
9.3100
-8.6100
-1.4700
280
266
259
196
853
-0.1771
-0.9360
-0.3294
0.4900
-6.7200
-1.8200
274
265
258
198
871
-0.1864
-0.9018
-0.3314
-0.2100
-6.3700
-3.3600
274
265
258
199
871
-0.1791
-0.9170
-0.3367
2.2400
-6.5100
-1.3300
273
266
259
200
874
-0.1781
-0.9423
-0.3265
1.5400
-6.9300
-3.0100
271
265
259
201
883
-0.1762
-0.9316
-0.3372
4.3400
-4.2000
-4.3400
270
266
259
202
882
-0.1776
-0.9189
-0.3162
4.2700
-3.3600
-4.1300
270
267
260
203
889
-0.1786
-0.9121
-0.3167
2.5200
-4.3400
-3.9200
269
267
260
203
892
-0.1698
-0.9204
-0.3138
2.5200
-5.3200
-2.0300
269
267
261
204
890
-0.1869
-0.9321
-0.3152
3.6400
-4.5500
-2.0300
269
268
261
204
893
-0.1762
-0.9252
-0.3148
5.9500
-5.4600
-1.8200
269
268
262
205
891
-0.1825
-0.9179
-0.3045
1.1200
-4.9000
-1.5400
269
269
262
206
892
-0.1918
-0.9199
-0.3109
2.5200
-3.4300
-3.3600
270
269
263
206
889
-0.1830
-0.9326
-0.3079
2.3800
-5.0400
-1.6100
270
269
263
206
885
-0.1928
-0.9321
-0.3143
7.6300
-5.8800
-1.5400
271
271
264
207
884
-0.2011
-0.9374
-0.2991
1.2600
-3.9900
-3.0800
272
271
265
207
880
-0.1845
-0.9223
-0.3099
3.2200
-3.7100
-2.3800
272
272
266
208
876
-0.1918
-0.9248
-0.3074
4.3400
-4.6200
-3.0800
272
272
266
208
878
-0.1976
-0.9174
-0.2894
0.0700
-4.5500
-1.9600
272
272
266
208
876
-0.1898
-0.9287
-0.2913
1.2600
-2.4500
-3.5000
273
272
267
209
873
-0.1898
-0.9194
-0.2943
0.0000
-3.4300
-2.2400
273
273
268
209
868
-0.2035
-0.9140
-0.2918
-0.2800
-2.5200
-3.7800
273
273
268
209
864
-0.1879
-0.9204
-0.2928
0.2100
-3.9900
-2.5900
274
274
269
210
858
-0.1801
-0.9062
-0.2933
6.0900
14.2800
3.4300
278
279
274
211
791
-0.1893
-0.9160
-0.2923
23.8000
21.8400
-3.3600
288
294
291
221
689
-0.1913
-0.9301
-0.2689
8.7500
8.7500
3.8500
302
323
324
245
592
-0.1776
-0.9311
-0.2777
-0.4900
0.0000
12.1800
331
356
379
292
518
-0.1869
-0.9428
-0.2806
6.5800
-3.5000
0.9100
359
391
437
339
483
-0.2098
-0.9145
-0.2786
1.8900
-2.8700
0.0700
381
426
478
380
461
-0.2064
-0.9257
-0.2884
3.7100
-2.3100
2.1700
395
450
499
404
446
-0.2328
-0.9096
-0.2767
10.2900
-3.9200
1.2600
403
465
511
412
439
-0.2381
-0.9331
-0.2752
-1.4000
-5.1100
-1.1200
406
474
517
419
430
-0.2333
-0.9048
-0.2796
1.1200
-3.7100
0.0000
406
481
520
426
428
-0.2396
-0.9262
-0.2923
4.9000
-2.3100
-2.1700
406
483
521
430
427
-0.2342
-0.9194
-0.2860
3.6400
-2.3800
-1.3300
406
484
521
431
427
-0.2440
-0.9218
-0.2777
4.6900
-3.8500
-2.8700
405
484
521
431
427
-0.2347
-0.9238
-0.2835
2.8000
-3.4300
-0.8400
405
484
521
431
426
-0.2528
-0.9306
-0.2811
0.0000
-2.2400
-3.5700
405
483
521
430
427
-0.2411
-0.9184
-0.2733
4.2700
-2.8700
-3.7100
405
483
521
430
428
-0.2381
-0.9248
-0.2733
0.5600
-4.6900
-1.3300
404
482
521
429
429
-0.2582
-0.9277
-0.2801
3.2900
-3.0800
-3.2900
404
482
521
428
429
-0.2425
-0.9228
-0.2752
2.5200
-3.9900
-2.4500
404
482
520
427
430
-0.2440
-0.9335
-0.2806
3.8500
-4.4100
-1.9600
404
481
520
426
430
-0.2484
-0.9238
-0.2752
1.4000
-3.8500
-3.8500
403
481
519
426
428
-0.2440
-0.9111
-0.2689
0.9100
-4.2700
-2.4500
403
480
519
426
431
-0.2425
-0.9257
-0.2679
1.6800
-3.4300
-3.2900
403
480
519
425
431
-0.2416
-0.9174
-0.2611
0.7000
-4.1300
-2.8000
403
480
519
425
432
-0.2538
-0.9174
-0.2806
1.5400
-2.9400
-2.4500
403
478
518
424
432
-0.2430
-0.9257
-0.2611
-2.8000
-0.1400
-6.6500
400
468
505
416
436
-0.2450
-0.9077
-0.2723
0.4900
-3.5700
-5.1100
393
450
470
405
467
-0.2289
-0.9140
-0.2557
12.6700
0.8400
-1.6800
388
430
432
385
511
-0.2128
-0.9257
-0.2655
11.4800
-1.6800
-0.7000
390
399
391
362
563
-0.2420
-0.9350
-0.2562
9.9400
-1.6100
-2.5900
384
371
360
327
613
-0.2298
-0.9570
-0.2372
7.9800
-5.2500
-9.1700
369
344
332
291
656
-0.2230
-0.9511
-0.2391
6.8600
-2.2400
-13.1600
327
315
298
255
717
-0.2108
-0.9248
-0.2503
3.3600
-2.1000
-5.1100
307
295
278
235
762
-0.1908
-0.9760
-0.2416
5.1100
-5.8800
-11.9700
291
281
264
221
798
-0.1820
-0.9599
-0.2406
1.1900
-7.9100
-6.2300
280
271
257
213
820
-0.1645
-0.9174
-0.2289
-5.3200
-2.5200
-1.8200
271
265
253
208
826
-0.1854
-0.9697
-0.2362
-4.6900
-6.0200
-5.3200
258
261
250
205
837
-0.1571
-0.8989
-0.2357
-6.8600
-1.4000
-2.4500
250
261
248
203
848
-0.1498
-0.9457
-0.2411
-3.3600
-10.9200
0.3500
246
260
248
202
857
-0.2040
-0.9384
-0.2518
-0.4200
-5.9500
-7.1400
243
262
249
202
863
-0.1850
-0.9331
-0.2455
-0.2800
-7.5600
-0.7700
243
264
250
203
859
-0.1684
-0.9477
-0.2606
6.9300
-7.7700
-2.8000
243
265
251
203
862
-0.1781
-0.9521
-0.2416
7.7000
-4.2700
-2.3800
243
266
251
203
866
-0.1908
-0.9477
-0.2357
1.0500
-6.4400
-1.4000
244
267
253
205
863
-0.1732
-0.9379
-0.2411
1.8900
-4.6900
-1.4700
245
267
254
206
858
-0.1850
-0.9560
-0.2411
2.8000
-3.7100
-3.0100
245
268
255
206
852
-0.1791
-0.9399
-0.2420
3.1500
-4.7600
-3.6400
246
269
256
207
851
-0.1801
-0.9428
-0.2391
4.9000
-4.4800
-3.3600
246
269
257
208
846
-0.1840
-0.9506
-0.2352
1.3300
-4.2000
-2.8000
247
270
257
208
846
-0.1786
-0.9360
-0.2313
1.5400
-4.9000
-2.1000
247
270
258
209
843
-0.1854
-0.9521
-0.2386
2.5900
-4.6900
-4.0600
248
270
258
209
851
-0.1776
-0.9623
-0.2303
2.7300
-5.5300
-3.5000
248
270
258
209
853
-0.1918
-0.9487
-0.2357
2.0300
-4.9000
-3.2900
248
270
258
209
851
-0.1786
-0.9550
-0.2269
3.0800
-4.4800
-2.7300
248
271
258
209
850
-0.1820
-0.9477
-0.2303
3.1500
-4.0600
-2.4500
249
271
259
210
847
-0.1859
-0.9365
-0.2142
-0.4200
-4.1300
-1.8900
250
272
260
210
841
-0.1859
-0.9321
-0.2167
1.7500
-4.4800
-1.2600
251
272
261
211
836
-0.1957
-0.9443
-0.2250
-0.9800
-2.3800
-1.4700
255
274
264
212
803
-0.1854
-0.9423
-0.2333
-2.9400
1.1900
-4.4100
260
280
269
216
768
-0.1884
-0.9389
-0.2386
-7.2100
1.6800
-7.9100
271
288
279
223
702
-0.1586
-0.9340
-0.2469
-13.7900
7.7000
-1.8900
299
315
309
250
597
-0.1454
-0.9501
-0.2791
-14.4900
-1.2600
-10.9900
334
356
360
293
534
-0.1357
-0.9287
-0.3177
-14.4200
-3.5000
-14.6300
364
403
436
340
479
-0.1405
-0.9140
-0.3084
-8.2600
-5.7400
-3.4300
385
431
480
384
448
-0.1337
-0.9355
-0.3299
-6.9300
-3.3600
-1.9600
396
453
503
413
429
-0.1454
-0.9170
-0.3475
2.9400
-2.5900
-3.1500
399
469
514
423
417
-0.1230
-0.9365
-0.3304
-1.4000
-6.0200
-0.7700
400
480
520
438
408
-0.1523
-0.9355
-0.3616
4.1300
-2.3800
3.5700
401
485
522
448
404
-0.1469
-0.9433
-0.3494
7.1400
-3.8500
-1.8200
401
486
523
452
403
-0.1518
-0.9218
-0.3396
1.8900
-3.9900
-4.2000
401
486
523
452
403
-0.1410
-0.9243
-0.3406
3.7100
-4.3400
-0.3500
401
486
523
452
403
-0.1498
-0.9282
-0.3304
3.7800
-4.3400
-5.5300
401
485
523
452
404
-0.1459
-0.9170
-0.3314
2.6600
-3.2900
-3.0800
401
485
523
452
404
-0.1488
-0.9213
-0.3201
1.0500
-3.7800
-2.3100
400
484
523
451
405
-0.1586
-0.9248
-0.3406
3.0100
-2.9400
-4.4100
400
483
522
450
403
-0.1401
-0.9165
-0.3377
2.5200
-4.6900
-2.6600
400
483
522
450
405
-0.1532
-0.9213
-0.3406
3.8500
-3.5700
-2.1700
400
482
522
449
406
-0.1469
-0.9223
-0.3294
3.2200
-2.5900
-1.8900
400
482
522
448
406
-0.1552
-0.9223
-0.3304
1.8200
-3.8500
-2.5200
400
481
521
447
407
-0.1537
-0.9282
-0.3245
1.8200
-3.8500
-2.1700
399
480
521
446
407
-0.1513
-0.9257
-0.3211
0.7700
-2.3800
-2.1000
399
479
520
443
408
-0.1508
-0.9248
-0.3348
3.5000
-0.4900
-3.5000
398
473
514
437
412
-0.1454
-0.9199
-0.3231
5.4600
-0.4200
-3.5000
395
457
488
429
417
-0.1405
-0.9277
-0.3148
5.2500
-3.5700
-1.2600
389
444
463
419
439
-0.1484
-0.9311
-0.3401
6.7200
-4.0600
-1.4000
388
432
441
396
468
-0.1674
-0.9301
-0.3070
3.9900
-5.6000
-4.1300
390
412
412
365
507
-0.1396
-0.8833
-0.2791
7.2800
-6.4400
-0.4900
391
395
387
338
559
-0.1542
-0.9248
-0.2977
4.6900
-1.4700
-3.0800
390
371
359
306
610
-0.1674
-0.9370
-0.3001
2.4500
-1.1900
-3.8500
381
350
336
280
655
-0.1576
-0.9370
-0.2874
4.7600
-1.7500
-9.1000
372
331
316
258
699
-0.1606
-0.9370
-0.2816
2.8700
-4.5500
-8.6800
356
312
299
240
755
-0.1166
-0.9335
-0.3070
2.7300
-7.6300
-11.8300
337
297
284
227
788
-0.1444
-0.9101
-0.2747
0.7000
-6.8600
-8.0500
318
286
274
217
812
-0.1513
-0.9496
-0.2425
5.5300
-6.3700
-9.9400
308
278
268
210
824
-0.1235
-0.9448
-0.2689
2.8700
-8.1200
-8.5400
300
270
263
205
830
-0.1254
-0.8950
-0.2767
1.6800
-8.1900
-1.6100
293
265
260
202
831
-0.1420
-0.9423
-0.2396
-4.9000
-7.6300
-0.2100
287
264
258
200
853
-0.1347
-0.9345
-0.2684
-1.4700
-7.0000
-0.6300
282
264
256
200
867
-0.1352
-0.9448
-0.2704
1.1200
-6.8600
-1.2600
283
265
257
201
869
-0.1279
-0.9384
-0.2567
2.9400
-7.0700
-2.5200
283
266
258
203
867
-0.1430
-0.9399
-0.2621
0.4200
-7.0700
-1.1900
284
267
259
204
862
-0.1337
-0.9623
-0.2645
4.1300
-6.0900
-3.7800
284
267
259
205
869
-0.1371
-0.9467
-0.2582
-1.3300
-5.4600
-2.5200
284
267
260
206
866
-0.1430
-0.9340
-0.2616
-2.3800
-3.5700
-2.1000
285
268
261
207
863
-0.1386
-0.9409
-0.2616
2.2400
-5.0400
-2.0300
285
269
262
208
861
-0.1503
-0.9570
-0.2664
3.3600
-4.5500
-3.3600
285
269
263
208
859
-0.1347
-0.9570
-0.2655
2.8700
-5.1800
-3.0100
286
270
263
209
856
-0.1415
-0.9506
-0.2674
2.5200
-3.2900
-2.6600
286
270
264
209
852
-0.1371
-0.9536
-0.2557
2.1700
-4.1300
-2.4500
286
270
264
209
853
-0.1386
-0.9482
-0.2650
2.8000
-4.4100
-2.9400
287
271
265
210
850
-0.1405
-0.9511
-0.2528
3.2900
-5.1100
-3.3600
287
271
265
210
852
-0.1362
-0.9501
-0.2596
3.5700
-3.7800
-3.2900
287
271
265
210
852
-0.1571
-0.9399
-0.2523
1.3300
-3.7800
-1.9600
287
272
266
211
853
-0.1396
-0.9389
-0.2401
-0.7000
-5.1100
-1.6800
287
272
266
211
853
-0.1464
-0.9389
-0.2499
2.8700
-4.8300
-2.3800
287
272
266
211
851
-0.1469
-0.9623
-0.2552
1.2600
-3.4300
-1.1900
287
273
267
212
850
-0.1557
-0.9550
-0.2684
6.6500
-4.9000
-2.7300
287
273
267
212
847
-0.1508
-0.9604
-0.2499
4.6200
-5.7400
-3.2900
287
273
267
212
845
-0.1615
-0.9482
-0.2508
-1.5400
-3.7800
-3.0100
289
275
268
213
829
-0.1508
-0.9443
-0.2513
-1.4000
0.7700
-3.2900
293
279
271
214
789
-0.1571
-0.9321
-0.2782
-0.2800
-3.7100
-5.0400
304
290
282
220
702
-0.1586
-0.9384
-0.2601
-12.8800
-1.8200
2.3100
328
316
310
245
592
-0.1586
-0.9140
-0.2704
1.6800
-1.9600
2.8700
354
361
370
291
527
-0.1718
-0.9560
-0.2860
6.5800
0.7700
3.8500
369
401
433
337
505
-0.1884
-0.9277
-0.2718
6.7200
1.6800
3.9200
388
439
487
389
483
-0.1976
-0.8999
-0.2274
10.4300
-0.4900
-0.4900
403
468
515
415
466
-0.1703
-0.9438
-0.2542
-4.0600
-5.3900
-1.1200
405
480
520
432
450
-0.1996
-0.9194
-0.2679
-0.8400
-1.6100
-4.3400
406
487
523
442
437
-0.1791
-0.9228
-0.2635
2.4500
-4.0600
-5.8800
406
490
524
447
428
-0.1762
-0.9306
-0.2684
3.7800
-3.5700
-3.8500
406
491
525
450
422
-0.1757
-0.9321
-0.2777
5.0400
-3.1500
-3.5000
406
492
525
452
419
-0.1806
-0.9331
-0.2713
4.4100
-3.0800
-3.1500
406
492
525
453
417
-0.1893
-0.9360
-0.2674
3.4300
-3.5000
-2.8700
406
492
525
453
416
-0.1923
-0.9448
-0.2747
3.0100
-3.2900
-1.7500
406
492
525
453
416
-0.1889
-0.9423
-0.2601
4.2000
-4.2000
-2.8700
406
492
525
453
416
-0.1903
-0.9418
-0.2747
3.7100
-4.4800
-2.8700
406
492
525
453
416
-0.1918
-0.9433
-0.2630
1.7500
-4.5500
-3.2200
406
491
525
453
416
-0.1967
-0.9345
-0.2674
0.4200
-3.7800
-3.9900
406
491
525
452
416
-0.1869
-0.9399
-0.2645
2.2400
-3.9200
-2.6600
406
491
525
452
417
-0.1932
-0.9331
-0.2660
1.9600
-4.0600
-2.8700
406
491
525
452
417
-0.1869
-0.9257
-0.2625
3.6400
-3.8500
-1.9600
406
490
525
452
417
-0.1903
-0.9487
-0.2747
3.5000
-3.9200
-3.2900
406
490
525
452
417
-0.1972
-0.9350
-0.2606
4.2700
-3.2200
-3.9900
405
490
525
451
417
-0.1874
-0.9384
-0.2523
-1.3300
-7.3500
-4.5500
405
487
523
447
418
-0.1991
-0.9443
-0.2869
-2.0300
-2.1700
-11.6200
403
475
505
413
422
-0.1698
-0.9292
-0.2874
4.6200
-4.2700
-7.0700
398
460
468
357
430
-0.1669
-0.9511
-0.2752
6.3000
-0.4200
-6.4400
388
429
423
317
450
-0.1781
-0.9516
-0.2801
12.2500
4.2700
-1.3300
383
394
385
290
503
-0.1645
-0.9262
-0.2386
12.1100
0.0000
-1.1900
377
368
359
270
575
-0.1688
-0.9467
-0.2420
7.7000
-0.8400
-6.4400
364
342
333
253
639
-0.1552
-0.9223
-0.2240
6.7200
-1.2600
-6.4400
349
321
311
237
713
-0.1405
-0.9355
-0.2264
3.8500
-5.1800
-4.2000
332
301
294
222
769
-0.1547
-0.9750
-0.2606
1.9600
-6.0200
-8.2600
320
286
279
212
815
-0.1488
-0.9843
-0.2377
4.5500
-7.4200
-10.3600
307
272
269
206
851
-0.1332
-0.9560
-0.2420
1.8200
-9.3100
-2.3100
296
264
263
202
857
-0.1322
-0.9945
-0.2362
1.8900
-11.6900
-1.8200
286
263
259
199
901
-0.1357
-0.9345
-0.2176
4.3400
-7.7700
-3.4300
281
263
258
199
922
-0.1664
-0.9365
-0.1991
-1.6800
-4.3400
-3.7100
280
264
259
200
925
-0.1537
-0.9423
-0.2040
-0.5600
-7.2100
-3.5000
279
266
259
202
919
-0.1420
-0.9550
-0.2147
-1.7500
-6.5100
-0.5600
279
267
261
204
916
-0.1562
-0.9599
-0.2328
1.6800
-5.4600
-4.5500
279
267
261
204
917
-0.1513
-0.9594
-0.2225
-3.4300
-7.1400
-2.3800
279
268
262
205
913
-0.1532
-0.9623
-0.2220
1.8200
-5.9500
-3.9200
280
269
263
206
907
-0.1464
-0.9731
-0.2323
4.0600
-3.5700
-4.3400
280
270
264
207
907
-0.1488
-0.9394
-0.2201
1.9600
-4.3400
-2.6600
281
271
264
207
905
-0.1459
-0.9492
-0.2240
2.9400
-3.4300
-2.3100
281
271
265
208
899
-0.1430
-0.9443
-0.2230
-1.2600
-3.7800
-1.9600
281
272
266
209
899
-0.1523
-0.9492
-0.2186
0.7000
-3.3600
-2.7300
282
272
266
209
897
-0.1449
-0.9609
-0.2328
0.9800
-4.6900
-3.0100
282
273
267
209
892
-0.1464
-0.9609
-0.2323
2.1000
-3.9900
-3.8500
283
273
268
210
891
-0.1474
-0.9536
-0.2298
1.6100
-3.8500
-2.6600
283
273
268
211
888
-0.1469
-0.9575
-0.2274
1.3300
-3.1500
-2.8000
284
274
269
211
882
-0.1425
-0.9496
-0.2274
3.2900
-1.8200
-2.3800
284
274
270
211
880
-0.1464
-0.9575
-0.2196
-2.4500
-2.7300
-4.1300
285
274
270
211
877
-0.1547
-0.9599
-0.2577
2.4500
-2.5900
-3.2200
285
275
270
212
873
-0.1381
-0.9618
-0.2430
3.9900
-4.6900
-2.7300
285
275
271
212
874
-0.1430
-0.9726
-0.2508
3.7800
-4.6200
-4.3400
285
275
271
213
870
-0.1562
-0.9579
-0.2435
3.6400
-1.5400
-5.1100
285
275
271
213
871
-0.1308
-0.9477
-0.2377
-0.4200
-3.5700
-4.4100
286
276
272
213
863
-0.1327
-0.9462
-0.2416
-5.4600
-3.9900
-6.0200
288
280
275
213
821
-0.1298
-0.9404
-0.2381
-3.9200
-2.7300
-3.5700
293
288
280
214
765
-0.1493
-0.9492
-0.2699
-1.4000
-0.7700
1.1900
304
298
293
216
699
-0.1298
-0.9360
-0.2957
7.2100
1.9600
6.5800
322
319
316
233
609
-0.1000
-0.9921
-0.2645
11.4100
6.5100
7.7000
345
350
367
275
520
-0.1391
-0.9701
-0.2508
3.9200
1.6800
3.6400
363
388
424
327
484
-0.1571
-0.9628
-0.2611
7.9800
1.1200
1.8900
376
416
462
360
464
-0.2098
-0.9496
-0.2650
-2.3100
0.5600
-2.3100
387
434
486
387
449
-0.1713
-0.9536
-0.2499
-4.2700
-1.6100
-3.2900
396
452
503
408
435
-0.1684
-0.9399
-0.2728
3.0800
-4.0600
-0.9100
403
467
514
418
425
-0.1762
-0.9531
-0.2865
2.6600
-3.8500
-3.3600
408
478
520
430
420
-0.1635
-0.9506
-0.2738
-6.6500
-3.0800
-2.7300
407
487
523
440
417
-0.1698
-0.9316
-0.2821
5.3900
-4.7600
-2.5200
408
491
524
445
416
-0.1654
-0.9560
-0.2991
6.2300
-3.9200
-1.7500
408
491
524
447
415
-0.1757
-0.9462
-0.2908
5.0400
-5.1800
-2.0300
408
491
524
447
415
-0.1664
-0.9506
-0.2865
7.0700
-2.8000
-2.0300
408
491
524
447
415
-0.1679
-0.9384
-0.2669
1.6100
-4.0600
-2.4500
408
492
525
447
412
-0.1732
-0.9292
-0.2811
1.4000
-3.5700
-3.2200
408
492
525
447
415
-0.1640
-0.9374
-0.2704
3.6400
-4.1300
-2.5200
408
492
525
447
415
-0.1781
-0.9531
-0.2786
3.2200
-3.5700
-3.9200
407
492
525
447
415
-0.1728
-0.9345
-0.2713
2.8700
-3.9900
-2.5200
407
491
525
446
416
-0.1810
-0.9355
-0.2723
2.6600
-3.9900
-2.8700
407
491
525
446
413
-0.1757
-0.9472
-0.2743
3.3600
-3.7100
-2.1700
407
491
525
446
416
-0.1703
-0.9404
-0.2669
1.6100
-5.0400
-1.3300
407
491
524
445
416
-0.1874
-0.9545
-0.2801
3.0100
-3.2200
-2.7300
407
490
524
445
416
-0.1762
-0.9370
-0.2796
3.7100
-3.7800
-1.8900
407
489
524
443
417
-0.1708
-0.9448
-0.2718
4.6900
-2.8000
-0.4900
406
485
522
442
415
-0.1796
-0.9433
-0.2684
0.2800
-2.8700
-2.5200
405
480
518
438
420
-0.1825
-0.9404
-0.2635
2.6600
-2.0300
-4.2700
403
474
510
431
428
-0.1688
-0.9414
-0.2694
6.0200
-1.6100
-2.0300
400
463
490
422
453
-0.1952
-0.9555
-0.2420
1.4000
-3.6400
-4.6900
395
450
464
411
479
-0.1757
-0.9516
-0.2494
2.1000
-2.0300
-5.6700
392
432
432
389
515
-0.1898
-0.9077
-0.2460
8.9600
-0.5600
-5.1800
383
405
394
354
568
-0.1425
-0.9331
-0.2396
9.0300
-1.5400
-3.0800
367
375
362
321
624
-0.1679
-0.9311
-0.2245
6.5800
-4.0600
-5.1800
351
345
334
290
673
-0.1810
-0.9521
-0.2303
3.4300
-1.8200
-4.5500
330
317
305
260
725
-0.1620
-0.9360
-0.2030
11.0600
0.2100
-7.0700
308
294
287
240
788
-0.1688
-0.9594
-0.2079
2.8700
-7.4200
-9.4500
295
281
273
225
824
-0.1532
-0.9531
-0.2216
2.5200
-8.1200
-10.3600
286
271
263
215
847
-0.1532
-0.9374
-0.1957
0.2100
-8.4000
-6.0900
279
265
257
209
848
-0.1401
-0.8960
-0.1664
-19.8100
-14.4900
-0.9800
272
262
253
203
883
-0.1679
-0.9662
-0.2396
-11.3400
-17.1500
-4.6200
266
260
251
201
917
-0.1386
-0.9638
-0.2674
-4.4800
-18.2000
0.2800
264
263
252
201
922
-0.1791
-0.9809
-0.2650
7.5600
-8.4700
-6.7900
265
264
254
202
918
-0.1796
-0.9399
-0.2352
-3.3600
-4.7600
-3.6400
265
265
255
204
914
-0.1654
-0.9243
-0.2562
-2.7300
-5.6700
-2.2400
265
266
256
205
909
-0.1747
-0.9477
-0.2630
1.6800
-5.3900
-3.2900
265
266
257
206
908
-0.1688
-0.9536
-0.2660
2.4500
-4.5500
-2.4500
266
267
258
207
904
-0.1640
-0.9618
-0.2733
6.3700
-4.9700
-3.4300
267
268
258
208
897
-0.1752
-0.9453
-0.2572
2.1000
-4.9000
-1.8900
267
268
259
208
896
-0.1791
-0.9423
-0.2601
3.0100
-3.2900
-3.2900
266
269
259
209
897
-0.1767
-0.9389
-0.2547
1.3300
-3.8500
-3.7800
267
270
260
209
891
-0.1796
-0.9423
-0.2547
-0.8400
-3.4300
-2.8700
267
270
261
210
890
-0.1703
-0.9257
-0.2547
0.0700
-3.5700
-3.2900
268
270
262
210
888
-0.1630
-0.9326
-0.2567
2.4500
-4.3400
-3.1500
268
271
262
211
882
-0.1718
-0.9345
-0.2518
0.4200
-3.7800
-1.1900
268
271
263
211
881
-0.1786
-0.9531
-0.2645
0.4200
-3.2200
-1.8900
269
272
264
212
879
-0.1801
-0.9560
-0.2694
4.0600
-2.3800
-3.8500
269
272
264
212
875
-0.1708
-0.9618
-0.2596
3.5000
-5.0400
-2.6600
270
272
264
212
877
-0.1776
-0.9428
-0.2694
5.7400
-5.1100
-2.6600
270
273
264
213
873
-0.1791
-0.9409
-0.2630
2.7300
-3.6400
-2.8000
270
273
265
213
873
-0.1713
-0.9345
-0.2557
1.2600
-4.6200
-2.2400
270
273
265
214
870
-0.1703
-0.9316
-0.2508
1.8900
-3.1500
-2.3800
271
274
266
214
865
-0.1591
-0.9423
-0.2542
1.6100
-3.7100
-1.9600
271
274
266
214
866
-0.1732
-0.9389
-0.2625
3.3600
-3.3600
-4.5500
272
274
266
214
860
-0.1640
-0.9501
-0.2557
2.4500
-2.3100
-3.7800
272
275
267
215
857
-0.1688
-0.9516
-0.2694
6.5100
0.5600
-5.4600
273
275
268
215
851
-0.1698
-0.9374
-0.2391
1.6100
-6.0200
-3.2200
273
276
268
215
850
-0.1571
-0.9448
-0.2503
-1.5400
-3.0100
-6.4400
274
277
269
216
842
-0.1615
-0.9355
-0.2572
-5.6700
-5.6700
-3.9900
279
281
276
222
780
-0.1435
-0.9292
-0.2723
4.6200
2.1700
4.2700
292
296
296
238
689
-0.1723
-0.9594
-0.2894
8.3300
1.0500
-1.8900
311
316
330
267
608
-0.1674
-0.9462
-0.2494
-2.3800
-4.4100
-0.2800
337
352
379
311
549
-0.1581
-0.9345
-0.2596
-2.3800
-2.8700
-1.2600
364
396
437
353
508
-0.1918
-0.9316
-0.2767
0.2800
-1.4000
1.2600
381
425
474
384
482
-0.1723
-0.9282
-0.2786
0.7000
-1.6800
1.1200
390
441
490
401
463
-0.1786
-0.9365
-0.2791
-12.6000
-3.6400
-0.3500
395
451
500
411
448
-0.2011
-0.9340
-0.2733
-9.1000
-3.1500
-4.2700
399
460
509
416
426
-0.1532
-0.9233
-0.3030
-8.3300
-7.5600
-8.4000
401
469
515
428
412
-0.1576
-0.9213
-0.3289
-6.7900
-9.2400
-7.9800
401
475
518
438
401
-0.1679
-0.9374
-0.3436
-6.7200
-6.9300
-8.8900
400
479
520
444
393
-0.1493
-0.9121
-0.3470
-2.6600
-5.5300
-9.1700
400
480
520
447
389
-0.1513
-0.9213
-0.3465
0.0700
-5.5300
-4.2700
400
480
521
449
387
-0.1474
-0.9223
-0.3558
3.0800
-5.0400
-5.6700
400
480
521
449
387
-0.1381
-0.9316
-0.3582
2.8000
-5.0400
-6.3700
400
480
521
449
386
-0.1366
-0.9189
-0.3484
0.7000
-4.6900
-6.1600
399
480
521
449
386
-0.1371
-0.9145
-0.3465
4.2700
-3.7800
-1.7500
399
480
521
449
386
-0.1440
-0.9292
-0.3548
2.8700
-3.1500
-1.6800
399
480
521
448
386
-0.1479
-0.9252
-0.3504
-0.9100
-1.6100
-4.2000
399
479
521
448
386
-0.1318
-0.9199
-0.3562
2.8000
-3.2900
-2.8700
399
479
521
448
386
-0.1327
-0.9204
-0.3548
1.8900
-4.6900
-2.0300
399
479
521
447
386
-0.1425
-0.9184
-0.3587
2.8700
-3.1500
-2.1000
399
479
521
447
386
-0.1303
-0.9252
-0.3548
3.6400
-3.8500
-2.5900
399
479
520
446
387
-0.1352
-0.9248
-0.3431
1.6800
-3.7800
-2.1700
399
478
520
445
388
-0.1464
-0.9130
-0.3850
4.4100
-1.6800
-1.6800
399
476
519
440
393
-0.1410
-0.9204
-0.3436
2.9400
0.8400
3.3600
398
473
516
434
401
-0.1488
-0.9160
-0.3343
3.7100
-0.5600
5.3200
398
469
511
426
411
-0.1537
-0.9150
-0.3333
11.1300
0.1400
3.0100
396
461
498
419
425
-0.1835
-0.9213
-0.3421
3.5000
-1.5400
0.4900
391
448
471
410
442
-0.1830
-0.8847
-0.2889
2.0300
-3.5000
-5.0400
388
433
441
386
463
-0.1601
-0.9399
-0.3167
0.9100
-2.1700
-0.4200
389
407
404
355
501
-0.1796
-0.9282
-0.3226
7.7000
-1.8200
-1.8200
389
386
376
321
547
-0.1625
-0.9155
-0.2972
6.3700
-3.7100
-0.7000
385
361
351
292
607
-0.1874
-0.9438
-0.2928
6.0200
-1.1900
-4.0600
373
333
325
265
660
-0.1664
-0.9370
-0.3021
4.4800
-3.9200
-3.7800
361
311
304
246
700
-0.1630
-0.9370
-0.2913
3.7800
-6.0900
-5.8100
346
292
287
230
730
-0.1654
-0.9438
-0.2933
0.7700
-15.8200
-12.1100
329
278
272
216
755
-0.1181
-0.9614
-0.3030
9.8700
-15.2600
-10.0100
316
270
263
209
783
-0.1713
-0.9492
-0.2806
2.3800
-8.4700
-9.1000
309
269
259
205
802
-0.1435
-0.9496
-0.2684
-5.6700
-15.6100
-6.7900
303
268
257
202
817
-0.1479
-0.9218
-0.2816
0.9100
-10.0100
-3.6400
300
267
257
203
824
-0.1415
-0.9179
-0.2635
2.1000
-8.6100
-0.8400
297
267
258
204
830
-0.1557
-0.9331
-0.2796
-0.9100
-10.8500
2.3100
296
269
259
205
832
-0.1557
-0.9638
-0.3050
1.4000
-7.2800
-1.6800
295
270
261
207
839
-0.1688
-0.9370
-0.3006
2.1700
-6.0900
-3.2900
295
271
261
208
836
-0.1688
-0.9228
-0.2830
1.8900
-4.1300
-3.0100
296
272
262
209
839
-0.1630
-0.9331
-0.2860
-0.1400
-4.4100
-2.8700
296
273
263
209
840
-0.1732
-0.9326
-0.2913
-1.5400
-2.3100
-4.4800
295
272
263
210
844
-0.1606
-0.9311
-0.2830
1.2600
-4.6200
-2.9400
295
273
263
210
843
-0.1703
-0.9423
-0.3026
2.5900
-4.7600
-2.6600
294
273
263
210
849
-0.1625
-0.9506
-0.2923
3.8500
-4.4100
-2.3100
293
273
264
211
850
-0.1723
-0.9316
-0.2855
2.3800
-4.3400
-1.1900
292
273
264
211
849
-0.1835
-0.9282
-0.2967
1.1900
-2.4500
-3.6400
291
273
264
212
849
-0.1610
-0.9404
-0.2982
4.6200
-4.9700
-3.3600
291
274
264
212
847
-0.1659
-0.9370
-0.3050
3.6400
-3.9900
-2.7300
292
275
265
213
844
-0.1762
-0.9345
-0.2830
1.3300
-3.4300
-2.1700
292
275
266
213
841
-0.1645
-0.9262
-0.2899
1.4700
-4.0600
-2.0300
293
275
266
214
838
-0.1718
-0.9267
-0.2860
0.6300
-3.7800
-2.5200
293
276
267
214
837
-0.1645
-0.9233
-0.2811
0.1400
-3.7100
-2.2400
293
276
267
214
835
-0.1737
-0.9296
-0.2806
0.3500
-3.0100
-2.4500
293
276
267
215
834
-0.1698
-0.9272
-0.2962
1.6800
-3.5700
-1.9600
292
277
267
215
833
-0.1742
-0.9316
-0.2826
1.5400
-3.9200
-3.4300
292
277
268
215
832
-0.1635
-0.9340
-0.2899
2.1700
-4.0600
-2.3800
293
277
268
216
830
-0.1757
-0.9311
-0.2879
3.5000
-2.9400
-2.6600
293
278
269
216
830
-0.1698
-0.9370
-0.2928
2.5900
-4.6200
-3.5000
293
278
269
216
831
-0.1786
-0.9189
-0.2899
1.1200
-3.3600
-3.7100
293
278
269
216
833
-0.1728
-0.9292
-0.2699
1.1900
-3.2900
-3.7100
292
277
268
216
836
-0.1630
-0.9384
-0.2889
-1.2600
-0.8400
-5.5300
292
278
269
217
822
-0.1679
-0.9379
-0.3001
-3.8500
4.1300
-6.5800
295
281
273
218
788
-0.1440
-0.9374
-0.3060
-1.1900
-3.8500
-1.8200
301
288
279
220
739
-0.1547
-0.9223
-0.3060
-7.7700
-0.6300
-17.0800
310
298
288
228
677
-0.1698
-0.9389
-0.3558
2.4500
2.1000
-0.7700
331
325
322
256
585
-0.1771
-0.9257
-0.3528
-9.5900
-3.0100
-1.0500
353
361
374
302
517
-0.1440
-0.9174
-0.3343
0.5600
-2.4500
1.5400
368
402
441
347
481
-0.1527
-0.9072
-0.3455
5.0400
-3.3600
0.3500
383
434
484
386
454
-0.1640
-0.9213
-0.3504
-9.5200
-3.0800
-3.0100
396
455
505
411
433
-0.1659
-0.9013
-0.3558
-7.2800
-4.4100
-5.7400
403
468
515
420
417
-0.1669
-0.9008
-0.3831
-1.1900
-1.8200
-4.9700
405
478
520
435
409
-0.1654
-0.9101
-0.3802
-0.2800
-3.0800
-6.0900
404
487
523
447
404
-0.1591
-0.9057
-0.3816
1.2600
-4.0600
-4.7600
405
490
524
452
400
-0.1591
-0.9048
-0.3870
-16.9400
-3.2900
-4.4800
405
492
525
456
396
-0.1513
-0.9062
-0.3924
5.1800
-3.6400
-2.5200
406
494
526
458
393
-0.1503
-0.9160
-0.2557
3.2900
-3.7100
-3.2900
406
494
526
458
395
-0.1566
-0.8950
-0.3816
3.9200
-3.5700
-2.5900
406
494
526
459
395
-0.1547
-0.9052
-0.3826
4.9700
-2.7300
-2.5200
406
494
526
459
392
-0.1488
-0.9038
-0.3753
3.0800
-5.4600
-2.3800
406
494
526
459
395
-0.1674
-0.9038
-0.3743
2.6600
-3.2200
-3.9200
406
494
526
458
396
-0.1591
-0.9130
-0.3728
4.1300
-4.9700
-3.2200
406
494
526
458
393
-0.1640
-0.9150
-0.3694
3.9200
-4.3400
-2.9400
406
493
526
457
396
-0.1640
-0.9160
-0.3684
2.3800
-3.6400
-3.2200
406
493
526
457
396
-0.1654
-0.9033
-0.3611
2.3100
-3.7100
-3.6400
406
492
525
456
394
-0.1606
-0.9013
-0.3567
4.6200
-2.9400
-3.0800
406
492
525
453
398
-0.1532
-0.9004
-0.3567
3.9200
-3.0800
-0.5600
406
491
525
451
400
-0.1693
-0.9189
-0.3621
7.6300
3.8500
1.8900
406
489
524
446
403
-0.1713
-0.9008
-0.3318
5.4600
2.3100
1.1200
404
483
522
433
410
-0.1815
-0.9106
-0.3553
-1.4700
-2.0300
0.9800
400
470
509
415
418
-0.1606
-0.9008
-0.3416
4.2000
-3.5700
-2.0300
396
461
487
388
434
-0.1606
-0.9272
-0.3636
3.5000
-3.5700
-2.1000
389
448
459
364
458
-0.1684
-0.9414
-0.3684
-1.9600
-7.0700
0.7000
387
427
426
336
498
-0.1820
-0.9335
-0.3436
2.0300
-3.3600
-3.9900
388
400
395
305
546
-0.1693
-0.9296
-0.3445
0.3500
-2.3100
-4.2000
384
371
361
279
589
-0.1537
-0.9067
-0.3357
0.9100
-3.7100
-4.2000
377
343
333
254
619
-0.1640
-0.8979
-0.3553
2.1000
-4.8300
-6.6500
370
322
313
237
641
-0.1503
-0.9096
-0.3387
-3.0800
-4.9700
-9.8000
360
306
298
223
648
-0.1591
-0.9077
-0.3274
-7.9100
-17.5000
-12.1800
348
294
288
214
633
-0.1425
-0.9008
-0.3543
0.9800
-7.9100
-6.7900
340
294
280
210
628
-0.1200
-0.9170
-0.3426
1.3300
-6.1600
-4.4800
336
296
277
208
630
-0.1293
-0.9150
-0.3440
-3.9200
-8.5400
-1.4000
327
295
274
209
646
-0.1215
-0.9004
-0.3562
0.9100
-11.8300
-0.9800
312
290
271
209
671
-0.1357
-0.9340
-0.3372
-1.3300
-6.7900
-4.4100
298
287
268
210
710
-0.1283
-0.9140
-0.3455
1.0500
-7.4200
-3.0100
286
283
266
210
745
-0.1357
-0.9111
-0.3299
0.2100
-8.1200
-1.9600
278
278
263
210
791
-0.1371
-0.9165
-0.3650
0.8400
-5.3200
-0.7000
271
274
260
211
822
-0.1313
-0.9243
-0.3187
4.0600
-20.4400
-0.8400
265
271
258
211
845
-0.1464
-0.9262
-0.3499
3.2200
-4.8300
-4.4100
265
269
258
212
846
-0.1444
-0.9145
-0.3377
1.6100
-3.2900
-3.8500
264
269
258
212
846
-0.1288
-0.9272
-0.3523
2.2400
-4.5500
-3.9200
265
270
259
212
843
-0.1366
-0.9257
-0.3382
-0.7000
-3.7100
-1.1900
266
271
260
213
834
-0.1405
-0.9121
-0.3518
0.6300
-3.5000
-0.9800
267
272
261
214
832
-0.1357
-0.9194
-0.3479
1.0500
-3.0800
-2.7300
267
272
261
214
829
-0.1371
-0.9150
-0.3470
3.0100
-3.7800
-4.2000
267
270
261
214
841
-0.1371
-0.9213
-0.3523
1.4700
-4.6900
-3.7800
266
270
261
214
836
-0.1342
-0.9272
-0.3597
4.1300
-5.1100
-2.9400
267
271
262
215
837
-0.1357
-0.9316
-0.3460
4.2700
-3.7800
-2.8000
267
271
262
215
836
-0.1440
-0.9262
-0.3426
2.9400
-4.4100
-3.5700
266
270
262
215
843
-0.1474
-0.9165
-0.3494
1.9600
-3.5000
-4.1300
266
269
263
216
843
-0.1371
-0.9126
-0.3387
-1.9600
-3.2200
-3.8500
266
270
264
216
836
-0.1313
-0.9213
-0.3270
-5.1800
0.2100
-0.4900
270
276
268
217
802
-0.1459
-0.8799
-0.3479
5.6700
-4.3400
13.4400
280
286
281
219
730
-0.1625
-0.9077
-0.3572
8.7500
-1.3300
3.3600
295
301
298
222
645
-0.1493
-0.8994
-0.3314
7.4200
-13.0900
8.0500
328
333
341
256
549
-0.1542
-0.9101
-0.3274
15.9600
3.5000
4.6200
357
384
410
320
486
-0.1747
-0.9306
-0.3167
10.8500
3.9900
1.9600
377
426
466
378
449
-0.1771
-0.9272
-0.3089
3.5700
-6.9300
-0.8400
394
449
491
408
432
-0.1718
-0.9384
-0.3157
-4.5500
-12.5300
2.6600
406
467
507
420
416
-0.2069
-0.9467
-0.3211
-1.9600
-5.9500
-5.5300
411
478
515
436
407
-0.1952
-0.9091
-0.3445
-3.9900
-3.5700
-2.5200
414
485
520
449
400
-0.1908
-0.9218
-0.3592
2.3100
0.4900
-9.5900
414
491
523
456
397