-0.2962
-0.8926
-0.2821
4.4800
-4.3400
-3.7800
400
463
492
398
428
-0.2977
-0.8984
-0.2791
3.0800
-4.4100
-4.3400
400
463
492
399
428
-0.2982
-0.8979
-0.2777
3.5700
-4.0600
-3.7800
400
463
492
399
425
-0.2943
-0.9174
-0.2874
4.0600
-3.2900
-2.5900
400
463
492
399
428
-0.3021
-0.9077
-0.2943
2.3100
-3.4300
-3.3600
400
463
492
399
428
-0.2957
-0.9023
-0.2728
2.2400
-4.9700
-2.5200
400
463
492
398
428
-0.3113
-0.9135
-0.2850
1.6800
-4.2000
-4.4800
400
463
492
398
427
-0.2957
-0.8955
-0.2791
2.9400
-4.3400
-3.7100
400
463
492
399
428
-0.2923
-0.9023
-0.2704
2.3800
-4.2000
-3.2900
400
463
492
399
428
-0.3104
-0.8901
-0.2767
1.9600
-2.6600
-3.9900
400
463
492
399
425
-0.2904
-0.8989
-0.2723
-0.4900
-3.5700
-4.8300
400
463
492
399
428
-0.2918
-0.8950
-0.2723
-0.4200
-4.4100
-7.7700
400
463
492
399
427
-0.2664
-0.9077
-0.2830
-4.3400
-1.1900
-6.2300
400
464
493
401
426
-0.2811
-0.9028
-0.2899
-13.3000
-0.9100
-4.6900
400
466
496
401
423
-0.2699
-0.8877
-0.3030
-9.6600
-1.9600
-3.5000
401
469
498
399
420
-0.2630
-0.8750
-0.3182
-5.5300
-3.8500
-3.4300
402
471
499
389
420
-0.2767
-0.9243
-0.3772
-1.7500
-0.1400
-23.3800
403
476
505
353
419
-0.2523
-0.8457
-0.3421
1.8900
-4.4100
0.8400
404
478
507
331
418
-0.2352
-0.9043
-0.3445
-12.0400
-3.7800
8.2600
404
478
507
313
417
-0.2908
-0.9052
-0.3684
-4.2000
0.3500
-1.1900
404
478
505
298
421
-0.2674
-0.8652
-0.3670
8.1200
-6.2300
-4.2000
404
478
496
284
436
-0.2469
-0.9174
-0.3362
-3.9900
-0.5600
-4.1300
404
477
480
271
447
-0.2572
-0.8721
-0.3538
8.6800
-0.0700
-2.1000
405
477
465
261
450
-0.2640
-0.9052
-0.3470
3.6400
-3.3600
-3.2900
406
477
455
251
457
-0.2259
-0.9257
-0.3762
0.3500
-2.8700
-4.6900
406
478
462
236
456
-0.2289
-0.8799
-0.3440
-16.2400
-6.4400
3.6400
407
479
476
233
449
-0.2596
-0.8930
-0.4329
-19.0400
-1.0500
3.2900
408
480
487
229
447
-0.2635
-0.8101
-0.3953
-19.8800
-6.0900
9.2400
410
483
498
229
437
-0.2874
-0.8379
-0.4372
0.2100
-4.8300
1.9600
412
486
504
233
433
-0.2982
-0.8447
-0.4460
-8.2600
-13.0900
-3.5000
414
488
506
242
427
-0.2967
-0.8218
-0.4646
4.1300
-6.1600
-0.2800
418
493
509
250
422
-0.2987
-0.8159
-0.4504
4.8300
-3.9200
-3.5000
421
496
510
256
417
-0.2884
-0.8106
-0.4309
0.6300
-6.0900
0.0700
422
496
511
258
416
-0.3074
-0.8233
-0.4421
0.4200
-5.0400
-1.5400
424
497
512
260
415
-0.3040
-0.8023
-0.4333
3.5700
-2.9400
0.7000
425
497
515
261
413
-0.3113
-0.8374
-0.4329
1.9600
-4.6200
-0.7000
425
497
517
262
412
-0.2957
-0.8247
-0.4216
-0.2100
-2.3100
-2.3800
426
498
518
263
409
-0.3123
-0.8213
-0.4402
-2.5200
-2.9400
-0.2100
426
498
518
263
412
-0.3162
-0.8311
-0.4382
-0.7700
-3.2900
-2.5900
427
498
518
264
412
-0.3113
-0.8252
-0.4475
-0.4900
-4.4800
-0.0700
427
498
518
265
410
-0.3216
-0.8320
-0.4509
3.5000
-4.0600
-0.9100
427
497
518
265
412
-0.3216
-0.8262
-0.4470
1.3300
-3.2900
-1.0500
427
497
518
266
410
-0.3289
-0.8257
-0.4558
1.4700
-2.7300
-1.1900
427
497
518
267
412
-0.3304
-0.8169
-0.4548
1.8900
-3.2200
-2.0300
427
497
518
269
412
-0.3357
-0.8262
-0.4421
2.1700
-4.1300
-4.1300
427
498
518
270
413
-0.3348
-0.8296
-0.4402
8.4000
-5.9500
-5.1100
427
498
518
270
415
-0.3274
-0.8379
-0.4421
1.0500
-5.1800
-1.5400
428
498
519
271
413
-0.3201
-0.8233
-0.4470
4.6200
-3.7800
-2.0300
427
498
519
272
416
-0.3148
-0.8233
-0.4446
2.8700
-5.2500
-1.7500
427
498
519
272
416
-0.3177
-0.8184
-0.4275
4.6900
-6.6500
-0.6300
428
498
519
273
416
-0.3328
-0.8408
-0.4382
2.8000
-3.7800
-2.6600
427
497
519
273
417
-0.3240
-0.8184
-0.4226
2.7300
-3.4300
-2.3100
428
497
519
273
417
-0.3206
-0.8301
-0.4192
0.5600
-5.8100
-1.1200
427
497
519
273
417
-0.3299
-0.8291
-0.4260
5.0400
-6.4400
-1.8900
427
497
518
273
418
-0.3348
-0.8398
-0.4216
0.9100
-4.8300
-0.8400
427
496
518
274
418
-0.3382
-0.8316
-0.4324
2.6600
-3.8500
-3.2900
427
496
518
274
418
-0.3314
-0.8267
-0.4216
4.1300
-1.6800
-3.1500
427
496
518
274
416
-0.3338
-0.8316
-0.4226
6.9300
-1.4700
-4.3400
426
495
517
272
415
-0.3479
-0.8516
-0.4304
4.9000
-0.2100
-5.8800
426
494
517
267
414
-0.3182
-0.8511
-0.4089
4.9000
-6.3000
-4.5500
425
493
516
276
419
-0.3167
-0.7920
-0.4236
15.4000
-9.9400
-1.2600
425
492
517
344
420
-0.3309
-0.8642
-0.3797
9.6600
-11.5500
-11.3400
424
492
518
397
412
-0.3260
-0.8457
-0.4060
33.3900
-3.5700
-15.6100
425
493
520
435
401
-0.3109
-0.8755
-0.3826
6.0200
-1.1200
-14.3500
424
495
522
455
397
-0.2899
-0.8525
-0.3767
4.9700
-5.5300
-5.1100
424
496
523
460
397
-0.2962
-0.8935
-0.3753
5.0400
-5.2500
-2.7300
424
496
523
460
397
-0.3011
-0.8779
-0.3831
0.8400
-3.9900
-3.0800
424
496
524
461
397
-0.2933
-0.8711
-0.3748
0.9100
-2.2400
-2.7300
424
497
524
460
397
-0.2908
-0.8574
-0.3616
0.7700
-3.3600
-2.3800
424
497
524
460
397
-0.3006
-0.8701
-0.3753
2.6600
-2.8700
-1.9600
424
497
524
459
397
-0.3011
-0.8769
-0.3841
1.6100
-3.7100
-1.7500
424
497
524
458
397
-0.3094
-0.8779
-0.3777
3.8500
-4.5500
-3.5700
424
496
524
457
397
-0.2972
-0.8784
-0.3675
1.1900
-3.2200
-4.2000
424
496
524
456
397
-0.2948
-0.8545
-0.3738
1.1200
-2.4500
-3.0800
424
496
524
455
397
-0.2948
-0.8755
-0.3802
-9.6600
-5.1800
-0.7700
423
495
523
449
397
-0.3070
-0.8525
-0.3782
-5.8800
-4.4100
-0.5600
423
495
522
434
398
-0.3128
-0.8525
-0.4075
-4.5500
-1.6100
-2.4500
423
494
522
415
402
-0.3006
-0.8369
-0.4089
-1.6100
-2.0300
-0.7700
423
494
521
392
409
-0.2938
-0.8555
-0.4094
1.9600
-5.8100
-1.2600
423
493
520
367
420
-0.3094
-0.8467
-0.4270
6.4400
-2.8000
-2.0300
423
493
519
342
428
-0.3035
-0.8584
-0.4055
2.2400
-2.8000
-1.8200
424
493
519
313
439
-0.3167
-0.8652
-0.4094
4.6200
-3.7800
-9.1000
424
493
519
291
446
-0.2840
-0.8691
-0.4046
0.4200
-5.0400
-1.3300
424
493
519
276
450
-0.2972
-0.8447
-0.3977
-0.9800
-3.3600
-4.7600
424
493
519
266
452
-0.3001
-0.8638
-0.4075
1.4700
-3.9900
-3.5000
425
493
518
257
450
-0.2796
-0.8423
-0.3914
-0.8400
-3.0100
-3.5000
425
493
516
252
451
-0.2928
-0.8628
-0.4211
3.5000
-4.0600
-0.5600
425
493
514
245
450
-0.2796
-0.8418
-0.4080
1.6100
-7.0700
-0.2800
425
493
511
243
455
-0.3143
-0.8926
-0.4265
-0.1400
-3.4300
-4.8300
426
492
507
244
455
-0.3089
-0.8320
-0.4065
-5.3200
-7.4900
-0.9100
426
491
507
247
458
-0.3177
-0.8262
-0.4319
-2.8700
-5.6700
-4.2000
426
491
508
254
454
-0.3128
-0.8159
-0.4211
3.7100
-2.6600
-4.9700
426
491
508
257
454
-0.3060
-0.8374
-0.4226
0.1400
-3.7100
-2.0300
426
491
508
257
451
-0.3216
-0.8379
-0.4290
-0.9100
-3.5700
-2.3100
426
490
507
258
454
-0.3172
-0.8203
-0.4236
-0.2800
-2.8000
0.0000
426
490
507
258
453
-0.3240
-0.8257
-0.4314
0.4200
-3.9900
-2.5200
426
490
508
259
454
-0.3206
-0.8281
-0.4363
2.7300
-4.3400
-1.1900
426
490
508
260
451
-0.3201
-0.8359
-0.4221
-0.8400
-4.0600
-3.0800
426
490
508
262
452
-0.3309
-0.8330
-0.4446
3.7100
-4.3400
-4.4800
426
491
508
264
448
-0.3284
-0.8374
-0.4309
2.5900
-4.4800
-3.0800
426
492
508
265
450
-0.3216
-0.8140
-0.4236
2.3100
-3.5000
-2.4500
426
491
508
266
448
-0.3118
-0.8272
-0.4075
-1.1900
-3.9900
-1.8900
426
492
508
266
449
-0.3167
-0.8286
-0.4260
0.9100
-4.4100
-1.3300
426
491
508
267
447
-0.3152
-0.8291
-0.4182
3.4300
-3.9900
-3.2900
426
491
508
267
448
-0.3201
-0.8320
-0.4314
3.0100
-3.7100
-1.7500
426
491
508
267
448
-0.3143
-0.8325
-0.4270
2.5200
-4.1300
-1.8200
426
491
508
268
448
-0.3226
-0.8423
-0.4231
2.1700
-3.2200
-2.1700
426
491
508
268
447
-0.3167
-0.8301
-0.4221
2.4500
-4.2000
-2.3800
427
490
508
268
447
-0.3260
-0.8438
-0.4294
3.4300
-4.5500
-3.0800
426
490
507
269
447
-0.3265
-0.8311
-0.4046
-2.6600
-3.0100
-1.4000
426
489
507
269
447
-0.3216
-0.8325
-0.4294
2.4500
-4.0600
-2.1000
427
490
507
270
446
-0.3206
-0.8262
-0.4246
3.6400
-3.5000
-1.3300
426
489
507
270
446
-0.3231
-0.8330
-0.4148
-0.7000
-3.6400
0.7000
426
489
507
271
446
-0.3309
-0.8306
-0.4368
0.9100
-3.7800
-0.7000
426
488
506
271
446
-0.3387
-0.8140
-0.4211
-0.4900
-4.2700
-1.1200
426
487
506
270
447
-0.3353
-0.8247
-0.4494
2.0300
-4.4100
-3.5000
426
487
505
270
447
-0.3367
-0.8242
-0.4299
3.3600
-2.6600
-3.2200
426
487
505
271
444
-0.3328
-0.8091
-0.4475
0.0700
0.0700
-3.6400
426
486
504
271
440
-0.3309
-0.8159
-0.4280
-0.5600
0.7700
-8.7500
425
486
503
269
428
-0.3211
-0.8106
-0.4524
-0.2800
-1.4000
-6.8600
424
485
503
268
423
-0.3152
-0.8111
-0.4446
0.1400
-6.5100
-8.1200
424
484
504
287
427
-0.3079
-0.8169
-0.4475
5.1100
-4.0600
-6.7900
423
484
506
349
424
-0.3182
-0.8350
-0.4426
6.4400
-4.1300
-10.7800
423
485
510
389
415
-0.2879
-0.8516
-0.4363
7.2100
-3.9200
-7.6300
423
486
513
412
404
-0.2933
-0.8325
-0.4202
6.8600
-2.8000
-7.0700
424
489
517
431
396
-0.2835
-0.8584
-0.4338
7.6300
-0.7000
-5.5300
423
491
519
442
396
-0.2669
-0.8452
-0.4275
5.5300
-4.0600
-4.7600
423
492
521
450
394
-0.2669
-0.8613
-0.4172
5.6700
-3.1500
-2.9400
423
492
521
454
391
-0.2738
-0.8716
-0.4163
5.9500
-4.6200
-1.8900
423
493
522
456
392
-0.2660
-0.8628
-0.4094
4.6200
-4.6900
-3.8500
423
493
522
457
392
-0.2699
-0.8691
-0.4119
4.3400
-3.2200
-1.4700
424
493
522
456
390
-0.2713
-0.8716
-0.4055
2.7300
-3.8500
-2.6600
423
493
522
455
393
-0.2772
-0.8662
-0.4153
1.8200
-4.3400
-2.5200
423
492
522
453
393
-0.2772
-0.8589
-0.4041
1.2600
-5.7400
-1.3300
423
492
522
449
393
-0.2699
-0.8633
-0.4002
0.4200
-4.5500
-2.3100
423
492
522
445
393
-0.2801
-0.8642
-0.4163
1.9600
-2.4500
-3.0100
423
492
522
438
394
-0.2747
-0.8706
-0.4060
-1.2600
-8.8900
-2.2400
424
492
521
409
395
-0.2840
-0.8911
-0.4133
0.5600
-6.0900
-4.2700
424
491
521
382
401
-0.2913
-0.8501
-0.4041
-0.4200
-4.5500
-2.3100
424
491
519
361
409
-0.2762
-0.8545
-0.4065
-0.0700
-5.2500
-6.3700
424
491
518
315
423
-0.2728
-0.8477
-0.4138
5.2500
-5.1800
-7.3500
424
491
519
291
433
-0.2767
-0.8613
-0.3943
10.0800
0.2800
-4.3400
425
491
519
278
443
-0.2464
-0.8735
-0.3953
2.3100
-2.3800
-2.9400
425
491
518
264
453
-0.2738
-0.8721
-0.4168
7.6300
-4.4100
-2.3800
425
490
517
260
450
-0.2640
-0.8701
-0.3919
3.9200
-4.5500
-2.1700
425
490
516
255
452
-0.2723
-0.8691
-0.3919
3.6400
-3.5700
-5.7400
425
488
513
249
451
-0.2640
-0.8579
-0.4260
5.1100
-3.2200
0.5600
425
488
511
248
454
-0.2499
-0.8706
-0.4382
2.7300
-7.5600
-0.4200
425
488
509
246
454
-0.2982
-0.8706
-0.3884
2.6600
-6.5100
1.1900
425
487
506
247
459
-0.2977
-0.8530
-0.3782
0.7700
-5.1100
-3.3600
425
487
505
249
458
-0.2889
-0.8672
-0.3748
-1.1200
-4.0600
-0.7000
425
486
503
251
459
-0.2899
-0.8418
-0.3845
2.5200
-4.5500
-4.0600
426
486
502
252
456
-0.2952
-0.8584
-0.3738
0.2800
-3.9900
-1.9600
425
485
502
254
458
-0.2869
-0.8486
-0.3762
-0.2800
-3.7800
-2.1700
426
485
502
255
455
-0.2894
-0.8652
-0.3894
3.0800
-4.9000
-1.3300
425
485
502
256
457
-0.2967
-0.8520
-0.3777
-0.3500
-4.4100
0.2800
426
485
501
257
457
-0.3109
-0.8564
-0.3933
3.6400
-4.8300
-2.6600
426
485
501
258
461
-0.2913
-0.8633
-0.3845
2.1700
-5.6700
-1.4000
426
485
500
260
459
-0.3099
-0.8711
-0.3958
1.3300
-4.4800
-2.6600
426
485
500
261
461
-0.3099
-0.8599
-0.3875
1.8900
-5.2500
-3.1500
426
485
500
262
459
-0.2991
-0.8623
-0.3860
2.8000
-4.9000
-4.1300
426
485
500
263
462
-0.3070
-0.8589
-0.3806
1.3300
-4.5500
-2.9400
426
485
500
263
459
-0.2987
-0.8599
-0.3860
3.0800
-4.0600
-2.2400
426
484
500
265
461
-0.3030
-0.8506
-0.3860
0.3500
-3.7100
-2.8000
426
485
500
266
458
-0.3006
-0.8491
-0.3836
1.1200
-3.1500
-3.0800
426
484
500
266
460
-0.2918
-0.8491
-0.3894
1.4000
-4.1300
-2.9400
426
484
500
267
458
-0.2987
-0.8594
-0.3777
1.8900
-3.5700
-3.4300
426
485
500
267
460
-0.3040
-0.8472
-0.3792
0.4200
-5.0400
-2.5900
426
484
500
267
457
-0.3123
-0.8613
-0.3767
0.2800
-3.3600
-2.5200
426
485
500
268
461
-0.3138
-0.8613
-0.3880
1.6100
-2.6600
-3.6400
426
484
500
268
461
-0.2923
-0.8511
-0.3914
0.0700
-4.4800
-3.5000
426
484
499
268
464
-0.3070
-0.8574
-0.3855
3.9900
-3.7800
-3.5700
426
484
498
268
466
-0.2952
-0.8584
-0.3767
2.1000
-4.2000
-2.6600
426
485
498
269
468
-0.3026
-0.8540
-0.3875
3.9200
-3.5700
-5.1100
426
484
497
269
469
-0.2967
-0.8745
-0.3792
1.8900
-4.6900
-4.0600
426
484
496
268
475
-0.2991
-0.8633
-0.3870
0.7700
-3.2200
-3.9900
426
483
493
267
479
-0.2938
-0.8642
-0.3899
2.3100
-4.4100
-2.6600
426
483
493
267
485
-0.3089
-0.8696
-0.3811
3.3600
-4.6200
-4.1300
426
481
490
266
488
-0.2855
-0.8701
-0.3719
-0.4200
-1.9600
2.1000
426
480
487
267
479
-0.2884
-0.8638
-0.3841
-2.3100
2.6600
-0.7700
426
479
488
267
465
-0.3021
-0.8408
-0.3694
-5.6000
3.3600
-4.4100
425
476
489
269
452
-0.2938
-0.8389
-0.3928
-6.3700
2.3100
-12.3900
424
475
490
267
447
-0.2747
-0.8398
-0.4046
-1.4000
-0.4200
-8.3300
423
475
492
266
440
-0.2752
-0.8398
-0.4114
0.9800
-5.1800
-8.6800
423
475
493
287
442
-0.2728
-0.8569
-0.4216
8.6100
-2.0300
-6.0200
423
475
496
346
432
-0.2586
-0.8642
-0.3997
0.6300
-2.1000
-9.1000
423
477
503
387
421
-0.2425
-0.8520
-0.4294
-5.9500
-4.6200
-7.0000
422
481
510
412
408
-0.2396
-0.8525
-0.4294
6.9300
-1.0500
-8.8900
423
487
517
437
396
-0.2333
-0.8652
-0.4099
3.7800
-3.2900
-5.8800
424
491
520
450
391
-0.2235
-0.8613
-0.4216
-1.1200
-3.5000
-3.1500
424
492
521
453
390
-0.2245
-0.8647
-0.3982
0.9800
-3.1500
-3.6400
424
492
521
454
390
-0.2264
-0.8569
-0.4075
1.1200
-3.9900
-2.6600
424
492
521
454
390
-0.2362
-0.8642
-0.4046
4.8300
-3.7100
-1.8900
424
492
521
453
390
-0.2318
-0.8857
-0.4021
1.6100
-3.2900
-1.3300
424
492
521
451
390
-0.2538
-0.8584
-0.3997
0.7000
-3.6400
-3.6400
424
492
521
450
390
-0.2425
-0.8721
-0.4011
1.9600
-5.0400
-3.6400
424
492
521
447
390
-0.2377
-0.8623
-0.4011
1.0500
-4.1300
-2.2400
424
492
521
447
391
-0.2386
-0.8740
-0.4080
2.9400
-3.7800
-2.6600
424
492
521
446
391
-0.2406
-0.8725
-0.4153
2.1000
-4.1300
-3.3600
424
491
521
445
391
-0.2401
-0.8843
-0.4099
2.5900
-3.0800
-3.3600
424
491
521
444
391
-0.2357
-0.8760
-0.4075
1.8900
-2.8000
-2.3800
424
491
520
442
392
-0.2406
-0.8638
-0.4031
0.0000
-3.1500
-5.6000
424
491
520
441
393
-0.2318
-0.8730
-0.4163
0.8400
-3.9900
-1.6800
424
490
520
436
395
-0.2347
-0.8833
-0.4158
1.6100
-5.0400
-3.7100
424
489
519
426
399
-0.2377
-0.8701
-0.4075
6.8600
-4.2700
-5.7400
424
490
519
407
413
-0.2503
-0.8974
-0.4075
6.0200
-5.3900
-7.6300
424
490
518
372
421
-0.2225
-0.8701
-0.3899
2.3100
-3.8500
-2.8000
425
489
514
344
429
-0.2401
-0.8769
-0.3982
3.8500
-3.7800
-5.4600
425
487
510
306
435
-0.2167
-0.8779
-0.4060
4.7600
-3.5700
-14.0000
425
486
508
264
447
-0.2289
-0.8628
-0.3699
7.9100
-5.6000
-7.5600
425
485
506
247
460
-0.1693
-0.8945
-0.3836
-1.8900
-3.5700
-4.2700
425
484
503
246
476
-0.2045
-0.8930
-0.3860
-0.9800
-4.3400
-3.6400
424
483
501
247
480
-0.1903
-0.9018
-0.4075
-1.7500
-2.5200
-0.2100
424
481
498
246
489
-0.1879
-0.9121
-0.4060
-4.7600
-5.8100
3.1500
424
480
495
247
493
-0.2167
-0.9106
-0.4368
-2.9400
-5.8100
0.8400
424
480
493
253
495
-0.2176
-0.8769
-0.4002
2.5900
-4.9700
-0.7700
424
479
490
256
497
-0.2113
-0.8808
-0.4133
-1.7500
-4.5500
-0.2100
424
479
490
259
493
-0.2245
-0.8638
-0.4055
2.2400
-4.7600
-0.3500
424
478
490
260
494
-0.2333
-0.8740
-0.4085
-3.0800
-2.6600
3.3600
424
478
490
261
494
-0.2128
-0.8755
-0.4143
-1.0500
-5.3200
-2.7300
424
477
489
263
491
-0.2284
-0.8628
-0.4270
-0.6300
-4.3400
-0.7700
424
476
489
264
492
-0.2367
-0.8618
-0.4231
-6.1600
-5.7400
3.5700
423
473
488
264
492
-0.2450
-0.8540
-0.4358
1.6100
-5.2500
-3.2900
424
473
489
266
492
-0.2503
-0.8516
-0.4250
1.4000
-3.1500
-1.9600
423
472
488
266
491
-0.2420
-0.8613
-0.4143
-1.2600
-4.7600
-0.7000
423
472
487
267
490
-0.2362
-0.8413
-0.4329
3.6400
-3.3600
-4.6200
423
473
487
267
492
-0.2489
-0.8530
-0.4177
-0.7700
-1.8900
-4.0600
424
473
487
268
493
-0.2411
-0.8608
-0.4407
1.2600
-3.9200
-2.4500
424
473
487
268
495
-0.2372
-0.8428
-0.4333
1.7500
-4.8300
-2.9400
424
473
486
268
499
-0.2401
-0.8506
-0.4343
-0.5600
-4.7600
-2.8700
423
473
486
268
498
-0.2582
-0.8511
-0.4441
2.5200
-2.7300
-3.7100
423
473
485
268
502
-0.2381
-0.8496
-0.4250
0.2800
-5.1100
-2.0300
423
472
482
268
504
-0.2513
-0.8486
-0.4416
2.2400
-4.3400
-3.3600
423
473
482
268
503
-0.2430
-0.8560
-0.4475
3.5700
-3.9900
-2.0300
423
473
482
268
506
-0.2464
-0.8613
-0.4353
-0.4200
-1.8900
-3.3600
423
472
483
269
495
-0.2430
-0.8418
-0.4441
-0.3500
-1.4700
0.2800
423
472
484
269
480
-0.2460
-0.8501
-0.4909
-7.7000
1.5400
-4.7600
421
469
484
277
446
-0.2391
-0.8355
-0.4690
1.9600
3.2200
-4.4800
420
469
490
318
436
-0.2264
-0.8325
-0.4553
6.6500
-1.0500
-6.8600
420
471
495
361
424
-0.2206
-0.8779
-0.4734
4.0600
-2.3800
-5.5300
420
473
499
382
412
-0.2181
-0.8638
-0.4895
3.5700
-3.2200
-4.0600
420
474
502
395
405
-0.2240
-0.8603
-0.4685
0.8400
-3.6400
-4.9000
420
476
506
405
399
-0.2240
-0.8403
-0.4636
2.6600
-3.0800
-4.6900
420
477
509
414
395
-0.2074
-0.8374
-0.4636
0.9100
-3.4300
-2.8000
420
478
509
419
394
-0.2098
-0.8540
-0.4695
5.2500
-4.2700
-3.5000
420
478
510
421
393
-0.2118
-0.8530
-0.4636
1.7500
-6.3000
-2.5900
420
478
510
422
394
-0.2245
-0.8394
-0.4621
0.4200
-2.8700
-5.0400
420
478
510
422
394
-0.2103
-0.8272
-0.4660
3.2900
-3.6400
-3.0100
420
478
510
422
394
-0.2191
-0.8584
-0.4670
2.2400
-5.3900
-3.1500
420
478
510
422
394
-0.2206
-0.8579
-0.4587
2.1000
-3.7800
-4.9700
420
478
510
422
394
-0.2172
-0.8560
-0.4636
3.6400
-3.9200
-2.6600
420
478
510
422
394
-0.2176
-0.8452
-0.4719
0.7000
-2.7300
-1.8900
420
478
510
421
394
-0.2176
-0.8477
-0.4699
0.1400
-4.2000
-2.5900
420
478
510
414
394
-0.2133
-0.8516
-0.4782
-1.6100
-6.1600
-2.3100
420
477
509
400
396
-0.2308
-0.8272
-0.4709
2.1000
-4.6200
-4.6900
420
477
508
374
399
-0.2216
-0.8442
-0.4665
5.4600
-4.0600
-4.1300
420
475
505
343
401
-0.2118
-0.8433
-0.4704
5.3200
-4.5500
-5.8800
420
474
503
315
406
-0.2059
-0.8438
-0.4768
4.8300
-5.0400
-4.3400
420
474
502
298
412
-0.2279
-0.8472
-0.4734
2.8700
-3.8500
-5.3200
420
473
500
284
420
-0.2103
-0.8316
-0.4524
2.6600
-3.9900
-6.5100
420
472
500
274
424
-0.2064
-0.8355
-0.4421
0.7700
-4.8300
-3.5700
420
472
500
272
425
-0.2118
-0.8540
-0.4470
2.9400
-6.5100
-6.1600
419
471
499
265
427
-0.2059
-0.8686
-0.4494
3.1500
-4.9000
-3.2200
418
470
497
259
427
-0.2064
-0.8496
-0.4534
6.6500
-6.5100
-1.4000
418
470
496
256
429
-0.2191
-0.8784
-0.4475
-0.0700
-6.3700
-1.9600
419
470
494
255
433
-0.2201
-0.8613
-0.4553
3.0800
-4.6900
-2.4500
419
470
493
255
437
-0.2133
-0.8740
-0.4553
1.6100
-2.9400
0.4200
419
470
490
253
438
-0.2186
-0.8638
-0.4592
1.0500
-5.8800
-0.6300
420
472
492
254
438
-0.2269
-0.8496
-0.4407
0.8400
-2.8000
-1.6100
420
473
494
256
443
-0.2313
-0.8491
-0.4587
1.9600
-4.0600
-2.3100
420
472
494
258
443
-0.2235
-0.8540
-0.4592
2.9400
-4.2000
-2.6600
420
473
494
260
443
-0.2167
-0.8525
-0.4514
1.8900
-4.9000
-2.5200
420
473
494
261
443
-0.2323
-0.8438
-0.4416
2.1000
-3.6400
-2.6600
420
473
493
262
442
-0.2152
-0.8486
-0.4451
1.7500
-3.9900
-2.5900
420
472
493
263
442
-0.2225
-0.8477
-0.4416
2.3100
-3.8500
-2.0300
420
472
493
264
441
-0.2294
-0.8398
-0.4470
2.5900
-4.3400
-2.2400
420
472
492
264
441
-0.2372
-0.8511
-0.4455
2.3100
-4.9700
-2.3100
420
472
492
265
441
-0.2401
-0.8545
-0.4416
3.1500
-3.9900
-3.7100
420
472
491
265
440
-0.2245
-0.8569
-0.4407
3.5000
-4.9700
-2.2400
420
472
491
266
440
-0.2401
-0.8545
-0.4377
1.6800
-4.2700
-3.7800
420
471
491
266
439
-0.2318
-0.8599
-0.4338
0.4200
-3.4300
-2.8700
420
471
491
267
437
-0.2381
-0.8462
-0.4382
1.2600
-3.5700
-2.3800
420
472
491
267
439
-0.2338
-0.8696
-0.4397
2.4500
-3.9200
-2.7300
420
471
489
267
439
-0.2255
-0.8516
-0.4475
4.2000
-5.6000
-1.8200
420
472
488
267
440
-0.2445
-0.8642
-0.4485
3.5000
-4.6900
-1.6100
420
472
489
268
442
-0.2396
-0.8574
-0.4397
3.2900
-4.4800
-2.9400
421
472
489
268
443
-0.2386
-0.8603
-0.4392
0.4200
-4.7600
-3.0100
420
472
489
268
447
-0.2440
-0.8467
-0.4241
1.7500
-4.4800
-3.1500
420
472
488
268
451
-0.2381
-0.8462
-0.4319
0.2800
-4.8300
-2.3100
421
472
488
268
453
-0.2298
-0.8491
-0.4363
-0.4200
-2.2400
-2.1700
420
472
487
268
449
-0.2381
-0.8457
-0.4260
-2.2400
-1.5400
-2.7300
420
471
487
269
444
-0.2313
-0.8374
-0.4358
-0.7700
-0.4200
-2.8000
420
471
488
267
438
-0.2381
-0.8477
-0.4494
-0.9100
-1.4000
-5.3900
419
471
489
269
422
-0.2386
-0.8589
-0.4656
6.4400
-0.0700
-6.0900
418
471
493
272
422
-0.2245
-0.8691
-0.4651
6.0200
-3.4300
-2.5200
418
471
495
293
424
-0.2347
-0.8569
-0.4504
4.6200
-4.7600
-1.4000
418
471
496
331
418
-0.2328
-0.8628
-0.4587
1.4000
-4.2000
-1.4000
418
472
497
360
415
-0.2440
-0.8672
-0.4412
4.1300
-4.2700
-5.3200
418
472
499
385
409
-0.2338
-0.8657
-0.4368
3.3600
-4.3400
-2.8700
418
473
501
393
406
-0.2250
-0.8516
-0.4412
-0.4200
-5.1800
-4.0600
418
473
501
398
401
-0.2391
-0.8706
-0.4558
2.9400
-4.5500
-2.8700
418
473
502
407
397
-0.2303
-0.8828
-0.4631
2.3100
-2.3800
-4.6200
418
473
502
416
395
-0.2220
-0.8452
-0.4612
3.0800
-3.6400
-1.9600
417
473
503
422
394
-0.2152
-0.8760
-0.4441
2.7300
-3.0100
-1.5400
417
474
503
423
394
-0.2245
-0.8628
-0.4543
1.4000
-2.9400
-3.0800
418
474
503
423
393
-0.2118
-0.8535
-0.4348
0.3500
-2.1700
-4.9000
417
474
504
428
393
-0.2211
-0.8574
-0.4592
2.5900
-4.7600
0.2800
418
476
508
435
393
-0.2196
-0.8677
-0.4446
4.6200
-4.0600
-2.1700
418
478
510
437
393
-0.2259
-0.8608
-0.4431
1.8200
-2.7300
-1.9600
418
478
511
440
393
-0.2220
-0.8555
-0.4402
2.8000
-2.8700
-4.0600
418
478
511
442
393
-0.2186
-0.8491
-0.4392
1.6800
-4.4100
-3.0100
418
478
511
442
393
-0.2181
-0.8594
-0.4441
0.9100
-3.5000
-2.8000
418
478
511
442
393
-0.2118
-0.8520
-0.4509
2.2400
-4.2700
-2.5900
418
478
511
440
393
-0.2123
-0.8686
-0.4372
-0.4900
-4.9000
-2.5900
418
478
511
436
393
-0.2201
-0.8496
-0.4480
0.7000
-5.4600
-4.6200
419
479
512
431
393
-0.2147
-0.8633
-0.4587
7.6300
-8.6800
-2.3100
419
479
513
417
393
-0.2108
-0.8730
-0.4358
4.4100
-8.1200
-2.3100
419
479
513
405
396
-0.2230
-0.8208
-0.4387
0.6300
-4.2700
-1.1900
419
479
513
388
402
-0.2323
-0.8520
-0.4431
3.1500
-3.2200
-4.9700
420
478
512
364
414
-0.2211
-0.8535
-0.4290
-1.4700
-1.6100
-5.4600
420
478
512
328
422
-0.2152
-0.8511
-0.4304
0.6300
-2.7300
-4.5500
420
478
511
303
426
-0.2069
-0.8652
-0.4553
2.0300
-4.0600
-7.4200
421
478
511
299
423
-0.2201
-0.8579
-0.4597
4.9700
-5.3900
-3.9200
421
478
511
297
421
-0.2113
-0.8618
-0.4343
-0.4200
-5.6000
-3.2900
421
478
510
293
418
-0.2220
-0.8555
-0.4494
0.2100
-6.1600
-2.1700
421
478
509
288
418
-0.2264
-0.8603
-0.4455
-0.1400
-7.2100
-3.6400
421
477
508
287
421
-0.2313
-0.8608
-0.4558
-2.3100
-4.9000
-2.2400
423
477
507
290
423
-0.2162
-0.8379
-0.4451
0.5600
-4.4100
-4.5500
423
477
508
293
421
-0.2186
-0.8501
-0.4441
0.0000
-6.4400
-2.5900
424
477
508
295
419
-0.2352
-0.8584
-0.4607
2.1000
-5.7400
-5.6000
425
477
508
298
417
-0.2123
-0.8652
-0.4494
2.5900
-4.5500
-3.6400
425
477
508
299
417
-0.2230
-0.8642
-0.4612
4.0600
-4.2700
-3.6400
425
477
507
299
416
-0.2255
-0.8545
-0.4597
10.2200
-5.4600
-3.0100
426
477
507
300
415
-0.2235
-0.8764
-0.4504
1.3300
-4.2000
-1.6800
426
477
507
302
414
-0.2172
-0.8545
-0.4514
1.6100
-3.5700
-2.5200
426
477
507
302
414
-0.2181
-0.8691
-0.4412
4.7600
-2.2400
-2.6600
426
477
507
303
414
-0.2245
-0.8613
-0.4431
0.7000
-3.2900
-2.6600
426
477
507
303
413
-0.2274
-0.8525
-0.4436
2.8000
-3.9900
-2.9400
426
477
507
304
414
-0.2181
-0.8652
-0.4377
2.5900
-5.1100
-4.0600
426
477
507
304
413
-0.2206
-0.8540
-0.4412
1.2600
-3.3600
-3.5000
426
477
506
305
414
-0.2113
-0.8603
-0.4363
0.2800
-4.6200
-2.8700
426
477
506
305
413
-0.2196
-0.8525
-0.4392
0.6300
-2.9400
-3.0800
426
477
506
305
413
-0.2133
-0.8672
-0.4407
2.2400
-4.1300
-3.0100
426
477
506
305
414
-0.2186
-0.8579
-0.4465
2.3800
-4.4100
-2.8000
426
477
506
305
411
-0.2216
-0.8550
-0.4412
1.5400
-4.0600
-3.0800
426
477
506
305
413
-0.2147
-0.8642
-0.4358
2.1000
-4.6200
-2.9400
426
477
506
305
414
-0.2142
-0.8623
-0.4446
2.2400
-4.6900
-1.7500
426
477
506
305
414
-0.2245
-0.8647
-0.4397
1.2600
-3.9200
-2.9400
426
477
506
305
414
-0.2206
-0.8608
-0.4377
0.9100
-3.2900
-2.1000
426
477
505
305
411
-0.2176
-0.8623
-0.4407
0.7000
-3.3600
-3.0800
426
477
504
305
413
-0.2098
-0.8564
-0.4402
0.2800
-3.1500
-0.4900
426
477
504
306
412
-0.2298
-0.8608
-0.4392
2.2400
-1.9600
-2.8000
426
477
503
306
410
-0.2157
-0.8608
-0.4353
-1.8900
-1.1900
-0.9800
426
477
502
306
407
-0.2079
-0.8764
-0.4626
-3.5700
-3.0800
-4.7600
425
476
500
305
406
-0.2064
-0.8584
-0.4509
-4.5500
-2.2400
-3.9900
425
474
498
305
404
-0.2084
-0.8506
-0.4714
-3.7800
-1.1900
-3.0100
424
471
496
306
405
-0.1937
-0.8423
-0.4758
3.5700
-1.8200
0.0700
424
470
495
337
404
-0.2054
-0.8394
-0.4631
1.4700
-2.8000
-0.8400
424
471
496
364
407
-0.2152
-0.8652
-0.4831
4.4100
-2.3800
-2.4500
424
472
499
387
406
-0.2064
-0.8721
-0.4738
8.6800
-3.4300
-2.3800
424
474
504
408
404
-0.2045
-0.8579
-0.4592
1.6800
-2.2400
5.8100
424
475
506
419
404
-0.2308
-0.8501
-0.4568
-3.2900
-3.7100
-1.1200
424
475
507
423
403
-0.2250
-0.8350
-0.4675
1.4700
-3.8500
-3.2900
424
475
507
423
403
-0.2167
-0.8545
-0.4548
-0.0700
-3.8500
-3.7100
424
475
507
422
404
-0.2289
-0.8525
-0.4699
0.9800
-3.9200
-6.1600
424
475
507
421
404
-0.2108
-0.8560
-0.4553
-0.2100
-4.8300
-1.6800
424
475
507
420
404
-0.2284
-0.8477
-0.4695
0.0000
-4.6200
-4.3400
424
475
507
419
404
-0.2250
-0.8447
-0.4670
0.2800
-4.4800
-4.0600
424
475
506
418
402
-0.2137
-0.8550
-0.4670
0.7000
-4.4100
-5.1800
424
475
506
418
404
-0.2176
-0.8438
-0.4719
1.7500
-5.1100
-7.5600
424
475
506
418
404
-0.2176
-0.8442
-0.4860
2.5200
-3.7800
-4.8300
424
474
506
416
404
-0.1976
-0.8398
-0.4782
2.3800
-3.2900
-2.9400
424
474
506
416
404
-0.2030
-0.8433
-0.4704
1.1200
-4.2000
-3.5000
424
474
505
413
404
-0.2133
-0.8364
-0.4831
-1.2600
-3.7800
-7.0000
424
474
505
404
405
-0.2133
-0.8379
-0.4597
-4.2000
-6.0900
-12.3900
424
474
504
382
409
-0.1947
-0.8174
-0.4709
2.1700
-3.8500
-6.9300
424
474
502
363
409
-0.1976
-0.8467
-0.4695
0.8400
-1.9600
-11.9700
424
474
499
350
411
-0.1810
-0.8394
-0.4895
2.6600
-0.3500
-7.3500
424
475
498
332
412
-0.1767
-0.8638
-0.5022
3.6400
-2.6600
-10.8500
424
474
496
318
412
-0.1571
-0.8481
-0.4631
7.2100
-3.5700
-6.7200
424
474
488
301
415
-0.1503
-0.8603
-0.4738
0.7700
-7.7000
-10.9900
424
474
490
290
415
-0.1474
-0.8657
-0.4797
0.9100
-3.7800
-4.1300
424
474
493
284
416
-0.1357
-0.8481
-0.4787
2.8000
-4.9700
-1.8900
424
474
494
280
415
-0.1474
-0.8725
-0.4817
2.4500
-5.6000
-2.3100
424
474
494
271
416
-0.1415
-0.8564
-0.4729
3.9200
-7.3500
-3.2900
424
474
494
265
418
-0.1401
-0.8594
-0.4509
1.8900
-5.4600
-3.5700
424
474
492
259
421
-0.1488
-0.8599
-0.4665
13.0900
-6.0200
-3.7100
425
474
493
259
425
-0.1366
-0.8833
-0.4826
2.1700
-6.6500
2.1700
425
475
495
260
431
-0.1801
-0.8750
-0.4592
2.1000
-6.7200
-4.3400
425
475
495
263
440
-0.1669
-0.8774
-0.4773
0.3500
-5.8100
-2.5200
425
475
494
265
444
-0.1664
-0.8901
-0.4563
0.1400
-5.3900
-6.2300
425
475
494
267
450
-0.1542
-0.8481
-0.4412
-0.4900
-3.5700
-4.4800
425
475
494
270
448
-0.1532
-0.8628
-0.4592
1.1200
-4.8300
-4.0600
425
475
493
272
451
-0.1659
-0.8647
-0.4626
2.3100
-4.2000
-1.6100
425
475
493
273
449
-0.1542
-0.8686
-0.4592
2.8700
-4.3400
-3.5700
425
475
492
274
451
-0.1625
-0.8589
-0.4573
1.5400
-3.5700
-2.3100
425
475
492
275
451
-0.1630
-0.8530
-0.4621
2.3800
-4.6900
-5.1800
425
475
491
275
451
-0.1542
-0.8642
-0.4631
1.6800
-5.6700
-3.6400
425
475
491
276
452
-0.1640
-0.8516
-0.4602
2.3800
-3.3600
-3.9200
425
475
491
276
454
-0.1498
-0.8540
-0.4558
0.7700
-4.4800
-4.0600
425
475
491
277
454
-0.1615
-0.8560
-0.4568
2.5900
-4.3400
-4.1300
425
475
490
277
457
-0.1591
-0.8550
-0.4353
3.2900
-3.7100
-4.0600
425
475
489
277
459
-0.1562
-0.8677
-0.4504
1.2600
-3.7100
-3.5700
425
475
489
277
459
-0.1566
-0.8589
-0.4607
-2.0300
-4.9000
-4.3400
425
474
487
277
461
-0.1523
-0.8516
-0.4724
2.4500
-4.4100
-4.7600
425
474
486
277
465
-0.1630
-0.8633
-0.4636
1.1200
-4.2700
-2.1000
425
474
484
278
466
-0.1601
-0.8677
-0.4651
0.2800
-4.9000
-2.4500
425
473
481
278
472
-0.1615
-0.8682
-0.4714
4.4100
-4.0600
-0.9800
425
473
481
278
470
-0.1732
-0.8691
-0.4709
4.6900
-0.7000
1.8200
425
473
481
279
465
-0.1610
-0.8833
-0.4826
2.7300
1.9600
5.8800
424
472
482
281
444
-0.1932
-0.8677
-0.4807
-15.2600
7.8400
3.5000
421
467
481
276
428
-0.1684
-0.8364
-0.5056
-3.7100
1.5400
-8.8900
420
467
483
275
425
-0.1576
-0.8545
-0.4900
2.3800
-4.9000
-7.4200
420
468
486
312
422
-0.1425
-0.8350
-0.4714
7.5600
-4.2700
-11.9000
420
468
491
369
407
-0.1308
-0.8633
-0.4485
-0.6300
-2.7300
-12.6700
420
471
499
402
395
-0.1274
-0.8428
-0.4865
4.2700
-0.7000
-9.7300
420
474
506
423
388
-0.0434
-0.8862
-0.4797
4.9700
-2.9400
-1.0500
419
476
510
434
386
-0.1064
-0.8813
-0.4656
3.3600
-6.5800
-6.2300
419
477
511
438
384
-0.1069
-0.8662
-0.4895
1.1200
-1.0500
-3.4300
419
477
511
438
385
-0.0966
-0.8608
-0.4558
4.1300
-5.4600
-4.4100
419
477
512
438
385
-0.0952
-0.8862
-0.4636
-1.2600
-6.5100
-0.4900
419
477
511
437
386
-0.1186
-0.8603
-0.4724
1.9600
-2.8700
-3.7800
419
477
512
436
385
-0.0976
-0.8613
-0.4621
0.8400
-5.4600
-1.9600
419
477
511
435
386
-0.1113
-0.8735
-0.4743
1.5400
-3.2900
-3.2900
419
477
511
434
384
-0.1157
-0.8833
-0.4709
1.5400
-2.4500
-4.2700
419
477
511
432
387
-0.1015
-0.8696
-0.4685
0.2100
-4.6200
-2.6600
419
477
511
427
392
-0.1074
-0.8672
-0.4729
4.8300
-5.8100
-7.9800
419
476
510
415
398
-0.1078
-0.8545
-0.4890
8.2600
-8.9600
-8.1900
419
476
509
389
407
-0.0810
-0.8740
-0.4641
6.9300
-3.3600
-10.0800
419
476
504
371
415
-0.0859
-0.8921
-0.4377
5.3900
-1.6100
-6.0900
419
476
495
358
420
-0.0854
-0.8916
-0.4509
7.2800
-2.6600
-3.2900
419
476
489
350
424
-0.0932
-0.8916
-0.4568
10.7800
-2.3800
-6.1600
420
477
480
338
427
-0.0742
-0.9048
-0.4080
3.7100
-3.5700
3.8500
420
478
469
330
434
-0.0878
-0.8950
-0.4226
1.0500
-0.1400
-1.8200
421
478
456
319
437
-0.0961
-0.9267
-0.4270
-2.2400
-0.4900
-6.7200
421
477
454
311
434
-0.0688
-0.8730
-0.4460
-0.9100
-1.0500
-2.9400
421
478
459
304
432
-0.0781
-0.9111
-0.4612
-0.7700
-6.2300
-4.6200
421
478
465
296
435
-0.0830
-0.8764
-0.4470
0.1400
-5.8100
1.1900
421
478
468
286
440
-0.0903
-0.8974
-0.4519
1.8900
-4.5500
0.2800
420
478
470
280
443
-0.0932
-0.9038
-0.4514
-2.2400
-7.3500
2.3100
419
476
469
277
453
-0.0859
-0.8940
-0.4729
0.7700
-2.9400
1.5400
419
476
468
275
460
-0.0844
-0.8784
-0.4514
0.5600
-2.5900
-0.2100
419
474
460
273
468
-0.0839
-0.8965
-0.4651
6.6500
-5.1100
-1.4000
419
472
456
272
473
-0.0956
-0.8911
-0.4621
3.5000
-5.3900
-2.8000
418
471
452
271
485
-0.0947
-0.8725
-0.4402
0.2800
-4.5500
-2.3800
418
468
447
271
485
-0.1078
-0.8808
-0.4494
-0.4900
-4.1300
-4.8300
418
468
448
272
483
-0.0966
-0.8896
-0.4548
2.9400
-5.0400
-9.8000
418
468
449
273
482
-0.0761
-0.8877
-0.4494
-0.6300
-4.3400
-1.1900
418
468
451
274
480
-0.1020
-0.8735
-0.4577
-0.2100
-2.9400
-2.2400
419
468
453
275
484
-0.0883
-0.8696
-0.4499
0.3500
-2.8000
0.2100
419
468
451
274
484
-0.0917
-0.8852
-0.4714
0.9800
-3.4300
-2.4500
419
468
450
274
487
-0.0859
-0.8764
-0.4553
0.5600
-3.4300
-3.2200
419
468
451
275
486
-0.0913
-0.8725
-0.4607
0.5600
-3.5000
-4.1300
419
468
450
275
490
-0.0908
-0.8633
-0.4612
1.3300
-3.9900
-4.4100
419
468
449
275
490
-0.0791
-0.8730
-0.4553
1.5400
-5.1100
-3.8500
419
468
450
275
490
-0.0927
-0.8696
-0.4758
1.7500
-3.5000
-3.9900
419
468
450
276
490
-0.0859
-0.8721
-0.4577
2.5900
-4.3400
-3.7100
419
468
450
276
488
-0.0986
-0.8833
-0.4626
1.8900
-3.6400
-2.3800
419
467
450
276
490
-0.0903
-0.8721
-0.4597
0.2800
-4.0600
-3.0100
419
467
450
276
493
-0.0864
-0.8672
-0.4490
-1.6800
-4.4100
-2.6600
419
465
448
276
495
-0.0898
-0.8721
-0.4577
0.0700
-3.5000
-3.7800
419
465
448
276
493
-0.0893
-0.8706
-0.4670
0.1400
-4.4100
-3.0800
419
464
448
277
489
-0.0849
-0.8725
-0.4856
1.5400
-3.7100
-3.8500
419
464
448
278
489
-0.0976
-0.8740
-0.4924
-1.3300
-2.5900
-8.4000
418
464
450
279
484
-0.0737
-0.8794
-0.4890
-1.6100
0.6300
-14.0000
418
465
456
281
472
-0.0615
-0.8613
-0.4826
-5.7400
-4.9000
-14.2800
418
466
468
275
434
-0.0561
-0.8501
-0.5163
2.8700
-3.7100
0.4200
417
467
477
280
419
-0.0630
-0.8711
-0.5124
3.1500
-6.2300
-1.8900
417
467
482
298
410
-0.0537
-0.8721
-0.5075
12.6000
-3.5000
0.4200
417
469
493
361
406
-0.0483
-0.8896
-0.4880
8.0500
-2.8000
7.2800
418
473
504
391
403
-0.0571
-0.7598
-0.4743
5.8100
-4.0600
-0.3500
418
477
510
407
401
-0.0605
-0.8672
-0.4397
4.6200
-3.8500
-0.9100
419
481
514
417
398
-0.0683
-0.8716
-0.4509
6.3000
-1.9600
-1.3300
420
484
515
421
397
-0.0795
-0.8657
-0.4524
3.5700
-3.0100
-4.3400
420
484
516
422
397
-0.0771
-0.8930
-0.4538
1.1200
-2.5900
-3.3600
420
484
516
421
397
-0.0781
-0.8813
-0.4577
3.0800
-3.4300
-4.9700
420
484
516
420
397
-0.0659
-0.8838
-0.4529
1.6100
-3.8500
-2.6600
420
484
516
419
397
-0.0756
-0.8794
-0.4465
1.8900
-3.8500
-6.3000
420
484
516
417
397
-0.0761
-0.8813
-0.4490
1.4700
-4.2700
-3.2900
421
484
516
416
398
-0.0771
-0.8852
-0.4641
2.8700
-4.4800
-2.5900
421
484
515
415
398
-0.0771
-0.8891
-0.4563
3.0100
-3.7100
-3.7800
420
483
515
414
398
-0.0717
-0.8921
-0.4636
2.2400
-3.5700
-2.9400
421
483
515
413
398
-0.0683
-0.8896
-0.4612
0.9800
-3.8500
-3.5700
421
483
515
412
398
-0.0683
-0.8779
-0.4490
0.7000
-4.2700
-3.9200
420
483
515
410
398
-0.0756
-0.8740
-0.4738
1.8200
-4.2700
-4.1300
421
483
515
404
399
-0.0752
-0.8808
-0.4636
2.6600
-5.3200
-3.6400
421
483
514
400
401
-0.0761
-0.8945
-0.4573
2.5900
-3.5000
-3.9200
421
482
513
393
403
-0.0703
-0.8823
-0.4616
3.8500
-3.9900
-4.4800
421
482
513
389
403
-0.0703
-0.8867
-0.4543
4.4100
-4.9000
-3.7100
421
482
513
385
405
-0.0776
-0.8696
-0.4465
4.3400
-2.8700
-3.7800
421
482
513
377
408
-0.0561
-0.9008
-0.4792
12.1800
-4.4800
-4.9700
421
482
513
369
410
-0.0673
-0.8945
-0.4324
3.0100
-5.0400
-4.6200
421
483
513
356
414
-0.0527
-0.8974
-0.4338
1.9600
-3.0800
-2.3100
421
483
511
347
417
-0.0576
-0.8906
-0.4260
1.9600
-3.8500
-4.5500
422
483
509
341
420
-0.0429
-0.8960
-0.4382
-3.7100
-5.1800
-5.3200
422
483
508
337
424
-0.0581
-0.8906
-0.4416
2.0300
-4.8300
-4.9000
422
483
504
333
422
-0.0429
-0.8950
-0.4475
-1.5400
-3.9900
-6.2300
422
482
493
328
422
-0.0439
-0.8930
-0.4699
4.0600
-3.5000
-7.9100
421
480
470
319
428
-0.0220
-0.8906
-0.4680
-3.2900
-3.5000
-4.8300
421
475
448
312
435
-0.0420
-0.8833
-0.4534
-0.8400
-4.8300
-3.9900
421
469
434
309
437
-0.0337
-0.8794
-0.4573
-0.9100
-2.3100
-1.2600
421
467
431
307
439
-0.0268
-0.8740
-0.4612
-4.1300
-3.5000
-3.6400
421
466
432
302
441
-0.0278
-0.8672
-0.4685
-0.2100
-5.7400
-1.2600
421
466
434
300
446
-0.0254
-0.8828
-0.4738
-0.8400
-5.6700
-2.6600
421
464
432
299
451
-0.0376
-0.8764
-0.4558
1.7500
-5.1100
-3.0800
421
463
431
298
454
-0.0234
-0.8755
-0.4724
0.7700
-6.1600
-4.2700
421
461
428
297
459
-0.0386
-0.8818
-0.4841
5.8800
-5.6000
-5.4600
421
461
428
296
464
-0.0259
-0.8852
-0.4787
5.0400
-5.3200
-4.5500
421
458
425
296
470
-0.0410
-0.8823
-0.4753
1.4700
-4.2000
-4.5500
421
458
423
295
473
-0.0371
-0.8735
-0.4748
2.3100
-4.8300
-3.4300
421
458
424
295
474
-0.0356
-0.8750
-0.4695
1.6800
-4.1300
-2.3800
421
458
425
295
475
-0.0361
-0.8633
-0.4724
3.0800
-4.4800
-4.0600
421
458
425
295
476
-0.0220
-0.8686
-0.4587
1.8200
-4.7600
-2.5200
421
458
425
295
480
-0.0381
-0.8804
-0.4763
-0.5600
-3.2900
-4.6200
421
458
426
295
478
-0.0259
-0.8706
-0.4768
3.0800
-3.3600
-3.5000
421
458
426
296
482
-0.0220
-0.8886
-0.4787
2.1700
-5.1100
-3.0100
421
458
426
295
481
-0.0200
-0.8813
-0.4748
1.3300
-3.9200
-3.6400
421
458
426
295
485
-0.0303
-0.8867
-0.4792
2.7300
-3.5000
-2.2400
421
458
425
296
484
-0.0356
-0.8882
-0.4929
2.7300
-2.9400
-3.3600
421
458
425
296
484
-0.0317
-0.8789
-0.4821
2.5200
-3.5000
-3.2200
421
459
425
296
484
-0.0244
-0.8755
-0.4846
1.6100
-4.4100
-1.6800
421
458
425
296
483
-0.0322
-0.8740
-0.4782
1.4700
-3.8500
-3.1500
421
458
425
296
486
-0.0288
-0.8745
-0.4812
2.5200
-4.1300
-3.0100
421
458
425
296
483
-0.0278
-0.8760
-0.4748
1.4000
-2.8700
-2.5900
421
457
425
296
485
-0.0254
-0.8735
-0.4817
0.9100
-2.5200
-2.7300
420
456
426
296
483
-0.0425
-0.8711
-0.4841
-0.8400
-1.8900
-4.9700
420
454
427
296
479
-0.0181
-0.8462
-0.4812
1.3300
-2.5900
-3.9200
420
454
429
296
470
-0.0190
-0.8682
-0.4914
-1.4700
-1.0500
-7.7700
419
455
439
295
440
-0.0161
-0.8574
-0.4997
-5.6700
3.1500
-5.6000
418
456
450
296
414
-0.0185
-0.8579
-0.5119
0.3500
-17.6400
-2.6600
417
458
467
328
405
0.0024
-0.8379
-0.4914
9.9400
-2.6600
0.9100
417
459
480
365
391
-0.0185
-0.8774
-0.4812
7.8400
-1.6100
-1.3300
418
463
495
398
382
-0.0176
-0.8691
-0.4826
4.9000
-4.2000
-0.7700
418
467
506
422
376
-0.0078
-0.8584
-0.4778
3.2200
-3.4300
-1.0500
418
470
510
433
376
-0.0142
-0.8794
-0.4865
4.9000
-1.1900
-1.7500
418
473
512
438
376
-0.0054
-0.8725
-0.4714
0.7700
-3.1500
-0.7700
418
475
514
440
376
-0.0166
-0.8696
-0.4690
2.3800
-4.7600
-2.4500
418
475
514
440
377
-0.0156
-0.8716
-0.4695
1.6800
-3.9200
-2.1000
418
475
514
439
377
-0.0137
-0.8696
-0.4792
3.9900
-3.4300
-1.5400
418
475
514
438
377
-0.0122
-0.8828
-0.4729
3.5700
-5.1800
-0.7700
418
475
514
436
378
-0.0234
-0.8935
-0.4670
2.8000
-4.2000
-3.8500
418
475
514
435
378
-0.0190
-0.8652
-0.4621
0.9800
-2.6600
-4.1300
418
475
514
433
378
-0.0107
-0.8760
-0.4563
-0.8400
-4.0600
-3.0800
418
475
513
432
378
-0.0215
-0.8711
-0.4646
1.6800
-3.8500
-3.5000
418
475
513
431
378
-0.0181
-0.8794
-0.4680
1.8200
-3.1500
-1.8200
418
475
513
430
378
-0.0268
-0.8594
-0.4582
0.6300
-3.1500
-2.8700
418
475
513
429
378
-0.0176
-0.8691
-0.4680
0.6300
-3.9200
-5.9500
418
475
513
427
379
-0.0122
-0.8852
-0.4699
-1.0500
-2.1700
-0.8400
418
474
512
421
379
-0.0107
-0.8779
-0.4997
2.7300
-0.1400
-0.3500
418
474
510
416
380
-0.0244
-0.8721
-0.4831
1.6800
-5.6000
-3.3600
418
473
508
396
384
-0.0112
-0.8882
-0.5041
1.4700
-7.5600
0.9100
419
473
505
376
388
-0.0283
-0.8691
-0.4943
3.3600
-3.7800
-2.3100
419
473
499
362
393
-0.0386
-0.8906
-0.4890
5.3200
-5.2500
-9.4500
419
473
494
344
398
-0.0146
-0.8735
-0.4831
0.2100
1.8200
0.9100
419
474
499
333
401
-0.0210
-0.8623
-0.4836
2.5200
-2.0300
-2.9400
419
474
499
315
402
-0.0185
-0.8603
-0.4656
-0.9100
-0.9800
-1.8200
419
474
498
297
406
-0.0229
-0.8784
-0.4909
5.0400
-2.8000
-2.5900
420
474
497
287
408
-0.0185
-0.8750
-0.4802
3.9200
-4.4800
-2.2400
419
473
494
278
410
-0.0098
-0.8877
-0.4836
2.8700
-6.0900
-4.0600
420
473
492
266
409
-0.0205
-0.8691
-0.4826
2.8000
-8.6100
-0.4900
420
472
489
265
410
-0.0210
-0.8955
-0.4895
3.0100
-4.6900
-0.2100
420
472
485
265
412
-0.0259
-0.9013
-0.4738
-0.0700
-3.5700
0.7000
420
472
483
261
417
-0.0229
-0.8852
-0.5104
1.4000
-4.0600
-0.2100
420
472
479
262
424
-0.0268
-0.8867
-0.4885
3.3600
-4.8300
-2.3100
420
472
477
264
434
-0.0249
-0.8769
-0.4636
-1.8200
-5.1100
-3.2200
421
472
471
265
446
-0.0346
-0.8716
-0.4900
1.3300
-4.3400
-4.4800
420
471
469
266
454
-0.0322
-0.8628
-0.4782
1.0500
-3.8500
-1.4000
421
470
464
266
457
-0.0322
-0.8691
-0.4812
1.8900
-5.4600
-1.6800
421
470
464
266
462
-0.0366
-0.8730
-0.4821
2.1000
-3.0100
-1.5400
421
470
466
267
463
-0.0312
-0.8789
-0.4890
2.9400
-3.9900
-3.6400
421
471
468
268
463
-0.0371
-0.8750
-0.4860
1.1200
-3.5700
-4.2700
421
471
468
268
463
-0.0224
-0.8652
-0.4719
1.0500
-4.9700
-4.2000
421
471
467
269
463
-0.0317
-0.8623
-0.4817
2.5200
-4.3400
-3.7800
421
471
467
269
465
-0.0346
-0.8638
-0.4885
2.5900
-4.8300
-2.4500
421
471
469
269
469
-0.0346
-0.8657
-0.4704
0.6300
-4.1300
-3.2900
421
470
469
269
471
-0.0356
-0.8618
-0.4880
1.8900
-4.1300
-3.6400
421
470
469
269
471
-0.0283
-0.8779
-0.4826
2.0300
-5.5300
-3.5000
421
470
468
269
470
-0.0522
-0.8701
-0.4875
1.4000
-3.7800
-4.1300
421
467
467
270
471
-0.0224
-0.8721
-0.4836
2.1000
-4.9000
-3.2200
421
466
467
270
468
-0.0459
-0.9970
-0.4909
1.4700
-3.7800
-4.1300
421
467
468
271
468
-0.0259
-0.8686
-0.4817
2.7300
-4.1300
-5.3200
421
466
468
271
465
-0.0390
-0.8672
-0.4802
0.9100
-3.5700
-3.9200
421
466
468
272
465
-0.0298
-0.8613
-0.4797
-0.1400
-3.3600
-4.0600
421
465
468
273
460
-0.0259
-0.8677
-0.4836
0.9100
-3.9200
-2.8700
421
463
467
273
460
-0.0400
-0.8574
-0.4787
-2.1000
-2.1700
-3.5700
420
464
467
275
449
-0.0298
-0.8711
-0.4953
2.3800
-4.1300
-12.6700
420
464
468
274
436
-0.0171
-0.8603
-0.4841
-6.4400
-2.5900
-7.0000
420
464
469
273
420
-0.0156
-0.8525
-0.4924
-3.0800
-1.7500
-2.0300
419
463
469
272
417
-0.0146
-0.8730
-0.5095
-1.0500
2.6600
-0.8400
419
463
470
269
410
-0.0185
-0.8496
-0.5148
0.6300
5.1800
-7.2800
418
461
471
294
409
0.0000
-0.8642
-0.5280
0.5600
0.0700
-6.3000
417
462
472
337
399
0.0239
-0.8481
-0.5285
-2.3800
-2.0300
-7.5600
417
463
476
363
388
0.0303
-0.8384
-0.5119
0.3500
-5.1800
-0.9800
417
463
478
375
383
0.0171
-0.8428
-0.5217
0.3500
-4.8300
-3.0800
417
463
478
376
382
0.0210
-0.8433
-0.5266
5.3900
-3.7100
-4.4800
417
463
479
376
383
0.0244
-0.8203
-0.5329
5.7400
-6.1600
-1.1200
417
463
479
376
383
0.0078
-0.8862
-0.5178
0.1400
-3.0800
-0.9100
417
463
479
376
382
0.0244
-0.8364
-0.5207
2.1700
-4.2700
-2.3100
417
463
479
376
382
0.0127
-0.8540
-0.5139
3.9900
-5.1100
-1.4000
417
463
479
376
382
0.0015
-0.8574
-0.5202
1.6800
-3.2900
-3.3600
417
463
479
375
382
0.0210
-0.8457
-0.5070
2.2400
-5.1800
0.1400
417
463
479
375
382
0.0063
-0.8511
-0.5119
1.6800
-3.8500
-3.7800
417
462
479
374
382
0.0190
-0.8442
-0.5192
1.0500
-3.5700
-3.2900
417
462
479
372
382
0.0156
-0.8545
-0.5158
2.0300
-5.5300
-2.1700
417
462
479
371
382
0.0088
-0.8608
-0.5139
1.2600
-4.0600
-2.1000
417
462
479
371
382
-0.0005
-0.8594
-0.5114
1.1900
-3.5000
-4.0600
417
462
479
368
382
0.0151
-0.8550
-0.5256
3.2200
-3.9900
-3.1500
417
462
478
359
382
0.0161
-0.8506
-0.5163
1.8200
-4.0600
-2.2400
417
462
477
356
383
0.0015
-0.8545
-0.5314
4.4800
-4.9700
-0.9800
417
462
477
352
383
-0.0010
-0.8584
-0.5134
2.8000
-6.4400
-2.1000
417
457
476
347
383
0.0000
-0.8555
-0.5300
4.6200
-5.3200
-1.7500
417
457
476
344
384
-0.0122
-0.8550
-0.5158
3.3600
-4.6900
-2.2400
417
457
476
335
384
0.0024
-0.8613
-0.5129
0.5600
-3.7100
-1.7500
417
457
475
329
389
-0.0024
-0.8613
-0.5046
-1.5400
-4.4100
-1.8200
417
456
473
310
395
-0.0107
-0.8374
-0.5329
4.9700
-1.1900
-2.9400
417
456
473
295
399
0.0107
-0.8491
-0.5012
-4.0600
-3.5000
-1.8200
417
457
473
277
407
-0.0063
-0.8374
-0.5192
-1.6800
-4.1300
-3.2900
418
456
473
268
410
0.0083
-0.8564
-0.5363
-0.6300
-4.2000
-1.8900
417
456
471
257
414
0.0063
-0.8408
-0.5431
-3.7100
-6.0900
-1.0500
416
455
469
251
420
-0.0112
-0.8330
-0.5495
-2.8700
-6.4400
0.0700
415
454
465
249
426
-0.0166
-0.8403
-0.5549
0.5600
-3.9900
1.6100
416
453
462
248
432
-0.0293
-0.8369
-0.5461
1.4000
-5.6000
-2.3800
416
454
463
250
436
-0.0254
-0.8413
-0.5573
4.2700
-4.8300
-1.8200
416
457
469
252
436
-0.0220
-0.8296
-0.5563
4.5500
-4.3400
-1.0500
417
457
471
254
437
-0.0249
-0.8442
-0.5505
3.7100
-4.1300
-3.6400
417
458
472
256
436
-0.0185
-0.8438
-0.5495
3.2200
-4.9700
-0.8400
417
458
472
258
438
-0.0293
-0.8359
-0.5427
2.3100
-4.3400
-2.1700
417
458
473
260
437
-0.0215
-0.8325
-0.5329
5.8100
-4.3400
-2.9400
418
458
473
261
437
-0.0268
-0.8452
-0.5295
2.5900
-3.5700
-2.1700
418
458
473
261
436
-0.0210
-0.8364
-0.5348
4.3400
-4.5500
-2.8700
418
458
472
262
437
-0.0254
-0.8423
-0.5373
2.1700
-4.9000
-2.0300
418
458
471
262
437
-0.0312
-0.8379
-0.5417
2.6600
-3.9900
-1.6800
418
458
469
262
439
-0.0307
-0.8433
-0.5261
2.7300
-5.0400
-4.1300
418
458
470
263
439
-0.0278
-0.8496
-0.5388
3.5700
-5.0400
-3.7800
418
458
470
264
436
-0.0342
-0.8398
-0.5275
1.9600
-4.9000
-2.1700
418
457
469
266
438
-0.0293
-0.8462
-0.5280
0.4900
-4.6200
-1.6100
418
457
470
267
438
-0.0346
-0.8364
-0.5246
2.1700
-3.5700
-2.3800
418
457
469
268
438
-0.0356
-0.8467
-0.5319
3.5700
-4.0600
-2.3100
418
457
469
268
437
-0.0390
-0.8379
-0.5314
2.3100
-4.9700
-1.5400
418
457
469
269
437
-0.0429
-0.8516
-0.5314
1.3300
-3.9200
-2.3100
418
458
470
270
436
-0.0312
-0.8442
-0.5139
1.6100
-4.5500
-1.6100
418
457
470
270
436
-0.0405
-0.8496
-0.5324
1.8900
-3.8500
-3.6400
419
457
470
270
435
-0.0342
-0.8462
-0.5217
1.9600
-3.9900
-3.0800
419
457
470
271
433
-0.0298
-0.8340
-0.5231
0.5600
-3.8500
-3.5700
419
457
470
271
434
-0.0322
-0.8442
-0.5256
0.7700
-2.3800
-3.9200
419
457
469
273
428
-0.0234
-0.8447
-0.5270
-0.4900
-1.0500
-2.1700
419
458
469
275
414
-0.0332
-0.8491
-0.5466
-9.8700
1.0500
-2.4500
418
458
471
283
394
-0.0234
-0.8057
-0.5402
7.4200
-8.7500
-0.4200
418
459
475
317
392
-0.0468
-0.8350
-0.5622
11.2000
-5.6700
-3.8500
418
459
485
369
389
-0.0464
-0.8350
-0.5407
13.0200
0.4900
1.1200
418
464
493
393
384
-0.0181
-0.8691
-0.5134
17.9900
-3.7800
-2.2400
418
471
502
411
381
-0.0185
-0.8779
-0.5202
9.5900
-4.4100
0.4200
419
474
506
420
379
-0.0332
-0.8706
-0.5036
4.6900
-2.0300
-5.6700
419
476
508
423
379
-0.0332
-0.8638
-0.4836
5.9500
-6.6500
-1.7500
419
478
509
425
379
-0.0512
-0.8740
-0.4856
1.6100
-3.7100
-3.2900
420
479
509
424
379
-0.0410
-0.8672
-0.4914
0.9100
-1.8900
-1.6800
420
479
509
424
379
-0.0415
-0.8686
-0.4939
3.0100
-2.7300
-4.1300
420
479
510
423
379
-0.0317
-0.8794
-0.4973
-0.1400
-3.5700
-2.4500
420
479
510
423
379
-0.0361
-0.8686
-0.5095
-1.4700
-4.6200
-2.2400
420
479
510
421
379
-0.0449
-0.8647
-0.4904
2.5200
-1.4000
-5.3900
420
479
510
421
379
-0.0249
-0.8764
-0.4856
1.4000
-1.9600
-0.4200
420
479
509
419
379
-0.0429
-0.8764
-0.5012
0.3500
-4.1300
-1.3300
420
479
509
417
379
-0.0356
-0.8603
-0.5139
1.5400
-5.3200
-2.8000
420
479
508
410
383
-0.0405
-0.8555
-0.5095
9.4500
-8.1200
-3.9900
420
478
506
403
392
-0.0371
-0.8638
-0.4821
6.2300
-3.7100
-3.2200
420
478
505
396
397
-0.0234
-0.8677
-0.4714
2.3100
-3.7800
-2.1000
420
477
504
381
400
-0.0332
-0.8921
-0.4900
3.8500
-2.2400
-6.0200
420
477
501
368
401
-0.0166
-0.8662
-0.4939
-2.1000
-7.0700
-7.4200
420
477
497
346
407
-0.0361
-0.8613
-0.5002
0.6300
-4.5500
-5.6000
420
477
495
318
413
-0.0273
-0.8677
-0.5017
3.5700
-5.0400
-3.9200
420
477
495
300
414
-0.0210
-0.8711
-0.4958
2.3100
-3.7800
-1.4000
420
477
495
292
416
-0.0346
-0.8579
-0.4875
0.9800
-5.3900
-2.1000
420
475
493
279
414
-0.0307
-0.8545
-0.4953
0.5600
-4.1300
-0.5600
420
475
492
272
415
-0.0322
-0.8594
-0.4817
-0.2100
-3.9900
-1.8900
420
475
491
270
419
-0.0303
-0.8516
-0.4875
1.4700
-5.5300
-2.9400
420
475
488
269
422
-0.0508
-0.8584
-0.4997
4.9000
-3.5700
-2.6600
420
475
488
269
428
-0.0337
-0.8730
-0.4963
3.2200
-3.0800
-1.6800
420
475
487
268
432
-0.0420
-0.8735
-0.5051
-0.6300
-4.2000
-1.0500
420
474
486
268
434
-0.0395
-0.8599
-0.5017
0.7000
-3.0100
-4.1300
420
474
485
269
436
-0.0439
-0.8535
-0.4973
1.1900
-3.5700
-2.9400
420
473
483
269
437
-0.0381
-0.8433
-0.5002
1.4000
-1.5400
-5.1100
420
473
483
270
436
-0.0205
-0.8603
-0.3753
1.6800
-4.1300
-3.3600
420
473
483
271
433
-0.0342
-0.8555
-0.4948
2.0300
-3.5000
-4.2700
420
473
483
271
435
-0.0351
-0.8579
-0.5095
2.5200
-4.3400
-4.1300
420
473
483
272
434
-0.0322
-0.8603
-0.4982
1.7500
-4.0600
-2.2400
420
470
483
273
434
-0.0317
-0.8657
-0.5041
3.0100
-4.2700
-3.2200
420
471
483
273
434
-0.0351
-0.8686
-0.4992
3.5000
-5.3900
-1.4700
420
471
483
274
434
-0.0395
-0.8642
-0.5036
3.0800
-4.2700
-4.2700
420
471
483
274
434
-0.0278
-0.8633
-0.4914
0.8400
-3.5000
-5.1100
420
471
483
275
431
-0.0327
-0.8540
-0.4992
3.1500
-4.0600
-2.3100
420
471
482
275
433
-0.0361
-0.8569
-0.4963
1.6800
-3.7800
-3.0100
420
471
481
275
432
-0.0288
-0.8594
-0.4900
0.4200
-3.3600
-3.7800
420
471
481
275
434
-0.0351
-0.8599
-0.4958
3.0100
-3.5700
-3.3600
420
471
482
276
435
-0.0317
-0.8677
-0.4958
1.2600
-4.4100
-4.0600
420
471
482
276
435
-0.0361
-0.8579
-0.4841
1.7500
-2.6600
-3.3600
420
471
482
276
435
-0.0190
-0.8574
-0.4880
1.8900
-3.5000
-1.5400
420
471
482
276
432
-0.0351
-0.8599
-0.5026
2.2400
-1.3300
-4.6200
420
471
482
276
434
-0.0244
-0.8564
-0.4856
1.4700
-3.0800
-3.5700
420
470
482
277
434
-0.0254
-0.8599
-0.5041
3.7800
2.4500
0.9100
420
468
482
277
429
-0.0293
-0.8594
-0.4841
0.7700
3.0100
-0.4200
420
468
484
276
418
-0.0259
-0.8628
-0.5046
-4.6900
5.1100
-5.3200
419
468
485
272
406
-0.0273
-0.8540
-0.5348
-4.5500
-0.2800
-12.5300
419
468
487
288
404
0.0171
-0.8496
-0.5095
8.7500
-5.8800
-10.3600
418
469
494
352
396
0.0098
-0.8520
-0.5075
4.9700
-9.8000
-2.1000
418
471
499
394
390
-0.0088
-0.8525
-0.5090
4.6900
-4.0600
-7.7000
418
472
501
410
383
0.0127
-0.8555
-0.4900
5.0400
-5.8100
-6.5800
419
474
505
422
379
0.0185
-0.8672
-0.4997
7.6300
-6.3700
-1.0500
419
476
508
427
378
-0.0034
-0.8672
-0.5036
1.9600
-4.2700
0.6300
419
476
508
428
378
-0.0054
-0.8662
-0.4992
1.8900
-4.2000
-2.2400
419
476
508
427
378
-0.0093
-0.8633
-0.4880
3.0800
-5.3900
-3.2200
419
476
508
427
379
-0.0005
-0.8584
-0.4929
4.8300
-5.0400
-1.4000
419
476
508
426
377
-0.0176
-0.8672
-0.4919
3.1500
-3.5000
-0.2800
419
476
508
425
379
-0.0044
-0.8711
-0.4856
2.2400
-2.1700
-1.7500
419
476
508
424
379
-0.0063
-0.8647
-0.4919
1.9600
-3.3600
-2.6600
419
476
508
423
379
-0.0137
-0.8735
-0.4875
-0.2800
-4.7600
-0.8400
419
476
508
423
379
-0.0185
-0.8642
-0.4885
2.8000
-3.9900
-2.3100
419
476
508
422
379
-0.0122
-0.8779
-0.4914
2.4500
-3.0800
-2.3100
419
475
508
421
379
-0.0088
-0.8594
-0.4851
3.1500
-4.5500
0.2100
419
476
508
420
379
-0.0176
-0.8769
-0.4914
1.4700
-3.8500
-1.9600
419
475
507
420
380
-0.0181
-0.8682
-0.4831
1.1900
-3.7800
-1.8900
419
475
507
419
380
-0.0176
-0.8701
-0.4860
0.5600
-3.8500
-1.8900
419
475
506
418
380
-0.0195
-0.8603
-0.4851
-1.3300
-4.3400
-3.3600
419
474
505
417
380
-0.0181
-0.8686
-0.5041
1.0500
-3.8500
-2.5200
419
474
505
415
381
-0.0176
-0.8662
-0.5007
2.5900
-3.0800
-2.5900
419
475
504
413
387
-0.0039
-0.8618
-0.5124
5.0400
-5.0400
-2.1700
419
475
504
409
388
-0.0200
-0.8721
-0.4856
2.3800
-4.9700
-1.5400
419
474
503
400
393
-0.0176
-0.8760
-0.4895
1.3300
-9.8700
1.8900
420
474
501
389
399
-0.0351
-0.8701
-0.4690
1.4000
-8.7500
-1.8900
420
474
500
377
411
-0.0473
-0.8657
-0.4660
-3.8500
-4.9000
-5.5300
420
474
499
366
415
-0.0185
-0.8438
-0.4724
-3.2900
-1.7500
-3.7800
420
473
498
351
418
-0.0264
-0.8491
-0.4812
-4.2700
-1.8200
-3.7100
420
473
496
330
420
-0.0288
-0.8506
-0.5007
-5.9500
-1.9600
-4.6900
420
473
496
309
422
-0.0166
-0.8594
-0.5114
-2.5200
-6.3700
-6.0900
420
472
496
298
420
-0.0229
-0.8584
-0.5197
-3.6400
-7.0700
-6.3000
419
470
495
291
417
-0.0254
-0.8511
-0.5173
0.0700
-8.2600
-8.1200
419
468
493
280
411
-0.0210
-0.8457
-0.5178
3.2200
-5.8100
-4.4100
419
468
489
277
419
-0.0264
-0.8438
-0.5295
1.0500
-4.6900
-0.5600
419
467
485
273
429
-0.0390
-0.8442
-0.5173
3.4300
-3.7800
-3.2900
420
468
481
272
442
-0.0234
-0.8496
-0.5065
1.4000
-5.0400
-1.7500
420
468
477
272
448
-0.0327
-0.8438
-0.5207
4.1300
-3.4300
-3.6400
420
468
474
274
450
-0.0181
-0.8530
-0.5124
3.0100
-4.0600
-2.3100
420
467
471
275
452
-0.0283
-0.8545
-0.5148
1.1200
-4.7600
-3.4300
420
468
473
277
452
-0.0366
-0.8472
-0.5231
4.2700
-4.5500
-3.1500
420
468
476
278
453
-0.0293
-0.8633
-0.5207
1.7500
-3.0100
-2.9400
420
468
478
280
453
-0.0210
-0.8433
-0.5226
-0.7000
-3.2200
-6.4400
420
468
478
282
452
-0.0210
-0.8442
-0.5207
2.7300
-4.4800
-4.6900
420
469
479
285
451
-0.0356
-0.8447
-0.5261
3.8500
-3.9200
-3.8500
421
469
479
286
451
-0.0371
-0.8398
-0.5241
5.8800
-4.4800
-4.4800
421
468
479
287
448
-0.0185
-0.8452
-0.5114
1.6100
-4.0600
-3.7800
421
468
479
288
449
-0.0278
-0.8481
-0.5290
3.2200
-5.0400
-5.6700
421
468
480
289
446
-0.0264
-0.8652
-0.5163
3.8500
-4.6200
-3.9200
421
468
480
290
448
-0.0351
-0.8452
-0.5256
2.0300
-2.8700
-2.8700
421
468
480
290
445
-0.0142
-0.8462
-0.5173
1.5400
-4.3400
-3.3600
421
468
480
290
448
-0.0322
-0.8447
-0.5246
2.5900
-3.5000
-1.6800
421
468
480
291
447
-0.0273
-0.8516
-0.5192
3.3600
-3.2900
-3.5700
421
468
479
291
448
-0.0229
-0.8540
-0.5119
1.3300
-4.4800
-4.4800
421
468
479
291
448
-0.0278
-0.8389
-0.5061
2.1000
-3.1500
-4.1300
421
468
479
292
448
-0.0224
-0.8457
-0.5158
1.6100
-3.0800
-3.2900
421
468
479
292
449
-0.0224
-0.8525
-0.5163
2.1700
-3.7100
-1.8900
421
468
478
292
450
-0.0176
-0.8569
-0.5153
1.5400
-3.9900
-3.6400
421
468
478
292
450
-0.0195
-0.8574
-0.5246
2.2400
-4.2700
-3.1500
421
468
478
292
448
-0.0220
-0.8560
-0.5266
2.1000
-2.8700
-2.6600
421
468
478
294
445
-0.0298
-0.8618
-0.5231
1.4700
-2.1700
-4.9000
421
468
479
295
439
-0.0234
-0.8496
-0.5353
-4.4100
-1.9600
-4.2700
420
466
479
298
423
-0.0166
-0.8413
-0.5246
-0.2100
-2.0300
-1.0500
420
464
480
303
405
-0.0185
-0.8384
-0.5324
-0.2100
-2.5900
-1.1900
419
464
481
317
404
-0.0132
-0.8462
-0.5485
7.6300
0.0700
-4.8300
419
465
484
350
398
0.0015
-0.8359
-0.5392
8.4700
0.5600
0.4200
419
469
494
379
392
-0.0190
-0.8442
-0.5192
9.3100
-0.4900
-1.3300
419
473
502
399
387
-0.0176
-0.8745
-0.5012
3.7100
-4.2000
-0.4900
419
475
507
413
384
-0.0190
-0.8291
-0.5022
6.8600
-2.2400
-2.3100
420
477
510
421
383
-0.0151
-0.8808
-0.5002
4.6200
-2.5900
-0.4200
420
478
511
424
383
-0.0166
-0.8652
-0.5046
5.4600
-3.0100
-0.5600
420
478
512
425
383
-0.0200
-0.8813
-0.5012
1.2600
-2.2400
-3.3600
420
478
512
424
383
-0.0049
-0.8618
-0.4778
0.0700
-4.6200
-1.4700
420
478
512
423
383
-0.0181
-0.8545
-0.4875
1.2600
-3.7100
-2.5200
420
478
512
422
384
-0.0195
-0.8599
-0.4904
2.1700
-3.5700
-3.7800
420
478
512
421
384
-0.0195
-0.8589
-0.4841
0.4900
-3.5700
-4.7600
420
477
511
420
384
-0.0176
-0.8589
-0.4841
2.3800
-3.3600
-4.3400
420
477
511
419
384
-0.0142
-0.8623
-0.4860
1.1900
-3.5000
-2.7300
420
477
511
418
384
-0.0244
-0.8603
-0.4885
0.9100
-2.9400
-3.8500
420
477
511
417
385
-0.0156
-0.8618
-0.4939
1.1900
-4.2700
-1.8200
420
477
511
416
385
-0.0195
-0.8750
-0.4992
1.2600
-3.5700
-4.1300
420
477
511
416
385
-0.0102
-0.8628
-0.4924
1.5400
-3.9900
-3.2900
420
477
511
415
385
-0.0200
-0.8652
-0.4904
2.7300
-4.8300
-2.8000
420
477
511
414
385
-0.0156
-0.8613
-0.4875
3.2200
-3.5000
-4.2000
420
477
511
413
385
-0.0181
-0.8642
-0.4929
3.7100
-4.2000
-3.9200
420
477
511
412
386
-0.0200
-0.8774
-0.4895
4.5500
-3.9900
-3.7100
420
477
510
410
385
-0.0142
-0.8642
-0.4787
0.7700
-5.2500
-0.4900
420
476
510
401
388
-0.0171
-0.8711
-0.5046
3.2200
-1.3300
-3.3600
420
475
508
392
391
-0.0190
-0.8740
-0.4895
5.1800
-1.6100
-2.3800
420
474
506
376
395
-0.0117
-0.8628
-0.4753
5.3200
0.0700
-2.2400
420
474
505
362
400
-0.0283
-0.8843
-0.4973
0.8400
-0.3500
-3.2200
420
474
505
345
405
-0.0161
-0.8721
-0.4802
-0.7000
-3.7100
-3.3600
420
475
504
326
410
-0.0107
-0.8701
-0.4860
-2.9400
-5.6000
-4.2700
420
474
504
310
413
0.0034
-0.8721
-0.4778
-3.9900
-8.7500
-5.7400
420
472
503
301
411
-0.0054
-0.8584
-0.4885
-4.9700
-8.1900
-4.3400
420
470
501
295
412
-0.0034
-0.8442
-0.5124
-0.7000
-5.6700
-2.6600
419
468
495
289
420
-0.0024
-0.8608
-0.5187
1.5400
-5.9500
-1.7500
419
467
489
282
435
-0.0083
-0.8574
-0.4924
0.2100
-6.0900
-1.8900
419
464
485
280
453
-0.0176
-0.8691
-0.5212
1.8900
-4.8300
-1.7500
419
464
481
281
461
-0.0176
-0.8569
-0.5017
0.9800
-4.6900
-2.5900
419
463
479
282
462
-0.0049
-0.8638
-0.5144
3.2900
-6.2300
-0.8400
419
464
478
283
466
-0.0215
-0.8677
-0.5080
1.7500
-6.1600
-3.2900
419
464
477
283
472
-0.0185
-0.8467
-0.5202
3.4300
-3.6400
-0.9800
419
463
476
284
470
-0.0181
-0.8638
-0.5183
1.8200
-4.1300
-0.8400
419
463
476
285
472
-0.0161
-0.8628
-0.5173
0.4200
-4.2700
-2.1000
419
464
476
285
470
-0.0307
-0.8545
-0.5070
0.7700
-3.5000
-1.6100
419
464
476
286
472
-0.0234
-0.8579
-0.5090
0.4200
-3.2200
-2.6600
419
464
476
286
469
-0.0210
-0.8530
-0.5017
0.0700
-4.2700
-3.1500
419
464
476
287
471
-0.0195
-0.8535
-0.5163
0.2800
-3.3600
-2.6600
419
463
476
287
466
-0.0200
-0.8535
-0.5070
0.7000
-2.7300
-4.0600
419
463
476
288
463
-0.0127
-0.8506
-0.5085
-0.2100
-3.6400
-2.3800
419
463
476
288
457
-0.0171
-0.8467
-0.5144
2.0300
-3.2200
-2.4500
419
463
476
288
456
-0.0127
-0.8520
-0.5148
0.9100
-2.4500
-1.4000
419
463
476
288
452
-0.0122
-0.8540
-0.5158
0.1400
-2.5900
-2.5200
419
462
475
286
451
-0.0142
-0.8472
-0.5100
0.7700
-3.9200
-3.2900
419
463
475
282
445
-0.0185
-0.8467
-0.5168
0.2800
-3.4300
-2.5900
419
462
475
280
446
-0.0171
-0.8462
-0.5158
3.2200
-3.7800
-4.5500
419
462
475
280
443
-0.0102
-0.8550
-0.5134
2.3800
-4.8300
-3.2200
419
462
475
281
446
-0.0249
-0.8477
-0.5070
2.8000
-3.2200
-3.5700
419
461
472
281
446
-0.0171
-0.8447
-0.5163
-0.2100
-3.4300
-4.5500
419
461
472
282
445
-0.0166
-0.8379
-0.5197
0.9800
-3.5700
-4.0600
419
460
472
283
442
-0.0093
-0.8384
-0.5065
1.4000
-5.6700
-1.4700
419
461
473
284
436
-0.0142
-0.8472
-0.5285
-4.1300
-0.6300
0.7000
418
462
474
288
413
-0.0405
-0.8496
-0.5427
-1.8200
-2.7300
-4.4100
417
462
477
324
413
-0.0210
-0.8447
-0.5256
4.3400
-4.6200
-4.2700
417
462
483
362
409
-0.0102
-0.8545
-0.5246
6.0200
-4.6200
-7.7000
417
463
489
383
403
-0.0215
-0.8398
-0.5056
3.7100
-5.2500
-5.3200
417
465
494
398
398
-0.0151
-0.8452
-0.5144
3.2900
-3.9900
-3.8500
417
471
502
415
392
-0.0039
-0.8599
-0.5290
5.6700
-6.0900
-3.9900
418
476
508
428
387
-0.0151
-0.9550
-0.5392
13.3700
-6.0900
-2.0300
418
481
512
433
384
-0.0044
-0.8755
-0.5168
8.5400
-3.8500
-1.6800
419
485
513
435
383
-0.0142
-0.8852
-0.5012
1.7500
-3.2200
-2.9400
419
486
514
435
383
-0.0073
-0.8701
-0.4958
1.8200
-4.5500
-3.0100
419
486
514
433
383
-0.0117
-0.8730
-0.4841
0.2800
-3.9900
-2.8700
420
485
514
432
383
-0.0078
-0.8647
-0.4982
1.3300
-2.4500
-3.2900
420
485
514
432
384
-0.0068
-0.8691
-0.4865
3.7100
-4.6200
-6.2300
420
485
514
431
384
-0.0044
-0.8760
-0.4978
-0.0700
-4.3400
-3.3600
420
485
514
430
384
-0.0112
-0.8603
-0.4978
1.8200
-4.3400
-2.1000
420
484
514
427
384
-0.0049
-0.8633
-0.4831
-0.1400
-3.9900
-2.5200
420
482
514
424
384
-0.0161
-0.8486
-0.4948
-1.2600
-4.7600
-3.1500
420
482
514
415
384
-0.0059
-0.8784
-0.5139
-5.2500
-3.4300
0.7000
420
480
512
392
385
-0.0059
-0.8511
-0.5183
-2.7300
-0.7700
1.7500
420
479
511
369
385
-0.0098
-0.8642
-0.5163
-0.1400
-4.3400
-2.3100
420
479
509
352
388
-0.0063
-0.8584
-0.5348
-3.0100
-3.3600
-5.2500
420
478
508
330
390
-0.0107
-0.8530
-0.5461
-0.3500
-4.7600
-4.3400
420
477
506
317
391
-0.0063
-0.8447
-0.5309
-4.7600
-7.2800
-1.7500
420
475
503
306
389
-0.0078
-0.8398
-0.5573
-3.7800
-6.5100
-4.8300
419
473
500
297
390
-0.0127
-0.8340
-0.5475
-0.4900
-6.7200
-1.7500
419
470
493
290
397
-0.0195
-0.8276
-0.5431
-2.1700
-3.0100
-0.0700
419
467
486
281
406
-0.0210
-0.8223
-0.5592
2.1700
-3.3600
-2.4500
419
467
487
279
412
-0.0181
-0.8340
-0.5636
1.2600
-5.8800
-3.1500
419
467
487
278
413
-0.0200
-0.8316
-0.5705
4.0600
-6.0200
-5.4600
419
468
490
279
415
-0.0181
-0.8247
-0.5490
1.6100
-7.8400
-2.8000
420
468
492
282
414
-0.0327
-0.8198
-0.5666
4.4800
-6.8600
-3.0800
420
469
492
284
415
-0.0205
-0.8442
-0.5758
6.0900
-7.6300
-0.8400
420
469
492
285
415
-0.0210
-0.8203
-0.5539
3.7800
-3.5700
-3.2200
420
469
492
285
416
-0.0224
-0.8286
-0.5510
4.0600
-5.1100
-2.9400
420
469
491
285
416
-0.0264
-0.8306
-0.5553
2.8000
-3.9900
-2.2400
420
469
490
283
417
-0.0342
-0.8355
-0.5431
2.9400
-3.5000
-3.8500
420
469
488
282
415
-0.0200
-0.8301
-0.5461
1.9600
-4.3400
-1.3300
420
469
488
282
418
-0.0390
-0.8325
-0.5505
3.2900
-3.9200
-3.1500
420
469
487
281
419
-0.0249
-0.8340
-0.5490
1.8900
-4.2000
-3.5700
421
469
487
279
419
-0.0298
-0.8276
-0.5461
1.8200
-3.9900
-3.3600
420
469
486
278
420
-0.0264
-0.8403
-0.5436
1.1200
-4.0600
-1.8900
421
468
484
278
419
-0.0390
-0.8340
-0.5475
2.2400
-3.3600
-3.2900
420
468
483
277
421
-0.0356
-0.8281
-0.5519
2.7300
-3.7100
-2.3800
421
468
480
276
422