-0.1444
-0.9443
-0.2708
1.6100
-6.5800
-1.4000
418
475
499
422
495
-0.1606
-0.9536
-0.2718
0.0700
-2.9400
-3.2200
418
475
499
422
493
-0.1508
-0.9394
-0.2630
2.1700
-3.2200
-2.8700
418
475
499
422
496
-0.1464
-0.9506
-0.2630
-1.1900
-4.2700
-3.0800
418
475
499
422
495
-0.1610
-0.9467
-0.2850
-0.4200
-3.6400
-3.8500
418
475
499
422
495
-0.1454
-0.9321
-0.2728
2.9400
-4.2000
-3.5700
418
475
499
423
495
-0.1435
-0.9394
-0.2669
3.2900
-4.9700
-2.0300
418
475
499
423
493
-0.1498
-0.9438
-0.2621
2.5200
-4.9000
-1.8200
418
475
499
423
495
-0.1513
-0.9443
-0.2684
2.1700
-4.0600
-2.3800
418
476
499
423
495
-0.1454
-0.9404
-0.2577
3.8500
-5.2500
-3.0100
418
475
499
423
495
-0.1479
-0.9501
-0.2616
2.1700
-5.7400
-2.7300
418
476
499
423
495
-0.1537
-0.9575
-0.2582
-0.3500
-4.2700
-4.9000
418
476
499
423
493
-0.1601
-0.9575
-0.2699
-4.4800
-2.9400
-8.1900
418
476
499
423
495
-0.1474
-0.9272
-0.2845
-7.3500
-0.8400
-4.2000
418
475
499
424
495
-0.1430
-0.9418
-0.3016
-8.4700
-6.2300
-9.2400
418
475
499
426
493
-0.1352
-0.9394
-0.3065
3.1500
-11.3400
-25.1300
419
474
500
427
495
-0.1030
-0.9638
-0.3338
-0.0700
-3.5700
-9.9400
420
474
500
430
493
-0.0766
-0.9736
-0.2928
6.5800
-20.8600
-26.3900
417
470
494
432
486
-0.0791
-0.9277
-0.2967
3.6400
-9.5900
-11.8300
392
446
471
430
485
-0.0659
-1.0560
-0.3684
24.7100
-10.9900
-34.7900
361
417
454
426
480
-0.0249
-0.8921
-0.2357
26.2500
-13.4400
-1.2600
337
396
441
423
475
-0.0420
-0.9296
-0.1264
23.2400
-9.9400
6.7900
317
369
417
418
479
-0.0844
-1.0097
-0.1249
18.3400
-22.2600
-1.1200
308
357
411
415
485
-0.0493
-0.9745
-0.1240
9.4500
-11.4100
-10.5700
294
321
363
414
486
0.0142
-1.0170
-0.1069
19.4600
-15.9600
3.9200
288
285
312
414
488
-0.0298
-1.0024
-0.1118
12.9500
-12.2500
1.4700
282
261
284
414
487
-0.0483
-0.9784
-0.0917
7.9100
-18.5500
-5.8800
270
245
267
412
481
-0.0005
-0.9784
-0.0386
10.3600
-10.4300
-3.5000
257
235
257
407
483
0.0044
-0.9740
-0.0654
8.8900
-16.1700
-10.2900
252
230
254
405
485
-0.0366
-1.0033
-0.0337
10.4300
-18.9700
-9.2400
246
224
252
397
487
-0.0102
-1.0102
-0.0342
16.0300
-18.2700
15.7500
245
220
252
396
490
0.0073
-0.9892
0.0205
43.1900
-35.1400
-9.1700
244
222
253
393
485
-0.0220
-1.0497
0.1113
11.6900
-24.7800
-7.8400
244
221
254
390
486
-0.0200
-1.0087
0.0625
8.8200
-11.6900
-7.9800
241
220
253
385
528
-0.0044
-1.0141
0.1137
1.5400
-13.8600
-2.3100
239
217
247
377
580
-0.0005
-1.0028
0.0747
1.8200
-2.8000
-5.4600
236
216
245
373
618
-0.0020
-0.9892
0.0805
7.8400
-16.8700
-17.3600
237
218
247
369
569
0.0488
-0.9404
0.0966
-16.4500
-6.6500
6.3700
235
222
258
359
487
-0.0098
-0.9755
0.0322
-12.1100
-8.0500
-3.7800
235
224
265
353
461
0.0117
-1.0072
0.0132
1.1900
-10.2200
-7.4900
236
226
267
351
451
0.0761
-1.0160
0.0215
-0.5600
-13.4400
-10.2900
236
227
268
347
439
0.0220
-1.0092
0.0220
11.8300
-21.2100
-23.8700
237
227
268
345
433
0.0883
-0.9789
0.0547
20.0900
-25.2700
-24.7100
237
227
268
345
427
0.0986
-0.9565
0.1362
20.1600
-26.1800
-31.5000
238
228
268
343
422
0.1615
-0.9457
0.0996
48.0900
-34.3700
-25.4800
239
228
268
342
414
0.2118
-0.8823
0.2054
105.1400
-42.8400
-63.8400
242
229
269
340
410
0.3553
-0.9184
0.3977
48.4400
-32.6900
-37.0300
243
230
269
340
405
0.3933
-0.8477
0.3665
18.5500
-27.1600
-28.6300
243
230
270
340
404
0.3914
-0.7945
0.3743
39.9700
-40.7400
-39.1300
244
231
270
341
402
0.5763
-0.7910
0.4504
29.2600
-23.1000
-10.9200
244
231
271
341
400
0.4797
-0.7491
0.4534
8.5400
-23.9400
-18.9000
244
232
271
340
398
0.5890
-0.7379
0.4348
11.4800
-6.7900
-3.2200
245
232
271
340
394
0.5666
-0.7374
0.4148
11.2000
-8.1900
-7.2100
245
233
271
340
390
0.5758
-0.7340
0.4260
6.1600
-9.9400
-4.6200
245
233
271
340
387
0.5846
-0.7310
0.4046
1.8900
-8.9600
-7.1400
245
233
272
340
386
0.6178
-0.7076
0.3909
9.4500
-8.7500
-5.6700
246
233
272
340
385
0.6076
-0.7144
0.4104
4.4800
-5.1800
-4.6200
245
232
272
341
384
0.6032
-0.6969
0.4050
1.4700
-6.2300
-6.1600
244
232
273
341
383
0.6076
-0.7003
0.3953
5.1100
-6.0900
-3.2900
243
232
273
342
383
0.6271
-0.7096
0.4016
3.0100
-4.5500
-2.8000
244
233
273
342
382
0.6163
-0.6993
0.3875
4.3400
-6.4400
-2.7300
244
233
273
342
382
0.6154
-0.6993
0.3967
7.1400
-6.4400
-2.5200
244
233
273
343
381
0.6046
-0.7047
0.4119
1.8900
-4.4800
-1.8900
245
233
273
343
381
0.6139
-0.6974
0.3875
1.6100
-3.2200
-1.7500
245
234
273
343
380
0.6207
-0.6934
0.4002
2.4500
-4.4100
-1.9600
245
234
274
344
380
0.6178
-0.7100
0.3958
2.1700
-4.6200
1.4000
246
234
273
344
379
0.6188
-0.7096
0.3870
-1.7500
-4.6200
0.9100
246
234
273
344
378
0.6085
-0.7052
0.4114
-5.5300
4.1300
2.5200
246
235
274
344
379
0.6207
-0.7281
0.4372
-35.1400
28.1400
11.1300
250
239
277
344
384
0.6139
-0.7803
0.4368
-64.8200
69.3000
46.3400
286
265
305
348
390
0.3987
-0.8613
0.2499
-62.0200
44.3100
39.3400
334
317
365
361
393
0.3699
-0.9111
0.2538
-70.9800
38.9900
56.0000
345
343
398
371
397
0.2284
-0.8706
0.2162
-72.9400
47.0400
45.9200
349
357
416
380
402
0.1391
-0.9501
0.0815
-61.8800
30.6600
41.5800
357
386
445
394
403
0.1322
-0.9409
0.0346
-57.6800
44.1000
66.8500
363
406
469
408
410
-0.0102
-1.0053
-0.0185
-38.8500
30.8000
31.9200
366
416
485
426
410
-0.1235
-0.9814
-0.0913
-41.2300
30.0300
33.0400
375
429
497
435
420
-0.1264
-0.9809
-0.1815
-34.7900
3.3600
10.7800
387
445
506
442
421
-0.1547
-0.9204
-0.2128
-18.5500
-3.2900
24.0100
395
457
511
446
429
-0.2108
-0.9111
-0.2738
-3.5700
-6.4400
0.9800
396
466
514
448
429
-0.2196
-0.9116
-0.3104
-10.5700
-4.4100
-7.3500
397
472
516
449
433
-0.1806
-0.9101
-0.3118
-4.2000
-3.2200
-0.9800
397
475
517
450
432
-0.1952
-0.9106
-0.3099
-2.1000
-3.6400
-4.2700
398
476
518
450
436
-0.2128
-0.9101
-0.3304
-1.6800
-3.4300
-4.9000
398
476
518
450
434
-0.1981
-0.9121
-0.3401
-0.4900
-3.9200
-1.1900
398
476
518
450
437
-0.2079
-0.9165
-0.3426
-0.4200
-1.9600
-4.6200
398
476
518
450
435
-0.2011
-0.9067
-0.3382
1.0500
-2.7300
-2.8000
398
475
518
449
438
-0.2084
-0.9052
-0.3465
2.7300
-3.7800
-4.6200
398
475
518
449
438
-0.1942
-0.9257
-0.3392
3.7800
-3.8500
-3.7100
398
474
518
449
439
-0.1996
-0.9223
-0.3436
1.8900
-3.6400
-6.9300
397
469
516
448
439
-0.1957
-0.9213
-0.3484
3.0800
-4.1300
-4.6200
397
467
515
448
439
-0.1957
-0.9170
-0.3323
2.5200
-4.4800
-4.6200
397
464
513
447
439
-0.1928
-0.9072
-0.3392
1.6100
-2.9400
-8.7500
395
455
506
446
441
-0.1796
-0.9218
-0.3333
6.8600
-3.4300
-7.4200
390
441
488
445
442
-0.1791
-0.9331
-0.3323
13.3700
0.9100
-11.9000
387
430
474
445
442
-0.1874
-1.0072
-0.3079
-5.3900
-6.4400
-28.8400
368
381
435
443
441
-0.2386
-1.0121
-0.2894
-8.2600
-18.6200
-43.8900
352
329
367
440
437
-0.0747
-0.9819
-0.3235
35.9100
-45.5000
-61.8100
341
297
323
427
433
-0.0127
-0.9936
-0.2503
41.5800
-19.8800
-22.8900
320
263
278
413
432
0.0117
-0.9184
-0.1786
52.2200
-14.8400
-13.7200
296
249
264
406
431
0.0273
-0.9150
-0.1303
41.4400
-18.7600
-19.6700
277
241
257
392
432
0.0922
-0.9804
-0.0761
29.8200
-21.4900
-26.7400
262
237
253
370
435
0.1440
-0.9658
0.0146
23.6600
-20.7200
-29.9600
249
232
250
349
438
0.1503
-0.9633
0.1327
27.2300
-17.1500
-8.6800
241
230
250
336
442
0.1879
-1.0160
0.0551
39.6200
-29.5400
-24.7100
239
231
252
330
444
0.1718
-0.9623
0.0244
98.9100
-78.4000
-63.0000
239
231
253
330
443
0.3221
-0.8969
0.2474
59.2200
-64.0500
-56.7700
241
231
254
336
448
0.4826
-0.9121
0.2469
33.8100
-41.7200
-35.0700
242
231
256
339
453
0.5090
-0.8218
0.2660
34.0200
-26.7400
-32.7600
243
231
257
339
452
0.6027
-0.8125
0.2806
34.3000
-28.0700
-31.0800
244
232
258
342
449
0.6676
-0.7056
0.3196
37.5200
-18.2000
-21.1400
244
233
259
346
443
0.6549
-0.6969
0.3216
11.6200
-13.0200
-10.3600
246
233
260
352
437
0.6568
-0.7066
0.3099
7.3500
-12.4600
-17.2200
246
234
261
356
427
0.7013
-0.6832
0.3026
-1.4000
-6.7200
-7.9100
247
234
260
358
421
0.6617
-0.6744
0.2938
7.4200
-7.2100
-5.1800
248
235
260
359
416
0.6998
-0.6764
0.2977
3.4300
-3.2200
-3.7100
248
235
261
359
413
0.6988
-0.6598
0.3030
3.5700
-7.7000
-6.7200
249
236
261
359
412
0.7081
-0.6583
0.3055
4.4100
-6.2300
-6.9300
249
236
262
359
411
0.6959
-0.6647
0.3016
1.4000
-8.9600
-10.8500
249
236
262
359
410
0.7261
-0.6442
0.3001
1.3300
-4.0600
-2.4500
250
237
262
360
409
0.7266
-0.6466
0.2982
0.1400
-3.5700
-1.9600
250
237
263
360
408
0.7144
-0.6617
0.2879
0.4900
-6.5100
-5.3900
250
237
263
360
407
0.7330
-0.6539
0.2811
4.2700
-6.0900
-2.5200
250
238
263
361
406
0.7193
-0.6632
0.2889
3.6400
-5.1100
0.4200
251
238
264
361
406
0.7144
-0.6656
0.2840
2.1700
-5.8100
-3.9900
251
238
264
361
405
0.7169
-0.6525
0.2821
1.5400
-5.8100
-3.0800
251
239
264
361
404
0.7340
-0.6573
0.2850
0.9100
-4.2700
-3.2900
251
239
265
361
403
0.7222
-0.6554
0.2811
-0.8400
-4.3400
-1.8200
251
239
266
362
403
0.7198
-0.6647
0.2879
-1.9600
-2.8000
-1.1900
252
240
266
362
403
0.7261
-0.6549
0.3016
-8.8900
15.4000
20.5100
253
240
268
360
411
0.6949
-0.6827
0.3070
-15.4700
27.6500
25.2000
261
247
277
360
417
0.6622
-0.7491
0.3284
-14.4200
49.2100
75.3900
278
261
291
367
416
0.5026
-0.8052
0.3587
-18.2000
39.0600
42.7700
309
286
321
377
416
0.3845
-0.8847
0.3431
-52.8500
58.1700
43.4000
334
320
362
382
418
0.2650
-0.8706
0.2533
-98.0000
65.3800
34.0200
353
362
417
396
424
0.2601
-0.9013
0.1376
-88.2000
59.5700
57.1900
370
405
461
412
431
0.1288
-0.9687
0.0034
-63.9800
50.4700
57.7500
375
416
476
424
438
-0.0005
-0.9819
-0.0659
-50.7500
24.7800
35.0700
374
415
476
430
445
-0.0405
-0.9936
-0.1625
-33.1800
21.3500
40.8800
375
422
483
432
454
-0.1220
-0.9409
-0.1762
-13.1600
1.9600
4.4100
381
429
491
434
457
-0.1508
-0.9794
-0.2167
-5.5300
2.5900
6.5100
383
431
492
436
459
-0.1757
-0.9409
-0.2006
-1.6100
2.5900
7.0000
390
441
501
440
457
-0.1815
-0.9170
-0.2611
-2.3800
-5.1100
-5.6000
397
451
509
447
460
-0.1508
-0.9540
-0.2372
8.3300
-4.3400
-0.8400
399
453
511
448
458
-0.1601
-0.9526
-0.2450
3.0100
-1.0500
0.0700
400
456
512
449
461
-0.1864
-0.9658
-0.2508
2.8700
-2.0300
-6.5100
401
460
514
449
458
-0.1703
-0.9487
-0.2440
1.7500
-2.0300
1.1900
401
460
514
449
461
-0.1752
-0.9731
-0.2469
0.8400
-3.8500
1.8900
401
460
514
449
459
-0.1801
-0.9443
-0.2460
1.3300
-2.3800
-0.4900
401
462
514
449
462
-0.1840
-0.9472
-0.2450
0.4200
-1.1900
-2.8000
401
464
515
449
460
-0.1791
-0.9501
-0.2450
0.0000
-4.9700
-3.7100
401
465
515
450
463
-0.1801
-0.9482
-0.2494
4.2700
-4.0600
-3.7100
401
465
515
449
460
-0.1835
-0.9594
-0.2528
4.1300
-3.1500
-2.5900
401
466
515
450
462
-0.2035
-0.9438
-0.2464
1.4000
-3.6400
-4.3400
401
466
515
449
460
-0.1796
-0.9414
-0.2489
4.9700
-3.8500
-3.7100
402
466
515
449
462
-0.1776
-0.9384
-0.2460
3.2200
-4.0600
-2.6600
402
466
515
450
460
-0.1854
-0.9389
-0.2469
7.1400
-4.7600
-5.3900
402
466
515
449
462
-0.1781
-0.9560
-0.2347
8.3300
-3.3600
-10.0800
400
463
512
448
461
-0.1840
-0.9643
-0.2460
9.4500
-11.9000
-26.8100
390
447
494
443
466
-0.1396
-0.9960
-0.1967
25.9000
-32.9000
-41.7900
379
429
476
439
472
-0.0737
-0.9467
-0.1728
21.7700
-27.7900
-50.6100
365
401
454
434
477
0.0356
-0.9936
-0.1020
38.5000
-31.8500
-36.6100
360
381
439
426
481
0.1025
-0.9296
-0.0337
44.8700
-26.1800
-19.3200
354
360
424
421
490
0.0405
-0.9609
0.0039
50.2600
-24.9900
-30.0300
350
346
405
417
491
0.0830
-1.0185
0.1186
47.5300
-44.6600
-42.4900
351
325
360
413
492
0.2625
-0.9858
0.1610
52.9200
-41.3700
-10.9900
349
300
330
409
485
0.2089
-1.0097
0.1796
53.3400
-42.0700
-18.5500
345
288
315
406
483
0.2884
-1.0053
0.2381
42.9100
-49.2100
-24.1500
345
278
301
401
480
0.3670
-0.9140
0.2957
20.2300
-27.8600
-26.6000
334
266
288
400
475
0.4216
-0.8877
0.3006
17.6400
-32.9700
-27.6500
322
258
280
398
476
0.4758
-0.7686
0.5017
1.6100
-11.9700
-19.3900
296
250
274
393
476
0.5148
-0.8403
0.3284
8.1900
-4.4100
-7.2800
284
245
272
391
477
0.5051
-0.8603
0.2879
11.4100
-8.3300
-6.1600
273
241
269
390
481
0.5217
-0.8130
0.3372
12.8800
-7.7700
3.0800
262
237
266
387
475
0.5144
-0.7901
0.3396
8.1900
-14.7700
-7.4900
263
237
266
387
469
0.5158
-0.8228
0.3362
5.3900
-20.7900
-17.5700
262
238
266
386
459
0.5490
-0.7837
0.3152
5.1800
-13.7200
-10.9200
257
239
267
385
458
0.5510
-0.7891
0.3177
4.1300
-3.2900
-7.4200
255
241
269
384
457
0.5573
-0.7984
0.3289
3.4300
-4.4100
-4.1300
253
242
271
384
457
0.5475
-0.7691
0.3182
1.3300
-5.1100
-3.9200
252
245
272
385
454
0.5588
-0.7686
0.3270
3.0800
-3.2900
-3.0100
252
246
273
385
456
0.5636
-0.7818
0.3143
2.1000
-2.8000
-3.4300
252
248
274
385
455
0.5617
-0.7759
0.3196
2.5200
-5.6000
-3.9200
252
248
274
385
455
0.5514
-0.7871
0.3079
4.5500
-5.3900
-3.9900
252
249
275
384
453
0.5636
-0.7740
0.3167
2.3100
-5.3900
-2.8700
253
249
275
384
450
0.5553
-0.7730
0.3231
0.7700
-4.2700
-4.4800
254
250
275
383
448
0.5617
-0.7701
0.3138
0.4900
-4.8300
-4.2000
255
251
275
383
444
0.5544
-0.7642
0.3182
0.5600
-5.5300
-4.4100
255
251
275
383
444
0.5734
-0.7637
0.3079
2.4500
-6.7900
-3.7100
256
251
275
383
443
0.5793
-0.7647
0.3270
2.6600
-8.1900
-3.0800
257
251
275
382
441
0.5773
-0.7657
0.3182
1.4700
-3.4300
-2.8700
258
251
276
382
440
0.5939
-0.7662
0.3133
1.8900
-4.1300
-2.4500
259
251
276
382
438
0.5763
-0.7662
0.3089
4.3400
-2.3800
-0.5600
260
252
276
383
440
0.5778
-0.7691
0.3304
2.2400
11.3400
10.8500
265
253
277
384
442
0.5383
-0.7940
0.3538
-19.4600
28.4900
20.0900
274
263
289
382
446
0.5412
-0.8096
0.3855
-40.9500
72.3800
51.3800
299
284
312
381
445
0.4182
-0.7969
0.3362
-80.0800
92.2600
73.7800
332
314
352
391
444
0.2352
-0.8930
0.1976
-79.8700
51.9400
30.9400
349
353
403
402
446
0.2050
-0.9072
0.0976
-83.4400
51.7300
52.2200
357
376
428
411
450
0.0766
-0.9501
0.0371
-67.7600
42.2800
54.7400
361
389
443
415
456
0.0171
-0.9321
-0.0083
-63.8400
41.5100
51.1700
366
406
462
420
462
-0.1049
-0.8769
-0.1215
-53.7600
21.4900
33.1100
372
420
479
425
472
-0.1054
-0.9038
-0.2338
-21.8400
3.1500
6.0200
377
425
487
430
478
-0.1654
-0.9213
-0.2401
-6.5800
-8.7500
2.0300
385
436
496
434
477
-0.2069
-0.9106
-0.3035
-12.4600
-4.4800
6.0200
392
446
503
437
482
-0.1566
-0.9316
-0.2928
-0.9100
3.5000
3.9900
396
453
506
437
483
-0.1767
-0.9184
-0.3323
-0.9800
5.2500
12.5300
399
459
508
438
489
-0.1981
-0.9130
-0.2547
-1.9600
2.8000
0.8400
401
461
509
438
489
-0.2020
-0.8657
-0.2640
1.1200
-4.8300
-2.3800
401
461
509
438
488
-0.1879
-0.8950
-0.2582
-2.3800
-4.8300
-2.3100
401
460
509
438
488
-0.2162
-0.9067
-0.2811
-0.5600
-4.1300
-5.2500
401
460
509
438
486
-0.2011
-0.9194
-0.2850
2.7300
-2.5900
-2.8000
401
460
509
438
488
-0.1908
-0.9165
-0.2801
-0.2800
-4.3400
-1.6800
402
459
509
438
488
-0.2079
-0.9179
-0.2869
2.3800
-2.4500
-3.5700
401
459
509
438
488
-0.2035
-0.9282
-0.2826
2.1000
-3.9900
-3.6400
401
458
508
438
488
-0.1972
-0.9340
-0.2943
2.5200
-3.9200
-2.8000
401
458
508
438
486
-0.2045
-0.9457
-0.3045
3.6400
-4.9700
-2.9400
401
458
508
438
488
-0.2069
-0.9384
-0.3006
4.8300
-2.9400
-3.9900
401
458
508
438
485
-0.2011
-0.9428
-0.2933
1.1200
-2.6600
-7.0700
401
458
509
438
487
-0.1981
-0.9238
-0.3216
3.4300
-5.3900
-16.2400
394
449
507
437
487
-0.2050
-0.9170
-0.2869
29.1200
-17.9900
-47.5300
376
439
499
434
485
-0.1552
-0.9423
-0.2494
65.5200
-37.7300
-65.4500
359
432
491
425
477
-0.0127
-0.9306
-0.0517
81.2700
-41.0200
-48.0900
348
428
484
411
475
0.0024
-1.0170
-0.0244
62.9300
-43.6800
-59.3600
326
409
469
404
474
0.0493
-1.0141
0.0883
54.3200
-42.0000
-36.4000
303
380
448
405
478
0.1474
-0.9867
0.1210
56.7700
-43.4700
-35.7700
286
354
426
403
481
0.2089
-0.9472
0.1576
88.3400
-65.2400
-32.4100
274
325
396
399
479
0.3030
-0.9443
0.2747
47.2500
-48.7900
-27.6500
270
298
364
397
474
0.3494
-0.9150
0.3109
46.2700
-45.4300
-26.3900
264
280
340
395
467
0.3621
-0.8721
0.3416
33.1800
-42.5600
-21.5600
252
260
318
396
465
0.4085
-0.8467
0.3675
47.2500
-39.0600
-15.7500
238
247
298
399
465
0.5056
-0.8276
0.3538
21.0000
-17.5700
-6.7900
228
237
280
400
465
0.5217
-0.9379
0.3826
6.5800
-24.1500
-14.5600
222
231
269
395
460
0.5524
-0.7764
0.3265
10.0800
-25.6900
-14.4900
221
229
261
390
451
0.5685
-0.7676
0.3196
29.6100
-49.6300
-24.9200
222
229
262
386
447
0.5968
-0.7193
0.3631
39.9000
-40.3200
-27.8600
224
230
264
384
442
0.6759
-0.6852
0.4050
24.9900
-27.1600
-24.8500
225
231
266
382
439
0.6695
-0.6564
0.3533
26.0400
-17.2200
-15.0500
226
232
267
379
436
0.6783
-0.6354
0.3675
17.4300
-28.3500
-20.5100
226
233
269
380
433
0.7740
-0.5885
0.3733
8.0500
-0.4200
-4.5500
227
234
270
379
431
0.7252
-0.6100
0.3670
5.9500
-6.9300
-5.8100
227
235
271
378
430
0.7374
-0.5934
0.3504
7.3500
-9.1000
-5.8100
227
236
272
378
429
0.7569
-0.5836
0.3655
3.2200
-3.7800
-2.6600
227
236
272
378
428
0.7501
-0.5802
0.3582
2.1000
-5.6700
-3.8500
227
237
273
378
427
0.7520
-0.5807
0.3611
5.1800
-5.3200
-3.8500
227
237
272
378
427
0.7505
-0.5744
0.3597
3.5700
-7.7700
-3.7100
227
237
271
378
426
0.7505
-0.5719
0.3592
5.1800
-4.5500
-2.0300
227
237
271
378
424
0.7457
-0.5768
0.3631
1.6100
-3.3600
-1.5400
228
238
271
379
426
0.7505
-0.5758
0.3606
1.3300
-4.0600
-1.3300
228
238
271
379
426
0.7603
-0.5724
0.3611
1.0500
-5.3900
-3.9900
228
238
272
380
426
0.7515
-0.5768
0.3553
1.8200
-3.8500
-2.3100
228
238
272
380
426
0.7496
-0.5773
0.3645
1.6100
-4.7600
-2.0300
228
239
273
380
426
0.7520
-0.5763
0.3543
2.7300
-4.4800
-2.3100
228
239
273
380
425
0.7608
-0.5695
0.3611
3.1500
-3.0800
-1.6100
229
239
273
380
426
0.7432
-0.5763
0.3709
1.7500
-4.4100
-3.1500
229
239
274
380
425
0.7618
-0.5749
0.3626
2.1700
-3.9900
-2.1700
229
239
274
380
425
0.7588
-0.5768
0.3675
1.6800
-4.0600
-2.8700
229
240
274
380
425
0.7657
-0.5793
0.3572
2.5900
-4.3400
-2.3800
229
240
275
380
423
0.7510
-0.5705
0.3636
1.7500
-3.0800
-3.0100
229
240
275
381
425
0.7462
-0.5802
0.3616
2.2400
-3.2200
-1.7500
230
240
275
381
425
0.7569
-0.5754
0.3616
2.8000
-2.3100
-0.5600
229
240
275
381
422
0.7344
-0.5783
0.3645
0.3500
-3.7800
-1.8900
230
240
276
381
424
0.7481
-0.5807
0.3640
1.4000
-1.1200
0.7700
229
240
275
380
423
0.7505
-0.5885
0.3938
-10.0800
8.1200
6.5100
229
241
276
380
423
0.7559
-0.6012
0.4246
-30.1000
57.6100
37.2400
233
244
280
383
430
0.6486
-0.6637
0.4338
-43.7500
58.9400
30.8000
241
253
291
385
434
0.6007
-0.7066
0.4309
-36.8200
83.5800
65.1700
262
275
317
393
434
0.4304
-0.7501
0.4187
-44.9400
48.8600
31.7800
297
313
363
404
433
0.3494
-0.7681
0.4109
-57.0500
48.0900
44.4500
338
370
431
416
433
0.2567
-0.8642
0.3494
-89.9500
69.8600
64.8900
367
420
481
428
433
0.1279
-0.9843
0.2328
-57.7500
43.1200
32.2000
387
444
503
436
431
0.0439
-0.8950
0.0844
-71.8900
68.3900
65.0300
394
456
513
444
438
-0.0727
-1.0063
0.0181
-44.8700
29.8200
0.7000
393
468
519
448
435
-0.0649
-0.9306
-0.0498
-21.9800
8.2600
4.5500
393
469
520
449
441
-0.0893
-0.9843
-0.0503
-20.0900
1.4700
9.5200
393
470
520
450
439
-0.1313
-0.9365
-0.0556
-6.8600
4.9700
1.9600
392
469
520
450
443
-0.1191
-0.9174
-0.0337
-9.8000
1.4000
1.6800
391
468
519
450
443
-0.1474
-0.9711
-0.0693
-0.2800
0.6300
-10.7800
391
467
519
450
443
-0.1254
-0.9838
-0.0747
-4.8300
0.3500
-3.2900
390
467
519
450
443
-0.1181
-0.9770
-0.1010
-5.3200
2.6600
2.9400
390
465
519
450
444
-0.1488
-0.9736
-0.1200
3.4300
-0.7000
-8.1900
389
464
518
450
444
-0.1322
-0.9882
-0.0859
10.4300
-7.3500
-21.1400
389
464
517
450
444
-0.0883
-0.9887
-0.0976
-5.7400
2.8700
3.8500
389
463
517
450
444
-0.1030
-0.9731
-0.1274
5.4600
-6.7200
-5.4600
388
463
517
450
445
-0.1093
-0.9862
-0.0952
-0.5600
-2.1000
-4.4800
387
462
516
450
446
-0.0825
-0.9789
-0.0669
1.1200
-3.7100
-4.9700
388
463
516
450
446
-0.0927
-0.9736
-0.0849
1.9600
-4.2000
-3.5700
388
464
516
449
446
-0.0927
-1.0019
-0.1010
10.4300
-9.3800
-27.0200
388
464
516
449
444
-0.0981
-0.9697
-0.0732
36.7500
-26.3900
-59.2900
388
462
515
449
441
0.0752
-0.9941
0.0473
24.9200
-19.0400
-27.4400
387
462
513
448
437
0.1005
-0.9858
0.0390
28.7700
-34.0200
-49.7700
385
459
510
448
432
0.1381
-0.9365
0.0844
38.7100
-54.6000
-43.1200
377
452
503
435
433
0.2577
-0.9545
0.1972
47.4600
-50.1200
-44.4500
365
442
497
421
433
0.3094
-0.9262
0.1786
53.6200
-50.4700
-25.2700
353
432
492
413
439
0.3636
-0.8618
0.2191
55.3700
-71.4000
-37.3800
336
416
486
409
452
0.4607
-0.8755
0.3494
44.2400
-35.0700
-19.6700
318
393
467
410
455
0.5061
-0.8203
0.3192
46.4100
-29.8200
-1.2600
297
366
436
411
464
0.4807
-0.8330
0.3465
49.1400
-32.3400
-2.4500
275
329
407
410
465
0.5231
-0.7725
0.4128
10.4300
-13.5100
-13.7900
255
310
386
408
462
0.5651
-0.6969
0.3138
22.5400
-20.3700
-12.6000
238
294
362
405
459
0.5539
-0.7232
0.3353
27.6500
-27.7900
-15.6100
226
283
344
403
454
0.5856
-0.6017
0.3206
28.3500
-32.6900
-16.9400
219
278
333
401
449
0.6095
-0.7110
0.4021
35.4900
-31.8500
-11.7600
217
278
329
400
442
0.6237
-0.6690
0.3787
33.6700
-33.7400
-18.4100
217
278
324
397
432
0.6427
-0.6471
0.3792
37.1700
-41.0200
-25.6900
216
278
322
390
426
0.7554
-0.6022
0.3894
25.2700
-29.0500
-17.3600
216
279
324
386
419
0.7818
-0.5524
0.3767
11.4100
-11.0600
-7.0000
216
279
325
385
415
0.7910
-0.5539
0.3782
6.0900
-6.6500
-3.7100
217
280
326
385
410
0.7623
-0.5519
0.3694
5.3200
-4.3400
-0.4900
216
280
327
385
411
0.7637
-0.5514
0.3733
1.4700
-6.0200
-3.1500
217
280
328
385
410
0.7803
-0.5485
0.3689
-0.5600
-6.0200
-1.5400
217
281
328
385
409
0.7662
-0.5427
0.3655
3.0800
-2.9400
-2.3800
218
281
329
385
409
0.7652
-0.5495
0.3704
17.7800
-6.7200
-2.3800
218
281
329
385
408
0.7691
-0.5427
0.3714
2.2400
-5.2500
-4.2000
218
281
330
385
407
0.7754
-0.5510
0.3792
0.0000
-6.8600
-3.2900
218
281
330
385
408
0.7681
-0.5427
0.3684
3.0100
-4.2700
-2.3800
218
281
330
385
408
0.7681
-0.5436
0.3738
1.4000
-3.9200
-2.6600
218
281
330
385
408
0.7603
-0.5500
0.3665
1.1200
-6.7900
-3.8500
219
282
331
385
406
0.7730
-0.5417
0.3689
2.3800
-4.2700
-2.1000
219
282
331
385
407
0.7735
-0.5470
0.3699
2.8000
-3.6400
-1.3300
219
282
331
385
407
0.7774
-0.5480
0.3748
2.0300
-3.3600
-2.6600
219
282
331
386
407
0.7632
-0.5592
0.3680
3.0100
-2.9400
-2.8700
219
282
331
386
407
0.7774
-0.5417
0.3709
-1.4000
0.1400
-2.6600
219
282
331
386
407
0.7701
-0.5490
0.3675
0.0700
-2.9400
-1.2600
219
282
332
386
404
0.7603
-0.5519
0.3665
1.6800
-1.7500
0.0000
220
283
332
385
406
0.7832
-0.5646
0.3816
0.0700
1.8900
4.0600
220
283
332
384
406
0.7501
-0.5685
0.3821
-5.1100
-0.8400
4.2000
220
283
333
385
406
0.7276
-0.5724
0.3738
-1.1900
-0.9800
-0.6300
218
280
328
385
405
0.7735
-0.5963
0.3899
-15.7500
22.5400
10.8500
220
279
328
385
404
0.7608
-0.6490
0.4055
-34.1600
82.9500
44.7300
226
284
333
384
411
0.6061
-0.6817
0.4563
-33.6000
87.4300
36.4700
235
294
342
380
420
0.5300
-0.7735
0.5085
-42.7700
134.6800
71.5400
271
336
393
391
424
0.2484
-0.9072
0.4524
-67.6200
82.3900
49.9800
320
378
443
404
428
0.1405
-0.9311
0.3196
-70.2800
94.2900
50.2600
354
407
474
416
432
0.0342
-0.9623
0.2982
-47.8100
65.2400
38.9200
375
430
494
428
438
-0.0683
-0.9970
0.2211
-59.1500
60.4100
36.6100
382
447
506
436
443
-0.1708
-1.0165
0.1781
-50.4700
25.0600
-2.3800
383
453
509
438
448
-0.1274
-1.0097
-0.0473
-22.3300
15.8200
8.2600
382
454
510
439
455
-0.1815
-1.0087
-0.0590
-19.2500
4.4800
4.2700
383
461
513
440
457
-0.1591
-0.9453
-0.1005
-14.7000
-9.9400
-1.7500
384
466
515
441
463
-0.1654
-1.0087
-0.1303
-8.5400
-0.9800
7.1400
384
467
516
442
464
-0.2176
-0.9545
-0.1425
-8.1200
1.5400
3.7100
384
467
516
443
467
-0.2098
-0.9726
-0.1640
7.0000
0.3500
-2.1000
385
466
516
443
467
-0.1918
-0.9897
-0.1410
0.9100
-1.7500
1.5400
385
466
516
444
468
-0.2089
-0.9623
-0.1347
-5.3900
-3.9900
-1.3300
384
466
516
443
468
-0.2259
-0.9560
-0.1479
-0.2800
-3.2900
-3.2200
384
466
516
444
468
-0.2094
-0.9628
-0.1420
0.0000
-4.4800
-2.6600
384
466
516
444
468
-0.2128
-0.9618
-0.1396
-1.1900
-4.1300
-2.1700
384
466
516
445
466
-0.2294
-0.9716
-0.1747
0.5600
-1.2600
0.2100
384
466
516
446
468
-0.2206
-0.9838
-0.1737
4.7600
-2.3800
-2.8700
384
466
516
447
466
-0.2147
-0.9609
-0.1654
1.4700
-3.7800
-1.2600
384
465
516
447
468
-0.2313
-0.9609
-0.1693
2.2400
-3.2200
-2.8000
384
465
516
447
466
-0.2269
-0.9555
-0.1508
1.9600
-5.2500
-5.9500
384
464
516
447
469
-0.2308
-0.9609
-0.1649
-0.4900
-4.5500
-17.2200
383
461
515
447
468
-0.2269
-0.9999
-0.1498
15.0500
-23.8700
-73.5700
382
456
513
439
466
-0.1298
-0.9360
-0.2147
79.3800
-58.1000
-122.5700
383
450
507
413
453
0.0044
-0.9316
0.0932
113.8900
-77.0000
-94.0100
378
439
495
402
443
0.2718
-1.0155
0.2054
83.7900
-72.5200
-42.2800
370
426
486
391
434
0.2996
-0.9150
0.2464
56.2100
-46.6900
-36.2600
355
413
481
379
433
0.3494
-0.9160
0.3284
59.9900
-53.4100
-46.7600
336
392
468
376
433
0.4470
-0.7793
0.3582
55.1600
-48.0200
-46.2000
306
351
429
379
435
0.3845
-0.8686
0.4260
44.2400
-46.9000
-32.6200
287
306
373
375
435
0.5866
-0.6842
0.4187
27.0900
-35.2800
-24.5700
274
261
314
371
435
0.5846
-0.6608
0.4460
30.8000
-34.3000
-19.2500
261
244
285
367
435
0.6642
-0.6773
0.4270
22.5400
-38.3600
-17.5000
251
234
272
362
428
0.6978
-0.6041
0.3836
9.3100
-26.4600
-24.5700
241
230
265
360
425
0.8042
-0.5778
0.3870
22.1200
-22.6100
-9.5900
232
227
267
361
415
0.7871
-0.5549
0.3680
15.8900
-17.8500
-8.9600
226
227
268
363
407
0.7662
-0.5524
0.3226
21.9800
-18.9000
-12.7400
226
229
269
363
398
0.8179
-0.5251
0.3548
14.9100
-4.9700
-0.9100
226
230
272
360
393
0.7437
-0.5187
0.3582
12.1800
-22.4700
-10.9200
227
231
273
359
391
0.8252
-0.4846
0.3421
6.0900
-6.2300
-3.0100
228
233
274
358
388
0.8203
-0.5046
0.3528
3.0800
-1.6800
-1.0500
229
233
276
356
386
0.8057
-0.5061
0.3260
2.8700
-3.2900
-3.2200
229
234
277
355
386
0.8101
-0.5158
0.3367
4.9700
-5.0400
-0.7700
230
235
277
355
386
0.7979
-0.5090
0.3465
2.3100
-4.5500
-1.9600
230
236
278
355
385
0.8042
-0.5144
0.3343
4.0600
-4.4100
-0.7700
231
236
279
355
385
0.8013
-0.4997
0.3367
5.4600
-6.0200
-1.6800
231
237
279
354
383
0.8086
-0.5080
0.3587
3.4300
-4.2700
-1.8900
231
237
280
354
383
0.8076
-0.5056
0.3499
1.4700
-4.8300
-3.3600
231
238
281
355
383
0.8184
-0.5095
0.3396
2.3100
-5.6000
-3.2200
231
238
281
355
383
0.8189
-0.5051
0.3367
2.5900
-5.6700
-3.1500
232
238
282
355
383
0.8125
-0.5080
0.3401
1.6100
-4.9700
-2.6600
232
238
282
356
382
0.8081
-0.5031
0.3450
1.6800
-5.9500
-4.4100
233
239
282
356
382
0.8159
-0.5002
0.3353
1.8900
-4.3400
-1.8200
233
239
283
356
382
0.8057
-0.5041
0.3294
1.6800
-4.8300
-3.2200
233
239
283
357
382
0.8179
-0.5080
0.3260
3.2200
-6.1600
-2.4500
233
240
284
357
382
0.8281
-0.5012
0.3333
1.8200
-4.2700
-1.8200
233
240
284
357
382
0.8125
-0.5036
0.3245
2.8000
-5.3900
-0.7700
233
240
284
357
382
0.8233
-0.5129
0.3333
0.4200
-3.0100
1.2600
233
240
284
357
381
0.8037
-0.5158
0.3338
-4.8300
-5.4600
1.8900
234
241
285
358
380
0.8145
-0.5236
0.3065
1.3300
-4.0600
6.2300
234
241
285
358
379
0.8062
-0.5270
0.3431
-10.4300
11.1300
3.5700
235
242
285
358
379
0.8072
-0.5373
0.3963
-39.6900
36.4700
17.5000
241
247
291
362
386
0.7832
-0.6139
0.3748
-56.7000
88.9700
56.5600
253
257
304
367
404
0.5988
-0.6544
0.3382
-79.2400
62.5100
27.2300
282
293
347
374
410
0.5383
-0.7813
0.2869
-85.8900
73.6400
45.0800
318
340
404
381
414
0.4197
-0.9091
0.2289
-40.6700
33.7400
30.7300
343
385
448
396
416
0.4070
-0.9223
0.2538
-39.6200
34.0200
22.6800
358
410
470
407
418
0.2894
-0.9218
0.1674
-40.1100
33.8800
27.0200
367
421
482
413
423
0.2440
-0.9858
0.1161
-41.5100
22.1200
2.6600
375
428
491
419
427
0.2977
-0.9618
0.0888
-54.3200
18.4100
-5.6000
376
430
492
424
431
0.2777
-0.9965
-0.0542
-30.3100
16.2400
14.5600
376
429
492
424
433
0.2323
-0.9340
-0.0454
-39.5500
11.8300
3.6400
376
428
492
425
437
0.2113
-0.9506
-0.1035
-33.2500
3.0100
1.9600
376
428
493
426
441
0.1937
-0.9775
-0.2074
-28.4200
-3.0800
-15.1900
376
428
493
428
444
0.2167
-0.9526
-0.1791
-20.9300
-0.1400
-8.6800
376
428
493
430
447
0.2152
-0.9526
-0.2377
-6.9300
-4.4800
-5.6700
376
428
493
430
448
0.2289
-0.9477
-0.2391
-0.1400
-4.1300
-8.2600
375
427
493
430
449
0.2323
-0.9667
-0.2259
-4.1300
0.4200
-18.6200
375
426
493
430
454
0.2738
-0.9350
-0.2294
-7.4200
-0.9800
-14.1400
375
426
492
429
469
0.2884
-0.9155
-0.2425
-23.3800
7.8400
28.8400
374
426
492
429
466
0.2377
-0.9150
-0.3192
4.4100
-5.1800
-26.3900
374
426
493
429
469
0.2821
-0.8852
-0.2704
5.3900
-5.8100
-13.5800
375
426
493
429
463
0.2913
-0.9150
-0.2123
-0.2100
-3.9200
-12.1100
375
426
493
429
460
0.3606
-0.9028
-0.2704
4.3400
0.9100
2.1000
375
426
493
429
457
0.3113
-0.9252
-0.2679
5.8800
6.2300
11.8300
375
426
493
429
447
0.2826
-0.9477
-0.2669
3.9200
-4.2700
-10.5000
375
426
493
429
439
0.3133
-0.8916
-0.2704
3.8500
-0.0700
5.4600
375
425
492
428
425
0.2811
-0.8969
-0.2460
15.0500
-1.5400
-5.4600
373
420
489
427
420
0.3860
-0.9667
-0.1747
19.1800
-9.6600
-3.7100
371
416
486
423
423
0.2782
-0.8945
-0.2630
40.5300
-27.6500
-60.8300
371
414
482
415
431
0.4065
-0.8940
-0.4290
65.9400
-25.0600
-20.7200
371
405
474
405
438
0.4368
-0.8506
0.0088
85.6800
-37.1000
-14.0000
356
385
459
395
436
0.4343
-0.8667
0.0234
79.4500
-31.2200
-1.6100
341
352
429
387
437
0.4485
-0.8804
0.1430
100.7300
-59.0800
-12.1100
324
310
391
367
435
0.4519
-0.9223
0.3006
60.8300
-48.2300
-35.6300
303
280
351
359
440
0.5114
-0.8394
0.3016
66.3600
-52.2900
-38.2200
276
255
320
361
456
0.6661
-0.7369
0.2684
50.7500
-38.9900
-16.8700
249
236
296
365
479
0.6383
-0.7013
0.3665
43.6100
-26.7400
-17.3600
231
229
285
366
476
0.6983
-0.7027
0.3401
34.4400
-52.2200
-21.7700
224
229
276
366
470
0.6534
-0.4773
0.2567
61.8100
-59.0100
-37.2400
222
231
266
364
448
0.8028
-0.5797
0.3367
39.4100
-38.7800
-26.4600
223
234
263
363
434
0.8233
-0.5226
0.3235
27.5100
-45.4300
-33.1100
224
235
263
363
429
0.8818
-0.4504
0.2767
20.5100
-31.1500
-24.2200
225
237
265
363
425
0.9662
-0.4060
0.2333
13.5100
-9.9400
-6.1600
225
238
266
363
420
0.8896
-0.4104
0.2557
8.3300
2.8700
-4.6200
226
240
268
363
417
0.9189
-0.4104
0.2586
3.2900
-10.8500
-2.7300
227
240
269
363
415
0.9023
-0.4143
0.2225
0.9800
-3.3600
-3.3600
228
241
270
364
414
0.9228
-0.3992
0.2313
-0.0700
-2.4500
-0.3500
228
241
271
364
413
0.8838
-0.4168
0.2406
-0.7700
-4.8300
-3.9200
229
242
272
364
412
0.9048
-0.4148
0.2391
1.5400
-3.0100
-2.1000
229
242
273
364
411
0.8891
-0.4138
0.2294
2.1000
-2.6600
-3.1500
229
243
274
365
411
0.9087
-0.4099
0.2386
1.9600
-4.1300
-3.2900
229
243
274
365
410
0.9048
-0.4114
0.2416
0.6300
-2.7300
-2.6600
229
244
275
365
411
0.8955
-0.4104
0.2357
0.0700
-4.3400
-2.5900
230
244
275
365
410
0.9052
-0.4099
0.2342
1.4700
-3.9900
-2.5200
230
244
276
365
409
0.9008
-0.4070
0.2411
0.8400
-3.5000
-2.8000
230
244
276
365
409
0.9077
-0.4236
0.2333
3.2200
-4.2000
-2.8000
230
245
276
365
409
0.8906
-0.4133
0.2396
3.5700
-4.2000
-2.8700
230
245
276
365
408
0.8960
-0.4207
0.2357
3.4300
-7.4200
-2.6600
230
245
277
365
408
0.8911
-0.4143
0.2372
3.0800
-7.4200
-1.4000
230
245
277
365
407
0.8999
-0.4202
0.2284
-2.1000
-4.6900
-1.1200
230
245
277
366
407
0.8979
-0.4211
0.2611
-14.8400
10.7100
0.0700
234
245
280
368
410
0.9287
-0.4426
0.2762
-31.7100
49.2100
24.5000
242
250
291
374
420
0.8930
-0.4968
0.3060
-41.3700
66.9900
42.0700
252
255
302
379
431
0.8237
-0.5446
0.3543
-80.6400
94.7100
49.0000
275
278
327
390
429
0.6900
-0.6476
0.3894
-66.5700
51.5900
44.1000
316
319
380
399
431
0.5592
-0.7296
0.3636
-75.4600
55.4400
39.6900
349
378
440
412
431
0.4875
-0.8711
0.3343
-89.3200
72.7300
68.4600
367
417
477
424
436
0.3323
-0.8467
0.2015
-100.9400
40.8800
8.5400
378
430
492
431
443
0.3006
-0.9516
0.1220
-64.3300
17.8500
-9.1700
381
437
500
435
450
0.3640
-0.9550
0.0395
-48.0200
15.6100
8.8900
380
443
505
438
457
0.3304
-0.9638
0.1137
-32.5500
4.3400
-7.4200
379
442
505
437
460
0.3357
-0.9540
-0.0351
-9.3100
-2.0300
-11.9700
378
441
504
437
461
0.3548
-0.9355
-0.0156
-3.6400
-4.7600
-2.6600
377
440
503
437
459
0.3675
-0.9150
-0.0181
-2.5900
-4.1300
8.2600
377
439
503
436
462
0.3411
-0.9335
-0.0166
-1.1900
-3.3600
-1.1200
377
438
502
436
460
0.3284
-0.9394
-0.0361
7.0000
-5.0400
-3.9200
376
437
501
435
462
0.3372
-0.9501
-0.0205
14.3500
-16.4500
-5.8800
376
436
500
434
460
0.3577
-0.9506
0.0083
7.9100
-9.7300
-2.1000
375
435
500
433
463
0.3406
-0.9560
-0.0044
3.4300
-4.6900
-1.1200
375
435
500
433
460
0.3357
-0.9418
-0.0054
4.9700
-4.2700
-1.4700
375
434
499
432
463
0.3411
-0.9540
0.0073
1.1200
-3.5000
-5.1100
375
434
499
431
463
0.3499
-0.9340
0.0029
3.4300
-4.2700
-0.7700
375
434
499
430
463
0.3338
-0.9516
0.0049
1.5400
-3.8500
0.1400
374
433
498
430
463
0.3284
-0.9521
0.0137
4.4100
-4.4100
-4.6900
374
433
498
429
464
0.3533
-0.9472
-0.0049
2.9400
-3.9200
-2.0300
374
433
498
428
463
0.3333
-0.9418
0.0078
4.5500
-4.4100
-2.1000
374
433
497
428
461
0.3318
-0.9443
0.0190
4.6200
-3.9200
-1.7500
374
432
497
428
464
0.3309
-0.9423
0.0195
2.0300
-2.2400
-2.4500
374
432
497
428
462
0.3372
-0.9501
0.0151
4.8300
-2.5200
-1.5400
374
432
497
428
464
0.3304
-0.9579
0.0307
4.2700
-1.9600
0.7700
374
432
497
428
464
0.3338
-0.9555
0.0249
0.2800
-1.4700
2.1700
374
432
497
428
464
0.3250
-0.9355
0.0220
-0.5600
-2.8000
-1.8900
374
432
497
429
464
0.3133
-0.9414
0.0220
1.5400
0.2800
-3.4300
374
433
497
429
464
0.3152
-0.9457
0.0454
-3.4300
2.8700
-6.5100
374
434
498
431
465
0.3099
-0.9536
0.0224
-6.7200
-2.7300
-5.2500
374
435
498
432
463
0.3362
-0.9418
0.0098
6.6500
-5.6000
-15.6100
372
432
496
432
465
0.3484
-0.9721
0.0854
27.7900
-18.6900
-27.7200
358
414
481
430
463
0.3396
-0.9277
0.0176
67.1300
-45.4300
-50.4700
355
409
475
417
457
0.4680
-0.7686
0.0869
68.6000
-36.3300
-44.6600
340
392
468
413
458
0.5558
-0.8394
0.2147
60.1300
-27.1600
-9.7300
323
373
461
410
459
0.5300
-0.8345
0.2123
37.1700
-30.0300
-28.4900
298
341
438
409
462
0.5597
-0.7754
0.3274
36.8200
-38.9200
-23.3800
279
307
388
405
461
0.6256
-0.7291
0.3006
39.9700
-32.1300
-13.0200
264
278
346
398
461
0.6544
-0.7169
0.3445
24.0800
-27.3000
-6.7200
256
260
322
391
463
0.6715
-0.6739
0.3411
42.5600
-32.2000
-0.9800
257
252
311
374
463
0.7139
-0.6378
0.3299
39.2700
-0.8400
-1.0500
252
246
301
371
458
0.6642
-0.6534
0.3377
28.4200
-20.8600
-7.2100
248
244
298
374
455
0.6744
-0.6769
0.3309
9.6600
-29.8900
-9.4500
243
240
288
375
446
0.7569
-0.6159
0.3548
17.9900
-16.8000
-2.8000
241
238
282
377
439
0.7154
-0.6412
0.3577
6.0200
-12.2500
-4.2000
241
238
281
378
432
0.7139
-0.6105
0.3499
1.1200
-12.8800
-7.3500
240
238
281
378
428
0.7149
-0.6285
0.3314
1.5400
-9.8700
-7.2100
239
238
279
379
425
0.7554
-0.6124
0.2908
-1.5400
-11.3400
-4.2700
238
238
277
379
423
0.7418
-0.6032
0.2923
2.8000
-9.0300
-4.4800
239
239
278
379
422
0.7496
-0.6110
0.3138
2.1700
-6.0900
-1.4000
238
239
277
380
421
0.7325
-0.6217
0.3040
4.5500
-4.6900
-3.3600
236
238
275
380
420
0.7574
-0.6217
0.3113
1.2600
-6.4400
-4.9000
235
237
271
380
419
0.7774
-0.6105
0.3006
0.8400
-0.3500
1.4700
235
238
271
380
419
0.7349
-0.6056
0.3089
-1.4000
-5.0400
-6.3000
234
238
271
380
419
0.7662
-0.6027
0.2938
-1.6800
-6.1600
-3.5700
234
238
272
379
418
0.7642
-0.6017
0.3045
0.4200
-4.8300
-2.5900
234
239
272
380
418
0.7486
-0.5973
0.3055
-1.5400
-6.5100
-4.0600
234
239
272
380
417
0.7701
-0.6012
0.2889
1.8900
-3.6400
-0.8400
234
239
272
380
417
0.7627
-0.6046
0.2952
0.9100
-4.5500
-3.3600
235
240
273
380
416
0.7623
-0.6051
0.2938
-0.6300
-4.2700
-3.3600
235
240
274
380
417
0.7569
-0.6002
0.2840
0.4900
-2.3100
-2.1000
235
241
274
380
416
0.7598
-0.5998
0.2840
2.4500
-3.7100
-2.5900
235
241
275
380
414
0.7530
-0.5919
0.2913
2.1700
-3.9900
-3.1500
233
241
275
380
416
0.7413
-0.5973
0.2918
-0.8400
-5.1100
-4.6200
233
241
275
380
415
0.7584
-0.5958
0.2943
-2.1700
-4.5500
-4.4100
233
241
276
380
413
0.7774
-0.6017
0.2957
-3.2200
1.6800
-1.8200
234
242
276
381
413
0.7906
-0.6085
0.3294
-20.9300
24.4300
11.5500
237
244
283
382
416
0.7657
-0.6310
0.3289
-43.8200
39.7600
13.2300
240
248
294
385
426
0.7564
-0.6163
0.3304
-91.8400
52.6400
17.5000
258
266
327
399
435
0.6505
-0.6847
0.2625
-97.7900
55.2300
37.3800
276
292
358
410
438
0.5617
-0.7857
0.1366
-69.1600
40.7400
37.4500
309
335
412
420
438
0.5534
-0.7749
0.1108
-74.6200
43.4000
56.0000
338
379
451
430
440
0.4631
-0.8438
0.0795
-77.7000
60.2700
83.4400
364
418
480
438
444
0.2855
-0.9150
0.0244
-65.1000
58.1000
41.5800
383
438
497
441
455
0.2206
-0.9130
0.0307
-78.8200
76.7200
90.4400
398
460
511
443
464
0.0293
-0.9984
-0.1840
-32.8300
38.3600
27.3000
404
477
519
446
463
0.0566
-0.8969
-0.2499
-26.0400
42.2100
36.4700
406
483
522
448
475
-0.0517
-1.0311
-0.2606
-11.0600
15.1900
11.5500
407
487
523
449
474
-0.0259
-0.9579
-0.3148
-7.0000
7.8400
18.3400
407
487
524
450
474
-0.0517
-0.9658
-0.3172
10.3600
-5.6700
-3.6400
408
488
524
451
476
-0.0542
-0.9809
-0.2904
6.7900
-3.0100
-5.1800
408
488
525
452
476
-0.0439
-0.9540
-0.2826
1.7500
2.5200
3.7100
408
488
525
452
475
-0.0522
-0.9560
-0.2845
2.5900
-2.5200
-1.6100
408
488
525
453
473
-0.0547
-0.9453
-0.2806
0.4200
-2.7300
-0.2800
408
489
525
454
472
-0.0581
-0.9374
-0.2674
-2.1700
-4.6200
-5.1800
412
489
525
454
471
-0.0449
-0.9345
-0.2772
-0.4200
-3.7100
0.5600
412
489
525
454
472
-0.0532
-0.9487
-0.2796
0.9100
-6.5100
-6.3700
413
488
525
454
472
-0.0517
-0.9575
-0.2967
0.7000
-5.9500
-5.8800
413
488
525
454
469
-0.0586
-0.9648
-0.3045
2.4500
-2.6600
-6.2300
413
488
525
454
471
-0.0303
-0.9521
-0.2826
0.8400
-3.9900
-4.3400
413
488
525
454
468
-0.0478
-0.9594
-0.3065
-1.1200
-4.9700
-1.8900
413
487
525
454
471
-0.0566
-0.9628
-0.2962
-0.7700
-8.3300
-10.8500
413
483
523
454
471
-0.0381
-0.9536
-0.2577
-15.7500
-24.7100
-16.9400
400
457
509
449
475
0.0117
-0.8833
-0.3006
16.6600
-22.8900
-7.0700
365
421
479
433
483
0.0059
-0.9609
-0.2489
44.8700
-40.3200
-75.9500
338
403
470
422
477
0.0386
-0.9633
-0.1093
78.2600
-51.0300
-56.0700
314
381
456
417
470
0.1479
-0.8740
-0.0468
71.4000
-36.3300
-9.1000
292
355
429
414
479
0.1767
-1.0443
0.0659
73.7100
-47.3200
-14.2100
269
324
396
412
485
0.1586
-0.9365
0.2152
118.0900
-75.3200
-28.8400
245
301
384
408
487
0.1635
-0.9804
0.3157
81.5500
-70.7000
-22.6100
233
285
359
402
482
0.3201
-0.8896
0.3055
60.7600
-74.9000
-28.1400
223
273
344
396
484
-0.2621
-0.9584
0.2747
80.5700
-92.0500
-28.6300
218
267
333
392
480
0.5041
-0.7930
0.4392
46.5500
-49.7700
-22.2600
223
261
326
389
476
0.5158
-0.7486
0.4748
28.7700
-38.0100
-12.0400
224
255
320
386
477
0.5148
-0.7501
0.4451
17.0800
-40.8800
-19.6000
224
250
313
382
471
0.5973
-0.7076
0.4094
20.2300
-28.0700
-14.9100
223
247
304
385
463
0.6373
-0.6642
0.3836
23.6600
-42.9800
-19.8800
221
242
296
385
457
0.6983
-0.6647
0.3767
12.9500
-36.2600
-17.0100
220
241
293
385
450
0.7193
-0.6290
0.3406
18.6200
-18.4100
-11.1300
216
240
287
384
445
0.7505
-0.5651
0.3367
11.4100
-13.4400
-10.4300
213
240
280
383
445
0.7764
-0.5763
0.3372
7.9100
-7.0000
-3.4300
212
241
280
382
441
0.7462
-0.5958
0.3489
2.4500
-5.8800
-5.5300
212
242
280
382
442
0.7652
-0.5836
0.3323
1.5400
-8.0500
-3.1500
213
242
281
382
440
0.7496
-0.5817
0.3396
0.7000
-3.0800
-2.5900
213
243
282
382
439
0.7681
-0.5788
0.3387
0.6300
-6.5100
-2.0300
214
244
283
382
436
0.7544
-0.5793
0.3279
3.0100
-3.9900
-2.1000
214
245
284
383
433
0.7564
-0.5846
0.3401
3.8500
-4.4100
-1.6100
215
245
284
383
434
0.7671
-0.5788
0.3318
1.1900
-5.0400
-3.0100
215
246
285
383
433
0.7505
-0.5758
0.3411
0.2800
-7.5600
-4.2700
215
246
286
383
432
0.7579
-0.5856
0.3299
2.1000
-4.2700
-2.4500
216
246
286
383
432
0.7657
-0.5832
0.3377
-0.1400
-5.7400
-2.8700
216
247
287
383
431
0.7666
-0.5778
0.3304
1.6800
-4.4800
-1.9600
216
247
287
383
431
0.7618
-0.5793
0.3314
1.8200
-3.2200
-2.3100
217
248
288
383
431
0.7647
-0.5890
0.3367
1.8900
-4.4800
-2.0300
217
248
288
384
428
0.7515
-0.5783
0.3323
2.5900
-3.4300
-1.9600
217
248
288
384
430
0.7696
-0.5861
0.3343
2.1700
-5.0400
-2.0300
217
248
289
384
430
0.7579
-0.5905
0.3338
1.7500
-4.9000
-2.6600
218
249
289
384
430
0.7554
-0.5968
0.3392
0.9100
-4.1300
-2.7300
218
249
290
384
430
0.7623
-0.5880
0.3309
1.6100
-3.8500
-2.4500
218
250
290
384
430
0.7535
-0.5846
0.3270
2.5200
-3.1500
-2.7300
218
250
290
384
429
0.7637
-0.5890
0.3372
2.4500
-4.5500
-3.0800
218
250
291
384
429
0.7666
-0.5861
0.3431
0.4200
-5.9500
-1.6100
218
250
291
384
425
0.7759
-0.5915
0.3460
-10.1500
-1.8200
0.7000
219
251
291
384
427
0.7666
-0.5968
0.3616
-31.5000
14.4900
9.1700
220
251
293
387
430
0.7837
-0.6163
0.3387
-48.7200
65.1000
42.9100
228
255
301
384
443
0.7291
-0.6993
0.3333
-52.2900
154.8400
91.1400
245
275
320
387
445
0.3972
-0.8179
0.4002
-64.6800
82.7400
36.0500
269
302
352
395
447
0.3172
-0.8955
0.3172
-68.2500
87.9200
59.9900
305
345
406
406
454
0.2064
-0.8804
0.2386
-89.8800
135.1700
105.1400
335
377
440
410
469
-0.1688
-0.9882
0.1108
-74.4100
85.7500
52.0800
354
397
460
413
484
-0.2050
-0.9784
-0.0176
-57.6800
65.7300
8.2600
368
416
475
419
497
-0.3845
-0.9726
-0.1166
-37.2400
49.0000
1.1900
383
425
482
423
507
-0.1674
-0.9770
-0.2157
-19.9500
35.9100
-7.4200
391
436
490
428
511
-0.2103
-0.9379
-0.2694
-13.9300
27.0200
3.0800
393
443
496
431
518
-0.2220
-0.9194
-0.2723
-11.1300
16.1700
5.8100
397
453
503
434
519
-0.1923
-0.9248
-0.3104
-6.3000
6.6500
-5.0400
400
456
506
434
516
-0.2103
-0.9331
-0.3133
-1.0500
3.0100
-3.2200
400
458
507
435
516
-0.1732
-0.9257
-0.2938
-4.1300
1.4700
-2.3100
400
459
508
435
518
-0.1825
-0.9087
-0.3328
4.4100
1.6100
-4.5500
400
460
509
435
516
-0.1791
-0.9511
-0.3196
3.9200
-1.1200
-3.0100
400
460
509
435
517
-0.2050
-0.9365
-0.3357
0.9100
-1.2600
-5.6700
400
460
509
435
517
-0.1752
-0.9194
-0.3250
2.2400
-2.8000
-6.3700
400
460
509
435
514
-0.1586
-0.9287
-0.3177
-3.0800
-4.6900
-3.5000
399
462
509
436
516
-0.1918
-0.9243
-0.3484
1.3300
-1.2600
-3.7100
399
463
509
436
517
-0.1771
-0.9326
-0.3367
3.8500
-3.6400
-3.3600
399
465
510
437
514
-0.1688
-0.9252
-0.3333
0.2100
-3.6400
-3.3600
399
467
512
437
516
-0.1747
-0.9155
-0.3431
0.0000
-2.5900
-2.4500
399
467
512
437
516
-0.1684
-0.9033
-0.3270
0.9800
-3.5700
-3.0100
399
467
512
437
514
-0.1703
-0.9209
-0.3279
2.0300
-5.2500
-5.9500
399
467
512
437
516
-0.1649
-0.9140
-0.3294
-1.3300
-6.1600
-11.2000
398
463
510
437
515
-0.1703
-0.9292
-0.3475
0.4200
-21.8400
-35.3500
388
446
501
434
513
-0.1118
-0.9179
-0.3182
7.4900
-35.7000
-31.1500
367
432
496
427
510
-0.0952
-0.9311
-0.3572
23.8700
-58.7300
-75.9500
350
419
490
420
500
-0.0205
-0.9121
-0.1923
94.5000
-70.4900
-57.6100
350
418
490
417
491
0.0639
-0.9540
-0.0664
79.9400
-60.9700
-36.0500
347
419
487
413
482
0.1479
-0.9931
0.0142
86.4500
-71.4000
-47.6700
329
407
482
411
472
0.1523
-1.0433
0.0932
73.8500
-54.7400
-18.6900
311
389
477
406
469
0.2669
-0.9799
0.1976
45.9900
-64.5400
-43.6100
289
364
471
398
464
0.3714
-0.8916
0.2235
55.2300
-56.2800
-34.4400
271
340
456
387
460
0.4348
-0.8686
0.3650
44.1700
-59.1500
-41.0200
255
322
436
382
459
0.3226
-0.8642
0.3289
53.6200
-62.4400
-38.7800
245
311
420
374
457
0.5905
-0.7564
0.3314
50.1900
-77.2800
-40.5300
235
296
398
368
458
0.7135
-0.6910
0.3260
37.6600
-39.4100
-25.4100
224
283
371
370
457
0.7520
-0.6300
0.3343
35.0700
-27.1600
-8.1900
212
268
345
371
454
0.6744
-0.6593
0.3118
7.4900
-25.3400
-16.7300
206
257
323
373
446
0.8135
-0.5836
0.2801
8.7500
-14.0700
-10.0100
202
251
310
374
435
0.7730
-0.6163
0.2982
2.7300
-10.1500
-12.7400
201
246
301
374
426
0.7945
-0.5710
0.2782
8.1900
-5.6700
-5.8800
202
246
297
374
422
0.7779
-0.5690
0.2850
7.9800
-7.4900
-3.4300
201
246
295
373
421
0.7749
-0.5714
0.2938
3.6400
-11.3400
-8.0500
201
246
295
373
419
0.8115
-0.5700
0.2830
3.9900
-1.2600
-2.0300
202
247
294
373
421
0.7784
-0.5690
0.2904
1.5400
-2.6600
-2.8000
203
248
295
374
421
0.8047
-0.5612
0.2835
-0.7000
-2.8700
-1.3300
203
249
296
374
421
0.7940
-0.5685
0.2796
2.4500
-5.4600
-2.3800
204
250
297
374
421
0.7857
-0.5651
0.2894
0.0000
-5.6700
-2.5900
204
251
298
374
421
0.7993
-0.5749
0.2899
1.8200
-3.4300
-0.8400
205
252
299
375
420
0.7808
-0.5685
0.2777
-1.1900
-5.6000
-4.6200
205
252
300
375
420
0.8086
-0.5666
0.2621
3.4300
-4.8300
-0.9100
206
253
301
375
420
0.7891
-0.5836
0.2923
3.2200
-3.9200
-2.0300
206
253
301
375
420
0.7828
-0.5793
0.2874
-0.9100
-2.3800
-1.9600
207
254
302
375
419
0.7901
-0.5719
0.2699
1.6800
-3.6400
-2.0300
207
254
303
375
419
0.7759
-0.5754
0.2899
1.4000
-4.3400
-3.2900
207
254
303
376
419
0.8018
-0.5783
0.2801
2.1700
-4.7600
-1.9600
207
255
304
376
418
0.7837
-0.5705
0.2899
3.2200
-4.5500
-3.1500
207
255
304
376
418
0.7842
-0.5778
0.2918
2.5200
-4.6900
-3.2900
207
255
304
376
418
0.7808
-0.5778
0.2860
2.3100
-3.9900
-2.0300
208
255
304
376
418
0.7867
-0.5788
0.2830
0.7700
-3.5700
-2.5200
208
256
304
376
418
0.7808
-0.5758
0.2821
1.4000
-3.8500
-3.7100
208
256
304
376
418
0.8042
-0.5744
0.2840
2.0300
-2.8700
-0.7700
209
256
304
376
418
0.7823
-0.5754
0.2777
1.6800
-3.9200
-2.9400
209
256
305
376
417
0.7876
-0.5778
0.2860
1.8900
-6.3700
-3.9900
209
257
305
375
415
0.7896
-0.5856
0.2884
-7.3500
-9.3800
-3.5700
209
257
304
375
412
0.8047
-0.5827
0.2557
-5.6700
-6.3000
-2.4500
209
257
305
375
411
0.7964
-0.5832
0.2738
-2.7300
10.3600
4.2000
209
257
308
375
412
0.7769
-0.6115
0.2743
-8.6100
20.5800
18.8300
215
259
314
381
419
0.7183
-0.6529
0.3006
-23.7300
26.4600
13.1600
230
276
334
388
433
0.8135
-0.6705
0.3616
-39.6200
65.3100
27.5100
259
302
356
400
430
0.6339
-0.7281
0.2513
-54.2500
68.6000
17.5000
293
336
394
413
431
0.6212
-0.7271
0.2333
-111.4400
100.5900
86.5900
324
374
438
419
438
0.4290
-0.9399
0.2054
-80.7800
58.1700
46.1300
348
405
467
422
446
0.3675
-0.9199
0.1322
-80.2900
82.3900
79.8700
356
414
477
422
457
0.1625
-0.9882
0.0478
-50.0500
52.9200
18.2000
361
417
482
422
465
0.1518
-0.9736
-0.0537
-71.2600
68.3900
73.7800
367
421
489
421
489
0.0434
-1.0038
-0.1166
-51.1000
47.1100
41.5100
371
426
491
422
497
-0.0249
-0.9365
-0.2523
-35.3500
18.3400
13.3700
375
435
496
424
510
-0.0039
-0.9457
-0.1474
-22.8900
10.0800
12.2500
387
455
507
429
509
-0.0512
-0.9604
-0.3235
-5.4600
0.8400
7.9100
392
468
514
432
512
-0.0566
-0.9487
-0.3006
1.8900
-0.8400
2.1000
394
469
515
433
513
-0.0664
-0.9579
-0.2952
10.2900
-0.8400
-1.3300
397
471
516
435
509
-0.0527
-0.9687
-0.2850
-1.3300
-7.7000
-1.7500
402
475
518
436
510
-0.0625
-0.9350
-0.2889
0.6300
-6.7900
-8.2600
404
476
520
437
509
-0.0747
-0.9677
-0.3016
-0.7000
-5.8800
-5.1800
406
477
520
437
505
-0.0644
-0.9418
-0.3001
-3.2200
-3.6400
-2.6600
407
478
520
437
507
-0.0590
-0.9594
-0.2972
-4.1300
-3.0800
-2.4500
408
479
521
437
503
-0.0405
-0.9150
-0.3001
1.8900
-4.5500
-6.0200
410
481
521
437
505
-0.0405
-0.9243
-0.3045
-1.3300
-4.5500
-2.2400
411
481
521
437
504
-0.0459
-0.9335
-0.3099
1.5400
-6.7200
-2.3800
412
481
521
436
502
-0.0498
-0.9418
-0.2991
1.3300
-6.3000
-8.6100
414
479
519
436
503
-0.0268
-0.9443
-0.3118
-0.7700
-0.9800
1.3300
415
480
519
436
503
-0.0439
-0.9492
-0.3079
3.5000
-4.0600
-1.7500
415
480
519
436
501
-0.0625
-0.9521
-0.3167
1.0500
-2.6600
-3.5000
415
477
518
435
503
-0.0381
-0.9399
-0.2528
-8.0500
-6.1600
-6.5800
412
458
511
433
502
-0.0176
-0.9374
-0.2982
-5.7400
-17.3600
-15.1200
394
433
493
428
507
-0.0673
-0.9087
-0.3387
-0.7700
-40.0400
-59.4300
371
412
480
418
517
0.0488
-0.9394
-0.3065
33.1800
-43.5400
-54.8100
352
400
477
413
517
0.1118
-0.9194
-0.2269
42.2800
-34.7200
-23.8700
337
392
479
413
514
0.1498
-0.9780
-0.1771
38.4300
-41.3700
-42.0000
321
381
479
414
510
0.1796
-0.9775
-0.1440
52.0800
-62.0200
-52.0100
310
374
474
411
507
0.2401
-0.9443
-0.0478
51.1000
-55.8600
-63.2100
301
362
469
405
512
0.3118
-0.9326
-0.0137
49.6300
-43.2600
-25.9000
283
336
459
397
518
0.3523
-0.8989
0.0171
50.1200
-30.7300
-23.0300
266
311
440
393
519
0.3606
-0.9789
0.0932
64.2600
-47.6000
-34.8600
255
298
418
386
519
0.3938
-0.9755
0.0483
93.1000
-70.0700
-49.6300
246
292
399
373
514
0.5031
-0.8535
0.2020
65.3100
-58.8000
-33.8100
242
286
379
367
513
0.6144
-0.7847
0.2298
31.7100
-28.4900
-13.6500
243
287
365
364
495
0.6281
-0.7910
0.2133
29.8200
-22.7500
-12.0400
241
281
346
364
477
0.6622
-0.7871
0.2211
23.0300
-23.3800
-5.6700
235
267
333
367
466
0.6173
-0.7296
0.2406
21.2800
-20.7900
-10.9200
229
262
322
368
465
0.7291
-0.7169
0.2479
20.3000
-9.3800
-4.2700
225
262
314
369
463
0.6295
-0.7149
0.2821
7.5600
-5.2500
-2.5200
222
262
310
370
463
0.6705
-0.7247
0.2738
5.2500
-5.5300
-3.9200
220
263
308
371
460
0.6710
-0.7154
0.2747
3.5000
-6.0200
-2.8700
220
264
308
370
462
0.6593
-0.7081
0.2728
2.8700
-6.7900
-3.6400
219
265
309
370
459
0.6559
-0.7178
0.2752
1.4000
-5.8800
-4.0600
218
266
310
370
461
0.6686
-0.7135
0.2694
1.1200
-4.8300
-4.0600
216
267
311
371
461
0.6734
-0.7164
0.2664
0.3500
-5.7400
-3.7100
216
268
312
371
461
0.6656
-0.7198
0.2616
1.9600
-3.8500
-3.0800
216
269
313
371
461
0.6715
-0.7110
0.2616
3.7100
-5.8100
-2.5900
217
269
314
371
461
0.6642
-0.7203
0.2669
2.6600
-4.8300
-2.1000
217
269
315
371
460
0.6593
-0.7130
0.2542
2.6600
-3.0800
-0.4200
218
270
315
371
460
0.6627
-0.7154
0.2752
2.5900
-5.0400
-2.7300
219
270
315
371
459
0.6676
-0.7222
0.2645
3.1500
-5.0400
-2.5900
219
271
316
372
457
0.6632
-0.7178
0.2586
4.6200
-5.1100
-3.6400
219
271
317
372
459
0.6744
-0.7135
0.2606
3.9900
-5.9500
-2.1000
219
271
317
372
456
0.6612
-0.7017
0.2635
4.5500
-5.4600
-2.6600
220
272
317
372
458
0.6842
-0.7066
0.2713
3.8500
-6.0900
-3.1500
220
272
318
372
458
0.6651
-0.7110
0.2669
3.7800
-4.0600
-3.2200
220
272
318
372
458
0.6690
-0.7159
0.2718
1.5400
-4.7600
-5.1800
221
272
319
372
458
0.6690
-0.7208
0.2650
4.8300
-5.3200
-2.2400
221
272
319
372
457
0.6671
-0.7032
0.2635
5.8100
-4.6900
-3.5700
221
273
319
372
457
0.6944
-0.7135
0.2865
-2.3800
-3.9200
-3.1500
222
273
320
372
455
0.6852
-0.7169
0.2884
-15.4000
16.4500
5.9500
226
272
321
375
458
0.7193
-0.7349
0.3030
-34.5100
66.0100
22.9600
235
273
324
376
454
0.6451
-0.7954
0.2855
-54.6700
77.3500
33.7400
257
292
348
385
451
0.5656
-0.8135
0.2308
-91.5600
72.5200
66.7800
298
332
405
397
452
0.3836
-0.8345
0.1806
-90.3000
74.9000
58.5900
333
376
446
408
454
0.2962
-0.8452
0.0981
-69.8600
69.0200
60.6200
353
403
469
417
463
0.1186
-0.9745
0.0468
-41.8600
46.1300
37.3100
367
420
486
431
462
0.0854
-0.9623
-0.0083
-40.9500
51.4500
35.0000
383
433
500
439
459
0.0132
-0.9423
-0.1113
-33.1800
40.8100
38.4300
389
446
511
440
463
-0.0244
-0.9604
-0.1391
-23.6600
15.6800
5.4600
389
461
517
443
465
-0.0361
-0.9365
-0.1718
-24.6400
11.5500
14.9100
391
470
520
444
465
-0.0756
-0.9931
-0.1947
-13.0200
6.7200
1.2600
393
478
522
446
469
-0.0522
-0.9414
-0.2577
0.6300
-3.3600
-0.1400
396
481
524
448
468
-0.0815
-0.9784
-0.2347
10.5000
-7.6300
-10.2900
398
484
525
449
470
-0.0439
-0.9975
-0.2279
3.9200
-4.8300
-0.2100
398
484
525
450
470
-0.0581
-0.9770
-0.2396
3.8500
-4.4800
0.3500
398
484
525
450
470
-0.0610
-0.9828
-0.2323
6.6500
-7.2100
-2.6600
398
484
525
451
470
-0.0571
-0.9882
-0.2264
5.7400
-6.3000
-5.7400
398
484
526
451
470
-0.0503
-0.9862
-0.2181
3.9200
-4.8300
-1.8200
398
483
526
451
470
-0.0498
-0.9794
-0.2128
3.4300
-5.8100
-3.4300
398
483
525
451
470
-0.0590
-0.9770
-0.2128
3.0100
-3.3600
-3.1500
397
482
525
450
470
-0.0498
-0.9653
-0.2133
2.6600
-4.5500
-3.0100
397
481
525
450
470
-0.0527
-0.9794
-0.2181
3.2900
-5.3900
-2.1000
397
481
525
450
470
-0.0615
-0.9711
-0.2181
2.1700
-5.0400
-3.0100
397
481
525
450
467
-0.0512
-0.9594
-0.2040
1.5400
-6.1600
-5.9500
396
480
525
449
470
-0.0498
-0.9760
-0.1937
3.3600
-8.3300
-6.9300
396
479
525
447
468
-0.0625
-0.9731
-0.2118
3.6400
-4.2700
-4.9700
396
478
524
446
470
-0.0566
-0.9921
-0.1976
5.3900
-4.4800
-20.0200
396
477
524
445
466
-0.0288
-0.9531
-0.1742
4.3400
-0.7700
-7.2100
396
476
524
444
467
0.0039
-0.9701
-0.1893
5.9500
-7.4200
-24.2200
395
476
523
441
465
0.0581
-0.9531
-0.1713
14.7000
-14.5600
-27.8600
394
473
522
437
462
0.0659
-0.9902
-0.1381
22.3300
-16.3100
-17.7800
392
467
521
435
460
0.0576
-0.9975
-0.1518
17.7100
-24.2200
-37.2400
379
454
519
434
457
0.0942
-1.0214
-0.3470
60.6200
-31.1500
-25.5500
367
443
510
430
449
0.1815
-0.8364
-0.0434
62.0900
-46.2000
-25.0600
345
414
488
403
446
0.2372
-0.9331
0.0947
32.7600
-29.8200
-21.4200
327
394
474
393
444
0.1967
-1.0067
0.1703
33.3200
-31.0100
-49.0700
299
363
449
383
444
0.2635
-0.9716
0.1298
67.2000
-51.5200
-22.2600
275
319
405
368
444
0.2591
-0.9238
0.1835
54.2500
-48.2300
-21.9800
252
285
360
368
444
0.2879
-0.8984
0.3206
45.9200
-49.3500
-21.3500
237
251
311
365
449
0.3431
-0.8467
0.2786
64.1200
-62.4400
-24.0800
227
237
288
362
441
0.4724
-0.8115
0.3255
61.6700
-74.4100
-23.0300
224
234
281
359
430
0.5661
-0.8574
0.3821
48.8600
-58.4500
-26.5300
224
240
276
356
421
0.6242
-0.7369
0.4172
23.3100
-35.9100
-15.6100
224
241
275
352
414
0.6534
-0.7105
0.3738
14.9800
-21.1400
-14.0000
224
242
278
346
410
0.7203
-0.6842
0.3489
14.4200
-10.5000
1.1200
224
244
280
342
408
0.6578
-0.6837
0.3665
6.0900
-12.6700
-0.6300
225
246
282
340
407
0.6461
-0.6788
0.3694
6.7200
-17.3600
-6.0900
225
247
284
340
406
0.6710
-0.6549
0.3616
6.3700
-11.7600
-7.3500
225
248
285
340
403
0.6895
-0.6676
0.3626
5.0400
-9.5900
-6.7200
224
248
286
341
405
0.6920
-0.6715
0.3528
8.1900
-7.3500
-4.8300
220
249
286
342
405
0.6822
-0.6422
0.3694
2.5900
-5.1800
-5.9500
216
249
286
344
405
0.7027
-0.6466
0.3577
2.5900
-5.3900
-3.6400
215
250
287
345
405
0.6969
-0.6422
0.3475
4.4100
-4.2000
-1.8200
216
250
288
347
405
0.7003
-0.6544
0.3606
3.9200
-3.3600
-0.9100
216
251
288
348
405
0.6939
-0.6490
0.3533
2.3800
-3.5000
-3.3600
217
251
289
348
405
0.7135
-0.6359
0.3562
3.0100
-1.8900
-2.1000
217
252
289
350
405
0.6988
-0.6500
0.3640
0.0000
-3.0800
-3.7100
218
252
290
352
405
0.6944
-0.6339
0.3470
2.1000
-3.1500
-3.3600
218
253
290
353
403
0.6949
-0.6442
0.3567
1.4000
-3.7800
-3.0800
219
253
291
353
406
0.6954
-0.6398
0.3577
1.4000
-5.6000
-3.7800
219
253
291
354
406
0.7042
-0.6354
0.3543
2.1700
-5.2500
-3.3600
220
254
291
354
406
0.6959
-0.6393
0.3587
1.0500
-3.4300
-3.2200
220
254
292
355
406
0.7003
-0.6334
0.3528
1.9600
-3.5700
-2.7300
220
254
292
355
406
0.7076
-0.6461
0.3572
0.6300
-3.9900
-2.6600
221
254
292
355
406
0.7115
-0.6471
0.3645
-4.1300
-2.4500
0.2800
221
254
293
355
406
0.6964
-0.6471
0.3572
-9.3100
-2.9400
1.7500
222
255
293
356
406
0.6905
-0.6603
0.3406
-10.4300
9.6600
6.8600
223
254
293
356
405
0.7159
-0.6886
0.3616
-25.6900
43.8200
23.0300
229
256
295
357
407
0.6032
-0.7320
0.3855
-40.2500
61.1100
21.4900
238
264
304
355
421
0.5505
-0.8286
0.3426
-53.8300
66.5000
37.9400
267
296
346
368
421
0.4412
-0.8189
0.3289
-64.5400
56.7000
30.4500
307
346
406
385
423
0.3309
-0.8760
0.2347
-77.9100
61.7400
39.2700
345
394
459
398
430
0.3172
-0.9941
0.1708
-75.2500
61.1800
43.9600
367
423
486
410
438
0.1840
-1.0146
0.0332
-66.5000
49.0700
38.1500
379
438
501
421
449
0.1030
-0.9755
-0.0615
-76.3000
52.3600
57.1900
383
444
508
425
460
0.0107
-0.9926
-0.1742
-50.0500
32.7600
37.5200
384
454
512
428
471
-0.0044
-0.9228
-0.3421
-5.5300
16.3100
22.5400
385
461
514
431
479
-0.0156
-0.9716
-0.2664
-12.6700
12.9500
2.5200
386
465
516
434
483
-0.0712
-0.9604
-0.2977
-7.4900
2.1700
5.7400
388
466
516
436
484
-0.0468
-0.9594
-0.2596
-0.1400
-3.0100
-4.6200
388
466
516
437
485
-0.0264
-0.9711
-0.2684
0.7000
-3.1500
1.4700
388
466
516
437
485
-0.0498
-0.9457
-0.2757
5.9500
-4.6200
-1.8900
388
465
516
437
485
-0.0473
-0.9687
-0.2728
5.8800
-4.9700
-0.4900
388
464
516
437
484
-0.0752
-0.9667
-0.2669
1.9600
-6.0900
-1.7500
389
464
515
437
486
-0.0630
-0.9711
-0.2704
3.9200
-3.0100
-3.5000
388
464
515
437
483
-0.0586
-0.9594
-0.2699
3.5700
-4.7600
-2.5200
388
464
515
438
485
-0.0630
-0.9755
-0.2611
7.7700
-5.7400
-3.8500
388
464
515
438
485
-0.0464
-0.9726
-0.2484
2.4500
-4.5500
-2.3100
388
464
515
438
485
-0.0537
-0.9628
-0.2601
1.3300
-2.9400
-2.1000
388
464
515
438
485
-0.0488
-0.9628
-0.2528
2.6600
-3.0100
-3.1500
388
464
515
438
483
-0.0566
-0.9638
-0.2582
0.1400
-1.8900
-1.9600
388
463
515
438
485
-0.0639
-0.9570
-0.2577
-0.3500
-2.7300
-2.3100
388
463
515
438
483
-0.0659
-0.9560
-0.2577
-1.0500
-1.2600
-3.1500
387
461
514
438
486
-0.0517
-0.9462
-0.2542
1.1900
-4.6200
-4.3400
387
460
514
438
486
-0.0459
-0.9428
-0.2606
0.1400
-3.6400
-3.1500
387
461
514
438
486
-0.0586
-0.9570
-0.2704
0.4900
-2.1700
-2.7300
387
461
514
438
486
-0.0503
-0.9570
-0.2606
0.7000
-2.9400
-3.2900
387
460
513
438
485
-0.0532
-0.9599
-0.2513
-3.1500
-7.8400
-10.5700
383
441
505
436
491
-0.0332
-0.9599
-0.2782
3.4300
-4.3400
-11.4800
366
422
491
435
493
-0.0459
-0.9204
-0.2918
21.0700
-23.9400
-32.0600
347
405
465
432
491
-0.0229
-0.9418
-0.2167
83.6500
-38.3600
-70.4900
311
376
443
425
487
0.1606
-0.9345
-0.0200
57.0500
-30.3800
-16.6600
272
332
403
420
489
0.1484
-0.9819
0.0000
38.0800
-32.4100
-16.1700
239
301
359
416
488
0.1420
-1.0204
0.0254
39.9000
-42.9100
-34.4400
218
277
325
410
483
0.2352
-1.0048
0.0786
37.6600
-31.6400
-33.8100
208
258
302
404
481
0.2533
-0.9287
0.1039
53.0600
-40.3200
-23.0300
204
251
292
389
481
0.2552
-0.9355
0.2142
37.8000
-47.6700
-24.4300
201
252
288
376
477
0.2904
-0.8760
0.2738
42.9100
-61.8800
-66.5700
199
250
286
373
472
0.5514
-0.8672
0.2596
33.1800
-39.2700
-21.3500
198
250
286
372
468
0.4426
-0.8028
0.2318
32.0600
-43.9600
-44.4500
198
250
288
370
460
0.5983
-0.8106
0.2186
54.8100
-66.4300
-46.9000
199
250
289
365
445
0.6525
-0.5588
0.2718
75.7400
-53.2700
-24.4300
200
250
289
366
436
0.9077
-0.5544
0.3631
36.6100
-20.9300
-24.0100
203
252
290
363
426
0.7940
-0.6217
0.3192
3.9900
-5.0400
-10.2200
203
253
291
363
422
0.7930
-0.6051
0.2684
0.8400
-2.5200
-4.3400
204
254
291
361
415
0.7535
-0.6022
0.2865
1.9600
-5.1100
-3.9900
204
255
291
361
411
0.7647
-0.6085
0.2962
3.0800
-7.1400
-3.4300
204
255
292
359
407
0.7593
-0.6124
0.2845
1.4700
-6.2300
-4.6900
204
256
292
358
406
0.7603
-0.6095
0.2743
2.9400
-5.6000
-3.8500
205
256
293
358
402
0.7671
-0.6183
0.2840
3.7100
-5.8800
-2.7300
205
257
294
358
403
0.7632
-0.6110
0.2860
1.6800
-3.1500
-1.8900
205
257
294
357
402
0.7666
-0.6139
0.2796
2.2400
-4.6200
-1.9600
205
257
295
357
401
0.7584
-0.6188
0.2752
2.5900
-3.3600
-1.2600
206
257
295
357
401
0.7447
-0.6168
0.2826
1.7500
-3.3600
-4.4800
206
257
296
356
400
0.7788
-0.6173
0.2733
2.2400
-3.4300
-1.8900
206
257
296
356
400
0.7505
-0.6120
0.2879
2.6600
-4.4800
-3.6400
207
257
297
356
400
0.7784
-0.6149
0.2826
2.4500
-3.3600
-1.6100
208
258
297
356
399
0.7471
-0.6198
0.2835
1.2600
-3.7100
-3.8500
208
258
297
356
399
0.7730
-0.6124
0.2738
1.9600
-3.9900
-0.9800
208
258
298
356
399
0.7505
-0.6154
0.2738
3.0100
-5.3900
-3.5000
208
258
298
356
399
0.7652
-0.6173
0.2821
2.4500
-3.9200
-1.0500
208
258
299
356
399
0.7505
-0.6120
0.2757
1.6100
-4.3400
-2.3100
209
259
299
356
399
0.7579
-0.6090
0.2728
4.7600
-3.9200
-1.9600
209
259
299
356
398
0.7623
-0.6110
0.2840
2.8000
-4.6200
-0.4900
208
259
299
354
397
0.7632
-0.6173
0.2879
8.5400
-5.9500
2.3100
208
260
300
352
395
0.7510
-0.6237
0.2908
0.8400
-1.7500
-0.0700
209
260
300
353
391
0.7408
-0.6412
0.3055
-8.8200
-1.8900
-4.9700
209
260
301
355
393
0.7525
-0.6300
0.2952
-20.7900
18.8300
7.7000
210
259
303
358
395
0.7520
-0.6403
0.3148
-31.0100
41.7900
20.0900
216
265
310
362
406
0.7037
-0.6661
0.2811
-34.5100
71.2600
45.7800
227
275
325
367
414
0.5368
-0.7466
0.3504
-45.7800
46.9700
11.1300
235
283
334
374
415
0.5251
-0.8145
0.2913
-63.0700
65.8700
38.5000
259
306
363
385
418
0.4455
-0.8750
0.2567
-71.6800
58.8000
34.0900
296
346
414
395
424
0.3416
-0.9487
0.1527
-59.5700
64.6100
69.1600
340
394
465
408
431
0.1835
-0.9750
0.0273
-64.4000
51.6600
41.1600
364
425
490
415
438
0.1688
-0.9199
0.0005
-62.5800
52.6400
52.1500
374
443
504
422
445
0.0527
-1.0033
-0.1781
-59.1500
31.9200
35.4900
381
459
515
426
451
0.0029
-0.9433
-0.2045
-55.8600
34.5800
31.1500
386
470
519
424
454
-0.0991
-0.9453
-0.2357
-20.7200
23.3800
21.9100
390
476
522
423
461
-0.0654
-0.9394
-0.2933
-17.5700
17.0100
15.1200
392
479
523
423
464
-0.0669
-0.9433
-0.3094
-13.1600
12.7400
5.3200
393
480
524
423
464
-0.0844
-0.9223
-0.3387
-1.6100
5.8800
3.8500
395
483
525
423
467
-0.0522
-0.9209
-0.3294
8.5400
-1.8200
10.2900
397
484
525
429
466
-0.0800
-0.9170
-0.3196
2.8700
-4.4100
2.7300
399
487
525
431
466
-0.1210
-0.9409
-0.3274
4.9700
-3.4300
-3.0800
400
488
525
432
466
-0.1113
-0.9414
-0.3099
0.2100
-3.0100
-2.6600
401
488
526
432
466
-0.1054
-0.9321
-0.3172
3.0800
-4.5500
-5.3200
403
488
526
433
466
-0.1113
-0.9472
-0.3118
1.8200
-2.1000
-2.1700
403
488
526
433
466
-0.1191
-0.9374
-0.3148
1.6100
-4.4800
-4.1300
404
488
526
434
466
-0.1132
-0.9189
-0.3074
4.2700
-2.4500
-4.2000
404
487
526
441
466
-0.1025
-0.9301
-0.2933
-0.2800
-3.7100
-3.5000
406
487
526
443
466
-0.1103
-0.9184
-0.3104
0.7700
-5.3200
-6.4400
407
487
525
444
466
-0.1122
-0.9018
-0.3011
7.0000
-7.5600
-9.9400
406
485
525
443
467
-0.0981
-0.9418
-0.2938
4.9700
-6.0200
-6.5800
405
484
525
443
467
-0.0810
-0.9448
-0.3099
5.7400
-8.4000
-1.2600
404
483
524
443
468
-0.1049
-0.9545
-0.3016
13.1600
-10.6400
-11.1300
403
481
524
442
467
-0.1010
-0.9389
-0.2904
19.0400
-27.8600
-39.4100
400
475
521
441
472
-0.0390
-0.9892
-0.2625
33.7400
-32.5500
-47.4600
392
464
513
438
472
-0.0176
-1.0024
-0.2284
54.8800
-58.4500
-72.3800
381
459
499
437
466
0.1147
-0.9638
-0.2035
70.3500
-60.5500
-63.2800
362
447
489
440
454
0.2059
-0.9565
-0.0112
80.5700
-77.2100
-52.2900
345
437
485
439
449
0.2908
-0.8901
0.0444
100.1700
-86.0300
-36.1900
326
420
483
428
443
0.3226
-0.9160
0.2123
81.7600
-70.4200
-44.3100
298
389
480
424
437
0.4626
-0.8857
0.2943
48.6500
-48.2300
-28.2100
277
354
470
419
439
0.5109
-0.8223
0.3162
17.7800
-26.3200
-21.7700
256
327
433
408
442
0.5534
-0.7979
0.3421
24.6400
-30.5900
-12.1100
241
311
399
400
449
0.5539
-0.7359
0.3152
25.6200
-34.2300
-17.0100
220
281
347
396
457
0.6324
-0.7564
0.3050
17.7800
-30.1700
-10.1500
204
262
309
391
460
0.5905
-0.7652
0.3001
16.6600
-17.5000
-9.5200
196
252
292
383
462
0.6720
-0.7296
0.2845
14.4200
-21.0700
-9.7300
193
250
288
372
452
0.6676
-0.6939
0.2791
10.5700
-28.9100
-12.2500
193
250
287
372
440
0.6959
-0.6642
0.3065
15.6800
-15.8200
-5.1800
193
251
288
368
433
0.6822
-0.6632
0.3060
9.6600
-12.7400
-11.6200
195
253
290
367
429
0.7335
-0.6656
0.2821
4.7600
-8.2600
-9.7300
196
254
292
366
426
0.7325
-0.6481
0.2777
5.5300
-2.9400
-5.9500
197
255
294
367
424
0.7310
-0.6617
0.3021
-0.3500
0.9100
-4.2700
197
256
295
367
422
0.7359
-0.6490
0.2708
0.1400
-1.9600
-4.7600
197
256
296
366
420
0.7213
-0.6500
0.2811
2.5900
-1.8900
-1.8200
198
257
297
366
419
0.7286
-0.6642
0.2908
1.5400
-2.1000
-2.1000
198
258
298
366
416
0.7086
-0.6544
0.2777
0.7700
-3.9900
-3.9900
199
258
298
366
418
0.7276
-0.6554
0.2869
0.0700
-6.0200
-2.9400
199
259
299
366
418
0.7271
-0.6534
0.2743
2.7300
-3.7800
-1.8900
199
259
300
367
416
0.7203
-0.6461
0.2948
1.4000
-4.9700
-4.2000
200
260
300
367
418
0.7144
-0.6617
0.2757
1.8900
-3.7100
-3.2200
200
260
301
367
418
0.7208
-0.6505
0.2801
2.1700
-4.2700
-2.7300
200
261
302
367
415
0.7227
-0.6608
0.2869
2.0300
-3.7800
-2.1700
201
261
302
367
418
0.7213
-0.6564
0.2718
1.8200
-3.6400
-3.3600
201
261
302
367
417
0.7222
-0.6588
0.2884
1.8200
-4.6200
-2.3800
201
262
303
367
415
0.7154
-0.6529
0.2811
1.8900
-4.4800
-2.8700
202
262
303
367
417
0.7218
-0.6490
0.2884
2.4500
-4.0600
-2.3100
202
262
303
367
417
0.7232
-0.6564
0.2811
1.8200
-4.3400
-2.8700
202
262
303
367
417
0.7056
-0.6495
0.2826
4.0600
-3.1500
-4.6200
202
262
304
367
417
0.7515
-0.6578
0.2879
1.8200
-3.6400
-0.3500
202
263
304
367
417
0.7115
-0.6500
0.2811
3.4300
-3.2900
-2.3100
202
263
304
367
416
0.7032
-0.6549
0.2879
3.5700
-4.0600
-5.5300
202
263
304
366
416
0.7418
-0.6510
0.2982
2.4500
-5.1800
-1.6800
202
263
304
366
416
0.7120
-0.6500
0.2928
1.4700
-4.3400
-2.5900
202
263
305
366
415
0.7218
-0.6451
0.2933
2.8700
-4.1300
-1.7500
202
263
305
365
414
0.7193
-0.6510
0.2987
2.3800
-3.5000
-1.3300
202
263
305
365
413
0.7193
-0.6559
0.3060
-1.2600
-2.1000
-1.8200
203
264
306
365
412
0.7603
-0.6598
0.3523
-28.7000
31.7800
10.4300
204
262
307
369
411
0.7169
-0.7052
0.3357
-66.7800
78.4000
35.8400
217
280
328
374
419
0.6149
-0.7930
0.3094
-64.6800
81.5500
43.2600
243
308
364
384
427
0.4900
-0.8623
0.2367
-59.0800
64.5400
45.9200
274
336
398
402
425
0.4290
-0.8228
0.2269
-49.4200
44.8000
32.4800
296
363
424
415
426
0.3353
-0.9106
0.1810
-73.1500
48.3700
14.9800
327
397
457
424
430
0.2572
-0.9545
0.0781
-51.9400
60.3400
33.6700
346
420
478
429
440
0.2196
-1.0228
-0.0156
-42.8400
38.2900
21.4900
353
425
484
429
449
0.1303
-0.9838
-0.1078
-65.6600
43.8200
25.6900
358
428
489
428
465
0.0698
-1.0463
-0.2474
-50.8900
36.0500
42.0700
366
438
499
431
475
0.1410
-0.9721
-0.2933
-36.9600
18.2700
27.0200
368
440
501
432
487
-0.1244
-0.9638
-0.2933
-3.9900
10.3600
25.0600
370
446
504
434
491
-0.0161
-0.9423
-0.3143
-0.3500
3.3600
6.7900
374
454
510
436
495
-0.1142
-0.9740
-0.3157
-1.3300
-1.8900
6.2300
377
461
513
437
497
-0.0337
-0.9379
-0.3460
0.9800
-0.2100
9.0300
378
466
516
438
496
-0.0234
-0.9453
-0.3026
1.4000
0.4200
4.6900
381
471
519
439
500
-0.0581
-0.9575
-0.3167
2.1700
-2.2400
-0.9100
383
474
520
440
498
-0.0581
-0.9448
-0.3221
3.4300
-2.5200
-0.3500
384
475
521
440
500
-0.0649
-0.9379
-0.3079
2.6600
-2.8700
-0.0700
384
475
521
440
500
-0.0634
-0.9433
-0.2977
0.6300
-3.7800
-1.1200
384
475
521
440
500
-0.0976
-0.9462
-0.3274
4.2700
-3.0100
-3.5700
384
476
521
440
501
-0.0678
-0.9399
-0.3109
3.9900
-4.7600
-2.7300
385
476
522
441
499
-0.0698
-0.9511
-0.3050
0.4900
-3.0100
-3.7100
385
477
522
441
500
-0.0581
-0.9399
-0.3123
0.7000
-2.1700
-4.9700
385
478
522
441
501
-0.0493
-0.9306
-0.3162
1.6100
-3.6400
-1.8900
387
481
523
442
500
-0.0698
-0.9438
-0.3021
3.8500
-3.3600
-5.8800
388
481
523
443
501
-0.0590
-0.9326
-0.2972
0.9800
-3.5000
-4.0600
389
482
523
443
499
-0.0600
-0.9267
-0.3152
2.2400
-5.7400
-1.8900
391
482
524
443
502
-0.0595
-0.9365
-0.3094
7.4200
-9.3100
-8.8900
395
482
524
443
502
-0.0610
-0.9477
-0.2826
8.4000
-7.7700
-9.5900
397
482
524
443
500
-0.0508
-0.9604
-0.3211
7.2800
-7.8400
-7.1400
396
477
521
441
503
-0.0698
-0.9565
-0.2674
10.3600
-26.2500
-36.9600
390
469
514
437
503
-0.0195
-0.9418
-0.3050
25.6900
-30.9400
-75.0400
354
453
508
431
494
0.0854
-0.9496
-0.2386
59.3600
-59.2900
-63.3500
327
429
498
424
487
0.2054
-0.9057
-0.1625
75.0400
-68.1100
-33.8800
309
405
485
421
485
0.2562
-0.9252
-0.0146
86.9400
-86.5200
-38.7100
288
380
468
420
481
0.2938
-0.9345
0.1200
97.4400
-70.9800
-52.9200
262
349
437
417
473
0.3904
-0.8057
0.1962
72.2400
-52.8500
-43.1200
248
335
423
406
472
0.4519
-0.8877
0.2811
55.3000
-50.6800
-40.5300
236
317
397
396
469
0.4602
-0.8389
0.2904
41.7900
-50.8200
-42.0700
225
300
368
389
468
0.6305
-0.7632
0.2689
32.6200
-41.5800
-34.5800
213
280
330
385
466
0.6549
-0.7466
0.3387
14.9800
-14.7000
-12.1800
207
269
304
379
465