-0.2250
-0.9462
0.0498
-1.7500
0.9100
-0.2100
413
480
516
414
506
-0.2240
-0.9662
0.0127
-1.2600
3.5000
2.7300
414
480
516
416
503
-0.2352
-0.9780
0.0044
-6.3000
2.0300
7.7000
414
479
515
417
499
-0.2425
-0.9716
0.0117
-12.3900
2.9400
5.0400
414
479
513
417
501
-0.2645
-0.9384
-0.0522
-13.8600
12.5300
5.2500
413
478
510
417
501
-0.2704
-0.9570
-0.0449
-6.2300
2.3100
3.7800
413
477
509
418
501
-0.3416
-0.9711
-0.0390
-5.1100
1.7500
-6.0900
413
477
508
419
503
-0.2821
-0.9350
-0.0483
-0.5600
-1.5400
-11.2000
414
477
508
419
500
-0.2889
-0.9550
-0.0425
-2.2400
-0.3500
-15.8200
414
477
508
419
501
-0.2577
-0.9579
-0.0981
-7.2800
-0.1400
-14.0000
413
477
508
419
501
-0.2669
-0.9243
-0.1376
8.6100
1.5400
-10.0800
413
476
506
416
499
-0.2616
-0.9555
-0.0996
8.0500
-0.9100
-1.6800
414
476
505
416
501
-0.2294
-0.9906
-0.0878
-0.2800
-3.7100
-4.0600
415
476
505
418
501
-0.2420
-0.9760
-0.0956
3.5000
-3.4300
-6.0200
416
476
505
417
498
-0.2362
-0.9399
-0.0830
0.4900
-0.7700
-4.4800
415
473
502
414
500
-0.2128
-0.9560
-0.0917
-1.4000
-3.3600
-3.9900
414
470
493
407
500
-0.2313
-0.9482
-0.0927
17.2900
-3.0800
-3.8500
412
464
480
400
498
-0.2128
-0.9487
-0.0966
4.6900
-4.7600
-1.3300
409
456
466
391
500
-0.2191
-0.9706
-0.0781
10.9900
-7.5600
-7.6300
407
442
448
379
497
-0.2211
-0.9243
-0.0727
-19.1100
-14.2100
-3.5700
402
405
412
348
498
-0.2157
-0.9931
-0.0854
2.6600
-11.9000
-11.2700
374
369
375
307
500
-0.2684
-0.9906
-0.1161
-12.4600
-9.1000
-4.2700
332
331
332
266
500
-0.2176
-0.9487
-0.1313
10.0100
-12.8800
-4.2000
291
302
297
234
492
-0.1972
-1.0067
-0.1362
-7.9100
-21.8400
-2.9400
256
277
271
211
491
-0.2869
-0.9433
-0.1459
-12.5300
-21.1400
1.2600
238
260
258
201
488
-0.2264
-0.9618
-0.1479
-23.6600
-17.9900
-6.3700
227
245
250
194
508
-0.2123
-0.9531
-0.1723
-16.6600
-25.9700
-4.9000
217
234
245
192
530
-0.2225
-0.9443
-0.1732
-0.0700
-15.5400
-4.5500
209
229
247
191
557
-0.2284
-0.9160
-0.1606
3.2900
-9.7300
-0.5600
207
230
249
190
584
-0.2274
-0.9409
-0.1581
5.6700
-7.0700
-4.3400
206
233
250
190
605
-0.2279
-0.9140
-0.1498
2.5200
-1.6100
-1.0500
207
235
252
191
609
-0.2181
-0.9316
-0.1889
3.7800
-3.9900
-2.4500
209
238
253
192
609
-0.2357
-0.9604
-0.1352
0.9800
0.7700
-5.9500
210
239
255
193
606
-0.2103
-0.9414
-0.1806
0.7000
-1.6800
-3.0100
211
240
256
194
598
-0.2001
-0.9536
-0.1728
3.2200
-4.2000
-3.5700
212
241
257
195
594
-0.2147
-0.9682
-0.1698
-2.8000
0.7000
-5.0400
213
242
257
196
581
-0.2196
-0.9531
-0.1825
-2.3100
4.1300
-11.4800
214
243
257
199
553
-0.1864
-0.9540
-0.2318
-0.0700
3.2900
-5.8800
222
247
261
203
510
-0.1815
-0.9780
-0.2201
13.8600
5.2500
-7.0700
236
254
267
212
487
-0.1488
-0.9170
-0.1425
-0.2800
-6.3700
-1.5400
255
269
279
223
483
-0.1893
-0.9355
-0.1908
12.1100
2.5900
0.4900
301
310
319
265
477
-0.1688
-0.9565
-0.1635
-9.8000
3.7800
8.6800
329
340
347
310
471
-0.1781
-0.9594
-0.2411
13.9300
-1.1900
11.9700
383
420
462
395
464
-0.1420
-0.9897
-0.3001
10.4300
-5.8800
-3.8500
402
443
498
429
460
-0.1576
-0.9736
-0.1254
5.1100
-0.6300
1.6100
408
464
514
442
460
-0.1771
-0.9828
-0.1347
1.1200
1.1200
-0.7700
410
484
521
452
455
-0.1654
-0.9487
-0.1742
3.2900
-1.7500
3.2200
411
492
525
458
454
-0.1937
-1.0014
-0.1362
5.7400
-7.0700
0.8400
412
495
526
463
452
-0.2152
-0.9599
-0.1376
8.8200
0.1400
-3.0800
413
496
527
465
450
-0.1928
-0.9677
-0.1542
5.9500
-0.1400
-3.3600
414
497
527
466
450
-0.1928
-0.9740
-0.1376
8.0500
-1.5400
-3.7800
415
497
528
466
450
-0.1864
-0.9648
-0.1337
5.4600
-2.5900
-3.0800
415
497
528
466
450
-0.2006
-0.9633
-0.1469
6.1600
-2.7300
-3.5700
415
497
527
465
450
-0.2098
-0.9614
-0.1405
4.2000
-2.4500
-4.7600
415
497
527
465
450
-0.1972
-0.9648
-0.1157
-1.4700
-3.6400
-3.5000
415
496
527
465
450
-0.2113
-0.9521
-0.1391
2.7300
-4.4800
-3.1500
415
496
527
465
450
-0.2152
-0.9628
-0.1342
0.4900
-3.2200
-1.4000
415
496
527
464
450
-0.2079
-0.9609
-0.1362
6.7200
-4.1300
0.4200
415
496
527
463
451
-0.2098
-0.9877
-0.1215
3.5700
0.2100
-6.1600
416
495
527
461
453
-0.1889
-0.9414
-0.1020
3.8500
-0.9100
-5.7400
418
494
526
454
454
-0.1947
-0.9526
-0.0508
1.5400
-2.3100
-7.9100
418
487
522
440
457
-0.1976
-0.9506
-0.1015
12.4600
0.4200
-7.8400
414
479
510
421
460
-0.1664
-0.9560
-0.1391
25.4800
-8.3300
-16.3800
396
456
480
398
463
-0.1220
-0.9492
-0.0937
25.0600
-1.1200
-13.0200
373
435
456
375
464
-0.1118
-0.9667
-0.0571
6.0900
-5.6000
-4.6900
344
407
424
345
466
-0.1532
-0.9618
-0.0883
15.3300
-6.3000
-2.5900
314
378
385
313
465
-0.1191
-0.9916
-0.0303
17.8500
-4.9700
-1.6800
285
346
340
278
469
-0.1401
-1.0233
-0.0268
3.1500
-7.9800
-6.3700
255
318
309
247
475
-0.1020
-0.9204
-0.0654
21.5600
-25.6900
3.0800
230
295
284
222
477
-0.1532
-1.0731
0.0239
-32.7600
-35.7000
-1.6100
212
276
264
204
475
-0.1854
-1.0170
-0.0752
-25.4100
-25.8300
-3.2900
201
259
252
195
477
-0.1767
-0.9736
-0.0737
-6.8600
-17.7100
0.2800
190
246
242
192
498
-0.1796
-0.9750
-0.0634
7.4200
-5.3900
-4.6200
186
239
240
193
530
-0.1376
-0.9916
-0.0869
9.0300
-2.1700
-3.5000
185
237
241
194
548
-0.1449
-0.9579
-0.0337
3.9200
-5.6700
-4.9000
185
239
243
194
558
-0.1586
-0.9809
-0.0264
-3.0100
-5.4600
-3.2200
185
239
244
194
571
-0.1615
-0.9843
-0.0815
6.5100
-4.1300
-4.2000
186
240
245
195
578
-0.1571
-0.9926
-0.0327
0.6300
-4.9700
-2.9400
186
242
246
196
578
-0.1625
-0.9711
-0.0473
3.0100
-2.0300
-3.7100
187
243
247
197
572
-0.1352
-0.9628
-0.0644
0.2800
-4.6900
-1.4000
188
244
249
198
565
-0.1459
-1.0053
-0.0556
2.3100
-0.3500
-5.2500
190
247
251
199
556
-0.1606
-1.0097
-0.0595
2.3800
1.6800
-5.3900
192
249
252
201
542
-0.1405
-0.9823
-0.0561
-9.9400
-0.9800
-5.5300
196
254
255
204
519
-0.1732
-0.9623
-0.0991
-13.2300
-2.1000
-0.7000
205
267
265
212
505
-0.2147
-0.9740
-0.1157
-11.2000
-1.8200
-4.0600
217
277
276
222
503
-0.1244
-0.9892
-0.1801
-6.0900
3.2900
-10.9200
256
307
312
252
498
-0.0888
-1.0131
-0.1850
-10.7800
-2.0300
-9.5200
293
345
355
295
491
-0.1235
-0.9121
-0.2279
10.5700
9.4500
-0.2100
339
402
432
350
485
-0.1249
-0.9936
-0.1030
-11.9000
5.8800
3.3600
375
444
492
391
476
-0.1240
-1.0433
-0.2499
17.9200
-1.8200
1.1900
392
468
514
417
471
-0.1493
-0.9697
-0.2133
0.6300
-1.1900
-7.2100
400
485
522
439
468
-0.1542
-0.9531
-0.2035
0.9800
3.5000
-0.9100
405
493
525
452
465
-0.1479
-0.9370
-0.2255
7.0000
1.9600
2.5200
407
496
527
458
461
-0.1591
-0.9433
-0.2050
6.3000
-3.1500
-0.1400
408
497
527
460
460
-0.1688
-0.9492
-0.2147
0.4200
-5.1100
-3.2200
408
497
528
460
460
-0.1474
-0.9589
-0.2084
9.0300
-4.4100
-3.8500
408
497
528
459
460
-0.1464
-0.9745
-0.2118
9.0300
-6.5800
-3.5000
408
497
527
458
460
-0.1552
-0.9731
-0.1635
3.0100
-2.8700
-4.9000
408
496
527
458
462
-0.1869
-0.9814
-0.1571
-4.9700
1.7500
-6.9300
408
496
527
457
463
-0.1610
-0.9389
-0.1669
20.0200
3.2200
-10.4300
408
495
527
456
462
-0.1259
-0.9838
-0.1059
3.9900
2.6600
-1.9600
409
494
526
453
467
-0.1464
-0.9838
-0.0922
-2.5200
-10.0800
-14.6300
409
492
525
443
468
-0.1098
-0.9292
-0.1693
-4.3400
-17.5000
-3.9900
410
490
524
434
471
-0.1303
-0.9682
-0.2152
5.3200
-9.0300
-2.5200
410
488
522
427
475
-0.1503
-0.9809
-0.1879
2.8000
-3.9200
-12.7400
410
486
517
422
475
-0.1113
-0.9716
-0.1991
9.2400
3.1500
-5.3200
409
481
508
415
485
-0.0976
-0.9789
-0.1713
20.0200
1.2600
-5.3200
408
475
493
406
483
-0.0786
-1.0043
-0.1454
20.0900
-5.1800
-8.6100
402
460
479
392
485
-0.0937
-0.9838
-0.0351
10.9200
-9.8000
-1.6800
390
443
459
370
485
-0.1083
-0.9501
-0.0717
-5.3200
-17.7100
-4.6200
363
416
428
343
485
-0.1137
-0.9838
-0.1118
-1.1200
-15.4000
-1.2600
328
384
394
311
487
-0.0717
-0.9716
-0.1093
-6.3700
-12.6700
2.6600
302
351
358
278
486
-0.0839
-0.9199
-0.0932
3.2900
-10.9200
-6.5800
276
318
324
249
481
-0.0927
-1.0160
-0.0956
-4.5500
-33.2500
-3.4300
250
287
298
225
482
-0.1513
-0.9862
-0.1664
-22.6100
-19.9500
-4.6200
233
260
273
207
481
-0.1425
-0.9833
-0.1645
-8.1200
-16.0300
-5.5300
221
245
258
197
487
-0.1303
-1.0004
-0.1864
7.0700
-12.6000
-11.4100
212
236
250
194
519
-0.0839
-0.9609
-0.1854
7.4900
-10.4300
-6.0900
209
235
251
197
537
-0.1225
-0.9775
-0.1630
4.7600
-12.7400
-4.4800
208
236
252
198
546
-0.1088
-0.9941
-0.1786
2.8700
-4.3400
-5.8800
208
236
252
199
551
-0.1088
-0.9770
-0.1820
2.5200
-2.3800
-5.3900
208
237
253
200
562
-0.0986
-0.9706
-0.1444
5.1100
-3.2200
-4.9700
206
238
254
200
570
-0.0961
-0.9755
-0.1557
1.3300
-4.2000
-5.1800
206
239
254
201
569
-0.0893
-0.9897
-0.1557
0.4200
-4.7600
-4.9700
209
242
256
202
555
-0.0937
-1.0126
-0.1728
1.4000
-5.6700
-8.6100
211
244
258
204
544
-0.0956
-0.9760
-0.1845
4.1300
-2.0300
-4.2700
214
246
260
206
537
-0.1030
-0.9823
-0.1698
-6.2300
-1.3300
-2.8000
219
251
262
210
518
-0.1142
-0.9750
-0.1981
-2.2400
-5.3900
-7.4900
228
258
271
217
504
-0.0986
-1.0170
-0.1869
-3.5000
-4.3400
-11.3400
248
274
290
230
503
-0.0786
-0.9677
-0.2513
-6.2300
2.8000
-0.2100
285
314
334
265
501
-0.0444
-0.9945
-0.2430
-2.5200
13.3700
-2.9400
341
387
414
335
491
-0.0864
-0.9575
-0.2416
3.9200
22.3300
4.2000
386
431
474
371
489
-0.0317
-0.9931
-0.2777
-1.2600
11.5500
6.5100
402
452
501
394
489
-0.0532
-0.9462
-0.2391
30.7300
5.1100
2.3100
401
466
511
404
486
-0.1142
-0.9799
-0.2133
-0.2100
-3.5700
-0.5600
401
470
514
407
485
-0.0971
-0.9550
-0.2211
1.8900
-1.3300
-4.2000
400
471
514
407
483
-0.0952
-0.9721
-0.2255
3.1500
-2.4500
0.4900
400
471
514
408
485
-0.1064
-0.9692
-0.2133
5.2500
-2.8000
-1.4000
401
472
514
409
483
-0.1000
-0.9809
-0.2206
3.0100
-3.3600
-2.8700
401
473
515
411
485
-0.0893
-0.9794
-0.2045
2.9400
-2.1700
-3.0100
401
476
516
413
485
-0.1030
-0.9614
-0.2191
3.7800
-2.7300
-5.2500
402
478
517
415
485
-0.0922
-0.9721
-0.2025
2.6600
-2.2400
-3.6400
402
480
517
417
485
-0.0908
-0.9687
-0.2030
1.1900
-2.3800
-1.6800
402
482
519
421
483
-0.0947
-0.9511
-0.1981
0.2100
-8.7500
-1.0500
403
486
521
434
485
-0.0688
-0.9858
-0.2435
-2.4500
-4.6900
-2.6600
404
489
523
442
482
-0.0966
-0.9618
-0.2176
2.1000
-3.7800
-3.5000
404
490
523
444
485
-0.0942
-0.9560
-0.2157
3.7100
-3.9900
-3.4300
404
490
524
445
485
-0.0956
-0.9545
-0.2181
8.1200
-4.8300
-2.6600
402
489
523
443
486
-0.1044
-0.9736
-0.2225
-1.1200
-15.8900
-5.1800
398
478
516
419
488
-0.0917
-1.0116
-0.2440
-13.3700
-10.0100
-2.6600
393
465
496
400
492
-0.1025
-0.9809
-0.2347
4.2000
2.3800
-13.2300
385
451
480
389
494
-0.1196
-1.0106
-0.2430
13.0200
-0.7700
-15.8200
359
421
448
366
495
-0.0810
-0.9921
-0.2489
17.7800
-3.3600
-10.3600
338
398
417
337
495
-0.1025
-0.9921
-0.2133
27.0200
-7.4900
-7.7700
316
376
383
312
492
-0.0512
-1.0087
-0.1386
21.9800
-3.0100
-5.3900
292
349
350
282
494
-0.0542
-0.9975
-0.1474
9.2400
-5.8100
-7.2100
267
321
320
256
493
-0.0224
-0.9960
-0.1366
1.4700
-8.7500
-5.3200
244
291
292
235
497
-0.0508
-0.9882
-0.1098
-12.8100
-20.0200
0.2800
225
262
264
215
497
-0.0493
-1.0009
-0.1601
-15.8200
-28.4900
1.7500
213
248
253
204
501
-0.0615
-0.9833
-0.1908
-10.4300
-22.0500
0.9800
204
239
247
196
514
-0.0874
-0.9980
-0.2152
5.5300
-10.2200
-4.1300
201
236
245
195
537
-0.0717
-0.9980
-0.1830
8.2600
-9.2400
-2.8700
199
236
244
195
553
-0.0844
-0.9862
-0.1747
5.5300
-4.1300
-2.4500
199
237
246
196
558
-0.0815
-0.9711
-0.1606
3.7800
-3.6400
-3.3600
199
239
247
197
563
-0.0815
-0.9809
-0.1840
12.6000
1.1900
-5.9500
201
240
248
198
567
-0.0810
-1.0033
-0.1566
3.5700
-4.9000
-3.7800
202
242
249
199
565
-0.0834
-0.9638
-0.1557
2.8000
-3.2200
-5.0400
203
243
250
200
565
-0.0805
-0.9731
-0.1513
2.8000
-2.8000
-4.0600
203
244
251
201
563
-0.0620
-0.9667
-0.1332
1.9600
-5.6000
-3.8500
203
244
252
202
563
-0.0810
-0.9814
-0.1537
0.3500
-4.4100
-1.8900
203
244
252
202
566
-0.0693
-0.9662
-0.1513
1.5400
-5.6000
-0.7700
203
244
253
203
567
-0.0986
-0.9838
-0.1586
-0.9800
-4.5500
-3.5000
203
246
254
203
564
-0.0825
-0.9833
-0.1610
-3.0100
-2.5200
-1.8900
204
246
255
204
556
-0.0844
-0.9750
-0.1737
-18.7600
10.5000
8.5400
208
250
258
207
535
-0.0795
-0.9462
-0.2235
-5.3900
7.0700
-1.4700
219
260
270
214
514
-0.0712
-0.9584
-0.2113
-5.8800
5.8100
-2.1000
239
277
292
230
503
-0.0971
-0.9311
-0.1918
3.2900
6.3000
-6.1600
262
294
318
250
499
-0.0756
-0.9150
-0.2006
-17.3600
7.6300
3.5700
290
323
349
282
495
-0.0883
-0.9433
-0.1781
5.6000
5.6000
7.4200
331
376
395
327
492
-0.0991
-0.9526
-0.2035
-0.0700
-1.1200
3.7100
371
419
454
360
491
-0.1010
-0.9941
-0.2001
-8.1200
8.8900
2.6600
397
445
493
395
487
-0.0849
-0.9301
-0.2552
52.6400
-0.2800
-0.4200
403
467
512
418
481
-0.1030
-0.9682
-0.1957
8.8200
3.7800
1.3300
405
483
520
437
473
-0.1015
-0.9784
-0.1874
14.9100
1.8900
0.2100
407
490
523
444
474
-0.1059
-0.9760
-0.1630
15.0500
-6.3000
-2.6600
407
491
523
444
473
-0.1147
-0.9906
-0.1440
4.6200
-8.5400
-7.3500
407
490
524
443
473
-0.0942
-0.9770
-0.1625
12.2500
-6.0900
-3.2900
407
489
523
440
473
-0.1064
-0.9902
-0.1444
-3.9900
-2.3100
-7.0000
406
489
523
439
471
-0.1015
-0.9555
-0.1401
3.5000
-6.4400
-6.8600
406
488
523
438
473
-0.1103
-0.9960
-0.1488
0.4900
-1.8900
-5.7400
406
487
523
438
470
-0.0712
-0.9926
-0.1610
-0.4900
-4.6200
-7.7700
405
486
523
436
472
-0.0634
-0.9892
-0.1425
-0.1400
-5.7400
-4.6900
405
485
523
434
471
-0.0595
-0.9653
-0.1586
-1.4000
-6.2300
-2.5200
405
485
523
433
471
-0.0600
-0.9633
-0.1479
4.7600
-7.1400
-2.8000
405
485
522
432
471
-0.0859
-0.9877
-0.1444
3.8500
-6.4400
-2.5200
405
485
522
432
471
-0.0849
-1.1219
-0.1571
1.4700
-3.0100
-0.8400
405
484
522
431
471
-0.0732
-0.9853
-0.1532
3.0800
-3.5700
-4.9000
404
484
522
431
471
-0.0712
-0.9799
-0.1440
0.2100
-5.1100
-1.5400
404
483
521
430
471
-0.1015
-1.0019
-0.1401
2.5200
-3.7100
-4.2000
404
482
521
430
469
-0.0703
-0.9848
-0.1591
6.5800
-5.7400
-7.6300
404
475
519
429
473
-0.0756
-1.0043
-0.1410
-0.9100
-4.3400
-4.7600
404
474
518
428
472
-0.0756
-0.9911
-0.1723
1.6800
-3.5000
-4.5500
404
473
518
427
475
-0.0727
-0.9667
-0.1562
-1.2600
-2.5900
-7.0000
396
467
512
425
473
-0.0556
-0.9911
-0.1610
10.4300
0.2800
-5.2500
392
460
505
420
475
-0.0508
-0.9999
-0.1362
6.6500
-1.4000
-8.4000
382
447
492
409
477
-0.1127
-0.9536
-0.1171
12.0400
-8.8900
-4.6200
365
428
469
401
478
-0.0610
-0.9950
-0.1205
5.3900
-5.1100
-5.3200
345
407
446
384
479
-0.0766
-0.9823
-0.1152
14.6300
-5.1800
-2.5200
312
374
415
358
477
-0.0317
-1.0028
-0.0859
6.8600
0.9100
5.8800
283
344
376
332
481
-0.0551
-0.9999
-0.1127
23.8700
12.1800
16.1000
259
319
343
302
483
-0.0620
-1.0438
-0.0376
32.9000
6.0900
9.3100
233
293
312
269
486
-0.0693
-0.9853
0.0249
-14.9800
-18.8300
-7.1400
215
269
285
246
491
-0.0673
-0.9848
-0.0503
-31.0100
-31.9900
-1.8900
202
255
270
231
493
-0.1225
-0.9511
-0.1049
-10.6400
-17.2200
1.6800
193
246
262
219
491
-0.0947
-0.9414
-0.1283
1.4700
-20.8600
5.8800
190
243
260
214
498
-0.1420
-1.0307
-0.0859
10.4300
-3.2200
-8.6800
188
242
257
210
502
-0.0605
-0.9501
-0.0747
13.2300
3.1500
-6.1600
188
240
256
210
502
-0.0468
-0.9521
-0.0830
9.8000
-4.9700
-4.7600
188
239
256
210
512
-0.0405
-1.0087
-0.0068
10.5000
1.4700
-5.1800
188
241
255
210
516
-0.0815
-1.0024
-0.0361
2.1000
6.6500
0.2800
188
242
255
210
525
-0.1005
-0.9711
-0.0581
3.5000
13.3700
-5.8800
188
240
255
211
528
-0.0893
-0.8960
-0.0224
-2.5900
-5.3200
3.9900
189
241
257
213
532
-0.0971
-1.0170
-0.0615
-10.1500
5.5300
-3.9200
189
241
257
214
537
-0.0781
-0.9697
-0.0508
13.5800
-0.7000
-2.8000
189
242
258
215
541
-0.0927
-0.9911
-0.0239
6.4400
-1.2600
-4.2000
190
243
258
215
540
-0.0781
-0.9906
-0.0073
-3.0100
-0.3500
-4.2000
191
244
259
216
529
-0.0786
-0.9745
-0.0273
-25.2700
5.8800
-1.1200
194
246
263
219
523
-0.0937
-0.9545
-0.1693
9.4500
7.9100
-15.9600
201
253
276
234
515
-0.0459
-1.0282
-0.0434
20.1600
11.6900
-16.7300
223
271
300
266
503
-0.0322
-1.0912
-0.0795
19.8100
8.6100
-18.6900
275
323
351
324
492
-0.0063
-1.1395
-0.0268
29.1900
8.6100
-1.2600
340
392
447
371
491
-0.0361
-0.9614
-0.1327
-4.4800
-0.1400
8.4000
377
449
500
409
489
-0.1064
-0.9658
-0.0395
-16.5200
-10.6400
3.6400
391
479
517
425
485
-0.0893
-0.9833
-0.0752
4.0600
-7.2800
12.3900
402
494
523
443
479
-0.1010
-0.9760
-0.0542
11.6200
-9.5200
5.8100
414
501
526
455
461
-0.1269
-0.9780
-0.0132
9.6600
-7.1400
7.8400
417
503
527
457
459
-0.1362
-1.0224
-0.0439
13.6500
-7.0700
-2.8000
417
503
528
457
456
-0.1430
-0.9965
-0.0063
3.9200
-7.5600
-2.4500
417
503
528
457
458
-0.1435
-0.9828
-0.0098
4.0600
-10.0100
-1.4700
416
503
528
457
456
-0.1459
-0.9911
0.0034
10.1500
-6.0900
-2.1700
416
502
528
457
458
-0.1586
-0.9848
0.0239
2.4500
-3.2200
-1.9600
415
502
528
457
456
-0.1454
-0.9765
0.0102
8.5400
-6.7900
-2.2400
414
502
528
457
458
-0.1571
-0.9794
0.0034
10.9200
-5.4600
-5.1100
414
501
527
455
456
-0.1449
-0.9838
0.0327
1.6100
-7.2100
-4.6200
414
501
527
455
459
-0.1484
-0.9931
0.0239
1.5400
-5.1800
-3.2200
413
501
527
454
457
-0.1381
-0.9872
0.0068
3.5000
-4.0600
-0.7000
413
500
527
454
459
-0.1508
-0.9833
0.0307
5.5300
-3.2900
-0.9100
412
500
527
454
456
-0.1425
-0.9828
0.0322
3.9200
-4.6200
-3.1500
412
500
527
453
460
-0.1401
-0.9906
0.0224
2.3800
-6.1600
-2.1000
412
499
527
453
460
-0.1606
-0.9799
0.0361
1.3300
-4.4800
-3.2900
412
499
527
452
460
-0.1576
-0.9760
0.0264
1.0500
-3.6400
-3.5700
411
499
527
452
460
-0.1532
-0.9799
0.0220
2.3800
-5.6000
-1.7500
411
498
526
452
461
-0.1444
-0.9941
0.0220
0.0700
-2.4500
-2.3800
411
498
526
452
461
-0.1542
-0.9848
0.0429
-6.7900
-3.2200
-3.7100
410
497
526
450
463
-0.1625
-0.9745
0.0249
-23.1000
-10.7100
-5.8800
407
490
520
432
475
-0.1264
-0.9862
-0.0488
-3.2200
-7.4900
-15.6800
401
467
488
407
488
-0.1488
-0.9980
-0.0239
-6.7200
0.7000
-17.9900
367
430
449
369
500
-0.0922
-0.9838
-0.0893
0.2100
-2.6600
-6.7200
329
394
403
335
504
-0.1132
-1.0189
-0.0522
16.8000
-6.0200
-7.5600
298
361
361
304
504
-0.0869
-0.9521
0.0229
20.3700
-6.4400
-0.5600
271
329
334
278
500
-0.0644
-0.9823
0.0288
-2.7300
-8.7500
4.4800
246
304
306
248
500
-0.0844
-1.0111
0.0410
-3.3600
-17.0800
-2.2400
226
284
284
227
496
-0.1157
-1.0136
0.0283
-8.9600
-16.8700
-3.7100
211
266
262
212
493
-0.0561
-0.9965
-0.0425
-26.7400
-14.7000
1.5400
201
251
249
203
515
-0.0483
-1.0053
-0.0888
-2.3800
-14.3500
-2.8700
197
247
247
204
534
-0.1113
-1.0092
-0.0698
2.7300
-6.5800
-4.0600
193
243
246
204
552
-0.0542
-0.9784
-0.0288
-0.7700
-5.7400
-1.9600
193
242
246
208
565
-0.1000
-0.9921
-0.0717
2.3800
-4.2700
-2.8700
192
243
247
209
570
-0.0917
-1.0043
-0.0625
4.9000
-4.4800
-4.4800
192
242
247
209
579
-0.0839
-0.9945
-0.0590
8.2600
-4.4800
-5.1100
192
242
247
210
583
-0.0752
-1.0082
-0.0464
8.0500
-6.5100
-5.9500
193
243
249
211
585
-0.0952
-0.9975
-0.0551
4.6900
-3.3600
-3.9200
194
244
249
211
590
-0.0761
-0.9877
-0.0556
4.7600
-4.2000
-3.9900
194
245
250
212
593
-0.0766
-0.9970
-0.0215
2.0300
-6.2300
-4.4100
195
245
251
212
598
-0.0883
-0.9789
-0.0571
2.1700
-5.2500
-3.6400
195
246
252
213
602
-0.0756
-0.9916
-0.0273
4.6200
-2.0300
-1.7500
196
246
252
213
603
-0.0795
-0.9916
-0.0234
2.5200
-2.5200
-3.7100
196
247
253
214
604
-0.0639
-0.9921
-0.0185
1.6100
-4.3400
-2.7300
196
247
253
214
601
-0.0761
-1.0028
-0.0215
9.2400
-5.1100
-1.5400
197
248
254
215
599
-0.0776
-0.9833
-0.0200
1.5400
-4.6200
-4.2000
197
248
255
216
597
-0.0815
-0.9970
-0.0220
-1.8200
-5.6700
-4.0600
198
249
255
216
589
-0.0859
-0.9887
-0.0220
-16.1700
-7.7000
-0.0700
200
251
257
218
558
-0.0888
-0.9755
-0.0844
-33.2500
-1.6800
2.5200
205
261
262
224
521
-0.0659
-0.9531
-0.1474
-15.0500
1.2600
3.9200
226
279
284
242
500
-0.0390
-0.9819
-0.1225
-1.4700
7.7000
7.1400
263
311
322
277
493
-0.0864
-0.9692
-0.0956
11.2000
17.0100
9.9400
312
365
391
333
487
-0.0883
-0.9687
-0.0664
12.1800
4.4800
11.5500
349
400
447
369
482
-0.1064
-0.9906
-0.0795
3.5000
-7.4200
4.5500
369
423
479
392
482
-0.1244
-0.9565
-0.0722
7.9800
-2.3100
2.3100
386
452
505
410
476
-0.1371
-0.9555
-0.0903
9.4500
0.5600
4.7600
396
477
518
426
472
-0.1518
-0.9477
-0.0781
7.8400
3.1500
3.1500
404
493
524
440
466
-0.1596
-0.9858
-0.0605
6.5800
-1.6800
-2.1000
407
497
527
447
467
-0.1654
-0.9819
-0.0708
14.4900
-1.1900
-3.5000
408
499
528
449
464
-0.1640
-0.9867
-0.0376
3.7100
-3.5700
-2.1700
409
499
528
450
466
-0.1737
-0.9770
-0.0381
4.5500
-5.4600
-1.3300
408
499
528
449
463
-0.1796
-0.9960
-0.0420
3.7100
-3.2200
-4.8300
408
498
529
448
465
-0.1620
-0.9721
-0.0283
2.3100
-5.1800
-2.1700
408
498
528
447
465
-0.1703
-0.9838
-0.0283
2.4500
-4.4800
-3.3600
408
497
528
446
465
-0.1601
-0.9706
-0.0264
4.6900
-5.7400
-3.5700
408
497
528
446
465
-0.1581
-0.9858
-0.0317
4.3400
-4.9700
-2.6600
408
496
528
444
465
-0.1703
-0.9911
-0.0146
-0.7000
-3.5700
-2.7300
408
496
528
444
465
-0.1566
-0.9609
-0.0493
2.2400
-2.4500
-2.8000
408
496
528
443
465
-0.1625
-0.9887
-0.0268
1.4000
-3.4300
-2.3100
408
495
528
443
465
-0.1649
-0.9755
-0.0288
2.6600
-5.4600
-2.8700
407
494
527
442
465
-0.1674
-0.9784
-0.0205
1.1200
-5.3900
-2.2400
407
494
527
441
465
-0.1649
-0.9745
-0.0102
0.1400
-5.0400
-3.7100
407
493
527
439
465
-0.1640
-0.9775
-0.0234
-0.1400
-1.8200
-5.2500
407
492
526
434
465
-0.1552
-0.9799
-0.0268
-0.2800
-2.5900
-4.9700
407
490
523
428
465
-0.1513
-0.9799
-0.0283
-1.4000
-5.9500
-7.9800
406
485
516
420
467
-0.1396
-0.9726
-0.0366
-0.4200
-3.4300
-5.3900
406
481
508
412
466
-0.1542
-0.9814
-0.0376
1.6800
-2.1700
-8.5400
405
478
503
408
470
-0.1298
-0.9677
-0.0322
0.2100
-6.5100
-10.2900
405
472
491
405
471
-0.1122
-0.9872
-0.0459
6.9300
-3.5000
-6.4400
403
462
478
403
476
-0.1225
-0.9618
-0.1640
2.8000
-7.4200
-6.6500
401
451
467
395
479
-0.1386
-0.9692
-0.0361
0.8400
-4.4800
-8.8200
396
438
453
379
485
-0.1020
-0.9648
-0.0400
3.9200
-3.5000
-6.0200
393
419
425
359
487
-0.1142
-0.9638
-0.0464
2.2400
-1.4000
-5.1800
390
389
386
330
488
-0.0854
-0.9887
-0.0395
1.8200
-1.5400
-4.1300
369
349
351
300
491
-0.0747
-0.9511
-0.0102
10.4300
-3.5000
-1.6100
350
320
328
275
491
-0.0654
-0.9872
-0.0049
8.6800
-6.0900
1.6100
336
298
314
257
496
-0.1083
-0.9975
-0.0088
-3.1500
-8.8200
-6.0900
310
277
297
241
500
-0.1015
-0.9750
-0.0366
9.7300
-11.6200
-4.2700
291
266
286
231
500
-0.1030
-0.9941
-0.0259
25.9700
-8.5400
-2.5900
267
258
280
224
507
-0.1069
-1.0199
0.0039
9.8000
-7.7700
-4.3400
250
254
276
220
509
-0.1039
-0.9892
0.0386
-9.5200
-5.9500
-6.2300
237
252
275
219
514
-0.0991
-0.9941
0.0205
5.3900
-7.0000
-7.1400
228
252
275
219
519
-0.0913
-1.0058
0.0190
11.8300
-7.6300
-6.9300
222
251
274
218
525
-0.0971
-0.9872
0.0254
7.1400
-4.1300
-4.4100
216
253
275
219
533
-0.0956
-0.9819
0.0449
3.2200
-3.7800
-3.5700
215
255
276
220
536
-0.0859
-0.9882
0.0556
3.3600
-6.9300
-4.9000
215
257
277
221
536
-0.0961
-0.9984
0.0620
4.1300
-5.8100
-5.1100
215
259
278
221
539
-0.0922
-0.9984
0.0595
2.3800
-5.2500
-2.9400
216
260
279
222
538
-0.0986
-0.9828
0.0473
4.0600
-3.7800
-3.0100
218
261
280
223
535
-0.0908
-0.9955
0.0688
1.8900
-1.9600
-3.9200
218
262
280
223
537
-0.1098
-0.9897
0.0459
-4.6200
-0.2100
-3.4300
219
262
281
224
537
-0.0961
-0.9877
0.0644
1.6800
-4.1300
-2.8000
219
263
281
225
534
-0.0825
-0.9853
0.0444
0.5600
-5.9500
-3.1500
219
263
281
225
536
-0.0898
-0.9989
0.0346
0.8400
-4.7600
-3.6400
220
264
282
225
535
-0.0864
-0.9906
0.0444
1.1900
-4.9700
-3.0800
221
264
283
226
532
-0.0922
-0.9945
0.0464
0.9100
-4.1300
-2.7300
222
264
283
227
533
-0.0825
-0.9872
0.0483
0.7700
-4.9700
-0.0700
223
265
284
228
531
-0.0956
-0.9882
0.0454
-7.7700
-2.1000
-2.4500
223
266
284
228
527
-0.0942
-0.9760
0.0307
-3.0100
-3.3600
-4.3400
223
266
285
229
528
-0.0849
-1.0024
0.0224
-1.4000
-6.5800
-4.1300
223
266
285
229
528
-0.0991
-0.9950
0.0220
-3.0100
-2.1000
-4.4800
224
266
285
230
523
-0.0898
-0.9926
0.0142
-6.7900
-4.1300
-3.7800
226
267
287
232
512
-0.1044
-1.0004
-0.0029
-9.1000
-1.0500
-3.7800
235
272
300
242
499
-0.0771
-0.8965
-0.0508
5.7400
-4.4800
-7.0700
265
291
325
268
493
-0.0542
-0.9945
-0.0322
-5.3200
-3.0800
0.2100
314
327
366
305
492
-0.0854
-1.0063
-0.0595
-12.2500
6.7200
-0.2100
353
367
407
340
487
-0.0859
-0.9862
-0.0659
-10.4300
2.8000
8.2600
376
403
454
369
487
-0.1049
-0.9902
-0.0776
4.2700
-0.5600
6.4400
394
426
480
386
486
-0.1401
-1.0258
-0.0703
14.4200
3.7800
5.6700
412
447
498
400
483
-0.1200
-0.9989
-0.0488
-2.5900
-10.2900
9.3800
421
465
509
412
482
-0.1244
-1.0063
-0.0303
0.9800
9.1000
6.3700
423
486
520
430
478
-0.1396
-0.9570
-0.0834
2.3800
3.9900
4.9700
424
495
525
444
478
-0.1498
-0.9843
-0.0722
15.6800
-1.8200
-3.3600
424
499
527
447
474
-0.1454
-0.9804
-0.0346
4.6200
-4.9000
-2.1700
424
499
527
448
475
-0.1503
-0.9765
-0.0386
3.2900
-5.0400
-5.5300
423
499
527
448
473
-0.1537
-0.9765
-0.0512
5.4600
-5.2500
-4.9700
423
499
527
448
475
-0.1523
-0.9823
-0.0410
2.3800
-4.4800
-4.5500
423
499
527
447
475
-0.1449
-0.9784
-0.0356
1.4700
-4.4100
-3.9200
422
499
527
446
475
-0.1488
-0.9911
-0.0351
3.2200
-1.6100
-4.6900
422
499
527
446
475
-0.1440
-0.9853
-0.0415
6.7900
-4.9700
-6.1600
422
499
527
446
474
-0.1347
-0.9784
-0.0337
1.0500
-4.9000
-3.6400
421
499
527
446
474
-0.1444
-0.9819
-0.0395
3.5700
-3.1500
-3.7100
421
498
527
444
474
-0.1474
-0.9945
-0.0425
1.2600
-4.1300
-4.6200
421
498
527
444
474
-0.1371
-0.9760
-0.0283
2.1000
-3.9200
-3.8500
420
498
527
443
472
-0.1488
-0.9853
-0.0429
1.4700
-3.0100
-5.0400
420
498
527
443
475
-0.1415
-0.9745
-0.0439
0.0000
-3.2900
-4.1300
420
497
527
442
472
-0.1488
-0.9823
-0.0410
-0.2100
-1.3300
-5.8100
419
497
527
441
475
-0.1347
-0.9897
-0.0483
3.1500
-3.2200
-3.5000
419
497
527
441
473
-0.1342
-0.9858
-0.0503
3.9200
-5.3200
-3.0800
419
497
527
440
475
-0.1386
-0.9936
-0.0351
-2.3800
-6.3000
-5.1800
419
495
527
438
476
-0.1391
-0.9838
-0.0542
-7.6300
-5.1800
-4.3400
418
493
526
433
478
-0.1210
-0.9906
-0.0615
5.1800
4.6900
-1.1200
412
488
525
426
481
-0.1435
-1.0048
-0.0688
10.6400
9.6600
-5.6000
401
484
524
421
487
-0.1191
-0.9711
-0.0464
10.2900
-2.4500
-9.5200
386
475
521
420
489
-0.0917
-0.9882
-0.0059
0.7700
-6.1600
-8.0500
363
455
500
410
489
-0.1108
-1.0160
-0.0151
2.1700
-6.7200
-8.6100
330
425
458
388
492
-0.0869
-1.0297
0.0127
7.6300
-11.9700
-18.8300
296
379
402
362
496
-0.0830
-1.0565
0.0195
-0.4200
-12.5300
-8.2600
262
334
349
322
498
-0.0917
-0.9994
-0.0049
-1.9600
-3.1500
-3.9200
236
305
315
292
508
-0.0795
-0.9736
-0.0185
-0.2100
-3.9200
-2.3100
218
280
289
271
517
-0.0566
-0.9809
-0.0205
0.9800
-5.2500
-2.4500
206
265
269
255
516
-0.0859
-0.9892
-0.0420
8.1200
-3.9200
-6.6500
200
258
258
246
507
-0.0673
-1.0170
-0.0303
-2.1700
-13.9300
-2.8700
192
247
247
235
493
-0.0571
-0.9931
-0.0059
-16.9400
-21.5600
4.4800
185
240
244
224
490
-0.0986
-0.9755
-0.1191
3.3600
-10.4300
0.6300
181
236
244
217
499
-0.0810
-0.9960
-0.0566
7.2100
-10.7100
0.3500
180
236
244
215
515
-0.1015
-0.9960
-0.0298
3.7100
-6.7200
1.0500
181
238
244
216
529
-0.1088
-0.9838
-0.0644
2.2400
-1.8200
-2.6600
182
240
246
218
541
-0.1059
-0.9911
-0.0669
11.0600
-4.0600
-1.1900
183
240
247
219
547
-0.1122
-0.9945
-0.0327
7.0000
-6.3000
-4.0600
184
242
248
220
547
-0.1010
-0.9658
-0.0098
-2.6600
-3.5700
-3.5000
185
243
249
221
546
-0.0991
-0.9848
-0.0566
5.2500
-5.1100
-2.6600
185
243
250
222
549
-0.0927
-0.9931
-0.0386
5.4600
-5.6000
-4.9000
186
244
251
223
549
-0.0932
-0.9823
-0.0298
4.0600
-6.3700
-5.6700
186
245
251
223
547
-0.0956
-0.9843
-0.0332
3.7800
-6.4400
-7.8400
187
245
252
224
549
-0.0913
-0.9789
0.0029
2.3800
-5.3200
-2.9400
187
246
252
225
548
-0.0874
-0.9828
-0.0307
-1.8900
-6.2300
-3.2200
188
246
253
225
545
-0.0966
-0.9950
-0.0249
2.8000
-5.9500
-4.6200
188
247
254
226
544
-0.0874
-0.9902
-0.0229
5.8100
-4.7600
-4.1300
188
247
254
226
546
-0.0927
-0.9887
-0.0229
4.1300
-5.3200
-3.2200
189
247
254
227
546
-0.0898
-0.9882
-0.0015
-3.2200
-5.4600
-3.3600
189
248
255
228
542
-0.0854
-0.9789
-0.0117
-2.4500
-8.8200
-4.2000
190
248
256
228
539
-0.0966
-0.9892
-0.0102
-1.9600
-4.0600
-3.5000
190
249
258
229
532
-0.0966
-0.9926
-0.0161
-3.9200
-4.6900
-2.5200
191
250
260
230
524
-0.0815
-0.9814
-0.0059
-8.1200
-6.7900
-1.4700
192
254
265
233
516
-0.0712
-0.9804
-0.0278
-5.6000
-1.7500
-1.1200
198
267
282
247
511
-0.0800
-0.9589
-0.0146
-7.4900
0.2100
-0.4900
218
288
315
276
502
-0.1015
-0.9677
-0.0473
-11.8300
11.2700
6.7200
267
342
373
329
496
-0.0839
-1.0024
-0.0908
-5.6000
8.8900
6.5800
309
390
436
360
496
-0.0678
-0.9716
-0.0820
-22.2600
3.0100
4.6200
345
426
479
387
492
-0.1259
-0.8501
-0.1435
6.7900
-6.5100
6.7900
374
452
504
405
492
-0.1118
-0.9809
-0.0893
5.6000
-3.1500
1.5400
388
471
517
419
491
-0.1215
-0.9740
-0.0898
-0.6300
-2.6600
-1.1200
395
484
522
431
490
-0.1279
-0.9716
-0.0898
2.9400
-0.6300
0.9100
400
493
525
439
489
-0.1274
-0.9604
-0.0947
7.9800
-3.7800
-1.5400
403
496
526
442
486
-0.1332
-0.9755
-0.0712
3.4300
-5.0400
-3.6400
403
496
526
442
488
-0.1322
-0.9828
-0.0805
4.4800
-7.7000
-1.1200
403
496
526
442
485
-0.1484
-0.9970
-0.0810
1.8200
-3.4300
-4.4100
402
495
526
441
488
-0.1332
-0.9823
-0.0683
0.7700
-4.3400
-3.4300
402
495
526
440
487
-0.1405
-0.9887
-0.0869
4.4100
-4.2700
-3.9200
402
494
526
440
487
-0.1313
-0.9945
-0.0703
3.6400
-3.7800
-2.5200
401
494
525
439
487
-0.1337
-0.9941
-0.0630
1.6100
-3.6400
-3.4300
401
493
525
439
485
-0.1210
-0.9780
-0.0756
1.7500
-5.8800
-1.6100
401
493
525
438
487
-0.1376
-0.9960
-0.0805
2.8000
-4.2000
-2.6600
400
492
525
436
485
-0.1357
-0.9784
-0.0673
4.1300
-3.6400
-2.5200
400
491
525
435
487
-0.1362
-0.9755
-0.0742
6.3700
-2.0300
-5.3200
399
484
522
423
487
-0.1357
-0.9872
-0.0678
4.3400
-3.5000
-4.6200
393
465
503
403
489
-0.1235
-0.9945
-0.0483
4.4100
-2.8700
-5.8800
385
447
480
381
491
-0.1220
-0.9755
-0.0800
14.5600
-2.6600
-3.5700
371
425
450
361
490
-0.1240
-1.0063
-0.0268
4.0600
-0.9800
-6.0900
348
401
414
330
493
-0.0991
-0.9828
-0.0303
3.7100
-0.1400
-8.6100
322
371
367
302
491
-0.0932
-0.9828
-0.0151
-2.9400
-5.7400
-9.9400
292
335
328
280
494
-0.0859
-0.9780
-0.0615
2.1000
-1.0500
-0.7700
273
311
302
262
496
-0.0917
-0.9936
-0.0395
11.1300
-3.2200
-6.8600
257
286
280
246
497
-0.0917
-1.0077
-0.0054
3.0800
-10.8500
-7.2800
242
269
264
232
505
-0.0698
-1.0087
-0.0303
-2.2400
-19.9500
-4.6200
230
257
255
221
507
-0.0576
-1.0165
-0.0049
1.2600
-36.6100
7.4200
216
246
252
211
516
-0.0547
-1.0653
-0.1108
-11.1300
-14.1400
-2.8700
207
243
251
210
525
-0.1396
-0.9653
-0.0752
3.4300
-1.9600
-2.1000
206
243
252
211
531
-0.0859
-0.9765
-0.0639
5.2500
-6.0200
0.9800
206
243
254
212
533
-0.1215
-1.0048
-0.0698
11.6200
-0.8400
-3.2900
206
245
256
214
533
-0.1244
-0.9745
-0.0210
-22.1900
-3.7100
-2.6600
204
247
257
215
546
-0.1381
-1.0043
-0.1610
-5.7400
12.3900
-4.6200
204
249
257
217
546
-0.0830
-1.0175
-0.1157
25.2000
-0.8400
-3.9900
205
249
258
218
544
-0.1044
-1.0146
-0.0586
8.9600
-7.5600
-6.4400
206
250
259
219
541
-0.1152
-0.9931
-0.0830
5.1800
-4.7600
-4.6900
207
250
260
220
540
-0.1205
-1.0009
-0.0766
1.8900
-4.8300
-5.0400
208
251
261
221
541
-0.1142
-0.9804
-0.0722
3.7800
-7.4900
-1.3300
208
252
261
221
541
-0.1064
-0.9745
-0.0756
-1.3300
-7.0000
-3.9200
209
252
262
222
539
-0.0996
-0.9740
-0.0820
2.2400
-5.3900
-2.5900
209
253
263
222
540
-0.1205
-0.9848
-0.0595
3.5700
-5.7400
-5.1100
210
253
263
223
540
-0.1078
-0.9941
-0.0761
0.4200
-2.1700
-3.6400
210
254
264
223
537
-0.0986
-0.9872
-0.0766
4.9700
-4.3400
-3.9200
210
254
264
223
539
-0.1039
-0.9828
-0.0722
1.9600
-5.1800
-1.6100
210
254
265
224
539
-0.0971
-1.0028
-0.0781
0.9100
-3.2200
-4.7600
211
255
265
224
536
-0.0986
-0.9706
-0.0961
3.2900
-6.3000
-3.0800
211
255
265
224
536
-0.0996
-0.9975
-0.0791
-0.4900
-4.1300
-2.9400
211
255
266
224
537
-0.1035
-0.9931
-0.0864
1.4000
-2.7300
-6.3000
211
256
266
225
536
-0.0942
-0.9950
-0.0761
-6.9300
-6.1600
-5.9500
212
256
266
225
532
-0.0761
-0.9848
-0.0937
3.1500
-4.1300
-6.3000
212
256
267
226
533
-0.0854
-1.0077
-0.0878
-7.9100
-3.7800
-5.4600
215
261
270
229
527
-0.1049
-0.9477
-0.1244
6.5800
-9.3100
-4.3400
225
269
279
236
518
-0.0947
-0.9584
-0.1025
2.6600
-2.1000
0.4900
238
278
293
246
516
-0.1166
-0.9472
-0.0766
1.7500
4.6900
-2.5200
267
300
321
269
511
-0.0981
-0.9677
-0.0678
-1.6100
3.2900
-0.6300
295
328
351
300
507
-0.0800
-0.9838
-0.1025
-5.1100
1.1200
2.6600
313
350
378
327
507
-0.0986
-0.9828
-0.1186
0.5600
0.3500
1.7500
345
385
430
354
503
-0.1059
-0.9950
-0.0937
6.4400
1.5400
2.2400
374
421
474
378
503
-0.0991
-0.9902
-0.1025
4.4800
0.0000
2.3100
395
445
499
393
500
-0.1181
-0.9833
-0.0947
1.0500
4.4800
1.6800
403
470
515
408
500
-0.1205
-1.0077
-0.1176
5.1100
1.6100
3.8500
404
487
522
430
495
-0.1322
-0.9882
-0.1152
3.7100
7.0700
3.9200
408
494
525
445
495
-0.1410
-1.0077
-0.1044
3.2900
7.4900
0.9100
413
499
527
452
494
-0.1664
-1.0024
-0.1142
9.0300
9.1700
-2.0300
416
501
528
453
494
-0.1332
-0.9570
-0.0800
8.0500
-2.5900
0.2800
416
502
529
453
493
-0.1498
-0.9799
-0.0903
5.2500
-3.2900
-2.1000
417
502
529
453
491
-0.1396
-0.9750
-0.0747
8.6800
-4.3400
-6.3000
417
501
528
452
493
-0.1420
-0.9848
-0.0669
1.9600
-5.8800
-3.2900
416
500
528
451
491
-0.1435
-0.9745
-0.0595
3.2200
-5.5300
-3.2900
416
500
528
450
493
-0.1464
-0.9819
-0.0595
3.6400
-4.6900
-2.6600
416
500
528
449
493
-0.1435
-0.9804
-0.0581
5.7400
-5.4600
-4.3400
416
499
528
448
493
-0.1366
-0.9872
-0.0508
-0.7700
-5.6700
-4.4100
416
499
528
447
493
-0.1440
-0.9887
-0.0581
-0.0700
-5.1100
-7.8400
415
492
526
440
491
-0.1254
-0.9789
-0.0634
-5.1100
-2.3100
-8.2600
410
470
503
427
497
-0.1259
-0.9731
-0.0903
5.0400
-1.8200
-7.1400
401
453
482
409
499
-0.1127
-0.9823
-0.0503
-0.1400
-3.6400
-6.9300
398
439
465
396
499
-0.1030
-0.9755
-0.0586
-2.7300
-3.1500
-3.0800
399
428
448
391
501
-0.1054
-0.9540
-0.0693
4.9700
-4.1300
-1.1900
398
423
434
388
499
-0.1025
-0.9809
-0.0649
0.3500
-4.2000
-3.4300
394
410
411
377
502
-0.0737
-1.0292
-0.0795
6.3000
-6.1600
-9.0300
389
386
387
353
503
-0.0766
-1.0067
-0.0473
0.4200
-8.3300
-6.0200
370
353
356
323
501
-0.0830
-1.0053
-0.0771
17.5700
-13.5100
-4.0600
353
326
334
294
502
-0.0942
-1.0355
-0.0717
15.8200
-20.5100
-6.9300
332
297
311
268
502
-0.0810
-0.9867
-0.0693
-23.6600
-19.0400
-1.3300
303
274
290
249
495
-0.0898
-0.9823
-0.0815
-19.2500
-21.2800
-0.7000
281
261
278
236
485
-0.0864
-0.9882
-0.1176
-20.9300
-18.9000
0.7000
261
253
271
228
483
-0.0991
-0.9877
-0.1596
-4.9700
-9.0300
-0.4900
251
248
265
222
483
-0.1074
-0.9711
-0.1430
-3.2200
-9.8700
-1.3300
242
244
261
221
489
-0.1103
-0.9906
-0.1523
1.2600
-3.4300
-3.7100
238
243
259
221
500
-0.0791
-0.9838
-0.1601
2.5200
-6.0200
-2.8700
238
243
259
222
505
-0.0932
-0.9823
-0.1469
5.0400
2.3100
3.7800
237
244
261
225
510
-0.1298
-0.9531
-0.1269
-7.4900
3.8500
0.1400
236
245
263
227
507
-0.1142
-0.9457
-0.1635
-3.0100
0.9800
-1.5400
236
245
264
230
508
-0.1103
-0.9711
-0.1484
-3.2200
-2.3100
-6.5100
235
245
265
231
507
-0.1186
-0.9594
-0.1620
4.0600
-3.7100
0.1400
233
245
266
232
504
-0.1235
-0.9784
-0.1581
0.9800
-2.5200
-2.8000
231
246
266
233
507
-0.1113
-0.9682
-0.1732
1.4000
-3.5000
-2.4500
232
247
267
233
506
-0.1054
-0.9882
-0.1532
3.0800
-4.4800
-4.7600
233
247
267
234
504
-0.1054
-0.9858
-0.1425
3.1500
-5.6000
-3.9200
233
248
267
234
506
-0.1122
-0.9897
-0.1620
2.5900
-5.3200
-1.5400
234
249
268
235
504
-0.1181
-0.9867
-0.1527
3.7100
-1.7500
-2.9400
235
250
269
235
507
-0.1103
-0.9726
-0.1484
3.2900
-4.2000
-3.9200
236
250
269
236
507
-0.1147
-0.9740
-0.1396
3.9900
-6.0900
-4.8300
236
250
269
236
505
-0.1059
-0.9740
-0.1362
2.8000
-3.8500
-3.0100
237
251
270
236
507
-0.1064
-0.9643
-0.1454
-0.2100
-3.2200
-2.3800
237
251
270
237
506
-0.1044
-0.9706
-0.1449
-0.9100
-3.4300
-3.7800
239
252
271
238
503
-0.0976
-0.9750
-0.1420
-5.2500
-5.0400
-6.0900
242
255
273
239
501
-0.0932
-0.9814
-0.1879
-0.2800
-1.5400
-6.3700
252
265
287
247
498
-0.0966
-0.9804
-0.1620
7.6300
0.7700
-6.1600
272
279
311
266
502
-0.0791
-0.9799
-0.1718
0.5600
5.8800
-1.8200
316
325
356
313
501
-0.0756
-1.0102
-0.1669
11.2700
9.1700
6.5800
362
393
434
346
496
-0.0864
-0.9677
-0.1610
18.6200
2.6600
0.9800
387
434
478
366
497
-0.0932
-1.0126
-0.1371
12.1100
9.3800
1.6800
406
457
496
380
495
-0.0976
-1.0004
-0.1049
0.8400
-5.6000
-2.8700
414
467
504
386
494
-0.1152
-0.9921
-0.0581
0.0000
-5.2500
-2.1700
414
468
505
387
494
-0.0991
-0.9677
-0.1000
1.3300
-1.7500
-0.3500
415
468
506
387
491
-0.1181
-0.9897
-0.1191
4.4800
-2.3800
-3.9900
418
473
512
390
493
-0.0991
-0.9921
-0.1152
4.3400
-5.1100
-1.6800
419
476
514
395
490
-0.1181
-0.9823
-0.1098
3.7800
-5.3900
-2.7300
419
476
514
396
493
-0.1157
-0.9877
-0.0981
2.8700
-4.1300
-2.1700
419
476
514
396
493
-0.1137
-0.9828
-0.1074
4.1300
-2.3100
-3.7100
418
476
514
396
491
-0.1044
-0.9765
-0.0991
1.8200
-2.8000
-3.5700
418
476
514
396
493
-0.1049
-0.9706
-0.0991
2.3100
-3.5000
-2.1700
418
476
513
396
490
-0.1078
-0.9950
-0.1025
1.3300
-2.8000
-4.2000
418
476
513
396
493
-0.1083
-0.9887
-0.1039
1.8900
-1.8200
-3.0800
418
476
513
396
492
-0.1049
-0.9853
-0.1122
-2.5900
-4.5500
-3.5700
418
477
514
396
492
-0.1093
-0.9775
-0.1064
1.7500
-5.2500
-2.0300
418
477
514
396
492
-0.1181
-0.9711
-0.1132
3.2900
-4.2700
-2.6600
417
477
514
395
490
-0.1074
-0.9775
-0.1025
-0.0700
-3.9900
-2.0300
417
476
513
395
492
-0.1108
-0.9804
-0.1127
2.8000
-4.4800
-2.1700
416
476
513
395
490
-0.1064
-0.9843
-0.0976
3.0100
-3.9900
-2.1700
416
476
513
395
492
-0.1054
-0.9848
-0.1054
3.4300
-3.0100
-3.5000
416
475
513
394
492
-0.0996
-0.9760
-0.1098
2.5200
-5.1800
-2.8000
416
475
513
394
490
-0.1152
-0.9945
-0.0971
5.6700
-3.9200
-3.8500
416
475
513
394
492
-0.1093
-0.9916
-0.1088
3.0100
-4.6200
-4.2700
415
475
512
394
490
-0.0991
-0.9799
-0.0981
4.3400
-5.5300
-3.0800
415
474
512
394
492
-0.1137
-0.9970
-0.1025
3.0100
-4.5500
-3.7800
415
474
512
393
492
-0.1093
-0.9872
-0.1122
1.4700
-2.1000
-2.3800
414
473
512
393
492
-0.0927
-0.9989
-0.0854
-0.6300
-3.0800
-3.4300
414
473
512
393
492
-0.1113
-0.9809
-0.1113
4.2000
-2.7300
-4.7600
414
472
511
393
490
-0.1035
-0.9965
-0.1064
1.6800
-3.7800
-2.5900
413
470
510
393
492
-0.1049
-0.9945
-0.1044
2.9400
-2.9400
-2.6600
412
469
509
392
490
-0.1010
-0.9921
-0.1049
5.8800
-4.4100
-4.9000
411
467
507
392
493
-0.1005
-0.9984
-0.1010
0.1400
-3.8500
-2.8700
410
466
506
392
493
-0.0947
-0.9750
-0.0932
-3.9200
-3.0800
-3.5700
408
463
500
390
493
-0.0854
-0.9687
-0.1132
4.6900
-2.8700
-2.4500
403
453
483
387
495
-0.1064
-0.9823
-0.1176
0.2800
0.2100
0.0000
399
439
459
380
495
-0.1069
-0.9716
-0.0976
4.1300
0.7000
-2.1700
390
403
413
363
500
-0.1249
-0.9662
-0.1098
25.2000
16.5200
2.5200
366
361
365
338
499
-0.1088
-0.9960
-0.0488
5.8800
2.5200
-1.9600
341
319
324
299
499
-0.0908
-0.9911
-0.0795
4.7600
-1.4000
-9.3100
311
280
282
259
500
-0.0630
-0.9716
-0.0478
15.3300
-7.9100
-0.7000
291
261
259
238
489
-0.0976
-0.9780
-0.0156
4.6200
-10.8500
-2.9400
275
252
252
231
481
-0.0952
-0.9540
-0.0171
-22.3300
-22.4700
2.3800
257
244
248
224
478
-0.0830
-0.9784
-0.0576
-18.0600
-19.3900
-0.4900
244
239
247
222
482
-0.1113
-0.9775
-0.0805
-5.3900
-11.9700
-2.6600
236
235
247
222
499
-0.0839
-0.9716
-0.0590
-4.1300
-9.3800
0.2800
234
235
248
223
513
-0.1064
-0.9911
-0.0708
-0.2100
-6.3000
-2.3100
234
236
249
223
518
-0.0976
-0.9941
-0.0698
4.2000
-5.2500
-3.2200
234
237
251
224
525
-0.0947
-0.9906
-0.0683
1.7500
-6.1600
-6.0900
236
238
252
224
524
-0.0830
-0.9897
-0.0854
2.7300
-4.3400
-3.3600
236
239
253
225
521
-0.0913
-0.9989
-0.0786
0.6300
-5.0400
-4.2700
237
240
254
226
523
-0.0913
-1.0004
-0.0664
1.4700
-5.2500
-3.0800
238
241
255
226
523
-0.0898
-0.9941
-0.0791
1.1900
-3.7800
-3.0100
239
242
256
227
520
-0.0927
-0.9838
-0.0825
-4.0600
-3.4300
-3.5700
240
243
256
228
522
-0.0898
-0.9736
-0.0849
2.3100
-2.0300
-2.8000
240
244
257
228
521
-0.0825
-0.9804
-0.0825
2.5200
-3.6400
-2.8700
241
244
258
229
519
-0.0883
-0.9814
-0.0805
3.5000
-3.0100
-3.4300
241
245
258
229
521
-0.0952
-0.9775
-0.0878
0.8400
-2.4500
-1.6800
242
246
259
230
518
-0.1015
-0.9858
-0.0810
2.8700
-1.8200
-2.2400
242
246
260
231
518
-0.0776
-0.9750
-0.0830
-0.5600
-3.9900
-2.7300
242
247
260
231
520
-0.0917
-0.9853
-0.0688
0.9800
-3.7800
-3.0800
243
247
261
231
518
-0.0917
-0.9848
-0.0908
2.4500
-5.3900
-1.5400
243
248
261
232
520
-0.0830
-0.9804
-0.0805
2.2400
-3.3600
-3.3600
244
248
262
232
520
-0.0864
-1.0028
-0.0786
0.4200
-4.2700
-3.5000
244
248
262
233
517
-0.0756
-0.9784
-0.0849
0.0700
-5.1100
-3.0800
245
249
263
233
519
-0.0966
-0.9906
-0.0752
3.5000
-3.3600
-3.0100
245
249
263
233
520
-0.0839
-0.9941
-0.0800
1.8900
-4.6900
-3.1500
245
249
263
233
517
-0.0849
-0.9877
-0.0859
2.9400
-4.4800
-3.2200
245
250
263
234
520
-0.0849
-0.9887
-0.0688
2.5900
-4.1300
-3.6400
245
250
263
234
519
-0.0805
-0.9784
-0.0771
3.0100
-4.1300
-2.2400
246
250
264
234
517
-0.0839
-0.9980
-0.0732
2.1000
-4.3400
-4.0600
246
250
264
234
519
-0.0727
-0.9809
-0.0786
1.8200
-4.3400
-3.1500
246
250
264
235
517
-0.0830
-0.9916
-0.0849
2.6600
-3.7800
-2.8000
246
251
265
235
519
-0.0834
-0.9843
-0.0903
2.4500
-4.2700
-3.6400
246
251
265
235
520
-0.0717
-0.9906
-0.0712
1.0500
-3.8500
-2.5900
247
251
265
235
517
-0.0830
-0.9902
-0.0683
1.8900
-3.5700
-4.4100
247
251
265
235
519
-0.0688
-0.9760
-0.0747
-0.0700
-3.8500
-3.6400
247
251
265
236
519
-0.0869
-0.9936
-0.0756
-0.2800
-3.2900
-3.5700
247
251
265
236
516
-0.0722
-0.9760
-0.0898
0.9100
-5.1100
-3.4300
247
251
266
236
518
-0.0820
-0.9965
-0.0708
-3.5000
-5.2500
-1.5400
247
252
266
236
517
-0.0844
-0.9887
-0.1044
-7.7000
-6.8600
-3.4300
250
256
270
237
509
-0.0786
-1.0014
-0.0786
-2.2400
-10.3600
-6.5100
258
262
278
241
505
-0.0683
-0.9867
-0.1200
1.8200
-6.8600
-6.8600
276
275
293
252
502
-0.0761
-0.9731
-0.1137
-1.9600
-3.6400
-1.2600
302
297
316
272
496
-0.0825
-0.9682
-0.1118
-3.3600
-0.6300
-2.3100
325
330
350
301
496
-0.0669
-0.9858
-0.1196
-1.1200
-1.4000
-0.9800
349
374
399
332
495
-0.0586
-0.9721
-0.1064
-5.8100
-4.7600
2.3800
363
394
432
355
490
-0.0913
-0.9667
-0.1615
-0.5600
2.9400
7.1400
378
414
462
380
491
-0.0961
-1.0385
-0.0327
9.3100
0.9100
3.3600
393
440
488
396
487
-0.1137
-1.0180
-0.0395
6.2300
5.1100
2.5900
408
460
507
412
489
-0.1035
-0.9833
-0.1713
14.0000
3.6400
7.8400
419
487
521
431
482
-0.1415
-0.9911
-0.1542
9.1700
0.3500
2.1700
419
498
526
444
482
-0.1357
-0.9931
-0.1259
9.1700
-1.9600
1.5400
419
501
527
449
478
-0.1425
-0.9706
-0.1152
4.6900
-4.8300
-2.5200
420
502
528
450
479
-0.1420
-0.9789
-0.1147
3.7800
-4.9000
-3.8500
420
502
528
450
479
-0.1410
-0.9701
-0.1049
3.2900
-6.2300
-1.6100
420
503
528
450
479
-0.1566
-0.9862
-0.1049
4.5500
-4.9700
-3.2200
419
502
528
450
479
-0.1401
-0.9775
-0.1083
5.3200
-5.4600
-3.5000
419
502
528
449
476
-0.1469
-0.9804
-0.0952
3.2900
-3.2200
-3.8500
419
501
528
448
479
-0.1449
-0.9755
-0.0961
0.6300
-5.1800
-4.4100
418
501
528
447
476
-0.1420
-0.9726
-0.1035
1.3300
-5.5300
-3.4300
418
500
528
446
479
-0.1454
-0.9799
-0.0986
6.7200
-4.7600
-3.7100
418
499
528
446
476
-0.1415
-0.9892
-0.0913
4.1300
-3.5700
-3.8500
417
499
528
445
478
-0.1396
-0.9828
-0.0932
2.8700
-3.8500
-2.9400
417
498
528
445
479
-0.1405
-0.9775
-0.0800
1.8200
-3.9200
-4.0600
417
498
527
445
479
-0.1503
-0.9750
-0.0869
1.1200
-4.4100
-3.6400
416
498
527
445
479
-0.1420
-0.9819
-0.0839
2.5200
-4.3400
-3.9900
416
498
527
444
479
-0.1493
-0.9858
-0.0922
0.6300
-3.9200
-4.1300
416
497
527
444
479
-0.1342
-0.9819
-0.0874
2.3100
-4.6900
-2.4500
416
497
527
443
477
-0.1410
-0.9858
-0.0981
1.1900
-2.6600
-3.2200
416
496
527
442
479
-0.1401
-0.9770
-0.0883
1.8200
-4.3400
-3.2200
416
496
527
442
477
-0.1474
-0.9794
-0.0937
0.0700
-4.3400
-4.4100
415
496
527
441
479
-0.1357
-0.9789
-0.0991
2.2400
-4.3400
-2.4500
415
495
527
441
479
-0.1405
-0.9838
-0.0908
1.6800
-3.8500
-2.9400
415
495
527
441
479
-0.1391
-0.9833
-0.0927
1.8900
-3.9900
-4.2000
415
494
526
439
479
-0.1396
-0.9862
-0.1020
0.7700
-4.6200
-5.8800
414
492
525
434
481
-0.1332
-0.9887
-0.0986
0.5600
-0.9100
-6.9300
411
488
521
426
483
-0.1181
-0.9936
-0.0981
-0.1400
-2.9400
-6.5800
408
479
511
418
483
-0.1200
-0.9843
-0.0937
-1.4700
-1.8900
-11.4800
399
461
478
412
490
-0.1030
-0.9804
-0.1332
1.4000
3.7800
-5.0400
387
437
444
396
495
-0.1093
-1.0014
-0.1288
16.2400
7.3500
-7.0700
384
398
403
373
494
-0.0834
-0.9916
-0.0830
12.1800
1.4700
-1.4700
370
367
368
342
493
-0.0844
-0.9775
-0.0893
15.4000
-4.5500
-2.5200
350
335
333
306
491
-0.0976
-1.0189
-0.0732
1.4000
-9.7300
-9.0300
332
306
302
279
496
-0.0898
-0.9775
-0.0678
0.4900
-15.1900
-11.7600
313
286
281
260
494
-0.0488
-0.9882
-0.1044
-9.1700
-19.2500
-7.9100
296
274
268
247
487
-0.0698
-1.0272
-0.0669
-6.4400
-11.4800
-8.8900
281
264
259
237
485
-0.0708
-0.9833
-0.1166
6.7200
-15.6800
-12.8100
271
258
253
232
477
-0.0581
-0.9828
-0.0917
-24.1500
-10.0100
-5.0400
262
254
249
228
471
-0.0532
-0.9672
-0.0878
-0.2800
-14.4200
-2.6600
251
249
246
222
475
-0.0615
-0.9701
-0.0732
4.8300
-17.6400
2.1700
241
245
246
220
483
-0.0712
-1.0141
-0.1152
5.8800
-1.6100
-7.8400
237
244
247
220
490
-0.0371
-1.0087
-0.0800
1.9600
-4.8300
-5.7400
236
244
247
221
497
-0.0425
-0.9765
-0.0766
1.6800
-5.3200
0.4900
232
243
248
222
499
-0.0659
-0.9921
-0.0859
-2.3100
-7.8400
0.4900
230
244
250
223
503
-0.0786
-0.9789
-0.0937
0.0700
0.2800
-1.0500
233
245
252
225
500
-0.0527
-0.9838
-0.0874
-4.8300
-1.4700
-2.8000
234
247
253
225
499
-0.0600
-0.9823
-0.0942
2.5200
-4.4100
-1.7500
235
248
254
226
498
-0.0478
-0.9799
-0.1161
0.3500
-4.2700
-3.4300
235
248
255
227
496
-0.0498
-0.9945
-0.1098
1.2600
-6.0200
-4.5500
236
249
255
227
498
-0.0620
-0.9858
-0.1108
2.5900
-3.7800
-1.8200
236
250
256
228
498
-0.0498
-1.0014
-0.0981
3.3600
-4.6900
-1.7500
237
250
257
228
498
-0.0532
-0.9809
-0.1069
7.8400
-6.0900
-4.0600
238
251
257
229
499
-0.0473
-0.9960
-0.0908
-0.0700
-2.0300
-3.0800
238
252
258
229
496
-0.0464
-0.9945
-0.0947
-1.6800
-3.5000
-4.3400
239
252
259
230
498
-0.0488
-0.9833
-0.1152
0.2800
-3.2900
-3.0800
239
252
259
230
495
-0.0478
-0.9941
-0.1127
3.8500
-5.9500
-3.1500
239
253
259
230
497
-0.0576
-0.9916
-0.1025
1.4000
-4.2700
-2.4500
239
253
260
231
498
-0.0459
-0.9975
-0.1074
1.8200
-5.8100
-3.7100
240
254
261
231
495
-0.0473
-0.9862
-0.1015
4.7600
-5.1800
-4.4800
240
254
261
232
497
-0.0420
-1.0038
-0.0966
2.0300
-4.9000
-2.5200
241
255
262
232
495
-0.0429
-0.9877
-0.1157
1.2600
-4.5500
-2.8000
241
255
262
233
498
-0.0542
-0.9833
-0.1083
2.8000
-2.7300
-2.5900
241
255
263
233
497
-0.0468
-0.9936
-0.1088
3.2200
-3.5700
-2.6600
241
256
263
233
496
-0.0454
-0.9799
-0.1010
3.9900
-4.3400
-3.7100
241
256
264
233
499
-0.0405
-0.9970
-0.1118
2.0300
-4.4100
-2.8000
241
256
264
233
496
-0.0488
-0.9897
-0.1078
2.7300
-4.3400
-2.8000
242
256
264
234
498
-0.0444
-0.9877
-0.1030
3.9200
-3.9900
-3.1500
242
256
264
234
499
-0.0366
-0.9882
-0.0927
1.8200
-5.2500
-4.4800
242
256
265
234
496
-0.0332
-0.9916
-0.1035
3.7100
-3.9200
-3.0800
242
256
265
235
498
-0.0415
-0.9984
-0.0883
2.4500
-4.4800
-2.7300
242
257
265
235
497
-0.0493
-0.9877
-0.0976
1.7500
-4.4800
-3.5000
242
257
265
235
499
-0.0381
-0.9911
-0.0952
1.6100
-4.6900
-3.3600
243
257
265
235
499
-0.0508
-0.9941
-0.0986
3.0100
-3.7100
-3.2200
243
257
266
235
499
-0.0444
-0.9882
-0.0966
2.8700
-4.2000
-3.0800
243
257
266
236
499
-0.0405
-0.9877
-0.0786
3.0100
-4.2700
-2.2400
243
258
266
236
497
-0.0454
-0.9892
-0.1020
3.2900
-3.6400
-2.7300
244
258
266
236
500
-0.0337
-0.9950
-0.0883
1.1900
-4.2000
-3.3600
244
258
267
236
499
-0.0454
-0.9897
-0.0791
3.2900
-4.2000
-3.9200
244
258
267
236
499
-0.0454
-0.9902
-0.0996
3.3600
-3.5000
-3.5700
244
258
267
236
499
-0.0473
-1.0185
-0.0820
-1.7500
-4.4800
-2.5900
245
258
267
236
495
-0.0542
-0.9848
-0.1010
2.3800
-0.5600
-2.5200
245
259
267
237
497
-0.0215
-0.9965
-0.0849
0.3500
-3.0100
-2.5200
245
259
267
237
496
-0.0425
-0.9809
-0.1118
-1.8200
-1.8200
-1.4700
245
258
267
237
495
-0.0337
-0.9902
-0.0932
-9.8700
5.7400
7.7000
246
261
271
238
496
-0.0293
-1.0297
-0.1337
21.2800
16.8700
2.1700
280
289
306
270
487
-0.0171
-0.9853
-0.1020
21.2100
13.5100
5.9500
335
354
386
340
481
-0.0883
-0.9765
-0.1088
-3.3600
-3.2900
9.0300
373
409
455
377
479
-0.0937
-0.9897
0.0888
-0.1400
10.3600
15.6100
409
454
501
405
475
-0.1132
-1.0106
-0.0717
7.0700
0.2800
7.9800
424
484
518
421
473
-0.1513
-1.0146
-0.0776
6.2300
0.4200
2.4500
425
495
522
430
471
-0.1381
-0.9804
-0.0576
5.6700
-4.3400
0.8400
424
496
523
431
470
-0.1337
-0.9965
-0.0664
-1.1200
-6.8600
-0.1400
423
495
523
429
469
-0.1732
-0.9809
-0.0869
-4.4800
-4.1300
-3.3600
422
494
523
428
469
-0.1737
-0.9897
-0.0981
-7.2100
-3.2900
-4.2700
421
494
523
429
466
-0.1342
-0.9165
-0.1430
3.0800
-1.6800
3.7100
420
494
523
429
469
-0.1771
-1.0077
-0.0869
2.8700
3.2200
2.1700
419
493
523
429
466
-0.1703
-0.9726
-0.0996
1.2600
10.2900
-0.1400
418
493
523
428
470
-0.1527
-0.9453
-0.1254
0.4200
4.1300
6.8600
417
492
523
428
469
-0.1586
-0.9784
-0.0917
6.6500
-2.8700
4.5500
417
492
523
428
471
-0.1947
-0.9726
-0.0844
-7.9100
-7.2800
2.0300
416
490
523
426
470
-0.2001
-0.9614
-0.1454
-19.6700
-3.8500
-1.1900
415
489
523
423
476
-0.2059
-0.9170
-0.1923
-25.9000
-6.7200
-3.3600
415
492
524
426
484
-0.2040
-0.9682
-0.2386
-7.7000
-5.2500
-6.8600
415
493
524
429
484
-0.2074
-0.9599
-0.2747
-8.4700
-1.6800
-6.8600
415
493
524
430
491
-0.1732
-0.9184
-0.2123
-7.7700
-8.8900
-5.1800
415
493
524
430
493
-0.2137
-0.9126
-0.2294
-6.5800
-12.1100
-13.7200
415
491
523
428
497
-0.2025
-0.9555
-0.1654
0.8400
-7.7000
-17.4300
415
486
521
422
500
-0.0810
-0.9950
-0.1942
-2.5200
-8.1200
-16.8000
416
484
519
418
503
-0.0981
-0.9418
-0.1874
5.1100
-4.4800
-14.0000
415
482
518
411
505
-0.1532
-0.9004
-0.1259
5.2500
-16.5200
-17.6400
415
481
515
406
510
-0.0698
-0.8911
-0.2406
-5.5300
-23.0300
11.9700
412
476
509
401
511
-0.1064
-1.0043
-0.2216
-0.3500
1.0500
-6.8600
406
466
502
392
512
-0.1152
-1.0253
-0.2142
-2.5200
-1.3300
-16.3800
376
428
473
379
511
-0.0605
-0.9370
-0.1854
-4.6200
-2.1000
-5.9500
342
385
454
360
513
-0.0356
-0.9228
-0.1771
-7.0700
-10.1500
3.2900
319
346
417
326
512
-0.0464
-0.9316
-0.2064
-13.1600
-13.0200
5.2500
300
310
364
292
503
-0.0688
-0.9633
-0.2318
-7.9100
-14.0000
0.1400
284
275
323
266
499
-0.1059
-0.9526
-0.2298
-8.2600
-14.1400
-0.4900
265
253
298
249
498
-0.1093
-0.9228
-0.2567
-4.6900
-18.3400
1.1900
249
239
283
237
495
-0.1069
-0.9770
-0.2372
5.0400
-15.2600
-3.7800
238
231
274
233
498
-0.1249
-0.9492
-0.2586
7.7700
-12.0400
-3.8500
233
230
273
232
501
-0.0986
-0.9609
-0.2552
7.0000
-10.0100
-2.8000
231
231
273
233
504
-0.1191
-0.9789
-0.2186
4.2000
-7.7000
-5.8800
229
233
273
233
513
-0.1025
-0.9750
-0.2108
0.9100
-4.4100
-4.1300
228
235
274
234
521
-0.1205
-0.9858
-0.2133
3.3600
0.0000
-10.2900
228
237
274
235
520
-0.1127
-0.9521
-0.2298
2.7300
0.1400
-6.0900
226
239
274
235
525
-0.1059
-0.9667
-0.2079
3.4300
-1.3300
-6.6500
226
241
275
236
529
-0.0844
-0.9687
-0.2235
7.9100
-0.9100
-3.7100
226
242
276
236
530
-0.0908
-0.9711
-0.2030
6.7200
-4.0600
-4.3400
226
243
277
237
534
-0.0800
-0.9653
-0.1908
7.2100
-6.2300
-4.7600
227
244
277
237
537
-0.0956
-0.9921
-0.1874
5.9500
-6.5100
-4.2000
227
245
279
238
534
-0.1035
-0.9877
-0.1898
6.9300
-3.5700
-6.7900
227
245
279
238
536
-0.0795
-0.9745
-0.1903
3.8500
-3.9200
-5.0400
228
246
280
239
535
-0.0737
-0.9697
-0.1718
5.2500
-5.6700
-4.4100
229
247
281
239
533
-0.0761
-0.9960
-0.1654
1.7500
-3.9900
-3.2200
229
247
281
239
532
-0.0849
-0.9980
-0.1835
3.9900
-0.9100
-4.9000
230
247
282
240
533
-0.0615
-0.9740
-0.1606
4.7600
-3.9200
-0.4200
230
248
282
240
533
-0.0639
-0.9833
-0.1606
3.2200
-6.5100
-2.9400
231
248
283
240
531
-0.0688
-0.9775
-0.1659
2.6600
-5.8100
-1.9600
231
248
283
240
533
-0.0854
-0.9848
-0.1444
-1.4000
-3.8500
-1.6100
231
249
283
241
532
-0.0634
-0.9765
-0.1493
0.5600
-2.2400
-3.3600
232
248
284
241
529
-0.0561
-0.9740
-0.1596
-3.4300
-5.9500
-2.8700
233
248
285
242
528
-0.0669
-0.9755
-0.1484
1.9600
-3.0100
-2.8700
233
249
285
242
527
-0.0698
-0.9701
-0.1508
0.4200
-4.4100
-3.8500
234
249
285
243
525
-0.0708
-0.9770
-0.1664
0.3500
-4.2000
-2.1000
234
249
286
243
527
-0.0683
-0.9819
-0.1440
0.3500
-2.8000
-3.3600
234
249
286
243
525
-0.0634
-0.9775
-0.1396
-8.2600
-3.9200
-2.8700
237
250
288
244
519
-0.0630
-0.9902
-0.1781
1.1200
-2.1000
-4.1300
242
252
292
246
519
-0.0634
-0.9814
-0.1747
0.2800
-7.4900
5.3200
247
257
298
250
516
-0.1083
-0.9965
-0.1835
3.6400
3.2200
-2.2400
261
267
308
260
513
-0.0508
-0.9882
-0.1815
-4.8300
2.9400
3.0100
288
290
331
278
515
-0.0698
-0.9418
-0.1396
-6.7200
5.8800
2.8700
309
318
359
297
514
-0.0917
-0.9848
-0.1664
-31.9200
-9.8700
4.4800
336
352
396
325
511
-0.0834
-0.9672
-0.1952
-0.4200
-0.4200
-0.6300
368
379
420
351
511
-0.0683
-0.9526
-0.1840
-0.4900
-3.5000
-1.1900
378
392
436
363
509
-0.0878
-0.9819
-0.1937
7.9100
-3.2900
-4.6900
385
413
461
379
504
-0.0810
-0.9770
-0.1952
3.9900
3.0100
-4.6900
393
426
478
393
505
-0.0996
-0.9467
-0.2313
-4.4100
3.5700
-0.6300
398
440
494
403
500
-0.0952
-0.9545
-0.0639
4.9700
3.2900
-0.6300
406
458
509
412
499
-0.0864
-0.9740
-0.1645
7.4200
-2.9400
-2.7300
417
480
518
421
497
-0.0917
-0.9770
-0.1659
6.1600
-4.6200
-3.5700
421
492
522
427
493
-0.1113
-0.9692
-0.1767
5.0400
-1.1900
-0.9100
420
498
525
431
495
-0.0986
-0.9823
-0.1581
11.4800
-2.1700
0.1400
420
499
526
433
490
-0.1059
-0.9965
-0.1454
7.6300
-0.9800
-0.5600
420
500
527
435
489
-0.1083
-0.9780
-0.1581
7.9800
-3.0100
-4.7600
420
500
527
436
488
-0.1030
-0.9945
-0.1371
4.3400
-5.3900
-5.7400
419
500
527
436
488
-0.1005
-0.9858
-0.1405
7.3500
-5.4600
-5.7400
419
500
527
437
488
-0.1059
-0.9799
-0.1342
10.2200
-3.0800
-2.8700
419
500
527
437
484
-0.1054
-0.9862
-0.1230
5.4600
-4.1300
-3.5000
418
499
527
437
486
-0.0961
-0.9789
-0.1064
3.1500
-4.0600
-2.8700
418
499
527
437
483
-0.1035
-0.9882
-0.1249
4.6900
-4.2700
-3.7100
418
499
527
437
485
-0.1039
-0.9921
-0.1176
2.0300
-3.9900
-3.4300
418
499
527
437
485
-0.1093
-0.9906
-0.1220
3.7800
-3.9900
-3.7800
417
498
527
437
485
-0.0937
-0.9916
-0.1118
3.0800
-3.8500
-2.1000
417
498
527
437
485
-0.1030
-0.9902
-0.1113
0.8400
-4.0600
-3.5000
417
498
527
437
482
-0.1074
-0.9780
-0.1132
1.5400
-2.6600
-2.5200
417
497
526
436
484
-0.1044
-0.9809
-0.0825
-1.8200
-5.2500
-3.0100
417
497
527
436
482
-0.0996
-0.9780
-0.1157
0.9100
-3.9900
-3.5700
416
496
526
435
485
-0.0971
-0.9843
-0.1127
1.6800
-3.9200
-2.8700
416
496
526
432
485
-0.0991
-0.9887
-0.1049
0.9100
-5.3200
-3.5700
416
495
526
431
485
-0.1025
-0.9721
-0.1054
-6.5800
-6.7900
-8.4000
414
486
524
424
488
-0.1020
-0.9897
-0.1327
-5.8800
-2.0300
-9.2400
410
462
501
413
493
-0.0859
-0.9828
-0.1488
-5.5300
5.7400
-21.5600
401
429
468
399
503
-0.0312
-0.9277
-0.1357
3.5700
5.8100
-7.1400
391
401
446
382
505
-0.0351
-0.9780
-0.1288
5.6000
-1.1900
-5.3900
373
376
420
359
503
-0.0215
-0.9814
-0.1366
20.0900
-8.8900
-2.1700
359
347
390
335
505
-0.0244
-0.9858
-0.1103
7.9100
-9.5200
-3.4300
342
323
362
309
507
-0.0205
-0.9892
-0.1069
22.8900
-15.1900
-1.8200
326
297
340
283
507
-0.0605
-0.9692
-0.0600
8.3300
-5.7400
-1.5400
306
277
322
261
512
-0.0644
-1.0058
-0.0717
-1.6800
-6.5100
-3.1500
286
260
302
245
514
-0.0444
-0.9823
-0.0849
-9.3100
-12.2500
-2.1000
273
251
286
237
515
-0.0381
-0.9872
-0.1205
-7.9100
-15.6100
-3.0100
261
245
275
230
520
-0.0673
-0.9945
-0.1347
18.9000
-35.0700
-9.7300
253
240
266
228
532
-0.0522
-0.9892
-0.0673
2.3800
-5.9500
-6.2300
246
241
265
229
540
-0.0556
-0.9745
-0.0908
-1.5400
-4.5500
-4.4800
244
244
265
230
547
-0.0346
-0.9897
-0.1103
-3.2900
-6.1600
-3.4300
241
247
265
231
552
-0.0581
-0.9892
-0.0937
0.5600
-5.4600
-3.1500
239
249
267
233
553
-0.0478
-0.9697
-0.0830
3.8500
-5.5300
-2.6600
240
250
268
233
553
-0.0483
-0.9799
-0.1000
3.6400
-2.8000
-3.9900
241
252
270
235
550
-0.0464
-0.9902
-0.0888
-1.8900
-0.5600
-2.5200
241
252
271
235
551
-0.0498
-0.9843
-0.1064
2.5900
-4.4800
-2.5200
241
254
272
236
549
-0.0434
-1.0102
-0.0996
0.2100
-3.1500
-3.0800
242
255
273
237
546
-0.0551
-0.9945
-0.1005
6.3000
-3.0800
-3.0100
242
256
274
237
545
-0.0459
-1.0024
-0.0922
1.9600
-6.0200
-4.0600
243
256
275
238
547
-0.0468
-0.9843
-0.0952
3.9200
-3.9200
-3.9900
244
256
275
238
546
-0.0351
-0.9941
-0.0864
2.6600
-4.0600
-2.5200
244
257
276
239
543
-0.0327
-0.9823
-0.0976
3.5700
-3.9900
-3.2900
245
257
277
239
545
-0.0386
-0.9823
-0.0903
2.0300
-4.6200
-2.0300
245
258
277
240
545
-0.0371
-0.9843
-0.0903
1.7500
-5.1100
-1.8200
246
258
278
240
542
-0.0464
-0.9858
-0.0830
3.4300
-4.0600
-3.2900
246
258
278
241
542
-0.0405
-0.9887
-0.1005
2.9400
-5.1100
-2.8000
246
258
279
241
543
-0.0444
-1.0019
-0.0898
2.1000
-3.6400
-4.2000
247
259
279
241
543
-0.0346
-1.0004
-0.0869
0.2100
-4.4800
-3.9900
247
259
280
241
540
-0.0425
-0.9921
-0.0927
3.9200
-3.9200
-1.6100
247
260
280
242
542
-0.0381
-0.9945
-0.0942
3.0100
-3.9900
-1.4700
248
260
280
242
542
-0.0386
-0.9872
-0.0820
3.0800
-3.6400
-1.6800
248
260
281
243
540
-0.0415
-0.9950
-0.0839
1.2600
-3.9200
-2.7300
248
260
281
243
540
-0.0410
-0.9843
-0.0771
-1.2600
-2.5200
-3.5000
248
260
282
243
541
-0.0449
-0.9955
-0.1010
-3.5700
-2.5900
-6.3700
250
259
284
244
534
-0.0288
-0.9902
-0.1015
-7.9800
4.0600
-5.5300
256
261
290
248
523
-0.0425
-1.1234
-0.1527
-3.2200
-1.1900
-8.8200
289
286
323
273
519
0.1069
-1.0058
-0.1240
0.8400
-5.8800
5.7400
324
317
367
303
515
-0.0337
-0.9989
-0.1771
-10.1500
-7.5600
0.2100
349
358
407
329
511
-0.0722
-0.9877
-0.1806
-7.7000
-6.6500
0.5600
366
395
442
354
512
-0.0566
-0.9814
-0.2015
1.5400
-1.5400
-2.9400
379
421
469
367
510
-0.0600
-0.9931
-0.2030
4.2000
-1.7500
-1.8900
385
433
481
376
507
-0.0620
-0.9911
-0.1874
4.6200
-2.1700
-1.5400
392
447
494
385
508
-0.0625
-0.9848
-0.1903
3.9900
-0.7000
5.5300
405
466
509
398
504
-0.0688
-1.0228
-0.2196
12.6700
5.3900
2.8700
422
483
520
415
501
-0.1059
-0.9477
-0.1674
13.5800
1.1900
1.9600
426
492
525
426
497
-0.1074
-0.9867
-0.1649
11.2700
1.8900
1.2600
422
498
527
432
491
-0.0932
-0.9902
-0.1674
7.0700
-1.5400
0.8400
421
500
528
436
490
-0.1166
-0.9882
-0.1513
5.7400
-3.8500
-1.0500
422
501
528
438
487
-0.1235
-0.9936
-0.1620
5.6000
-6.0900
-4.5500
424
503
529
440
488
-0.1039
-0.9731
-0.1410
5.6700
-5.6000
-1.6800
427
504
529
441
487
-0.1176
-0.9814
-0.1440
6.6500
-6.0200
-3.7100
428
504
529
441
486
-0.1064
-0.9965
-0.1157
3.4300
-7.0000
-3.1500
428
505
529
441
486
-0.1122
-0.9760
-0.1449
4.6900
-3.0100
-1.2600
428
504
529
441
483
-0.1083
-0.9906
-0.1410
2.4500
-3.6400
-1.4000
428
504
529
440
486
-0.1147
-0.9853
-0.1308
5.7400
-4.9700
-3.9200
428
504
529
440
483
-0.1074
-0.9853
-0.1200
3.9200
-4.9000
-2.8000
428
504
529
439
485
-0.1137
-0.9819
-0.1215
2.5200
-3.5000
-4.9000
428
504
529
438
485
-0.0981
-0.9755
-0.1215
-1.1900
-4.4100
-2.3800
427
504
529
438
485
-0.1098
-0.9662
-0.1235
1.8900
-4.1300
-3.0100
427
504
529
438
485
-0.1039
-0.9784
-0.1249
3.3600
-5.1800
-4.0600
427
504
529
437
482
-0.0966
-0.9838
-0.1205
5.3900
-5.6000
-3.8500
427
503
529
437
485
-0.1049
-0.9960
-0.1313
3.2200
-2.8700
-2.8000
426
503
529
436
482
-0.1078
-0.9799
-0.1249
3.6400
-1.8900
-5.1100
426
503
529
436
484
-0.1000
-0.9814
-0.1283
1.9600
-2.6600
-2.5900
426
503
529
436
485
-0.0991
-0.9809
-0.1088
3.5000
-3.0100
-1.7500
425
502
528
436
484
-0.1171
-0.9862
-0.1210
1.7500
-2.0300
-2.3800
425
501
528
436
484
-0.1005
-0.9872
-0.1137
0.9100
-0.4200
-0.5600
425
500
528
434
484
-0.1161
-0.9887
-0.1410
0.9800
0.8400
-4.2000
422
490
517
422
490
-0.1010
-0.9384
-0.0966
10.2200
0.7000
-10.2200
418
479
503
408
494
-0.1025
-0.9882
-0.1059
-9.3800
-0.4900
-12.3200
412
463
490
398
503
-0.0761
-0.9638
-0.1337
-0.2100
0.2100
-12.2500
408
441
472
386
507
-0.0498
-0.9848
-0.1464
1.8200
5.9500
-13.5100
389
403
442
365
510
-0.0468
-0.9814
-0.1410
1.0500
-4.2000
-4.9000
363
365
402
341
515
-0.0395
-0.9799
-0.1420
3.1500
-14.1400
-3.5000
340
327
356
314
516
-0.0420
-0.9589
-0.1357
0.9100
-13.5100
0.8400
315
293
323
286
515
-0.0512
-0.9853
-0.1357
7.9800
-10.5700
0.6300
296
274
307
264
515
-0.0644
-1.0077
-0.0942
2.5900
-8.2600
0.2100
276
260
294
252
516
-0.0654
-0.9726
-0.1005
8.2600
-6.6500
-1.8900
261
248
280
241
513
-0.0571
-0.9721
-0.0917
9.3800
-4.9000
-1.1200
247
239
270
234
515
-0.0737
-1.0033
-0.1049
12.8800
-7.9800
-3.1500
239
236
266
232
515
-0.0644
-0.9843
-0.0517
7.9100
-5.6000
-3.7100
238
237
266
232
514
-0.0610
-0.9989
-0.0571
6.4400
-5.8100
-6.1600
237
238
266
233
519
-0.0600
-0.9921
-0.0468
8.0500
-4.9700
-4.7600
237
238
267
233
524
-0.0644
-1.0009
-0.0571
10.0800
-6.6500
-4.6200
237
239
267
234
526
-0.0493
-1.0048
-0.0156
9.2400
-7.3500
-4.9700
236
241
268
234
530
-0.0478
-0.9892
-0.0176
5.8100
-9.9400
-2.8000
236
242
269
235
531
-0.0527
-1.0028
-0.0029
6.4400
-12.3200
-8.0500
236
243
269
235
531
-0.0547
-0.9999
-0.0073
5.1800
-7.5600
-4.4800
236
245
269
236
532
-0.0527
-0.9887
0.0000
1.8900
-4.2700
-3.7800
237
245
270
237
534
-0.0337
-1.0058
0.0102
4.3400
-6.3700
-4.4100
237
246
272
237
533
-0.0381
-1.0028
0.0029
2.3800
-6.4400
-3.5700
237
247
272
237
536
-0.0293
-0.9980
0.0034
2.4500
-6.0900
-4.6900
237
248
273
237
536
-0.0278
-1.0028
-0.0088
-0.6300
-6.3700
-4.4800
237
248
273
237
534
-0.0278
-0.9926
0.0098
1.4000
-4.7600
-3.6400
237
249
274
238
536
-0.0429
-0.9892
-0.0049
2.8000
-3.0800
-3.5000
238
249
274
238
536
-0.0220
-1.0141
-0.0054
0.3500
-3.7800
-3.6400
238
250
275
238
533
-0.0215
-1.0019
-0.0015
1.7500
-5.6700
-3.1500
238
250
275
238
535
-0.0488
-0.9975
-0.0083
1.1200
-2.5900
-3.3600
239
251
276
239
536
-0.0195
-0.9916
-0.0010
-0.7700
-1.8200
-1.4700
239
251
276
239
536
-0.0366
-0.9843
0.0054
0.9800
-2.6600
-2.7300
239
252
276
239
534
-0.0376
-1.0009
0.0127
-1.1900
0.4200
-3.6400
239
252
277
239
536
-0.0215
-0.9941
-0.0073
0.0700
-4.2000
-6.9300
240
252
277
240
535
-0.0346
-0.9984
-0.0005
0.0700
-2.5200
-4.7600
240
252
277
240
532
-0.0185
-0.9858
-0.0166
3.0100
-2.7300
-4.1300
240
253
277
241
534
-0.0224
-1.0014
0.0122
1.7500
-3.7800
-3.5700
240
253
278
241
534
-0.0259
-1.0019
-0.0146
4.0600
-4.2700
-4.6900
241
253
278
241
532
-0.0259
-0.9999
-0.0083
3.7800
-4.7600
-3.2200
241
253
278
241
534
-0.0171
-0.9999
0.0122
3.9900
-6.4400
-2.8700
241
253
279
242
534
-0.0317
-1.0277
-0.0020
1.6800
-3.7100
-3.4300
241
254
279
242
531
-0.0390
-0.9931
0.0073
4.2700
-3.8500
-3.5000
242
254
279
242
533
-0.0273
-0.9877
-0.0088
5.8100
-5.0400
-3.2200
242
254
280
243
533
-0.0390
-1.0082
-0.0020
1.9600
-3.2900
-4.4800
243
254
280
243
530
-0.0415
-0.9999
0.0200
-2.2400
-2.8000
-3.1500
244
254
281
243
527
-0.0332
-0.9911
-0.0146
-4.0600
-4.0600
-4.7600
246
254
282
244
523
-0.0288
-1.0009
-0.0195
-3.8500
-0.8400
-4.2700
248
254
283
245
517
-0.0303
-0.9941
-0.0512
-2.9400
-1.4700
-2.2400
249
255
284
246
516
-0.0322
-0.9906
-0.0181
-2.1000
-4.6200
-3.2200
251
256
286
248
511
-0.0190
-0.9984
-0.0420
-4.4100
-3.0100
-2.1700
256
259
290
252
507
-0.0195
-0.9833
-0.0439
-18.2700
-3.5700
-1.3300
267
268
299
261
509
-0.0190
-0.9994
-0.0800
-16.7300
-2.3100
4.0600
305
297
328
289
503
-0.0151
-0.9760
-0.1064
-27.4400
0.4900
-4.9700
330
319
351
318
498
-0.0366
-1.0102
-0.1440
7.9800
2.7300
22.8200
360
359
394
364
488
-0.0781
-1.0380
-0.1347
10.2200
-3.1500
21.7700
393
427
478
399
475
-0.0810
-1.0141
0.1508
21.5600
-8.4000
15.0500
418
471
516
422
468
-0.1279
-0.9955
-0.1157
15.1900
-6.4400
6.3000
423
499
526
440
463
-0.1240
-1.0170
-0.0688
8.4700
0.9800
3.6400
425
505
529
446
459
-0.1308
-0.9501
-0.0659
1.1900
-4.0600
-2.0300
426
506
529
447
458
-0.1376
-0.9736
-0.0898
8.0500
-4.0600
-8.7500
425
506
529
447
458
-0.1527
-0.9936
-0.0971
-0.1400
-6.0900
-11.7600
424
505
530
446
458
-0.1269
-0.9941
-0.0791
0.1400
-6.2300
-17.7100
423
504
529
444
455
-0.0791
-0.9814
-0.0395
12.3900
-6.8600
-18.8300
423
503
529
443
457
-0.0410
-1.0121
-0.0449
-3.2900
-14.0000
-13.0900
422
503
529
441
456
-0.0239
-0.9789
-0.0952
-9.1000
-11.2000
-2.1000
421
502
529
441
456
-0.0615
-0.9643
-0.1030
-4.2700
3.1500
4.9000
421
502
529
440
456
-0.0586
-1.0072
-0.1098
-10.2200
9.5900
6.3700
420
502
529
439
457
-0.0605
-0.9658
-0.1449
10.7800
-3.0800
2.3800
420
501
529
437
457
-0.0849
-0.9848
-0.1274
-0.9800
-5.0400
0.2800
420
501
529
436
457
-0.1010
-0.9731
-0.1064
5.0400
-8.1900
-3.9900
419
500
529
435
457
-0.0834
-0.9770
-0.1230
6.2300
-5.6700
-2.8000
419
500
529
434
457
-0.0883
-0.9848
-0.1200
4.5500
-5.8100
-4.2000
419
499
528
432
457
-0.0844
-0.9897
-0.1157
-0.0700
-4.6200
-0.7000
418
499
528
431
457
-0.0883
-0.9677
-0.1205
3.3600
-5.6700
-3.0800
418
498
528
428
458
-0.0786
-0.9750
-0.0776
9.3100
-3.5700
1.4000
417
497
528
427
458
-0.0761
-0.9867
-0.0917
5.4600
-0.5600
-0.1400
417
497
528
427
458
-0.0854
-1.0058
-0.0615
7.7000
-4.0600
-6.9300
417
497
528
427
459
-0.0605
-0.9911
-0.0810
10.8500
-9.5900
-3.7100
416
496
528
427
459
-0.1030
-0.9784
-0.0429
17.9200
-15.1900
-1.4700
416
496
527
427
461
-0.1122
-1.0175
-0.0259
8.0500
-6.8600
-5.1100
415
496
527
427
462
-0.1054
-0.9931
-0.0464
-3.2900
-3.3600
-3.7800
415
496
527
427
462
-0.0956
-0.9736
-0.0293
5.0400
-6.7900
-2.0300
415
495
527
426
464
-0.1176
-1.0092
-0.0161
-1.0500
-3.9900
-5.2500
415
495
527
426
463
-0.0932
-0.9853
-0.0669
-2.8000
-4.3400
-6.3700
415
495
527
425
463
-0.0737
-0.9638
-0.0254
6.9300
-5.6700
-0.4200
415
495
527
425
462
-0.0947
-0.9882
-0.0112
5.8800
-9.7300
-2.1700
414
494
527
425
464
-0.1098
-0.9892
-0.0298
1.1200
-3.8500
-3.4300
414
494
527
426
461
-0.0844
-0.9745
-0.0307
5.1800
-2.6600
-1.3300
414
494
527
427
463
-0.0791
-1.0053
-0.0034
0.1400
-4.2000
-3.4300
414
494
527
427
461
-0.0922
-0.9745
-0.0508
5.1800
-6.8600
-1.0500
414
494
527
427
464
-0.1069
-1.0067
-0.0073
3.0100
-4.4100
-0.6300
414
494
527
427
461
-0.1035
-0.9848
-0.0229
-0.0700
-3.3600
-2.7300
414
494
527
427
462
-0.0708
-0.9994
-0.0181
3.9900
-5.6700
-2.9400
414
494
527
427
460
-0.0859
-0.9858
-0.0190
3.8500
-8.2600
-2.2400
413
493
527
427
464
-0.1039
-0.9902
0.0024
4.3400
-7.0000
-2.2400
413
493
527
427
463
-0.1064
-0.9950
-0.0185
2.4500
-4.4800
-2.0300
413
493
526
427
463
-0.1074
-0.9921
-0.0215
-0.4900
-3.9200
-3.1500
413
493
527
427
463
-0.0986
-1.0048
0.0010
0.2100
-5.8800
-6.2300
413
493
526
427
463
-0.0917
-0.9789
-0.0117
2.2400
-5.4600
-1.9600
413
493
527
427
463
-0.1015
-0.9970
-0.0083
1.5400
-3.6400
-3.7800
413
493
526
427
463
-0.0917
-0.9799
0.0005
-0.1400
-3.0100
-1.1200
413
493
526
427
463
-0.0966
-0.9970
-0.0234
-1.5400
-4.6200
-3.3600
413
493
526
426
462
-0.0996
-0.9848
-0.0210
1.1900
-3.7800
-3.3600
413
493
526
426
462
-0.0859
-0.9853
-0.0088
5.3900
-5.6000
-2.0300
412
492
526
426
462
-0.0947
-1.0033
-0.0137
3.1500
-6.8600
-3.0100
412
492
526
426
463
-0.1083
-0.9965
-0.0171
0.2800
-2.2400
-3.1500
412
492
526
426
462
-0.1025
-0.9819
-0.0293
3.5700
-2.5200
-4.1300
412
491
526
426
462
-0.0859
-0.9950
-0.0151
1.1900
-4.1300
-3.0800
412
491
526
426
462
-0.0937
-0.9872
-0.0239
0.8400
-4.5500
-2.1700
412
491
526
426
461
-0.0971
-0.9867
-0.0117
1.6100
-5.5300
-2.2400
412
491
526
426
462
-0.0834
-0.9882
-0.0024
1.6100
-6.8600
-3.2900
411
491
526
425
462
-0.1010
-0.9853
-0.0264
5.7400
-5.3200
-3.0100
411
491
526
425
463
-0.0854
-1.0009
0.0088
0.2100
-5.6000
-3.5700
411
491
526
425
463
-0.0922
-0.9877
0.0059
2.0300
-3.7100
-2.1000
411
491
526
425
464
-0.0898
-0.9853
-0.0171
1.6100
-4.4100
-1.1900
411
490
526
425
463
-0.1108
-0.9858
-0.0176
7.2800
-1.8200
-6.6500
411
491
526
424
462
-0.0708
-1.0102
0.0073
-5.6000
1.3300
-4.5500
411
491
526
424
462
-0.0669
-0.9902
-0.0083
0.4900
-5.2500
-1.6800
411
490
526
424
462
-0.0854
-1.0028
-0.0156
0.4200
-5.3200
-3.4300
410
490
526
424
462
-0.0981
-0.9697
-0.0283
1.3300
-5.1800
-2.9400
410
490
526
424
463
-0.1074
-1.0155
-0.0200
2.8000
-1.9600
-6.7900
411
490
526
424
462
-0.0693
-0.9809
-0.0093
-4.0600
-0.2100
-5.5300
411
490
526
424
462
-0.0712
-0.9838
-0.0234
-17.4300
-1.5400
-3.2900
411
491
526
423
463
-0.0732
-0.9892
-0.0312
-0.7000
-4.8300
-3.4300
411
490
526
424
464
-0.0849
-0.9853
-0.0151
0.2100
-4.1300
-4.0600
411
490
526
423
464
-0.0703
-0.9950
-0.0254
5.2500
-3.0800
-3.7100
411
490
526
423
464
-0.0654
-0.9843
-0.0273
0.6300
-5.1100
-3.2200
411
490
526
423
464
-0.0737
-0.9848
-0.0234
3.3600
-4.8300
-3.5000
411
490
526
423
465
-0.0834
-0.9950
-0.0405
2.9400
-2.4500
-3.5000
411
490
526
423
465
-0.0781
-0.9965
-0.0327
2.5900
-1.6800
-4.2700
411
490
526
423
465
-0.0634
-0.9911
-0.0215
0.3500
-2.4500
-0.8400
411
490
526
424
465
-0.0756
-0.9867
-0.0512
2.8000
-3.2200
-2.1000
411
490
526
424
466
-0.0708
-1.0048
-0.0185
3.7100
-4.2700
-0.0700
411
490
525
425
466
-0.0869
-0.9960
-0.0356
1.0500
-6.5100
-3.2900
411
490
526
426
466
-0.0937
-0.9916
-0.0298
0.6300
-4.8300
-2.8000
411
490
526
426
466
-0.0913
-1.0033
-0.0532
5.1800
-2.9400
-3.2900
411
490
526
426
466
-0.0820
-1.0043
-0.0185
2.7300
-2.5900
-4.6900
411
490
526
426
466
-0.0664
-0.9955
-0.0220
1.9600
-4.4800
-3.9900
411
490
525
426
466
-0.0820
-0.9911
-0.0312
2.3800
-3.5700
-3.7800
411
490
526
426
463
-0.0756
-1.0053
-0.0293
-1.4700
-2.3100
-5.1800
411
490
525
426
465
-0.0630
-0.9745
-0.0551
1.8900
-2.7300
-2.8000
411
490
525
426
463
-0.0688
-0.9838
-0.0429
3.1500
-4.0600
-1.6100
411
490
525
426
466
-0.0825
-1.0048
-0.0307
2.3800
-1.8200
-5.0400
411
490
525
426
463
-0.0678
-1.0028
-0.0327
-3.0800
-0.0700
-4.7600
411
490
525
427
466
-0.0478
-0.9726
-0.0581
1.2600
-6.4400
-5.3900
411
490
525
427
466
-0.0527
-0.9916
-0.0259
0.9100
-4.3400
-3.0100
410
490
525
427
469
-0.0537
-0.9926
-0.0551
-3.2200
-2.8700
-1.8200
410
490
525
427
467
-0.0673
-0.9999
-0.0473
-4.4100
-0.2800
-3.3600
410
490
525
427
471
-0.0356
-0.9911
-0.0620
-5.2500
-4.1300
-3.5000
410
490
525
427
472
-0.0405
-0.9682
-0.0649
-22.3300
-3.4300
-1.6800
409
490
525
427
478
-0.0683
-0.9921
-0.1240
-5.2500
12.9500
-0.9800
408
489
525
428
482
-0.0874
-0.9716
-0.0986
0.9100
-0.4900
-6.1600
408
490
525
428
479
-0.0107
-1.0067
-0.1161
1.7500
-2.7300
3.7100
408
490
525
429
483
-0.0449
-0.9838
-0.1020
0.7700
-1.4700
9.1000
408
489
526
429
496
-0.0747
-0.9926
-0.0532
7.5600
-6.5100
-5.0400
408
489
526
429
496
-0.0922
-0.9721
-0.0732
3.2200
-2.1700
8.1200
407
489
525
433
492
-0.1161
-0.9833
-0.1210
8.8200
-7.1400
-3.5000
407
488
525
445
494
-0.1005
-0.9745
-0.0815
1.5400
-9.4500
-0.9800
407
488
525
450
495
-0.0913
-0.9745
-0.1083
2.3800
-7.9800
-0.1400
407
488
525
457
493
-0.1044
-0.9892
-0.0942
0.8400
-2.8700
-0.1400
407
487
525
459
495
-0.1332
-0.9867
-0.0996
-1.0500
-3.2200
-3.8500
407
487
525
460
491
-0.1044
-0.9672
-0.0971
5.3900
-5.7400
-1.4700
407
487
525
458
495
-0.0015
-0.9887
-0.1000
5.5300
-1.3300
1.3300
407
487
525
458
494
-0.1059
-1.0058
-0.0874
5.3200
-0.9800
-0.4200
407
488
525
455
495
-0.1288
-0.9672
-0.0815
11.9000
1.6100
0.7700
408
488
525
455
498
-0.1610
-0.9843
-0.0830
30.8700
9.8700
9.4500
407
488
525
454
494
-0.1728
-0.9584
0.0630
-62.7900
-10.4300
-0.0700
407
488
525
430
497
-0.1313
-0.9804
-0.0112
-5.3900
-13.1600
0.4900
407
488
525
424
498
-0.1347
-0.9531
-0.0215
3.2200
-11.0600
14.2800
407
488
525
425
505
-0.2054
-0.9672
-0.0200
4.3400
-13.0900
10.9900
407
488
525
425
515
-0.2508
-0.9604
-0.0415
-0.2800
-10.0800
-12.7400
407
489
525
426
515
-0.2367
-0.9926
-0.0317
0.6300
1.8200
-0.6300
407
489
525
429
514
-0.2113
-0.9609
-0.0259
1.7500
-6.3700
-1.6800
407
489
525
433
511
-0.2338
-0.9682
-0.0107
0.7000
-3.2200
-3.2900
407
488
524
438
513
-0.2328
-0.9399
-0.0332
2.5900
-4.3400
-2.4500
407
488
524
439
512
-0.2479
-0.9692
-0.0215
1.0500
-4.6200
-9.3100
406
488
524
441
512
-0.2240
-0.9594
-0.0317
1.6800
3.5000
-7.2100
406
488
524
441
508
-0.2508
-0.9936
-0.0488
1.2600
6.6500
-19.6000
407
488
525
429
500
-0.1757
-0.9760
-0.0307
-1.1200
1.9600
-8.2600
407
488
525
428
501
-0.1503
-0.9814
-0.0342
-1.1900
-1.3300
-1.1900
407
487
524
427
500
-0.1659
-0.9760
-0.0542
0.3500
-4.7600
-3.9200
407
487
524
426
498
-0.1845
-0.9862
-0.0566
-3.5700
-2.8700
-4.3400
406
487
524
426
500
-0.1679
-0.9565
-0.0922
-1.6100
-5.2500
-0.2100
406
487
524
426
501
-0.1918
-0.9550
-0.1166
9.0300
-0.2100
-2.8000
406
487
524
425
501
-0.1547
-1.0175
-0.0337
-0.1400
-3.1500
1.1900
406
487
524
425
506
-0.0952
-0.9389
-0.1396
10.0800
-13.3000
-4.4800
406
487
524
426
505
-0.1801
-0.9906
-0.0527
6.0200
5.5300
-2.6600
406
487
524
428
504
-0.2069
-0.9936
-0.0595
-0.2100
-25.0600
-5.3200
406
487
524
435
504
-0.1503
-0.9711
-0.0278
-0.7700
-7.1400
-4.6900
406
486
524
439
503
-0.1742
-0.9731
-0.0503
4.2700
-9.9400
-2.1000
406
487
524
446
507
-0.1840
-0.9872
-0.0429
7.9800
-2.6600
-3.0800
405
487
524
448
509
-0.1523
-0.9662
-0.0425
8.9600
-15.5400
-3.0800
405
487
524
449
510
-0.1576
-0.9379
-0.0273
18.4100
-19.3900
-11.2700
405
487
524
443
514
-0.1469
-1.0106
0.0088
0.7700
-8.8900
-4.9700
405
487
524
441
514
-0.1635
-0.9682
-0.0015
0.7000
-9.1000
3.0800
405
487
524
439
512
-0.1898
-0.9770
-0.0171
11.6200
-15.6800
0.3500
405
487
524
435
516
-0.1864
-0.9936
-0.0029
3.4300
-4.6200
-3.2900
405
487
524
432
515
-0.1928
-0.9682
-0.0063
0.5600
-0.9100
-3.1500
405
487
524
424
511
-0.1723
-0.9740
-0.0444
1.4700
-6.3700
0.0000
405
487
524
423
512
0.0122
-0.9038
0.0224
1.1900
-3.9900
-1.9600
405
487
524
425
512
-0.1923
-0.9775
0.0185
3.1500
-3.6400
-5.2500
405
487
524
425
510
-0.1732
-0.9687
0.0122
1.1200
-4.2700
-1.8200
405
487
524
425
512
-0.1854
-0.9760
0.0020
6.3700
-6.7200
-2.4500
405
487
524
425
511
-0.2162
-0.9682
0.0015
-0.7700
-4.2700
-5.1800
405
487
524
426
512
-0.1645
-0.9745
0.0176
3.4300
-3.7800
-2.8000
405
487
524
424
512
-0.1854
-0.9721
0.0137
2.1700
-4.2700
-2.5900
405
486
524
420
509
-0.1732
-0.9658
0.0224
1.4700
-7.5600
-2.9400
405
486
524
416
511
-0.1606
-0.9867
-0.0107
3.9200
-0.9800
-2.4500
405
486
524
414
509
-0.1815
-0.9775
0.0034
1.8900
-4.6200
-5.3200
405
486
524
417
511
-0.1806
-0.9804
0.0083
1.6800
-3.2900
-5.1100
405
486
524
418
510
-0.1635
-0.9799
0.0156
4.9000
-5.8100
-3.9200
405
486
524
418
508
-0.1610
-0.9872
0.0102
6.7200
-7.1400
-1.1900
405
486
524
418
513
-0.1767
-0.9731
0.0264
2.8700
-7.0700
-2.6600
405
486
524
418
511
-0.1767
-0.9789
0.0283
3.0100
-6.3700
-4.2000
405
486
524
418
513
-0.1649
-0.9799
0.0181
1.3300
-6.6500
-3.7800
405
486
524
418
513
-0.1620
-0.9750
0.0395
2.6600
-3.5000
-4.3400
405
486
524
418
510