-0.1791
-0.9653
-0.1581
3.2200
-2.7300
-4.6200
395
451
497
422
564
-0.1547
-0.9716
-0.1527
2.5200
-4.6200
-2.1000
395
451
497
422
564
-0.1723
-0.9716
-0.1591
3.4300
-3.9900
-2.9400
395
451
497
422
566
-0.1684
-0.9706
-0.1449
0.0000
-4.9000
-3.2200
395
451
496
422
567
-0.1767
-0.9579
-0.1523
5.1800
-3.9200
-3.6400
395
451
496
422
564
-0.1674
-0.9731
-0.1435
0.3500
-3.5700
-2.7300
395
451
496
422
564
-0.1693
-0.9584
-0.1459
1.7500
-4.6200
-3.5000
395
451
497
422
564
-0.1747
-0.9662
-0.1440
3.0100
-3.7800
-2.7300
395
452
496
422
567
-0.1723
-0.9501
-0.1537
1.3300
-2.7300
-3.2900
395
451
496
422
566
-0.1610
-0.9706
-0.1410
0.2800
-3.9200
-2.5200
395
451
496
422
564
-0.1693
-0.9555
-0.1562
2.5900
-4.4800
-2.7300
395
452
497
422
564
-0.1752
-0.9731
-0.1425
0.7000
-2.9400
-3.0800
395
451
496
422
566
-0.1688
-0.9648
-0.1523
2.5200
-4.4100
-2.0300
395
451
496
422
566
-0.1698
-0.9726
-0.1498
0.2800
-2.7300
-2.8700
395
452
497
422
566
-0.1693
-0.9667
-0.1566
0.8400
-3.3600
-2.1000
395
452
497
422
564
-0.1737
-0.9653
-0.1508
0.7700
-2.8700
-2.9400
395
452
497
422
564
-0.1566
-0.9672
-0.1703
7.3500
-8.1900
-2.8700
386
446
497
422
567
-0.1469
-0.9760
-0.1620
3.7100
-8.1200
-5.6000
355
426
497
422
571
-0.1640
-0.9560
-0.1527
6.6500
-12.3200
-11.1300
323
401
497
421
577
-0.1732
-0.9609
-0.1381
13.9300
-12.6000
-10.3600
298
385
499
420
584
-0.1293
-0.9750
-0.0937
8.4000
-11.7600
-5.9500
264
358
499
418
592
-0.1444
-0.9858
-0.1108
11.7600
-16.6600
-16.8000
245
334
498
415
608
-0.0913
-0.9892
-0.0737
23.5200
-15.1200
-10.3600
235
314
497
411
627
-0.1083
-0.9931
-0.0576
55.6500
-48.7200
-42.1400
226
301
497
411
641
-0.0508
-0.9804
0.1039
70.4200
-53.2000
-26.3200
221
292
496
411
642
0.0503
-0.9614
0.1898
37.6600
-37.4500
-11.5500
218
286
495
410
647
0.0434
-0.9618
0.1571
35.4900
-55.0900
-28.8400
217
285
496
406
653
0.0864
-0.9677
0.2406
66.3600
-75.8800
-62.2300
217
287
497
400
667
0.2045
-0.9170
0.3367
79.0300
-75.5300
-44.7300
215
288
495
393
692
0.3323
-0.8560
0.4026
74.7600
-76.9300
-54.9500
212
282
494
390
719
0.4426
-0.7940
0.2655
84.7700
-84.5600
-45.2200
209
281
494
387
752
0.5290
-0.6383
0.4382
35.1400
-53.2000
-33.6000
208
278
494
384
762
0.6173
-0.6700
0.4358
24.7100
-27.8600
-21.4900
208
278
495
376
769
0.6403
-0.6822
0.4402
12.7400
-43.6100
-33.1800
208
277
495
371
760
0.7432
-0.5695
0.4089
2.3800
-16.0300
-5.7400
206
278
497
372
751
0.7149
-0.5934
0.3802
4.5500
-17.4300
-22.0500
207
280
497
369
732
0.7564
-0.5656
0.3987
3.2900
-15.1900
-14.2100
207
280
496
366
723
0.7481
-0.5558
0.3680
-0.7700
-8.0500
-9.0300
207
281
496
367
712
0.8067
-0.5588
0.3748
-2.5900
-8.4000
-6.9300
207
282
496
369
705
0.7793
-0.5353
0.3470
3.9900
-6.7900
-3.9200
208
283
496
369
700
0.7803
-0.5588
0.3723
4.0600
-5.3900
-0.9800
208
284
496
369
697
0.7647
-0.5505
0.3645
-0.3500
-4.3400
-5.3200
209
285
496
369
694
0.7847
-0.5344
0.3601
1.3300
-5.4600
-6.7900
209
285
496
369
696
0.8115
-0.5470
0.3680
-2.1000
1.6100
0.1400
209
286
496
370
697
0.7671
-0.5446
0.3396
3.0800
-2.1000
-7.1400
209
286
496
370
695
0.7989
-0.5324
0.3421
3.0800
-7.1400
-0.7000
210
287
496
371
693
0.7842
-0.5397
0.3499
2.1000
-3.8500
-3.1500
210
287
496
371
691
0.7823
-0.5436
0.3543
1.4000
-3.9200
-3.5700
210
287
496
372
691
0.7989
-0.5348
0.3499
2.8700
-3.2200
-3.0100
210
288
496
372
692
0.7852
-0.5480
0.3680
1.6100
-4.9700
-4.7600
210
288
496
372
691
0.7940
-0.5397
0.3514
1.1200
-6.8600
-3.2900
210
288
497
372
690
0.7828
-0.5431
0.3606
0.0000
-4.9000
-2.0300
210
288
497
373
689
0.7886
-0.5456
0.3387
1.1900
-4.7600
-2.3800
211
288
497
373
687
0.7837
-0.5427
0.3445
3.2900
-6.2300
-3.0800
211
288
497
374
686
0.7876
-0.5383
0.3509
3.9200
-4.0600
-3.0100
211
288
497
374
686
0.7891
-0.5329
0.3509
2.3100
-2.5900
-1.5400
211
289
497
374
685
0.7871
-0.5373
0.3528
0.9100
0.1400
-0.2100
212
289
497
375
686
0.8062
-0.5456
0.3655
-3.5700
4.4800
3.0800
213
288
497
376
682
0.8028
-0.5427
0.3972
-24.9200
20.2300
33.1100
215
289
496
377
672
0.7764
-0.5983
0.3704
-45.2900
61.0400
62.1600
218
294
496
381
655
0.5973
-0.7110
0.3348
-33.1800
46.6200
53.5500
227
308
494
388
640
0.4846
-0.7925
0.3728
-34.2300
44.5200
56.0000
240
328
493
395
620
0.4553
-0.8672
0.3782
-57.6100
52.7100
36.3300
256
357
493
401
595
0.2899
-0.9023
0.2738
-74.2000
51.8000
37.9400
295
388
495
408
586
0.2250
-0.9248
0.1908
-53.9700
39.3400
42.6300
322
409
497
415
570
0.1659
-0.9672
0.1225
-46.7600
40.2500
36.1900
333
415
498
419
557
0.0576
-0.9911
0.0512
-31.9200
32.2000
29.4000
345
429
500
423
551
0.0112
-1.0214
0.0088
-29.0500
20.9300
26.3900
357
441
501
427
527
-0.0254
-0.9931
-0.0669
-32.4800
31.2900
32.1300
368
452
503
431
524
-0.0752
-0.9677
-0.1132
-40.7400
30.8700
25.2000
374
457
504
433
525
-0.1298
-0.9604
-0.2094
-27.9300
31.9200
23.1000
378
460
505
434
526
-0.1767
-0.9374
-0.2699
-19.3900
21.3500
26.9500
381
462
507
434
529
-0.1606
-0.9091
-0.2660
-17.5000
20.8600
15.8900
383
464
507
434
528
-0.1957
-0.9067
-0.3255
-13.5800
17.5000
12.7400
384
465
508
434
531
-0.1932
-0.9082
-0.3357
-10.2900
9.5900
4.7600
386
467
508
434
534
-0.2030
-0.8764
-0.3806
-2.3100
2.8700
2.1000
388
468
509
434
534
-0.2147
-0.9008
-0.3762
-1.6100
2.1000
2.5200
388
468
509
433
533
-0.2259
-0.8935
-0.3924
-8.3300
5.4600
-1.0500
390
471
509
433
535
-0.2015
-0.8633
-0.4089
-2.7300
-0.4900
-2.0300
392
472
509
434
535
-0.2225
-0.8847
-0.4094
2.6600
-2.2400
-1.2600
393
473
510
434
534
-0.2152
-0.8867
-0.4211
0.7000
3.7800
-5.8800
393
473
510
434
534
-0.2074
-0.8711
-0.4153
1.2600
-0.2800
-2.3100
393
473
510
434
537
-0.2186
-0.8672
-0.4124
7.4200
-5.8800
-3.6400
394
473
511
434
536
-0.2035
-0.8940
-0.4050
-0.2100
-4.9700
-3.3600
394
473
511
434
534
-0.2074
-0.8730
-0.4197
1.9600
-4.2700
-2.1700
394
473
511
434
536
-0.2089
-0.8706
-0.4148
2.9400
-4.2700
-3.9200
394
473
511
434
536
-0.2040
-0.8911
-0.4036
1.2600
-4.1300
-4.1300
394
473
511
434
534
-0.1976
-0.8843
-0.3992
-0.4900
-4.1300
-4.6200
394
473
511
434
534
-0.2040
-0.8823
-0.4211
1.6800
-4.1300
-4.7600
394
473
511
434
536
-0.1893
-0.8740
-0.4065
2.5200
-4.6200
-1.9600
395
473
511
435
536
-0.2035
-0.8886
-0.4026
2.9400
-4.2700
-7.3500
394
473
511
435
534
-0.1918
-0.8740
-0.4109
4.2700
-5.8800
-9.8700
395
473
511
435
535
-0.1874
-0.8901
-0.4138
10.5000
-4.6900
-10.8500
395
472
511
435
535
-0.1732
-0.9140
-0.3987
7.3500
-11.9000
-16.1000
395
470
512
435
534
-0.1649
-0.9135
-0.4070
17.4300
-21.9100
-14.0000
392
468
512
435
532
-0.1562
-0.9331
-0.3518
11.2700
-18.1300
-22.0500
386
465
512
435
527
-0.1415
-0.9360
-0.3235
19.6000
-22.3300
-22.1200
376
460
512
435
523
-0.1035
-0.9697
-0.2821
16.8000
-28.2100
-31.5000
365
448
511
435
519
-0.0854
-0.9277
-0.2718
28.6300
-31.6400
-29.8200
340
429
511
435
516
-0.0303
-0.9531
-0.2201
38.3600
-33.8100
-24.5700
312
399
510
435
513
-0.0249
-0.9731
-0.1244
49.6300
-33.0400
-3.0800
291
378
511
435
513
-0.0176
-0.9721
-0.0376
44.4500
-39.7600
-26.5300
277
356
510
433
512
0.0298
-1.0038
0.0405
63.0000
-49.9800
-27.5800
261
331
508
432
509
-0.0015
-1.0204
0.1513
78.3300
-52.2200
-33.6000
249
312
502
431
505
0.1186
-1.0102
0.1962
68.6000
-62.2300
-43.6800
237
293
499
430
505
0.1918
-0.9438
0.3323
57.9600
-73.1500
-36.8200
227
283
495
423
514
0.2425
-0.9584
0.3616
62.0900
-67.7600
-56.0700
220
279
496
418
523
0.3719
-0.8823
0.3665
42.4900
-78.0500
-55.2300
217
271
495
414
528
0.5275
-0.7935
0.3850
28.4200
-74.4800
-47.5300
215
269
496
408
535
0.5749
-0.7471
0.3626
32.4800
-47.5300
-32.2000
215
270
498
403
542
0.6476
-0.7008
0.3592
13.7900
-39.6200
-31.0100
215
272
499
398
549
0.7310
-0.6637
0.3255
-1.1900
-26.3200
-14.9100
213
272
500
395
551
0.7320
-0.6276
0.2879
3.7800
-19.9500
-10.2900
212
272
501
396
551
0.7598
-0.6129
0.2869
5.6700
-17.7800
-12.0400
211
271
501
395
546
0.7320
-0.6285
0.2650
10.6400
-10.5700
-10.6400
210
272
501
394
539
0.7408
-0.5929
0.2630
16.6600
-14.0700
-18.7600
209
271
501
392
535
0.7584
-0.5788
0.2723
17.8500
-29.7500
-28.8400
209
270
500
390
535
0.8438
-0.5251
0.2616
14.4200
-10.7100
-10.0800
209
270
500
389
534
0.8472
-0.5344
0.2455
12.0400
-8.8200
-4.2700
210
271
500
389
533
0.8330
-0.5202
0.2694
9.1700
-1.8900
-3.5700
211
272
500
388
527
0.8364
-0.5002
0.2635
2.8000
-2.4500
-2.4500
211
274
499
388
527
0.8398
-0.5163
0.2562
4.2000
-5.6700
-2.3100
212
274
499
388
524
0.8730
-0.4992
0.2704
3.4300
-5.8100
-3.6400
212
275
499
389
525
0.8457
-0.5065
0.2762
1.2600
-4.9700
-1.8900
213
275
499
389
525
0.8423
-0.5051
0.2489
3.2200
-3.9900
-2.5900
213
276
499
389
522
0.8447
-0.4948
0.2664
4.2700
-4.0600
-3.2900
214
277
499
389
524
0.8579
-0.4953
0.2430
2.8000
0.8400
-3.2900
215
278
499
390
521
0.8535
-0.5144
0.3006
2.1000
-1.6100
-6.4400
215
280
500
390
521
0.8398
-0.5339
0.3484
-4.6200
3.5700
-0.7700
216
281
500
391
520
0.8413
-0.4719
0.2913
-5.7400
2.2400
1.3300
216
281
500
391
517
0.8374
-0.4982
0.2743
5.4600
-0.4200
-1.0500
217
281
500
392
518
0.7779
-0.5222
0.3216
6.6500
-6.6500
-6.1600
217
282
500
392
516
0.7867
-0.5222
0.3143
3.0800
-2.1700
-9.8700
218
282
500
392
519
0.8472
-0.5119
0.3177
-1.8900
-2.3800
-3.5700
218
283
500
392
519
0.8330
-0.5031
0.2879
-0.9800
-8.4700
-2.1000
219
284
500
392
517
0.7984
-0.5070
0.3070
4.0600
-7.0000
-6.3000
220
284
500
393
519
0.8560
-0.5090
0.3089
1.1900
-2.7300
1.3300
220
285
500
393
519
0.7964
-0.5046
0.3035
1.3300
-4.8300
-5.3900
220
285
500
393
517
0.8447
-0.5080
0.2996
2.3800
-3.9200
-2.5200
220
285
500
393
519
0.8320
-0.5065
0.3045
-0.4900
-1.5400
-1.4000
221
286
500
393
517
0.8311
-0.4973
0.3065
2.0300
-0.2100
-0.2100
221
286
500
393
519
0.8140
-0.5026
0.3211
3.7100
-3.2200
-3.5700
221
286
500
393
519
0.8291
-0.5192
0.3265
1.0500
-3.4300
-1.3300
221
286
500
393
517
0.8115
-0.5109
0.3152
1.1900
-7.0700
-4.4100
221
287
500
393
519
0.8233
-0.5007
0.3162
4.9700
-5.8100
-2.7300
221
287
500
393
517
0.8135
-0.5100
0.3035
5.1800
-3.1500
-5.1800
221
287
500
393
519
0.8291
-0.5124
0.3318
4.6900
-4.0600
-5.3900
221
287
500
394
519
0.8003
-0.5100
0.3196
5.4600
-8.6100
-6.5100
221
287
500
394
517
0.8345
-0.4904
0.3284
4.5500
-5.1100
-1.4700
221
287
500
394
519
0.8135
-0.4943
0.3226
6.7200
-3.2200
-3.5700
222
287
500
394
517
0.8335
-0.4880
0.3406
1.8200
-2.0300
-0.5600
222
287
500
394
519
0.8516
-0.4904
0.3465
-6.1600
12.1100
18.4800
224
289
500
395
521
0.8374
-0.5295
0.3650
-13.4400
17.9200
40.1800
228
294
500
397
517
0.7447
-0.6159
0.3958
-19.1100
40.3900
46.3400
235
302
498
401
499
0.6456
-0.6564
0.4202
-29.5400
39.5500
38.5700
256
336
498
409
489
0.6154
-0.7296
0.4577
-38.5000
58.8700
62.0200
275
368
501
417
481
0.4602
-0.7935
0.4104
-54.5300
71.1900
72.1700
291
387
503
422
479
0.2586
-0.8838
0.3665
-64.4700
56.1400
60.6900
316
406
505
424
484
0.1601
-0.9394
0.2367
-58.3800
52.5000
60.7600
333
422
507
427
497
0.0376
-0.9575
0.1908
-50.1900
49.0700
56.0700
349
432
508
428
518
-0.0795
-0.9853
0.1157
-54.0400
47.0400
45.4300
359
439
509
429
532
-0.1757
-1.0033
0.0966
-42.2100
38.9200
27.5100
369
446
509
430
545
-0.2469
-0.9838
-0.0698
-28.4200
40.0400
19.4600
373
451
509
430
522
-0.2664
-0.9701
-0.1947
-20.7200
41.3000
-3.0800
377
456
509
432
525
-0.2123
-0.9287
-0.1967
-18.2700
22.5400
-3.8500
380
458
509
433
531
-0.2357
-0.9204
-0.1806
-2.1000
11.2000
3.0100
381
459
509
434
529
-0.2704
-0.9101
-0.2240
-7.9100
11.7600
8.1200
382
460
509
434
533
-0.2772
-0.9389
-0.2406
-9.1000
14.4200
-3.3600
383
461
510
435
539
-0.2757
-0.7993
-0.2567
9.1000
15.9600
0.7700
384
462
510
435
540
-0.2635
-0.9482
-0.2352
4.7600
18.9700
-15.4700
385
463
511
435
539
-0.1918
-0.9296
-0.2601
9.7300
5.3900
-7.7700
385
463
511
435
539
-0.1972
-0.9423
-0.2294
4.6900
2.1000
-4.1300
385
464
511
435
542
-0.2172
-0.9550
-0.2630
-5.6000
7.2100
-5.6700
385
464
511
436
543
-0.1932
-0.9301
-0.2728
-0.9800
5.9500
-4.1300
386
464
511
436
541
-0.1771
-0.9140
-0.2557
1.1900
-0.2100
-1.1900
386
464
511
436
544
-0.1845
-0.9306
-0.2689
-3.5000
0.4200
-4.7600
386
465
512
436
545
-0.1825
-0.9282
-0.2879
6.0900
-5.6700
-7.9800
386
465
512
436
541
-0.1796
-0.9331
-0.2743
1.2600
-2.5900
-1.7500
386
465
512
436
541
-0.1889
-0.9316
-0.2918
-3.3600
-1.8900
-3.2900
386
465
512
436
544
-0.1781
-0.9184
-0.2899
-0.7000
-1.9600
-1.9600
386
465
513
436
544
-0.1762
-0.9184
-0.2972
1.6800
-6.3000
-1.7500
387
466
513
436
542
-0.1918
-0.9340
-0.2855
2.9400
-5.9500
-2.8000
387
467
514
437
542
-0.1908
-0.9267
-0.2928
-0.8400
-1.8200
-2.3100
387
468
515
437
544
-0.1781
-0.9340
-0.2918
3.9200
-5.0400
-2.1700
388
468
515
437
543
-0.1874
-0.9414
-0.2908
3.5000
-6.1600
-3.1500
388
469
516
438
541
-0.1967
-0.9331
-0.2908
1.6800
-4.6200
-4.4800
388
469
516
438
541
-0.1840
-0.9321
-0.2840
3.4300
-4.5500
-2.3100
388
469
516
438
543
-0.1869
-0.9340
-0.2855
4.1300
-3.0100
-1.5400
388
469
516
438
543
-0.1869
-0.9365
-0.2816
2.0300
-3.3600
-2.8700
388
469
516
438
541
-0.1898
-0.9262
-0.2821
2.0300
-3.8500
-3.9200
388
469
516
438
541
-0.1874
-0.9228
-0.2747
4.7600
-4.3400
1.1900
388
469
516
438
543
-0.2020
-0.9335
-0.2738
6.0200
-5.6000
-4.8300
388
468
515
437
540
-0.1932
-0.9228
-0.2645
5.2500
-7.0700
-5.9500
389
467
515
438
540
-0.1879
-0.9433
-0.2625
5.1800
-7.6300
-5.8100
389
466
515
437
542
-0.1762
-0.9448
-0.2582
7.2800
-11.6900
-8.5400
388
465
515
438
541
-0.1742
-0.9130
-0.2342
9.5200
-8.6800
-5.9500
386
462
514
438
538
-0.1801
-0.9570
-0.2303
5.1100
-14.4900
-12.1100
386
462
514
438
538
-0.1742
-0.9399
-0.2484
16.5900
-21.5600
-25.6200
384
459
513
438
537
-0.1762
-0.9418
-0.2162
32.2000
-40.3200
-58.1700
377
452
510
437
533
-0.0747
-0.9697
-0.1664
43.8200
-47.5300
-51.0300
372
450
508
437
537
0.0317
-0.9643
-0.0205
50.8900
-52.9200
-34.3000
374
453
508
438
537
0.1103
-0.9731
0.0366
46.9000
-43.3300
-30.2400
362
443
507
438
538
0.1230
-0.9794
0.1157
53.9000
-42.0000
-14.4200
359
437
507
438
538
0.1225
-0.9980
0.1547
49.4900
-42.2800
-23.8000
350
428
506
437
518
0.1771
-0.9243
0.2479
41.3700
-45.3600
-29.1200
327
409
504
431
517
0.2850
-0.9116
0.3060
26.3900
-29.2600
-21.7700
302
381
506
428
521
0.3143
-0.8950
0.3187
37.1000
-40.7400
-27.7200
282
352
507
424
523
0.3387
-0.8111
0.3845
46.7600
-58.3100
-46.5500
266
331
507
422
522
0.4534
-0.7315
0.4182
62.3700
-62.0900
-45.3600
258
321
506
416
521
0.6046
-0.6866
0.4651
51.5200
-52.4300
-33.6000
254
316
505
414
521
0.6593
-0.6686
0.4651
30.5900
-39.9700
-28.4200
253
314
504
412
521
0.7100
-0.5827
0.4226
25.9000
-29.4700
-19.1100
253
315
504
411
524
0.7325
-0.5500
0.4011
22.4000
-22.9600
-11.6200
250
309
504
408
527
0.7271
-0.5007
0.3977
28.7000
-26.1800
-17.1500
251
312
505
404
529
0.7701
-0.5085
0.4085
30.0300
-21.1400
-8.8200
248
307
505
399
528
0.7940
-0.4841
0.4021
28.8400
-25.9000
-9.2400
247
307
505
396
533
0.8023
-0.4680
0.3899
19.6700
-19.2500
-5.9500
245
303
506
396
537
0.8169
-0.4509
0.3914
22.0500
-21.0000
-5.8100
244
303
507
396
540
0.8447
-0.4514
0.3870
11.3400
-10.7100
-4.1300
242
301
507
396
538
0.8706
-0.4221
0.3919
14.9800
-9.5200
-5.6000
237
296
507
395
539
0.8599
-0.4065
0.3479
12.5300
-4.0600
-2.3800
231
289
507
394
541
0.8716
-0.4046
0.3611
12.1800
-7.2800
-0.6300
228
287
508
392
538
0.8481
-0.4197
0.3762
8.7500
-7.0000
0.3500
228
288
508
392
532
0.8345
-0.4119
0.3845
3.9200
-10.9200
-2.9400
228
288
508
393
530
0.8267
-0.4021
0.3821
5.1800
-6.7900
-2.9400
228
288
508
393
529
0.8579
-0.4016
0.3806
2.3100
-5.8100
-2.1700
229
289
508
394
525
0.8364
-0.4060
0.3870
2.6600
-5.3900
-3.7100
229
290
508
394
527
0.8652
-0.4036
0.3704
1.8900
-2.8000
-1.6100
230
290
508
394
524
0.8530
-0.4031
0.3938
3.0800
-5.4600
-3.6400
230
290
508
394
526
0.8569
-0.4055
0.3811
1.4700
-3.9200
-1.1900
230
291
508
394
525
0.8486
-0.4016
0.3831
2.0300
-4.6200
-2.5200
231
291
508
395
523
0.8618
-0.4094
0.3743
1.6100
-4.5500
-2.9400
231
292
508
395
525
0.8545
-0.4055
0.3797
1.7500
-2.7300
-2.1700
231
292
508
395
525
0.8540
-0.4114
0.3841
1.4700
-3.0100
-2.6600
232
293
508
395
522
0.8662
-0.4070
0.3699
1.4700
-5.4600
-1.6100
232
293
508
395
524
0.8403
-0.4089
0.3767
3.5000
-3.6400
-2.5900
232
294
508
395
522
0.8599
-0.4060
0.3826
1.4700
-4.2700
-2.5200
232
294
508
395
524
0.8520
-0.4099
0.4992
2.3100
-3.7100
-2.5200
232
294
508
395
524
0.8574
-0.4085
0.3797
1.9600
-3.7800
-2.8000
233
295
508
395
521
0.8682
-0.4050
0.3792
1.7500
-3.7100
-3.4300
233
295
508
395
524
0.8520
-0.4085
0.3860
1.8900
-3.1500
-2.0300
233
295
509
395
524
0.8472
-0.4046
0.3802
1.0500
-3.7100
-3.3600
233
295
508
395
521
0.8555
-0.4046
0.3748
1.6100
-3.9900
-2.1000
233
296
508
395
523
0.8467
-0.4046
0.3889
1.5400
-5.0400
-3.4300
234
296
509
395
521
0.8472
-0.4011
0.3816
1.7500
-3.5000
-3.9200
234
296
509
395
523
0.8633
-0.4080
0.3719
2.0300
-4.0600
-2.3800
234
296
509
395
523
0.8608
-0.3997
0.3850
1.4000
-3.7800
-3.8500
234
297
509
395
521
0.8633
-0.4080
0.3894
2.5900
-5.1100
-3.0800
235
297
509
395
524
0.8447
-0.4026
0.3841
2.3100
-4.0600
-2.8700
235
298
509
395
521
0.8496
-0.3938
0.3792
2.2400
-3.7800
-3.5000
235
298
509
395
523
0.8511
-0.4036
0.3767
2.4500
-3.9900
-2.4500
235
298
509
395
523
0.8486
-0.4026
0.3880
2.8000
-4.2000
-3.3600
235
298
509
395
521
0.8481
-0.3982
0.3865
3.1500
-4.8300
-3.5700
235
298
509
395
523
0.8506
-0.4026
0.3841
3.9200
-4.3400
-4.2700
235
298
509
395
523
0.8501
-0.3963
0.3865
3.0100
-4.3400
-3.6400
235
298
509
395
521
0.8589
-0.3933
0.3811
4.3400
-3.6400
-2.6600
235
299
509
395
523
0.8467
-0.3928
0.3894
3.9200
-3.0100
-3.7100
236
299
509
395
521
0.8555
-0.3943
0.3889
0.7700
-2.1000
-3.0100
236
299
509
395
523
0.8501
-0.3816
0.3826
2.8000
0.1400
-1.2600
236
299
509
395
523
0.8555
-0.3948
0.4021
2.8700
-2.3100
-1.8200
236
299
509
396
520
0.8516
-0.3977
0.4026
-2.3800
-4.0600
-0.8400
236
299
509
396
521
0.8520
-0.4016
0.3860
-2.1700
-3.2200
0.2100
236
299
509
396
518
0.8481
-0.3977
0.3899
-3.4300
0.9100
2.3800
237
299
509
396
520
0.8823
-0.4046
0.4133
-17.9900
15.6800
11.3400
240
303
508
398
513
0.8589
-0.4338
0.4455
-27.3000
26.0400
19.9500
248
314
507
403
496
0.7681
-0.4885
0.4353
-36.2600
47.6700
31.7100
256
323
506
408
480
0.7110
-0.5817
0.5012
-37.3800
44.9400
30.3800
293
371
505
415
468
0.6437
-0.6915
0.5065
-65.3800
60.8300
33.3900
321
401
507
422
462
0.5514
-0.7188
0.4236
-77.4900
91.4900
59.9900
340
418
508
426
464
0.4016
-0.8272
0.4280
-61.4600
64.0500
49.0000
351
428
510
429
469
0.2606
-0.8682
0.3626
-53.9700
54.5300
48.1600
357
436
511
430
484
0.1484
-0.8916
0.2991
-54.3900
59.5000
50.9600
362
445
512
430
511
0.0346
-0.9487
0.2103
-50.6100
57.8900
40.0400
367
453
513
430
535
-0.0312
-0.9926
0.1591
-56.9800
53.4800
35.8400
376
460
514
430
541
-0.1210
-0.9838
0.0425
-57.1200
49.6300
17.2900
380
464
514
431
543
-0.1630
-0.9770
-0.0610
-44.0300
74.2000
14.3500
381
466
514
431
545
-0.1796
-0.9443
-0.1845
-43.6800
70.4200
-3.5700
383
468
514
431
541
-0.0913
-0.9418
-0.2513
-11.6900
21.2800
-3.2900
384
469
515
429
528
-0.0893
-0.9384
-0.2362
-0.9800
6.9300
-3.5000
385
470
515
432
532
-0.0888
-0.9394
-0.2747
-5.0400
4.6200
5.1100
385
470
515
433
531
-0.1274
-0.9975
-0.2718
13.3700
-2.6600
-0.7700
385
470
515
432
527
-0.1357
-0.9467
-0.2664
2.9400
3.0800
-0.8400
385
470
515
433
532
-0.1332
-0.9462
-0.2572
-1.4000
4.0600
0.5600
386
470
516
433
533
-0.1191
-0.9262
-0.3733
-10.2200
3.4300
1.6800
386
471
516
434
533
-0.1381
-0.9467
-0.2874
1.2600
-3.7100
-3.1500
387
471
516
435
534
-0.1449
-0.9404
-0.2967
0.2800
-0.7000
-3.2200
388
471
516
436
536
-0.0005
-0.9457
-0.2889
0.4200
-3.0800
-2.6600
388
472
516
436
536
-0.1288
-0.9360
-0.2938
0.7700
-2.8700
-2.6600
389
473
516
437
534
-0.1147
-0.9301
-0.2923
0.4900
-5.6000
-1.4000
390
474
516
436
537
-0.1279
-0.9345
-0.2948
3.7800
-6.0900
-3.0100
392
475
517
437
537
-0.1401
-0.9404
-0.2972
1.7500
-3.3600
-3.6400
393
475
517
437
534
-0.1391
-0.9506
-0.2918
-2.5900
-1.1200
-4.9700
394
476
517
437
534
-0.1186
-0.9282
-0.2982
-1.7500
-2.6600
-1.7500
395
477
517
437
537
-0.1293
-0.9399
-0.3157
-0.1400
-1.7500
-2.5900
396
479
517
437
537
-0.1303
-0.9409
-0.3235
0.9800
-3.2900
-3.1500
398
480
518
437
535
-0.1259
-0.9340
-0.3035
2.1700
-4.4800
-4.2000
398
480
517
437
538
-0.1244
-0.9272
-0.3192
2.8000
-3.2200
-4.9000
398
480
518
437
537
-0.1176
-0.9277
-0.3079
2.3800
-4.9700
-4.6900
399
480
518
437
535
-0.1191
-0.9399
-0.3060
1.0500
-3.5000
-2.6600
399
480
518
436
535
-0.1205
-0.9404
-0.3094
4.2000
-5.2500
-2.3800
399
480
518
436
537
-0.1308
-0.9506
-0.3030
3.6400
-5.1800
-5.9500
399
479
518
436
537
-0.1215
-0.9545
-0.3328
9.7300
-8.8200
-15.6800
398
476
518
436
535
-0.1064
-0.9370
-0.2908
13.8600
-16.2400
-18.3400
395
472
517
436
534
-0.0786
-0.9765
-0.2030
16.1700
-24.1500
-29.9600
381
465
517
435
535
-0.0795
-0.9589
-0.2367
37.7300
-36.9600
-39.5500
359
448
516
436
533
-0.0244
-0.9618
-0.1381
42.9800
-36.4700
-40.3900
333
423
517
438
533
0.0576
-0.9755
-0.1220
38.5700
-37.2400
-19.1100
317
407
517
439
535
0.0386
-1.0024
-0.0444
44.1000
-36.5400
-30.3100
302
381
517
439
535
0.0956
-0.9911
0.0181
43.6800
-41.0900
-23.6600
287
360
516
436
534
0.1625
-0.9814
0.0459
48.8600
-37.0300
-24.9900
278
346
516
431
514
0.1806
-0.9672
0.1240
41.0200
-45.3600
-27.7900
271
336
514
427
511
0.2216
-0.9257
0.1991
35.0700
-44.1000
-40.1100
259
318
511
419
515
0.2821
-0.9228
0.2191
41.4400
-39.6200
-41.0200
249
307
507
417
515
0.3665
-0.8686
0.2411
38.8500
-43.2600
-45.5000
244
300
504
413
514
0.4665
-0.7862
0.2747
62.0200
-44.6600
-34.8600
241
296
501
410
511
0.5007
-0.7964
0.3562
43.7500
-38.9200
-28.2800
237
295
500
409
511
0.5812
-0.7476
0.3148
47.7400
-44.4500
-30.0300
235
294
497
405
515
0.5695
-0.9579
0.3445
51.1700
-48.5100
-23.0300
234
296
499
399
515
0.6461
-0.7052
0.3660
46.4800
-48.0900
-30.1000
232
290
498
394
516
0.7491
-0.6427
0.3753
35.0000
-43.5400
-24.6400
232
290
499
392
515
0.7515
-0.5880
0.3323
32.2700
-37.8000
-21.9100
233
292
499
393
514
0.7637
-0.5441
0.3465
43.0500
-33.5300
-21.6300
234
293
500
390
516
0.8613
-0.5144
0.3626
39.2700
-20.0900
-9.3800
232
293
499
386
517
0.7706
-0.4870
0.3396
24.5700
-24.0100
-20.3700
231
292
499
384
515
0.8721
-0.4446
0.3245
13.7200
-13.4400
-9.1000
233
295
500
386
513
0.8618
-0.4148
0.3250
13.5100
-16.3800
-5.1100
233
296
501
387
511
0.8359
-0.4197
0.3294
13.5800
-22.6800
-9.8700
234
296
501
387
507
0.8686
-0.3982
0.3216
10.2200
-10.0800
-0.2800
234
297
502
387
502
0.8682
-0.3836
0.3070
9.2400
-7.2100
-3.1500
234
297
501
386
502
0.8799
-0.4026
0.3279
10.2200
-9.8700
-3.0100
234
297
502
386
501
0.8638
-0.3909
0.3304
1.6800
-8.1900
-7.5600
234
297
501
386
498
0.9023
-0.3606
0.3148
-1.2600
-4.1300
-2.6600
235
298
502
386
499
0.7520
-0.3792
0.3055
3.8500
-3.7100
-1.9600
235
298
501
386
497
0.8833
-0.3919
0.3279
6.9300
-1.5400
-3.6400
235
299
502
386
499
0.8984
-0.3640
0.3235
2.8000
-3.6400
-1.8900
235
299
501
386
495
0.8818
-0.3816
0.3289
3.7100
-5.8800
-3.6400
236
300
501
386
498
0.8955
-0.3767
0.3284
2.7300
-4.6200
-3.0100
236
300
501
386
498
0.8960
-0.3680
0.3216
2.1000
-6.1600
-3.8500
236
300
501
386
498
0.8989
-0.3753
0.3187
4.1300
-6.4400
-3.0800
236
300
501
386
497
0.8989
-0.3762
0.3206
2.3800
-4.1300
-2.8000
237
300
502
386
497
0.8969
-0.3636
0.3192
2.9400
-4.9000
-3.5700
237
301
502
386
497
0.8857
-0.3753
0.3162
2.9400
-3.2200
-2.8700
237
301
501
386
495
0.8945
-0.3709
0.3152
2.7300
-4.1300
-3.0100
237
301
501
386
497
0.8882
-0.3636
0.3177
2.2400
-3.6400
-3.5700
237
302
501
386
494
0.9052
-0.3567
0.3118
5.1800
-3.9200
-2.8000
237
302
502
386
496
0.8940
-0.3611
0.3240
3.0100
-5.8100
-3.8500
238
302
502
386
494
0.8994
-0.3655
0.3070
2.5900
-4.3400
-2.1700
238
302
501
386
496
0.8877
-0.3640
0.3216
3.2200
-3.7800
-3.2900
238
302
502
387
496
0.8969
-0.3626
0.3260
0.5600
-4.6200
-2.8000
238
303
502
387
496
0.9028
-0.3592
0.3128
1.4000
-2.7300
-2.1700
238
303
501
387
496
0.8984
-0.3631
0.3148
2.1700
-3.9200
-3.5000
238
303
501
386
496
0.9062
-0.3611
0.3143
2.1700
-3.7100
-2.7300
239
303
501
387
496
0.8950
-0.3665
0.3231
1.6800
-3.7100
-2.8000
239
304
502
387
494
0.9184
-0.3694
0.3138
1.5400
-5.5300
-2.1000
239
304
501
387
496
0.8945
-0.3616
0.3177
2.3800
-3.8500
-2.5900
239
304
501
387
494
0.9067
-0.3631
0.3196
0.9100
-4.3400
-3.1500
239
304
501
387
496
0.8901
-0.3645
0.3123
2.8700
-4.1300
-2.9400
239
304
502
387
494
0.8960
-0.3660
0.3148
2.4500
-3.6400
-3.5700
240
304
502
387
496
0.9043
-0.3587
0.3123
3.3600
-3.4300
-2.1700
240
304
502
387
496
0.8969
-0.3577
0.3211
2.0300
-4.2700
-2.7300
239
304
502
387
496
0.9008
-0.3597
0.3094
2.1700
-4.1300
-2.2400
239
304
501
387
496
0.9004
-0.3587
0.3138
3.0800
-5.1100
-3.2200
239
304
501
387
496
0.8921
-0.3597
0.3089
2.1000
-3.9200
-3.0800
240
305
502
387
495
0.8979
-0.3611
0.3309
7.5600
-4.3400
-3.8500
240
305
502
387
493
0.9082
-0.3528
0.3182
1.8200
-3.7100
-1.6800
240
305
502
387
495
0.8979
-0.3587
0.3118
1.9600
-3.9900
-2.4500
240
305
502
387
493
0.9130
-0.3621
0.3187
2.1700
-5.4600
-2.1700
240
305
502
387
495
0.8867
-0.3543
0.3231
0.9800
-2.2400
-4.2700
240
305
502
387
493
0.9057
-0.3567
0.3157
0.9100
-4.1300
-2.3800
240
305
502
387
495
0.8984
-0.3601
0.3226
1.4700
-3.5000
-2.2400
241
305
502
387
493
0.9087
-0.3572
0.3187
1.8200
-2.2400
-1.6100
240
306
502
387
495
0.8999
-0.3665
0.3372
0.7000
-0.9100
0.5600
241
306
502
387
495
0.9052
-0.3709
0.3353
-5.6700
2.0300
3.9900
242
308
502
387
496
0.8974
-0.3738
0.3250
-3.9900
1.5400
3.9200
243
309
501
386
495
0.8847
-0.4026
0.3494
-8.6800
3.8500
7.4900
244
311
498
386
492
0.8891
-0.4109
0.4973
-18.2000
23.3800
15.5400
250
320
492
388
481
0.8628
-0.4304
0.3636
-25.9000
30.8000
22.0500
254
325
489
391
472
0.8194
-0.4924
0.3772
-25.0600
44.0300
34.2300
273
345
489
395
467
0.7232
-0.5832
0.4177
-29.9600
37.3100
26.1800
289
368
492
403
463
0.6720
-0.6222
0.4407
-38.5000
31.2900
19.6700
305
393
493
408
459
0.6334
-0.6588
0.4124
-55.4400
33.5300
19.8100
325
414
496
413
461
0.5988
-0.7447
0.3792
-62.9300
42.0000
27.1600
347
436
499
420
460
0.5392
-0.7857
0.2821
-58.6600
41.3700
21.4200
356
444
502
425
459
0.4680
-0.8374
0.2503
-56.9800
24.3600
19.8100
360
448
504
428
465
0.4387
-0.8647
0.2816
-72.3800
34.9300
39.5500
366
452
505
430
484
0.3709
-0.9472
0.1293
-78.0500
35.1400
46.4100
367
453
506
432
508
0.2572
-0.9467
0.0132
-50.1900
28.9800
15.1200
367
453
506
433
517
0.2640
-0.9536
-0.0444
-41.0900
30.5900
25.6200
368
454
507
433
527
0.2108
-0.9682
-0.0483
-31.7800
6.5800
7.0700
369
454
508
432
532
0.1752
-0.9736
-0.1508
-0.7000
13.5100
22.8900
371
454
508
432
539
0.1488
-0.9994
-0.1576
-13.9300
18.2700
26.6700
372
454
508
431
548
0.0981
-0.9862
-0.1752
-17.0100
12.0400
11.6200
373
454
508
431
541
0.0864
-0.9784
-0.2211
-13.6500
29.7500
29.9600
376
456
509
430
542
0.0673
-0.9662
-0.2416
7.7700
31.0800
23.4500
382
462
512
430
545
0.0132
-0.9638
-0.1879
23.5200
16.4500
6.7900
385
465
514
432
546
0.0166
-1.0136
-0.1396
11.1300
10.4300
1.6800
388
468
516
433
543
0.0381
-0.9984
-0.1562
2.0300
3.5700
2.7300
389
470
517
433
539
0.0083
-0.9921
-0.1767
-0.7700
11.2000
9.1000
390
471
517
434
527
-0.0185
-0.9819
-0.1830
-3.0800
14.1400
8.0500
390
472
518
434
527
-0.0142
-0.9882
-0.1776
-0.4200
-1.1200
-11.9700
391
473
518
435
526
-0.0146
-0.9760
-0.1884
6.7200
6.2300
5.1100
391
473
518
435
525
-0.0098
-0.9814
-0.1728
-5.7400
6.2300
10.5000
391
473
518
435
523
-0.0229
-0.9843
-0.1947
-2.5900
5.9500
13.3000
391
473
518
435
527
-0.0478
-0.9765
-0.2054
1.2600
4.9000
7.4900
391
472
518
435
527
-0.0712
-0.9736
-0.1889
8.4700
5.3900
5.5300
391
472
518
435
525
-0.0839
-0.9819
-0.1762
2.7300
-1.4000
-4.6900
392
472
518
435
527
-0.0776
-0.9770
-0.1713
2.1700
0.4200
-1.0500
392
473
518
436
527
-0.0678
-0.9604
-0.1845
7.5600
0.7700
-0.9800
392
473
518
436
524
-0.0820
-0.9716
-0.1674
6.7200
-2.8000
-0.4900
393
473
518
436
526
-0.0747
-0.9902
-0.1606
-0.1400
-1.5400
-1.5400
393
473
518
436
526
-0.0805
-0.9721
-0.1732
3.3600
-0.7000
0.6300
393
473
518
436
524
-0.0874
-0.9799
-0.1625
2.3800
-2.3800
0.0000
393
472
518
436
527
-0.0883
-0.9858
-0.1669
-1.0500
-6.4400
-4.5500
393
472
518
436
527
-0.1010
-0.9804
-0.1752
-0.9100
-2.6600
-4.5500
393
472
517
436
526
-0.0830
-0.9692
-0.1825
1.1900
-3.6400
-3.8500
394
473
518
436
528
-0.0878
-0.9633
-0.1825
1.8900
-5.4600
-3.3600
396
475
518
436
528
-0.0898
-0.9736
-0.1810
0.4900
-1.8900
-3.2200
397
476
518
436
526
-0.0820
-0.9618
-0.1786
4.1300
-7.0000
-4.9700
397
476
518
436
528
-0.0869
-0.9784
-0.1767
1.5400
-20.3000
-15.6800
396
471
518
437
526
-0.0747
-0.9799
-0.2191
1.1200
-36.0500
-36.8900
376
456
514
437
525
-0.0176
-1.0009
-0.1825
18.2700
-37.6600
-59.3600
363
451
513
436
524
0.0883
-0.9126
-0.0903
35.2100
-60.8300
-52.1500
344
439
513
437
525
0.1596
-0.9526
-0.0834
65.7300
-57.4700
-44.3800
314
406
514
439
531
0.1932
-0.9697
0.0298
83.0900
-64.6800
-42.2800
293
378
514
437
551
0.2474
-0.9560
0.1703
84.9100
-63.0700
-49.9100
269
339
512
432
572
0.4021
-0.8662
0.3050
57.8200
-49.7000
-39.5500
253
316
511
432
576
0.4660
-0.8398
0.3460
38.9900
-42.2800
-31.0100
245
308
510
435
577
0.5217
-0.7652
0.4046
41.5800
-49.7700
-41.9300
240
301
509
435
577
0.5641
-0.7364
0.3875
45.0800
-46.8300
-35.4200
235
297
510
433
579
0.6671
-0.7374
0.3860
36.8200
-39.7600
-30.6600
230
290
509
429
581
0.6788
-0.6739
0.3367
28.4900
-41.2300
-24.2200
227
288
508
421
585
0.7154
-0.6100
0.3294
26.1800
-40.7400
-26.4600
226
288
508
416
583
0.7725
-0.5524
0.3440
24.2900
-26.8100
-15.2600
225
288
509
405
585
0.7749
-0.5353
0.3196
10.4300
-28.0700
-21.9100
225
288
510
398
588
0.8306
-0.4973
0.2845
15.6100
-23.4500
-17.5700
224
289
509
393
593
0.8555
-0.5002
0.2801
12.4600
-20.9300
-12.0400
223
289
510
389
599
0.8511
-0.4900
0.2757
6.4400
-17.4300
-14.1400
222
287
510
386
599
0.8799
-0.4485
0.2601
2.9400
-16.5900
-14.3500
221
286
511
386
594
0.8721
-0.4168
0.2508
6.8600
-13.2300
-10.5000
222
287
512
385
590
0.8999
-0.4202
0.2552
5.3200
-11.2700
-6.8600
222
288
513
385
584
0.8974
-0.4104
0.2455
5.8800
-8.9600
-4.7600
223
289
513
384
580
0.8960
-0.4036
0.2518
5.0400
-8.6100
-8.5400
224
291
513
383
574
0.8979
-0.4119
0.2484
11.9000
-4.5500
-4.3400
225
292
513
381
571
0.8872
-0.3997
0.2586
7.1400
-8.1200
-7.8400
225
293
513
381
565
0.9228
-0.3928
0.2533
7.4900
-4.6200
-6.2300
226
293
513
380
560
0.9140
-0.3894
0.2494
5.3900
-6.0200
-5.6700
226
294
513
380
559
0.9194
-0.3831
0.2552
3.7800
-3.2900
-2.4500
226
294
513
380
560
0.9052
-0.3821
0.2586
3.3600
-3.1500
-3.2200
227
295
513
380
557
0.9048
-0.3753
0.2503
2.5900
-3.0800
-2.0300
227
295
513
381
556
0.9140
-0.3626
0.2567
4.2000
-2.5200
-3.3600
227
295
513
381
558
0.9067
-0.3816
0.2630
3.3600
-5.6700
-3.6400
227
295
513
381
557
0.9155
-0.3875
0.2645
1.4700
-3.2200
-2.4500
227
296
513
381
555
0.9057
-0.3802
0.2596
1.8200
-3.9900
-3.5000
228
296
513
382
557
0.8940
-0.3762
0.2606
3.7100
-2.3100
-2.6600
228
297
513
382
556
0.9028
-0.3806
0.2630
3.1500
-4.9000
-2.8000
228
297
513
382
553
0.9140
-0.3733
0.2591
1.4000
-3.8500
-2.8000
228
297
512
382
553
0.9072
-0.3714
0.2538
3.2200
-3.9200
-2.7300
229
298
513
383
555
0.9140
-0.3748
0.2596
1.6100
-3.0800
-2.3800
229
298
512
383
552
0.9121
-0.3811
0.2572
2.5200
-3.5000
-2.0300
229
298
512
383
552
0.9048
-0.3723
0.2674
2.7300
-4.2000
-2.9400
229
298
512
383
554
0.9140
-0.3767
0.2660
2.3800
-4.7600
-3.1500
229
299
512
383
553
0.9140
-0.3753
0.2523
3.2900
-3.9900
-2.9400
230
299
512
383
551
0.9482
-0.3650
0.2621
3.3600
-3.5700
-2.2400
230
299
512
383
553
0.9111
-0.3714
0.2567
1.6800
-4.3400
-2.1700
230
299
512
383
552
0.9067
-0.3670
0.2669
3.2200
-3.0800
-3.1500
230
300
512
383
549
0.9223
-0.3762
0.2601
3.0100
-3.5700
-2.5200
230
300
512
383
551
0.9121
-0.3675
0.2664
1.7500
-2.7300
-2.4500
230
300
512
383
551
0.9072
-0.3714
0.2655
1.8900
-3.5700
-3.7800
230
300
512
384
548
0.9013
-0.3733
0.2625
4.1300
-5.0400
-2.7300
231
300
513
384
547
0.9194
-0.3762
0.2718
1.8900
-4.0600
-2.3800
231
300
512
384
549
0.9262
-0.3680
0.2713
0.3500
-2.1000
-0.7700
231
301
512
384
545
0.9165
-0.3704
0.2552
0.7000
-0.4200
1.7500
231
301
512
384
544
0.9067
-0.3753
0.2704
1.8900
-3.2200
-0.6300
231
301
512
384
545
0.9057
-0.3811
0.2806
0.3500
-2.0300
-0.1400
231
301
512
384
540
0.8945
-0.3948
0.2840
1.7500
1.8200
2.2400
232
303
511
384
540
0.9028
-0.4011
0.2791
1.4700
1.4700
3.1500
233
305
508
385
540
0.8916
-0.3967
0.3089
0.9100
7.3500
7.0700
236
310
504
387
535
0.8847
-0.4075
0.3182
-6.4400
11.6900
13.2300
238
313
502
390
529
0.8750
-0.4568
0.3318
-15.1900
17.8500
18.6200
243
319
499
392
523
0.8320
-0.4929
0.3270
-17.0100
20.4400
20.4400
254
335
496
398
518
0.7823
-0.5573
0.3562
-20.5800
12.7400
5.8800
279
364
498
408
506
0.7906
-0.5475
0.3479
-28.4200
28.5600
25.4100
309
397
499
416
503
0.7379
-0.5880
0.3396
-30.7300
26.0400
19.3900
327
411
501
421
503
0.6983
-0.6466
0.3631
-41.7900
38.9200
28.5600
339
422
504
425
502
0.6388
-0.7213
0.3455
-54.6000
43.4700
39.0600
351
432
506
427
502
0.5402
-0.8125
0.3104
-59.9200
41.2300
33.2500
356
437
507
426
510
0.4504
-0.8262
0.2533
-66.0100
46.0600
38.4300
360
441
508
425
512
0.4002
-0.8911
0.1874
-63.7000
44.4500
32.2700
364
444
509
424
515
0.3148
-0.9287
0.1308
-57.2600
37.1700
34.4400
367
446
509
424
517
0.2684
-0.9731
0.0537
-40.4600
31.4300
29.8900
369
448
510
424
519
0.2098
-0.9936
0.1235
-30.3800
20.3700
18.6200
372
450
510
423
519
0.1630
-0.9892
-0.0361
-12.4600
15.7500
14.2100
373
451
510
423
517
0.1342
-1.0043
-0.0542
-17.4300
17.4300
13.7900
375
452
511
423
516
0.1371
-0.9775
-0.0639
-18.8300
18.9000
17.0100
376
453
511
423
518
0.1035
-0.9765
-0.1093
-14.0000
14.0700
17.5700
377
455
511
424
523
0.0522
-0.9950
-0.1215
-10.9200
12.1800
17.7800
379
459
511
425
526
0.0234
-0.9902
-0.1484
-13.0900
15.1200
15.5400
382
462
512
427
529
0.0015
-0.9882
-0.1840
-7.5600
12.8800
17.9200
384
464
513
429
530
-0.0171
-0.9677
-0.1771
-8.3300
8.6100
12.8800
385
465
513
431
532
-0.0405
-0.9731
-0.1947
-6.8600
10.0100
20.8600
387
467
513
432
536
-0.0903
-0.9843
-0.2255
0.2800
0.7700
-0.2800
388
468
513
433
536
-0.0771
-0.9692
-0.2128
-2.7300
3.6400
5.3200
389
469
513
433
533
-0.0800
-0.9531
-0.2206
-2.3800
-0.4900
6.0200
390
470
513
433
536
-0.1137
-0.9662
-0.2264
-4.4800
2.0300
3.8500
391
470
514
434
537
-0.1171
-0.9482
-0.2357
-0.8400
-2.1700
-4.2700
391
470
514
434
534
-0.1064
-0.9555
-0.2499
0.4200
0.9100
-0.4200
392
471
514
434
537
-0.1147
-0.9653
-0.2489
-1.6100
1.5400
-1.5400
392
471
514
434
537
-0.1093
-0.9516
-0.2557
2.1700
-4.2700
-3.5000
393
472
514
434
537
-0.1118
-0.9570
-0.2572
4.2000
-5.1800
-3.2200
393
472
514
434
534
-0.1244
-0.9550
-0.2552
4.9700
-5.5300
-4.9000
393
472
515
434
536
-0.1171
-0.9560
-0.2455
5.1800
-5.4600
-4.9700
394
472
515
434
536
-0.1069
-0.9550
-0.2362
4.0600
-5.5300
-3.5700
394
472
515
434
534
-0.1171
-0.9667
-0.2381
3.9900
-2.9400
-1.8200
394
472
515
434
536
-0.1118
-0.9618
-0.2377
-0.3500
-2.2400
-2.0300
395
474
515
434
536
-0.1015
-0.9565
-0.2460
3.7800
-4.4100
-3.7100
396
475
515
434
533
-0.0932
-0.9667
-0.2352
1.8900
-3.8500
-1.8900
396
475
515
434
533
-0.1103
-0.9599
-0.2474
4.5500
-4.2700
-6.2300
396
475
515
434
535
-0.1049
-0.9648
-0.2367
2.3100
-7.4200
-6.9300
396
474
515
434
535
-0.1010
-0.9643
-0.2591
4.0600
-9.7300
-11.0600
396
474
516
434
532
-0.0971
-0.9584
-0.2289
5.1800
-10.0800
-17.9900
396
474
516
434
531
-0.0698
-0.9453
-0.2230
7.5600
-9.8700
-10.8500
396
474
516
434
533
-0.0527
-0.9755
-0.2142
12.0400
-12.1100
-16.7300
394
473
516
435
532
-0.0386
-0.9799
-0.2235
18.8300
-17.6400
-27.3700
388
465
516
435
533
-0.0205
-0.9843
-0.1474
28.9800
-24.6400
-32.5500
376
455
515
435
532
0.0298
-0.9867
-0.1274
25.2000
-39.2700
-49.2800
357
446
515
436
534
0.1078
-0.9487
-0.0805
36.3300
-29.7500
-39.2700
339
432
516
436
534
0.1523
-0.9467
-0.0337
43.0500
-33.6700
-32.7600
318
412
516
438
540
0.2113
-0.9623
0.0146
53.6900
-37.5900
-38.7800
304
392
516
435
527
0.2572
-0.9467
0.0752
56.3500
-42.9800
-41.1600
294
373
515
434
527
0.3533
-0.9462
0.1479
68.8100
-50.1900
-38.0800
285
354
513
431
525
0.4036
-0.9082
0.2450
52.9200
-42.1400
-33.5300
273
339
512
429
525
0.4685
-0.8808
0.2708
67.6900
-48.4400
-36.5400
264
328
511
425
522
0.5285
-0.8286
0.3367
52.4300
-54.2500
-30.8700
256
316
511
423
522
0.5934
-0.7359
0.3587
45.4300
-48.3700
-28.3500
250
310
510
419
524
0.6891
-0.6349
0.4109
46.4800
-40.3900
-31.0100
247
307
509
416
524
0.7169
-0.5749
0.3387
50.7500
-41.5100
-32.1300
245
304
509
411
523
0.7218
-0.5788
0.3299
47.6700
-48.7900
-34.3000
242
301
507
403
521
0.8394
-0.4968
0.3489
27.0200
-33.1100
-21.9100
241
301
507
397
520
0.8662
-0.4724
0.3431
20.0900
-22.4000
-15.5400
240
300
507
395
520
0.8555
-0.4275
0.3284
18.1300
-21.0700
-16.1000
237
297
507
390
524
0.8916
-0.3894
0.2879
15.9600
-14.4900
-12.7400
234
296
506
380
520
0.9145
-0.3621
0.2933
7.9100
-5.1100
-7.6300
234
297
507
378
509
0.9111
-0.3797
0.3196
3.7800
-7.2800
-8.3300
234
298
507
377
507
0.9091
-0.3606
0.2791
2.6600
-5.7400
-8.0500
235
300
508
376
503
0.9057
-0.3572
0.2767
3.8500
-5.7400
-7.3500
236
301
508
376
496
0.9218
-0.3514
0.2879
1.0500
-6.6500
-4.2000
236
302
508
375
497
0.9155
-0.3411
0.2826
1.6800
-3.9900
-4.9700
237
304
509
374
493
0.9331
-0.3367
0.2747
5.3200
-4.0600
-2.1700
237
304
509
374
495
0.8984
-0.3440
0.2923
6.1600
-2.3800
-3.8500
237
305
509
374
493
0.9218
-0.3338
0.2840
3.5700
-4.2000
-3.5000
237
305
509
374
495
0.9209
-0.3382
0.2933
2.1000
-4.8300
-4.2700
237
305
509
375
492
0.9267
-0.3367
0.2752
3.7100
-4.9000
-2.3800
237
306
509
375
494
0.9116
-0.3353
0.2850
3.6400
-2.8700
-2.8000
238
306
509
375
492
0.9292
-0.3328
0.2816
2.2400
-6.5100
-3.4300
238
306
509
375
494
0.9077
-0.3333
0.2830
1.9600
-4.6200
-3.4300
238
306
509
375
494
0.9350
-0.3279
0.2796
2.5200
-3.2200
-3.8500
238
306
509
375
494
0.9316
-0.3289
0.2840
3.1500
-4.9700
-3.1500
238
307
509
376
494
0.9218
-0.3206
0.2884
2.1700
-3.5000
-2.5200
238
307
509
376
491
0.9213
-0.3328
0.2816
2.1000
-4.4100
-3.5000
238
307
509
376
493
0.9194
-0.3226
0.2816
3.2200
-3.0100
-2.5200
238
307
509
376
491
0.9189
-0.3265
0.2928
0.9100
-3.9200
-3.0800
238
307
509
376
493
0.9272
-0.3274
0.2830
1.3300
-3.9900
-2.5900
238
307
509
376
491
0.9243
-0.3235
0.2889
2.6600
-3.7800
-3.5000
239
307
509
376
493
0.9233
-0.3138
0.2855
3.9200
-3.1500
-1.8200
239
308
509
377
491
0.9209
-0.3270
0.2928
2.1700
-3.4300
-2.1000
239
308
509
377
493
0.9257
-0.3289
0.2840
1.6800
-3.6400
-2.0300
239
308
509
377
493
0.9194
-0.3231
0.2826
2.4500
-4.2700
-2.7300
239
308
509
377
493
0.9326
-0.3245
0.2967
2.6600
-3.6400
-2.8000
239
308
509
377
493
0.9257
-0.3279
0.2908
1.5400
-4.1300
-2.9400
239
308
509
377
492
0.9209
-0.3274
0.2855
1.8900
-4.8300
-3.2900
240
308
509
377
492
0.9335
-0.3250
0.2835
1.6100
-4.0600
-2.3800
240
308
509
377
490
0.9111
-0.3216
0.2850
2.4500
-3.0100
-3.6400
240
309
509
377
492
0.9282
-0.3250
0.2879
2.7300
-4.5500
-2.5200
240
309
509
377
490
0.9223
-0.3196
0.2899
1.9600
-3.9200
-3.9200
240
309
509
377
492
0.9316
-0.3216
0.2752
2.9400
-4.6900
-3.0100
240
309
509
378
490
0.9199
-0.3221
0.2928
2.3800
-4.5500
-3.7100
240
309
509
378
492
0.9233
-0.3221
0.2840
2.0300
-3.5700
-3.6400
240
309
509
378
490
0.9374
-0.3201
0.2889
2.4500
-3.4300
-2.3100
240
309
509
378
492
0.9213
-0.3211
0.2830
1.9600
-3.6400
-2.9400
241
310
509
378
492
0.9233
-0.3187
0.2801
1.9600
-3.9200
-3.2900
241
310
509
378
492
0.9243
-0.3167
0.2811
2.1700
-3.5000
-2.8700
241
310
509
378
492
0.9218
-0.3187
0.2777
1.4000
-3.2200
-2.0300
241
310
509
378
492
0.9257
-0.3128
0.2816
2.3800
-3.7100
-2.8700
241
310
509
378
491
0.9257
-0.3167
0.2860
1.0500
-4.3400
-2.6600
241
310
509
378
489
0.9199
-0.3157
0.2826
2.4500
-4.3400
-3.0800
241
310
509
378
491
0.9209
-0.3167
0.2879
1.8200
-4.2700
-3.1500
241
310
509
378
489
0.9296
-0.3172
0.2791
2.3800
-4.2700
-2.8000
241
310
509
378
491
0.9252
-0.3206
0.2845
2.1000
-3.5700
-2.9400
242
311
509
378
489
0.9311
-0.3167
0.2918
1.2600
-4.0600
-2.6600
242
311
509
379
491
0.9331
-0.3138
0.2752
2.5900
-4.4800
-2.5900
242
311
509
379
489
0.9213
-0.3235
0.2972
2.2400
-4.1300
-3.0800
242
311
509
379
491
0.9321
-0.3138
0.2791
1.0500
-3.7100
-2.7300
242
311
509
379
491
0.9301
-0.3177
0.2869
1.8200
-3.4300
-2.6600
242
311
509
379
491
0.9326
-0.3196
0.2855
1.0500
-3.2900
-2.7300
242
311
509
379
490
0.9223
-0.3138
0.2811
1.3300
-4.4800
-3.5000
242
311
509
379
490
0.9321
-0.3152
0.2918
1.1200
-3.0100
-1.8200
242
312
509
379
487
0.9311
-0.3284
0.2894
-0.7000
-1.4700
-0.0700
242
312
509
379
483
0.9340
-0.3231
0.2991
-5.3200
-0.0700
4.9000
243
312
508
379
483
0.9282
-0.3406
0.3055
-10.9200
4.5500
11.4800
244
315
505
379
481
0.9140
-0.3811
0.3172
-19.8800
15.5400
21.2100
247
318
499
382
483
0.8789
-0.4270
0.3221
-35.9100
33.7400
32.2000
262
339
494
391
482
0.8072
-0.4719
0.3875
-44.9400
22.5400
22.5400
300
384
497
403
472
0.7959
-0.5993
0.3343
-50.1200
50.1900
48.6500
336
421
501
414
469
0.7276
-0.6466
0.3060
-69.3000
57.7500
54.0400
354
439
506
423
467
0.6105
-0.7486
0.3021
-71.2600
50.8200
51.4500
364
449
508
427
464
0.5358
-0.8028
0.2884
-79.7300
51.7300
63.4200
371
458
511
429
472
0.4148
-0.8769
0.1542
-104.1600
55.8600
60.6900
377
462
512
430
483
0.2596
-0.9604
0.0766
-60.9700
26.6700
12.2500
380
464
513
432
486
0.2538
-0.9526
-0.0146
-37.4500
19.3200
8.9600
383
467
514
433
501
0.2538
-0.9677
-0.0244
-7.6300
7.5600
0.6300
384
468
514
434
506
0.2528
-0.9726
-0.0078
1.4700
0.8400
7.9800
385
469
514
434
504
0.2045
-0.9833
-0.0600
-8.7500
6.3700
18.9700
385
469
515
434
509
0.1654
-0.9687
-0.0415
-0.7700
-2.8000
-12.8800
386
469
515
434
507
0.2108
-0.9887
-0.0454
3.5700
-0.7700
-3.7100
386
469
515
434
510
0.1879
-0.9750
-0.0259
-2.1000
2.2400
4.6900
386
469
515
435
511
0.1615
-0.9838
-0.0566
-6.9300
0.4900
5.3900
386
470
515
435
509
0.1581
-0.9926
-0.0903
-1.1200
-0.9100
-5.3900
387
471
515
434
511
0.1898
-0.9731
-0.0586
3.5700
-3.6400
-4.6200
387
472
516
435
509
0.1669
-0.9374
-0.0576
3.6400
-0.3500
0.2100
389
474
517
435
512
0.1713
-0.9975
-0.0615
1.4700
-3.2900
0.7000
390
476
517
435
512
0.1532
-0.9862
-0.0688
-0.9800
-2.8000
-5.2500
391
477
518
435
509
0.1713
-0.9814
-0.0737
4.7600
-3.4300
-5.9500
391
478
518
436
511
0.1854
-0.9799
-0.0468
2.5200
-2.6600
-1.1900
392
478
518
436
509
0.1737
-0.9882
-0.0595
4.6900
-5.7400
-2.1000
392
478
518
436
512
0.1474
-0.9867
-0.0551
0.6300
-1.7500
-7.0700
392
478
518
436
511
0.1752
-0.9775
-0.0566
-0.9800
-3.2200
-4.6200
392
478
518
436
509
0.1898
-0.9745
-0.0654
-1.9600
-3.0800
1.7500
392
478
519
436
511
0.1581
-0.9965
-0.0581
1.1200
-4.6200
-4.9000
392
478
519
436
512
0.1654
-0.9897
-0.0659
-0.8400
-2.9400
-3.7100
393
479
519
436
511
0.1645
-0.9814
-0.0605
2.3100
-4.3400
-3.6400
393
479
519
436
512
0.1776
-0.9882
-0.0610
3.0800
-4.4100
-3.8500
393
477
518
436
510
0.1728
-0.9887
-0.0566
9.3800
-7.2100
-11.2700
384
471
518
436
511
0.1845
-0.9955
-0.0625
10.1500
-10.7100
-11.9700
376
463
517
436
508
0.1972
-0.9726
-0.0044
15.8900
-13.3000
-24.0800
367
448
515
435
502
0.2391
-0.9804
0.0137
36.5400
-21.2100
-28.1400
354
436
513
434
497
0.2772
-0.9989
-0.0102
51.3800
-39.2000
-47.3900
336
419
511
428
496
0.3289
-0.9004
0.0747
57.0500
-45.8500
-43.8200
312
382
509
419
503
0.4631
-0.9028
0.1581
52.5700
-50.4000
-34.3000
295
357
508
414
503
0.5095
-0.8135
0.2416
49.7700
-38.1500
-30.3800
284
341
506
409
501
0.5500
-0.7354
0.3079
51.6600
-53.0600
-43.8900
269
323
505
406
503
0.5817
-0.7525
0.2582
56.2800
-57.8200
-44.1700
255
309
504
398
510
0.6690
-0.7174
0.2718
39.8300
-50.4700
-38.0100
245
301
503
389
515
0.7320
-0.6988
0.2416
32.1300
-39.9000
-34.0900
237
297
503
381
519
0.8057
-0.5754
0.3167
33.6700
-28.4900
-17.7100
234
295
503
373
518
0.8091
-0.5485
0.2767
31.2900
-24.9200
-19.8100
232
295
503
367
522
0.8237
-0.5104
0.2640
34.6500
-29.0500
-27.0200
232
296
504
363
529
0.8857
-0.4670
0.2401
27.3700
-19.7400
-12.8100
231
296
505
357
520
0.8301
-0.4738
0.2567
22.7500
-25.9700
-20.5100
231
297
505
357
510
0.9311
-0.4187
0.2411
24.0800
-16.4500
-13.5100
231
298
505
358
499
0.9292
-0.3914
0.2298
6.0200
-9.5900
-4.9700
232
298
505
358
495
0.9018
-0.4050
0.2308
3.5000
-8.5400
-3.5700
232
299
505
359
492
0.9174
-0.3914
0.2108
-0.4900
-4.6200
-3.0800
233
300
505
360
491
0.9165
-0.3909
0.2118
-0.0700
-3.5000
-1.7500
233
300
505
361
490
0.9130
-0.3982
0.2064
2.3100
-2.3800
-1.2600
234
301
506
361
490
0.9165
-0.3987
0.2284
1.1200
-5.7400
-2.1000
234
301
505
361
489
0.8984
-0.4021
0.2152
0.9800
-4.9000
-4.1300
234
301
505
361
486
0.9189
-0.4148
0.2123
1.4700
-1.5400
-0.9800
234
302
506
362
488
0.9130
-0.4055
0.2225
3.0100
-1.3300
-1.1900
235
303
505
362
486
0.9052
-0.4050
0.2294
1.4700
-2.8700
-1.8200
235
303
506
362
488
0.9043
-0.4041
0.2181
3.3600
-1.7500
-0.5600
235
303
506
362
486
0.9052
-0.4089
0.2323
2.5200
-4.1300
-2.8000
235
303
506
363
489
0.8999
-0.4128
0.2206
1.4000
-2.8700
-2.4500
235
304
506
363
486
0.9135
-0.4124
0.2220
1.6800
-4.6900
-3.5000
235
304
505
363
488
0.9101
-0.4119
0.2235
1.8200
-3.3600
-1.3300
235
304
506
363
485
0.9038
-0.4124
0.2294
2.7300
-4.8300
-2.8000
235
304
506
363
488
0.9038
-0.4099
0.2230
1.6800
-3.2900
-1.9600
236
304
506
363
485
0.9082
-0.4055
0.2225
3.9200
-3.1500
-1.7500
236
305
506
364
488
0.8901
-0.4168
0.2338
3.1500
-3.5000
-4.4100
236
305
505
364
485
0.9121
-0.4119
0.2250
3.3600
-5.0400
-3.0100
236
305
506
364
487
0.8955
-0.4119
0.2298
3.3600
-4.3400
-3.4300
236
305
505
364
487
0.8999
-0.4119
0.2347
4.5500
-3.3600
-4.0600
236
305
505
364
487
0.9130
-0.3992
0.2357
2.3800
-2.5200
-1.1200
237
306
506
364
487
0.8916
-0.4041
0.2289
2.2400
-4.2700
-3.4300
237
306
506
365
487
0.9130
-0.4075
0.2372
3.9900
-3.6400
-0.9100
236
305
506
365
487
0.9048
-0.4099
0.2484
-0.4200
-1.1900
1.4700
237
306
506
365
487
0.9072
-0.4133
0.2489
-7.9800
8.8900
6.0200
241
313
504
367
486
0.9111
-0.4153
0.2557
-10.6400
21.0000
14.9100
248
324
498
368
491
0.8872
-0.4382
0.2982
-25.6900
35.4900
21.2100
266
343
493
372
490
0.8428
-0.5144
0.3304
-42.7000
44.0300
34.1600
295
376
493
388
485
0.7715
-0.5514
0.3592
-49.0000
42.5600
31.1500
323
408
496
400
478
0.7169
-0.6656
0.3411
-35.9100
42.9800
19.1800
340
424
500
409
477
0.6276
-0.7393
0.3172
-49.0000
36.8200
37.2400
351
435
503
416
476
0.5880
-0.8062
0.2796
-66.8500
61.0400
61.5300
358
444
506
421
477
0.4387
-0.8960
0.2230
-62.9300
39.1300
40.1800
362
447
508
423
484
0.3967
-0.9389
0.1581
-66.7100
46.5500
43.4000
364
449
510
423
489
0.2718
-0.9531
0.0586
-53.0600
35.4900
25.0600
367
452
511
424
495
0.2342
-0.9609
0.0351
-53.1300
38.3600
42.2800
371
454
513
425
501
0.1649
-0.9877
-0.0356
-39.8300
29.1900
27.7900
374
456
513
426
509
0.1308
-0.9628
-0.1054
-21.5600
19.0400
16.4500
377
459
514
426
514
0.0956
-0.9916
-0.1249
-20.3700
16.2400
17.6400
380
462
514
427
517
0.0644
-0.9906
-0.1547
-11.4100
9.4500
19.0400
383
466
514
427
519
0.0312
-0.9862
-0.1806
-2.8000
1.4700
6.6500
384
467
514
428
523
0.0190
-0.9828
-0.1723
1.4000
-2.8000
-1.0500
384
468
514
428
521
0.0146
-0.9926
-0.1723
-0.7000
-1.1900
1.0500
385
469
514
428
521
0.0215
-0.9780
-0.1825
2.1700
-1.8900
3.2900
387
471
514
428
524
0.0054
-0.9887
-0.1649
2.1700
-3.7800
-2.0300
388
473
514
428
522
-0.0015
-0.9633
-0.1845
0.0000
-1.1200
1.3300
389
474
514
428
524
-0.0049
-0.9765
-0.1825
2.0300
-3.0800
-2.8700
389
475
514
428
524
-0.0020
-0.9838
-0.1664
-2.8000
-1.6800
-1.6100
390
476
514
429
523
0.0020
-0.9726
-0.2001
-5.8100
0.3500
6.7900
390
476
514
429
527
-0.0205
-0.9672
-0.2011
-1.6100
0.1400
5.3200
390
476
514
429
529
-0.0303
-0.9775
-0.1718
-0.1400
1.9600
0.9100
391
476
515
429
528
-0.0195
-0.9687
-0.1986
1.2600
-3.3600
-2.6600
391
476
515
429
532
-0.0190
-0.9780
-0.1840
2.8000
-2.7300
1.2600
391
476
515
429
533
-0.0449
-0.9887
-0.2040
-0.6300
-1.6800
0.4900
391
476
515
429
531
-0.0376
-0.9755
-0.2069
0.9800
-0.9800
-4.3400
391
477
516
430
534
-0.0249
-0.9648
-0.2094
3.0100
-1.1900
-2.8000
392
477
518
430
535
-0.0264
-0.9862
-0.2030
-0.7700
-2.0300
-1.9600
392
478
519
431
533
-0.0327
-0.9706
-0.2113
-0.9100
-1.3300
-2.7300
392
479
519
431
533
-0.0264
-0.9667
-0.2133
3.4300
-4.5500
-2.3100
393
479
519
431
535
-0.0244
-0.9721
-0.2098
5.6000
-5.3900
-0.2100
393
479
519
432
533
-0.0381
-0.9780
-0.2259
11.0600
-10.6400
-6.3700
393
475
519
432
530
-0.0752
-0.9819
-0.1254
23.5900
-35.2800
-58.0300
382
465
516
432
525
0.0234
-1.0180
-0.1649
43.6800
-35.9100
-74.4100
366
454
513
432
529
0.1698
-0.9496
-0.0595
64.7500
-52.5000
-51.1000
343
428
509
426
539
0.2879
-0.9492
0.0185
93.7300
-54.6000
-17.7800
327
400
503
418
544
0.2577
-0.9765
0.3118
105.6300
-82.4600
-50.0500
315
385
502
416
553
0.4207
-0.8516
0.2782
71.1900
-66.4300
-46.9700
309
372
501
416
556
0.4880
-0.7257
0.3382
71.2600
-55.8600
-60.1300
304
366
500
416
555
0.6051
-0.6573
0.3436
70.9800
-55.7200
-48.1600
301
365
500
415
550
0.8472
-0.6305
0.4485
58.3100
-47.9500
-23.3100
302
364
499
414
547
0.7032
-0.5114
0.4329
44.3800
2.3100
11.0600
300
361
499
413
548
0.6144
-0.5549
0.5407
37.2400
-10.2200
-9.5200
300
363
499
411
551
0.6925
-0.5490
0.5075
12.9500
-37.3800
-33.7400
296
359
496
397
536
0.8808
-0.4631
0.3762
10.9900
-32.2000
-18.9700
288
347
494
385
505
0.7418
-0.4177
0.3782
22.1900
-38.8500
-41.3000
281
340
493
380
500
0.8911
-0.3348
0.3152
21.4200
-30.3100
-24.0100
279
338
495
376
498
0.9126
-0.3206
0.3221
14.2800
-19.9500
-10.6400
279
339
498
376
498
0.9326
-0.2996
0.3460
17.4300
-17.1500
-1.1900
277
336
500
375
494
0.8945
-0.3343
0.2996
10.5700
-14.4900
-7.8400
275
336
501
375
487
0.9394
-0.3113
0.3045
7.1400
-7.9100
-6.0200
275
337
502
374
488
0.9487
-0.3211
0.2972
6.4400
-9.2400
-5.5300
273
335
503
374
483
0.9540
-0.2996
0.3065
4.2700
1.8900
-4.0600
273
337
503
374
484
0.9448
-0.2996
0.3187
12.0400
13.5800
5.8100
274
338
503
375
482
0.9170
-0.3070
0.3616
14.7000
22.5400
2.4500
275
339
503
377
482
0.8672
-0.3001
0.3675
18.2700
16.4500
-2.3100
275
339
503
378
482
0.8906
-0.2762
0.4797
10.9900
4.2000
-2.9400
275
340
503
379
479
0.8272
-0.2743
0.3787
3.5700
-7.2800
-14.0000
275
341
503
379
482
0.9140
-0.2406
0.4290
5.2500
-17.9200
-10.7800
275
342
504
379
477
0.8906
-0.2635
0.3816
9.6600
-13.4400
-6.0200
275
342
504
379
476
0.9140
-0.2269
0.4002
12.9500
-13.3700
-12.8800
274
342
504
379
475
0.9653
-0.2084
0.3933
-0.7700
3.0100
0.1400
274
342
504
379
475
0.9331
-0.2216
0.3850
-7.6300
-17.4300
-2.5900
274
342
504
379
475
0.9638
-0.2489
0.3411
-6.0200
-29.0500
10.1500
274
341
504
379
473
0.9599
-0.2562
0.3133
-13.3700
-22.5400
17.2900
274
340
504
379
475
0.9067
-0.2879
0.3050
-14.2800
-34.7900
12.3900
274
339
504
379
476
0.9111
-0.2977
0.2333
-22.3300
-12.5300
10.8500
274
339
504
379
474
0.8584
-0.3821
0.2372
2.2400
-7.0000
0.4200
273
335
504
379
475
0.9409
-0.3494
0.2118
-11.4100
-7.9100
8.7500
274
336
504
379
475
0.9604
-0.3938
0.2191
-18.3400
25.3400
27.0200
276
340
503
381
477
0.9043
-0.4421
0.2294
-28.9800
33.7400
40.3900
284
356
503
386
491
0.8955
-0.4616
0.3162
-38.2200
28.9100
47.0400
309
387
500
395
482
0.7871
-0.4953
0.3172
-51.8000
27.1600
34.3000
337
421
502
405
476
0.7676
-0.6939
0.2918
-55.5100
64.4000
63.9100
356
439
506
418
469
0.6412
-0.7379
0.2860
-80.2900
104.9300
99.8200
367
448
510
425
467
0.4255
-0.8662
0.2162
-79.7300
67.3400
81.3400
371
451
511
425
465
0.3167
-0.9033
0.0844
-73.5700
41.3700
73.0100
373
453
512
425
473
0.2059
-0.9404
0.0366
-70.3500
72.5200
107.3100
376
454
513
422
480
-0.0151
-0.9965
-0.0752
-61.8100
53.5500
68.6700
377
454
513
423
487
-0.1137
-0.9243
-0.1742
-43.1900
31.7800
35.8400
381
456
514
426
496
-0.1898
-0.9975
-0.2230
-30.1700
13.6500
12.8100
384
459
514
428
500
-0.2137
-0.7784
-0.0976
-15.1900
-2.0300
5.8800
386
461
515
429
504
-0.2098
-0.9252
-0.2801
-4.6900
4.9700
0.1400
386
461
515
429
503
-0.1815
-0.9423
-0.2660
-0.6300
3.2200
-4.3400
387
461
515
429
503
-0.1269
-0.9160
-0.2655
0.5600
-9.1000
-12.5300
387
461
515
429
502
-0.1874
-0.9223
-0.2625
2.1700
-3.5700
2.1700
387
461
515
430
506
-0.2064
-0.9248
-0.2821
-0.3500
-3.8500
-11.8300
387
460
515
430
506
-0.1728
-0.9194
-0.2723
-2.8700
0.5600
1.1900
387
460
516
430
504
-0.1845
-0.9311
-0.2738
1.4700
-2.4500
-3.8500
387
461
516
430
507
-0.1806
-0.9252
-0.2733
1.8900
1.8200
-1.8900
387
461
516
430
508
-0.1762
-0.9414
-0.2718
0.8400
-3.2200
-5.4600
387
461
516
430
506
-0.1620
-0.9179
-0.2723
1.1200
-2.3100
-1.1900
387
461
516
430
508
-0.1840
-0.9335
-0.2694
3.2900
-2.9400
-6.1600
387
460
516
430
508
-0.1810
-0.9331
-0.2650
5.5300
-5.2500
-10.1500
387
460
516
430
505
-0.1654
-0.9316
-0.2850
9.8000
-12.1100
-20.8600
384
458
516
430
506
-0.1557
-0.9379
-0.2738
18.6200
-22.0500
-30.7300
367
446
515
429
503
-0.0956
-0.9716
-0.2059
20.7200
-25.4800
-27.7900
333
414
513
426
500
-0.0410
-0.9272
-0.1801
23.9400
-30.0300
-23.6600
290
372
509
420
497
-0.0102
-0.9892
-0.1157
24.8500
-36.4000
-39.9700
266
342
507
415
491
-0.0146
-0.9945
-0.0878
36.8200
-32.7600
-35.8400
248
317
505
405
490
0.0795
-0.9467
-0.0063
35.1400
-26.7400
-32.6900
232
297
502
392
490
0.0937
-0.9550
0.0215
31.9900
-21.0000
-28.5600
225
288
501
387
491
0.1552
-0.9804
0.1083
22.6100
-18.7600
-32.0600
221
284
501
383
492
0.2206
-0.9941
0.1039
21.3500
-33.8800
-40.2500
220
282
501
379
501
0.2098
-0.9906
0.0903
52.2200
-64.8900
-52.2900
220
284
503
372
501
0.3826
-0.9828
0.1581
50.2600
-57.7500
-22.1200
222
286
504
366
503
0.3733
-0.9316
0.2313
33.1100
-58.6600
-38.8500
222
287
505
359
506
0.4260
-0.8794
0.2518
37.0300
-43.4000
-38.4300
222
287
506
357
505
0.5148
-0.8213
0.1498
39.2700
-36.6100
-32.1300
223
288
506
356
505
0.5744
-0.7852
0.3099
25.1300
-33.3200
-27.0900
224
288
506
356
501
0.6422
-0.7393
0.2987
15.0500
-23.0300
-16.1700
224
289
507
355
494
0.6134
-0.7169
0.3055
10.0100
-19.8100
-15.3300
225
290
508
355
492
0.6295
-0.7115
0.3074
3.7100
-17.0800
-18.9700
225
291
509
355
488
0.7013
-0.6949
0.2733
3.0100
-12.0400
-16.3100
225
292
510
356
484
0.7086
-0.6461
0.2757
10.1500
-6.0900
-13.0900
226
293
510
356
485
0.7603
-0.6627
0.2874
3.8500
-0.4900
-2.8000
225
293
510
356
485
0.7096
-0.6622
0.2913
3.6400
-2.6600
-4.7600
226
293
510
356
485
0.7242
-0.6622
0.2889
2.3100
-1.0500
-3.3600
226
293
510
357
485
0.7159
-0.6588
0.2860
2.3100
-1.8200
-4.4100
226
293
510
357
483
0.7354
-0.6510
0.2865
1.8200
-3.7100
-1.8900
226
293
510
357
485
0.7291
-0.6495
0.2845
4.1300
-3.2200
-1.1200
226
294
510
357
482
0.6944
-0.6525
0.3001
3.1500
-6.3000
-5.6700
227
294
511
357
484
0.7159
-0.6564
0.2996
0.6300
-4.8300
-2.9400
227
294
510
358
482
0.7144
-0.6534
0.2879
2.5900
-6.5100
-5.8100
227
294
510
358
484
0.7261
-0.6539
0.2923
4.2700
-6.0900
-3.5000
227
295
511
358
482
0.7159
-0.6559
0.2962
5.3200
-4.3400
-4.1300
227
295
511
358
484
0.7193
-0.6310
0.3089
4.4100
-4.4800
-3.9900
227
295
510
358
482
0.7383
-0.6383
0.2938
2.7300
-3.6400
-1.6800
227
295
510
358
485
0.7227
-0.6505
0.2991
3.3600
-4.6900
-3.0100
227
296
511
358
482
0.7252
-0.6495
0.2904
3.1500
-4.0600
-2.4500
228
296
511
359
484
0.7198
-0.6446
0.3065
2.3800
-1.6800
-2.7300
228
296
510
359
482
0.7266
-0.6495
0.2977
3.2200
-3.0800
-2.1000
228
296
511
359
484
0.7276
-0.6490
0.3089
3.7800
-2.8700
-1.0500
228
297
511
359
481
0.7081
-0.6451
0.3060
1.5400
-3.6400
-1.8900
228
297
511
359
484
0.7144
-0.6422
0.3074
1.9600
-3.5700
-1.3300
228
297
510
359
481
0.7125
-0.6554
0.3187
1.1900
-4.2700
-2.0300
228
297
510
359
483
0.7037
-0.6564
0.2952
1.8200
-3.9200
-3.3600
228
298
511
360
481
0.7120
-0.6481
0.3118
1.9600
-4.6200
-4.2000
228
298
511
360
483
0.7178
-0.6515
0.3074
4.5500
-3.8500
-4.0600
228
298
511
360
483
0.7169
-0.6529
0.3084
3.9900
-3.3600
-2.8700
228
298
511
360
483
0.7076
-0.6505
0.3084
1.8200
-3.7100
-4.4100
229
298
511
360
483
0.7120
-0.6773
0.3050
3.9200
-3.5000
-4.9000
229
299
511
360
481
0.7208
-0.6412
0.3172
3.0100
-2.5900
-2.5900
229
299
511
361
479
0.7261
-0.6471
0.3314
-3.0800
-0.4200
0.9800
229
299
511
361
478
0.7325
-0.6490
0.3514
-13.8600
15.8200
12.6000
230
304
509
363
479
0.7022
-0.6568
0.3250
-21.0000
30.3100
22.9600
237
315
505
366
487
0.6837
-0.6969
0.3675
-33.1100
70.8400
35.8400
250
334
503
374
490
0.5529
-0.7681
0.3626
-38.3600
60.0600
36.1200
279
371
504
393
486
0.4143
-0.8447
0.3274
-48.5800
45.0100
31.5700
310
405
505
405
483
0.3675
-0.8764
0.2869
-47.6000
51.2400
39.7600
339
431
508
415
483
0.2874
-0.9711
0.2445
-63.8400
51.3800
50.4000
360
447
511
422
484
0.1654
-0.9087
0.1293
-75.0400
61.8100
68.1100
374
456
513
426
492
0.0551
-0.9643
0.0327
-51.5900
53.0600
59.8500
381
461
515
425
496
-0.0361
-0.9872
-0.0498
-27.5800
18.6900
1.4700
382
467
517
428
501
-0.0917
-1.0038
-0.0898
-21.6300
15.3300
6.2300
383
470
518
430
503
-0.0712
-0.9804
-0.1220
-15.4000
13.2300
1.8900
384
472
519
430
500
-0.0630
-0.9575
-0.1074
-3.8500
9.1700
-6.8600
385
474
519
431
502
-0.0498
-0.9858
-0.1240
-13.5800
11.1300
8.7500
386
476
519
431
504
-0.0678
-1.0263
-0.1396
-14.4900
7.4900
7.8400
386
478
519
432
503
-0.0869
-0.9618
-0.1801
1.7500
0.4900
2.8700
387
479
519
433
507
-0.1005
-0.9867
-0.1713
-1.0500
-2.1000
-0.2800
387
479
519
433
509
-0.1074
-0.9726
-0.1928
0.5600
-1.2600
-0.5600
386
478
519
433
507
-0.1078
-0.9784
-0.1947
5.3200
-4.6200
-3.7800
386
478
519
433
510
-0.1064
-0.9780
-0.1815
0.8400
-2.7300
-2.8000
386
478
519
433
508
-0.1054
-0.9692
-0.1884
-3.3600
-2.4500
-2.8000
386
478
519
433
511
-0.1064
-0.9692
-0.1937
1.0500
-2.1000
-3.9900
385
478
519
433
512
-0.0986
-0.9701
-0.2001
2.1700
-1.8200
-1.1200
385
477
519
433
510
-0.0981
-0.9731
-0.2089
0.7000
-3.5000
0.2100
385
477
519
433
513
-0.1176
-0.9628
-0.1962
2.9400
-5.7400
-3.9900
385
477
519
433
513
-0.1118
-0.9716
-0.1703
4.3400
-2.4500
-2.3800
385
477
519
432
511
-0.1137
-0.9794
-0.1996
1.4000
-4.4100
-4.2700
385
477
519
432
514
-0.1142
-0.9633
-0.2069
2.8000
-4.7600
-3.7800
385
477
519
432
514
-0.1015
-0.9472
-0.1884
5.2500
-7.8400
-1.6100
385
477
519
433
512
-0.1283
-0.9887
-0.1928
1.9600
-3.2900
-3.8500
385
477
519
433
514
-0.1142
-0.9672
-0.1942
1.6100
-1.4700
-3.6400
385
477
519
432
514
-0.0952
-0.9711
-0.1913
1.9600
-1.6800
-3.4300
385
477
519
432
513
-0.1181
-0.9809
-0.1850
-4.6200
-0.4200
-2.9400
385
478
519
432
517
-0.1005
-0.9589
-0.2064
-3.9900
0.4900
-2.1000
385
478
519
432
517
-0.0976
-0.9511
-0.2020
0.4900
-1.7500
-3.2200
385
478
519
432
515
-0.1157
-0.9692
-0.2172
-2.7300
-0.9100
-4.8300
384
474
518
433
519
-0.1142
-0.9721
-0.2172
5.8100
-2.1000
-5.3900
383
472
519
434
519
-0.0898
-0.9701
-0.2074
10.2200
-7.4900
-11.4100
378
463
519
434
515
-0.0712
-0.9618
-0.1801
11.4800
-9.7300
-13.6500
367
448
519
434
516
-0.0786
-0.9950
-0.1806
16.8700
-21.4200
-31.2900
355
428
519
434
513
-0.0288
-0.9726
-0.1562
18.4800
-21.0700
-36.6800
320
394
518
434
511
0.0254
-0.9570
-0.1152
25.9700
-20.5100
-21.8400
298
368
518
434
511
0.0547
-0.9550
-0.0859
69.9300
-45.7800
-28.5600
276
341
517
437
511
0.0727
-1.0004
0.0590
89.1100
-54.9500
-28.8400
251
312
514
437
508
0.1908
-0.9882
0.2435
57.0500
-42.8400
-28.3500
235
296
507
436
512
0.2372
-0.9814
0.2499
26.6700
-30.8700
-28.3500
225
286
499
435
518
0.2245
-0.9345
0.2704
17.7100
-37.1700
-38.1500
222
283
498
430
521
0.3406
-0.8994
0.2630
27.7900
-41.5800
-35.7700
222
283
502
418
516
0.4187
-0.8164
0.3216
52.6400
-43.2600
-30.8700
223
285
506
410
515
0.3865
-0.8452
0.3333
67.4800
-42.1400
-33.1800
221
284
507
397
516
0.4939
-0.8228
0.3680
31.9200
-36.6800
-25.6900
221
283
507
390
516
0.5558
-0.7642
0.3333
26.6000
-22.6100
-16.0300
221
283
508
387
511
0.5944
-0.7637
0.3699
44.1700
-33.6000
-13.7900
221
284
508
383
503
0.6110
-0.6905
0.3894
30.3100
-20.2300
-10.0100
221
285
509
376
501
0.6207
-0.6959
0.4011
32.3400
-26.3200
-13.3700
221
286
511
371
499
0.6671
-0.6681
0.4128
13.4400
-10.6400
-4.7600
222
287
512
368
498
0.6622
-0.6490
0.4060
5.3200
-1.3300
-1.6100
222
288
512
367
496
0.6637
-0.6486
0.4099
2.3100
-2.5200
0.2100
223
289
512
366
495
0.6529
-0.6495
0.4016
3.6400
-6.6500
-3.6400
224
290
512
366
492
0.6759
-0.6495
0.4109
4.1300
-2.6600
-1.4000
224
291
512
364
493
0.6666
-0.6559
0.4153
2.2400
-3.9200
-3.7100
225
292
512
364
490
0.6520
-0.6490
0.4085
-0.2100
-2.6600
-3.9200
225
292
512
364
491
0.6666
-0.6525
0.4060
0.5600
-3.0800
-2.2400
225
293
512
363
488
0.6647
-0.6539
0.3938
2.7300
-4.1300
-2.7300
226
293
512
364
490
0.6739
-0.6525
0.4124
3.7100
-4.4800
-1.7500
226
294
512
364
487
0.6539
-0.6534
0.4114
1.7500
-4.2700
-3.0100
226
294
512
364
489
0.6573
-0.6529
0.4055
4.4100
-5.1100
-3.5000
226
295
512
364
489
0.6632
-0.6510
0.4192
1.2600
-4.8300
-2.8000
226
295
512
364
489
0.6598
-0.6476
0.4114
2.5900
-4.0600
-3.3600
226
295
512
364
489
0.6705
-0.6500
0.4138
2.3100
-3.5000
-1.6800
227
296
512
364
489
0.6617
-0.6529
0.4148
1.7500
-3.5700
-2.7300
227
296
512
365
489
0.6695
-0.6500
0.4128
1.8200
-4.4800
-2.4500
227
296
512
365
489
0.6612
-0.6471
0.4138
2.9400
-3.9900
-2.4500
227
296
512
365
489
0.6559
-0.6525
0.4085
2.0300
-4.4100
-3.1500
227
296
512
365
487
0.6686
-0.6471
0.4070
2.0300
-4.2000
-2.8700
227
296
512
365
488
0.6612
-0.6500
0.4080
1.5400
-5.6700
-3.4300
228
296
512
365
486
0.6681
-0.6476
0.4119
2.9400
-4.1300
-2.5900
228
296
512
365
488
0.6647
-0.6510
0.4207
2.3100
-3.9900
-2.6600
228
297
512
365
485
0.6573
-0.6456
0.4080
1.3300
-3.5000
-3.4300
228
297
512
366
488
0.6705
-0.6422
0.4085
2.6600
-3.9900
-2.4500
228
297
512
366
485
0.6661
-0.6446
0.4109
2.8700
-3.5700
-1.7500
228
297
512
366
487
0.6603
-0.6510
0.4148
2.1000
-3.4300
-2.1700
228
297
512
366
484
0.6676
-0.6534
0.4241
-1.4000
-3.7800
-1.8200
228
297
512
367
487
0.6671
-0.6525
0.4080
-5.3200
-0.7700
1.5400
229
298
512
367
483
0.6481
-0.6554
0.3928
-0.2800
2.0300
3.9200
229
298
512
368
486
0.6481
-0.6500
0.4153
-0.6300
3.6400
5.4600
229
298
512
368
483
0.6398
-0.6725
0.4290
-9.0300
9.6600
4.7600
229
299
511
368
486
0.6168
-0.6934
0.4304
-35.6300
17.9900
6.0900
232
304
507
369
491
0.6290
-0.7232
0.4211
-36.6800
26.6700
13.1600
246
329
499
376
494
0.5900
-0.7627
0.3816
-35.7700
37.5200
26.6000
276
363
495
388
491
0.5314
-0.8076
0.3431
-72.1000
45.1500
44.0300
320
409
496
401
485
0.3538
-0.8838
0.2596
-50.7500
31.7800
30.8700
341
425
498
411
482
0.3201
-0.9013
0.2216
-52.8500
38.7100
41.5800
351
432
501
417
487
0.2250
-0.9350
0.1513
-44.2400
37.6600
38.5000
360
440
504
420
491
0.1381
-0.9989
0.1078
-44.3800
40.1100
48.3000
365
445
505
420
495
0.0820
-0.9711
0.0512
-35.8400
25.4800
27.7900
366
448
506
420
505
0.0034
-1.0121
0.0234
-29.5400
15.7500
26.8800
370
452
507
421
512
-0.0439
-1.0077
-0.0581
-27.5800
20.6500
26.6700
370
454
507
422
521
-0.0844
-0.9843
-0.1118
-21.0700
9.1700
6.8600
371
455
508
423
530
-0.0952
-0.9697
-0.1527
-13.0900
9.3800
3.5700
372
456
508
423
537
-0.0996
-0.9706
-0.1771
-11.7600
9.3100
2.5900
372
456
508
423
539
-0.0961
-0.9755
-0.2172
-3.8500
7.2800
0.6300
372
457
508
423
546
-0.1254
-0.9897
-0.2118
1.9600
7.4200
-2.4500
372
457
508
424
546
-0.0942
-0.9780
-0.1991
-4.1300
2.3800
-5.6000
372
457
508
423
547
-0.0898
-0.9628
-0.2181
0.4200
2.2400
3.9900
372
457
508
424
547
-0.0942
-0.9799
-0.2211
1.1200
-2.9400
-0.4200
372
456
508
424
545
-0.1010
-0.9701
-0.2338
-0.4900
-2.0300
0.4900
372
456
508
424
545
-0.1103
-0.9706
-0.2411
5.6700
-3.8500
-1.8200
372
456
508
424
548
-0.1025
-0.9692
-0.2259
3.0100
-3.7800
-1.4000
372
456
508
424
548
-0.1142
-0.9599
-0.2128
0.0700
-1.4700
-2.3100
372
456
508
424
547
-0.1049
-0.9662
-0.2381
-1.3300
-1.8900
-2.5200
373
456
508
424
547
-0.0952
-0.9462
-0.2328
1.7500
-4.1300
-0.9100
373
457
508
424
549
-0.1161
-0.9638
-0.2313
-1.5400
-2.6600
-2.8700
374
458
508
424
549
-0.1191
-0.9477
-0.2377
-0.1400
-2.1000
-3.5700
374
458
508
424
547
-0.0971
-0.9531
-0.2328
1.9600
-3.7800
-3.3600
375
458
508
424
548
-0.1015
-0.9614
-0.2352
-0.0700
-3.0100
-3.0100
375
459
508
424
550
-0.1069
-0.9487
-0.2381
-1.2600
-2.2400
-3.2200
375
459
508
424
550
-0.1035
-0.9604
-0.2484
2.8000
-2.6600
-3.8500
375
459
508
424
547
-0.0971
-0.9594
-0.2381
1.7500
-3.8500
-2.8700
375
459
508
424
547
-0.1054
-0.9623
-0.2494
1.7500
-4.7600
-2.9400
375
460
508
424
549
-0.1074
-0.9623
-0.2435
4.1300
-4.2700
-2.8700
376
460
508
424
549
-0.1054
-0.9604
-0.2484
7.3500
-4.9700
-3.6400
376
460
509
424
547
-0.1103
-0.9633
-0.2479
14.2800
-7.9100
-6.3000
377
459
508
424
545
-0.1269
-0.9565
-0.2196
18.9700
-11.4100
-12.6700
376
455
508
425
540
-0.1015
-0.9653
-0.2040
21.4900
-19.3200
-27.3700
369
449
508
426
535
-0.0508
-0.9955
-0.1283
19.3900
-28.0700
-33.9500
364
445
508
425
533
-0.0317
-0.9765
-0.0639
39.9000
-30.7300
-38.0100
348
430
507
424
529
0.0127
-0.9579
-0.0190
26.3200
-22.5400
-30.2400
325
404
506
424
527
0.0859
-0.9902
-0.0303
22.1900
-21.4900
-22.3300
298
366
507
424
522
0.1200
-0.9984
0.0244
37.1000
-34.5800
-24.4300
272
325
509
423
520
0.1498
-0.9765
0.0712
27.4400
-29.4000
-19.9500
255
307
510
417
520
0.1640
-0.9999
0.0566
45.5700
-36.3300
-25.2000
246
298
508
410
517
0.2298
-0.9516
0.1625
24.2200
-34.7900
-32.6200
240
295
508
402
514
0.2762
-0.9555
0.2035
24.7100
-35.3500
-29.8900
235
291
509
394
513
0.3255
-0.8911
0.2220
19.9500
-33.4600
-40.3900
230
289
508
384
514
0.4002
-0.8594
0.2513
25.3400
-31.9900
-35.2100
228
288
509
380
517
0.4943
-0.8252
0.2508
26.5300
-32.5500
-22.4000
229
290
510
376
516
0.5026
-0.8150
0.2816
19.8800
-34.5800
-34.0900
229
292
510
372
515
0.5300
-0.8115
0.2767
16.2400
-30.3100
-36.8200
230
293
510
364
515
0.6032
-0.7549
0.2660
12.6700
-28.7000
-29.5400
230
293
509
357
513
0.6202
-0.7501
0.2552
17.0800
-23.0300
-22.6100
231
294
510
354
507
0.6471
-0.7120
0.2826
16.3100
-14.9100
-22.8900
231
295
509
353
500
0.7178
-0.7008
0.2801
6.0200
-7.6300
-5.3900
231
295
509
353
495
0.6783
-0.6822
0.2743
3.8500
-9.4500
-7.5600
231
295
510
353
496
0.7032
-0.6817
0.2767
3.0800
-4.4800
-2.6600
232
296
510
353
495
0.6930
-0.6803
0.2733
0.9100
-2.3800
-2.8000
232
296
510
354
495
0.6900
-0.6886
0.2767
1.8200
-2.6600
-4.6900
232
296
509
354
495
0.6969
-0.6764
0.2645
3.8500
-3.9900
-1.0500
233
297
509
354
494
0.6827
-0.6852
0.2777
4.8300
-4.4800
-4.5500
233
298
509
355
494
0.6959
-0.6847
0.2830
1.6800
-3.9200
-3.0800
233
298
509
355
491
0.6969
-0.6900
0.2791
2.3800
-3.8500
-4.1300
234
298
510
355
494
0.7013
-0.6842
0.2762
3.9900
-3.7800
-3.9200
234
299
510
356
491
0.7071
-0.6891
0.2874
0.9800
-2.6600
-1.8900
234
299
509
356
494
0.6925
-0.6817
0.2699
2.5900
-3.9200
-4.2700
234
299
510
356
491
0.7086
-0.6778
0.2782
2.2400
-4.4100
-1.4000
234
299
510
356
494
0.6778
-0.6832
0.2830
1.6100
-3.2900
-3.0100
234
299
509
356
492
0.6998
-0.6803
0.2786
2.9400
-3.9900
-1.8900
234
299
509
356
494
0.6915
-0.6788
0.2835
3.2900
-4.1300
-3.4300
234
299
509
356
494
0.6891
-0.6856
0.2718
1.8200
-4.4800
-3.9900
234
299
509
357
494
0.7066
-0.6817
0.2733
2.2400
-3.9200
-1.5400
234
300
509
357
494
0.6827
-0.6803
0.2752
2.2400
-4.4800
-3.3600
234
300
509
357
494
0.6920
-0.6847
0.2826
0.9100
-4.1300
-3.0800
234
300
509
357
494
0.6934
-0.6783
0.2772
2.7300
-3.7800
-1.9600
234
300
509
357
491
0.6886
-0.6915
0.2752
2.2400
-4.1300
-2.6600
234
300
509
358
494
0.6939
-0.6822
0.2699
2.3100
-4.2700
-4.1300
234
300
509
357
492
0.6876
-0.6803
0.2767
1.8900
-4.2700
-2.2400
234
300
509
358
494
0.6978
-0.6856
0.2738
2.5200
-4.3400
-3.7100
234
300
509
358
491
0.6993
-0.6822
0.2850
1.6100
-3.8500
-2.9400
234
301
509
358
494
0.6866
-0.6773
0.2733
1.2600
-3.9900
-3.7800
234
301
509
358
494
0.7003
-0.6773
0.2728
2.3800
-3.8500
-2.2400
234
301
509
358
494
0.6915
-0.6832
0.2816
2.2400
-1.6800
-3.2200
234
301
509
358
494
0.6949
-0.6852
0.2850
2.2400
-0.0700
-2.0300
233
301
509
358
494
0.6920
-0.6871
0.2806
2.2400
-4.2700
-2.8000
233
301
509
358
494
0.6964
-0.6778
0.2855
1.3300
-3.2900
-2.6600
233
301
509
358
492
0.6969
-0.6754
0.2821
2.1000
-4.0600
-0.7700
233
301
509
358
494
0.6895
-0.6871
0.2899
3.3600
-3.4300
-1.6800
233
302
509
359
492
0.6905
-0.6876
0.2987
-3.5700
-0.2100
-2.4500
234
304
509
359
496
0.6944
-0.6954
0.2786
-5.0400
-2.1000
-1.1200
237
312
504
361
497
0.6778
-0.6783
0.2933
-10.2200
0.8400
2.9400
248
328
499
368
489
0.7105
-0.7252
0.2948
-16.5900
19.2500
26.1100
278
368
497
385
471
0.6412
-0.7510
0.2884
-26.3900
20.2300
32.5500
304
398
498
399
462
0.5685
-0.7759
0.2679
-40.3200
30.5900
36.9600
328
419
500
410
463
0.5153
-0.8091
0.2206
-53.0600
33.8100
41.0200
344
431
503
418
464
0.4319
-0.8979
0.1635
-54.1800
40.3900
59.7100
353
441
506
423
468
0.3343
-0.9331
0.1132
-57.6100
41.2300
47.4600
358
446
508
425
475
0.2381
-0.9555
0.0195
-47.8100
45.5700
53.0600
363
450
510
425
484
0.1225
-0.9980
-0.0161
-36.8200
27.5100
42.8400
364
451
511
424
492
0.0307
-0.9887
-0.0673
-44.8000
25.4800
36.4700
366
454
511
422
505
0.0093
-0.9862
-0.1635
-36.6800
21.9100
27.7200
368
458
511
423
514
-0.0181
-0.9618
-0.2133
-18.3400
14.0700
20.0200
370
461
511
423
521
-0.0615
-0.9697
-0.2450
5.6000
4.4800
9.7300
371
462
512
424
521
-0.0903
-0.9555
-0.2494
3.5700
4.9000
9.0300
371
463
512
424
530
-0.0991
-0.9609
-0.2640
-0.4900
-1.2600
0.0000
372
463
512
424
530
-0.1000
-0.9536
-0.2679
0.0700
-0.6300
3.7800
372
463
512
425
535
-0.1088
-0.9501
-0.2655
3.0800
-1.6800
-0.3500
372
464
512
425
539
-0.1127
-0.9614
-0.2664
5.8100
-2.3800
-3.4300
372
464
512
425
538
-0.1088
-0.9560
-0.2582
3.4300
-3.9900
-2.0300
372
464
512
425
538
-0.0956
-0.9511
-0.2640
2.3800
-3.6400
-2.8700
372
464
512
427
539
-0.1132
-0.9448
-0.2523
1.6100
-4.0600
-2.8000
372
464
512
427
541
-0.1132
-0.9462
-0.2552
2.5900
-3.4300
-4.1300
372
464
513
427
540
-0.0986
-0.9472
-0.2499
0.4900
-3.9900
-2.2400
372
464
513
427
542
-0.1152
-0.9457
-0.2606
0.7700
-2.2400
-3.4300
372
464
513
427
541
-0.1025
-0.9496
-0.2650
1.3300
-4.0600
-2.7300
372
463
513
427
539
-0.1113
-0.9623
-0.2635
3.2900
-6.5100
-10.8500
372
463
513
427
537
-0.0942
-0.9545
-0.2586
1.4700
-2.7300
-3.8500
372
463
514
427
538
-0.0932
-0.9565
-0.2655
4.0600
-4.2000
-0.0700
372
463
514
427
538
-0.1039
-0.9628
-0.2601
2.6600
-3.2200
-2.3800
372
463
514
427
536
-0.0966
-0.9599
-0.2567
0.2800
-3.8500
-2.3800
372
463
514
428
538
-0.1015
-0.9584
-0.2694
5.6000
-5.3900
-4.7600
372
463
514
428
538
-0.0971
-0.9511
-0.2616
13.1600
-9.5200
-10.4300
371
462
514
428
538
-0.0927
-0.9433
-0.2298
24.5700
-20.6500
-34.3700
369
460
514
428
528
-0.0551
-0.9443
-0.0166
16.0300
-26.9500
-44.3800
363
444
513
430
519
0.0376
-0.9643
-0.1269
35.1400
-21.0700
-32.4100
350
418
513
430
514
0.0488
-0.9745
-0.1113
30.5200
-20.7200
-23.2400
321
388
512
428
516
0.0791
-1.0058
-0.0381
28.0700
-20.0200
-23.5900
291
356
511
428
517
0.0864
-0.9980
0.0122
25.4100
-24.6400
-21.8400
265
323
510
427
520
0.1396
-1.0204
0.0278
35.2100
-43.4000
-46.4800
249
306
508
426
523
0.2064
-0.9643
0.0898
64.1200
-55.0200
-45.2900
240
294
506
420
520
0.3206
-0.9496
0.1806
43.9600
-43.8900
-29.9600
238
291
505
415
520
0.3558
-0.9521
0.1986
18.5500
-42.9100
-20.3700
239
293
506
403
523
0.3772
-0.9248
0.1947
30.7300
-44.3800
-36.9600
239
295
506
397
527
0.4392
-0.8711
0.2206
32.7600
-40.1100
-32.4800
238
296
506
390
529
0.5280
-0.7584
0.2801
44.2400
-25.8300
-12.7400
239
296
506
387
532
0.5168
-0.8228
0.2679
33.6700
-25.5500
-19.6000
238
296
507
384
536
0.5768
-0.7857
0.3035
14.6300
-22.4700
-23.3100
238
295
507
379
537
0.6432
-0.8740
0.2845
12.2500
-15.4000
-17.5700
237
296
508
374
538
0.6285
-0.7623
0.2791
26.9500
-21.4900
-16.3100
238
296
508
367
537
0.6373
-0.6832
0.3157
51.8700
-19.1100
-29.2600
238
297
508
361
533
0.7686
-0.6329
0.3587
19.3200
-4.5500
-18.3400
238
297
509
359
521
0.6949
-0.6681
0.3601
5.0400
-13.7200
-14.4200
238
298
510
359
514
0.7393
-0.6159
0.3245
2.1000
-9.3800
-7.8400
238
298
510
359
509
0.7408
-0.6076
0.3201
12.1100
-7.3500
-0.9100
238
299
510
357
502
0.7349
-0.6085
0.3499
0.7000
-1.4700
-3.0800
239
300
511
357
498
0.7276
-0.6076
0.3353
-0.3500
-2.9400
-4.6200
239
300
511
358
497
0.7442
-0.6071
0.3353
2.3100
-3.9200
-1.8200
239
301
511
358
493
0.7305
-0.6061
0.3401
2.1000
-2.8000
-2.8700
238
300
511
358
495
0.7232
-0.6120
0.3353
1.4700
-2.5200
-2.7300
238
300
511
358
492
0.7535
-0.6124
0.3445
-1.2600
-2.8000
-2.8700
236
299
511
359
495
0.7261
-0.6041
0.3323
2.3800
-3.5700
-3.1500
237
300
511
359
492
0.7369
-0.6202
0.3460
3.9200
-2.9400
-2.9400
236
299
511
359
495
0.7310
-0.6105
0.3421
1.1200
-4.4800
-2.3800
236
299
511
359
495
0.7325
-0.6149
0.3328
3.0100
-2.8000
-1.3300
235
300
511
360
495
0.7315
-0.6159
0.3475
1.9600
-4.4800
-1.5400
234
300
511
360
495
0.7305
-0.6144
0.3348
2.2400
-4.2000
-2.4500
234
299
511
360
495
0.7344
-0.6139
0.3509
2.5900
-3.9200
-2.1700
234
300
511
360
495
0.7305
-0.6168
0.3343
2.5900
-4.6200
-2.5900
234
300
511
360
493
0.7359
-0.6207
0.3504
3.7800
-4.2700
-2.5200
234
300
511
360
495
0.7379
-0.6154
0.3445
1.0500
-4.6900
-3.0100
234
300
511
360
492
0.7325
-0.6090
0.3431
2.0300
-3.5700
-2.5900
234
300
511
360
495
0.7281
-0.6198
0.3460
1.6800
-4.2000
-2.8700
234
301
511
361
492
0.7354
-0.6105
0.3372
2.0300
-3.7800
-2.7300
234
300
511
361
495
0.7418
-0.6085
0.3470
2.1000
-2.9400
-1.3300
234
301
511
361
492
0.7130
-0.6193
0.3455
-0.1400
-2.8700
-3.0100
234
301
511
361
495
0.7281
-0.6124
0.3353
2.3100
-4.2700
-2.4500
234
301
511
361
495
0.7266
-0.6207
0.3523
1.1900
-3.9900
-3.2200
234
301
511
361
495
0.7344
-0.6051
0.3489
1.6100
-3.4300
-2.3800
234
302
511
361
495
0.7213
-0.6188
0.3597
1.1900
-3.4300
-2.9400
235
302
511
361
493
0.7159
-0.6173
0.3484
0.7000
-3.6400
-5.2500
235
302
511
361
495
0.7437
-0.6032
0.3416
2.2400
-3.8500
-0.9100
235
302
511
361
492
0.7276
-0.6159
0.3479
3.3600
-3.5700
-1.6800
234
302
511
361
495
0.7257
-0.6144
0.3489
1.1200
-3.3600
-1.9600
234
302
511
361
492
0.7364
-0.6095
0.3489
-1.8900
-2.8000
1.1900
235
304
511
362
496
0.7418
-0.6120
0.3611
-8.3300
13.8600
14.0700
239
310
508
364
501
0.7188
-0.6686
0.3694
-23.5200
28.0700
29.9600
245
320
505
368
494
0.6588
-0.7105
0.3601
-29.4700
30.1700
34.6500
249
325
499
370
490
0.5344
-0.7496
0.3494
-35.5600
37.4500
31.6400
264
350
494
380
486
0.5348
-0.8145
0.3304
-34.5100
46.4100
49.6300
283
379
494
392
483
0.3982
-0.8496
0.3109
-56.0700
39.9000
33.5300
292
389
494
398
488
0.3211
-0.9028
0.1996
-49.2100
36.8200
39.9000
307
403
496
402
492
0.2377
-0.9467
0.1723
-34.4400
25.9700
21.6300
324
416
498
407
494
0.1879
-0.9589
0.1191
-30.0300
22.0500
16.1000
336
427
500
412
495
0.1479
-1.0033
0.1044
-34.8600
22.8200
25.2000
350
443
505
417
501
0.1059
-0.9618
0.0381
-43.9600
27.1600
30.3800
359
451
508
421
507
0.0400
-1.0092
-0.0332
-32.2000
7.2800
3.7800
363
457
510
424
507
0.0532
-0.9897
-0.0493
-34.7900
14.7700
15.9600
366
460
511
426
516
0.0098
-0.9794
-0.1684
-34.1600
21.0000
20.1600
368
463
512
428
523
-0.0098
-0.9980
-0.1903
-18.7600
10.7800
12.4600
369
466
513
430
529
-0.0351
-0.9770
-0.2196
-6.6500
2.5200
-2.3800
370
467
513
431
528
-0.0361
-0.9848
-0.2074
-4.3400
3.3600
-1.0500
371
467
513
431
531
-0.0346
-0.9370
-0.2250
-11.9700
6.1600
1.0500
371
467
514
431
533
-0.0303
-0.9506
-0.2552
-4.9000
0.7000
2.0300
371
468
514
431
531
-0.0371
-0.9570
-0.2689
3.0100
-2.0300
3.1500
371
468
514
432
532
-0.0595
-0.9784
-0.2616
-0.2800
-1.6800
-1.4000
371
467
514
432
535
-0.0522
-0.9579
-0.2586
-3.0800
1.1200
-2.2400
371
468
514
432
536
-0.0395
-0.9443
-0.2811
-2.4500
-16.9400
-4.5500
371
468
514
432
535
-0.0400
-0.9545
-0.2845
2.8000
-4.8300
-1.8900
372
470
516
434
537
-0.0337
-0.9760
-0.2650
-3.5700
-1.7500
-1.7500
373
471
516
435
538
-0.0488
-0.9628
-0.2782
-1.8200
-1.0500
-4.9700
374
471
517
435
536
-0.0342
-0.9487
-0.2786
1.8200
-3.5700
-2.3100
374
471
517
435
537
-0.0498
-0.9672
-0.2904
1.7500
-3.5000
-0.7700
374
471
517
436
539
-0.0420
-0.9560
-0.2791
1.8900
-3.6400
-3.5700
375
472
517
436
539
-0.0425
-0.9584
-0.2894
4.2700
-4.3400
-4.4100
375
472
517
436
537
-0.0454
-0.9599
-0.2796
3.8500
-5.2500
-4.4100
375
472
517
436
540
-0.0517
-0.9536
-0.2894
4.9700
-2.5200
-3.0800
376
472
517
436
539
-0.0386
-0.9570
-0.2786
7.9800
-4.0600
-10.6400
377
472
517
436
538
-0.0273
-0.9555
-0.2635
14.8400
-7.5600
-17.7100
379
471
516
436
534
-0.0068
-0.9516
-0.2752
19.4600
-21.7000
-35.9100
380
468
515
436
529
0.0244
-0.9575
-0.1684
34.7200
-10.2900
-24.3600
368
459
513
436
525
0.0956
-0.9906
-0.2040
50.7500
-23.1700
-19.6700
365
451
513
434
521
0.1078
-0.9804
-0.1015
50.4000
-23.1000
-19.1800
333
420
512
433
516
0.1342
-0.9999
-0.0483
50.6100
-30.4500
-24.5000
292
363
510
432
511
0.1596
-0.9965
-0.0390
50.6100
-39.7600
-23.9400
271
339
510
429
507
0.1767
-0.9867
0.0800
55.3000
-48.9300
-36.7500
256
319
509
425
507
0.2460
-0.9453
0.2196
48.0900
-43.4000
-37.3800
249
308
508
419
509
0.3362
-0.9209
0.2762
31.1500
-41.4400
-44.2400
245
305
510
410
509
0.4104
-0.8813
0.2777
19.0400
-34.5100
-26.0400
240
303
512
400
510
0.4621
-0.8603
0.2660
17.2900
-28.4200
-17.5700
236
299
512
392
508
0.5266
-0.8257
0.2645
26.8100
-29.0500
-23.6600
232
294
512
385
510
0.5261
-0.8115
0.3353
18.6900
-21.4900
-19.6000
230
292
512
376
511
0.5617
-0.7813
0.2708
7.1400
-13.9300
-15.7500
228
290
512
370
510
0.5788
-0.7584
0.3538
8.2600
-13.0900
-15.0500
226
287
512
366
509
0.5485
-0.7442
0.2801
22.6800
-22.2600
-20.5100
227
287
512
361
510
0.6432
-0.7388
0.3406
15.7500
-12.1100
-12.9500
227
287
512
357
509
0.6398
-0.7105
0.3074
15.8200
-9.3800
-13.9300
228
288
512
354
509
0.6690
-0.6734
0.3445
14.5600
-12.2500
-10.0800
229
288
512
352
505
0.6861
-0.6764
0.3523
3.6400
-4.4800
-4.6200
229
289
512
353
504
0.6661
-0.6773
0.3309
2.3100
-3.5700
-7.3500
230
289
512
353
502
0.6988
-0.6734
0.3333
1.3300
-1.6800
-0.6300
230
290
512
353
501
0.6661
-0.6852
0.3294
2.3800
-4.1300
-4.2700
231
290
512
354
499
0.6725
-0.6783
0.3328
2.8700
-5.2500
-1.2600
231
291
512
354
496
0.6676
-0.6871
0.3421
1.8200
-3.9200
-2.1700
231
291
512
355
498
0.6720
-0.6783
0.3382
1.7500
-3.5000
-3.7100
231
292
512
355
497
0.6725
-0.6837
0.3377
1.4000
-3.3600
-3.2900
232
293
512
356
499
0.6720
-0.6847
0.3348
1.6800
-3.7800
-2.3100
232
294
511
356
498
0.6739
-0.6710
0.3411
1.4000
-2.9400
-2.1000
232
294
511
357
501
0.6666
-0.6886
0.3421
0.1400
-3.7800
-2.4500
233
295
511
357
501
0.6769
-0.6700
0.3265
1.6800
-3.0100
-2.1000
233
295
511
357
502
0.6686
-0.6837
0.3479
2.1000
-3.4300
-2.8000
232
295
511
357
502
0.6808
-0.6759
0.3328
1.5400
-3.5000
-1.8200
233
295
511
358
499
0.6583
-0.6822
0.3431
2.5900
-3.5700
-3.8500
233
295
511
358
502
0.6788
-0.6778
0.3372
1.3300
-3.2200
-3.9200
233
296
511
358
500
0.6827
-0.6759
0.3255
2.8000
-4.4800
-2.9400
233
296
511
358
501
0.6773
-0.6847
0.3470
1.4000
-3.2900
-2.1000
233
296
511
358
499
0.6715
-0.6773
0.3328
1.3300
-3.2200
-2.7300
233
296
511
358
501
0.6715
-0.6803
0.3382
3.5000
-4.6900
-3.3600
233
297
511
359
501
0.6656
-0.6710
0.3396
2.7300
-4.0600
-3.0100
233
297
511
359
501
0.6749
-0.6778
0.3338
2.1700
-4.3400
-2.6600
233
297
511
359
501
0.6690
-0.6803
0.3440
2.1000
-3.7100
-2.5900
234
297
511
359
499
0.6773
-0.6847
0.3411
1.8200
-3.3600
-2.9400
234
297
511
359
501
0.6793
-0.6739
0.3314
2.8700
-3.9900
-1.2600
234
297
511
359
498
0.6686
-0.6769
0.3558
0.3500
-3.0800
-0.1400
234
297
511
359
501
0.6661
-0.6798
0.3392
1.1900
-2.8700
0.2800
234
297
511
360
499
0.6461
-0.6881
0.3431
2.2400
-5.0400
-4.7600
234
297
511
360
501
0.6642
-0.6876
0.3523
5.2500
-4.9700
-4.9000
234
297
511
360
502
0.6808
-0.6773
0.3436
1.7500
-3.7100
-0.4200
234
298
511
360
503
0.6637
-0.6778
0.3504
-5.3900
4.0600
1.2600
235
302
510
361
506
0.6739
-0.6783
0.3655
-10.7800
13.2300
13.1600
239
309
507
364
500
0.6686
-0.7086
0.3753
-29.2600
31.5700
29.3300
245
318
504
370
495
0.5924
-0.7481
0.3362
-41.6500
26.4600
29.1900
260
341
502
384
487
0.5168
-0.8106
0.2869
-45.4300
34.4400
35.3500
273
363
502
399
484
0.4431
-0.8672
0.2528
-42.6300
20.7900
26.8100
289
383
503
410
479
0.4011
-0.8945
0.1986
-43.7500
16.2400
23.7300
315
410
504
418
481
0.3323
-0.9301
0.1679
-33.8100
12.7400
21.4900
333
426
506
423
480
0.3074
-0.9599
0.1142
-37.4500
18.4100
29.1200
345
436
507
427
480
0.2460
-0.9370
0.0737
-31.9900
13.7900
28.8400
353
444
508
429
485
0.1952
-0.9916
-0.0234
-29.9600
15.6800
24.6400
357
446
509
430
489
0.1362
-0.9965
-0.0464
-30.1000
8.8900
15.3300
358
448
509
431
491
0.1298
-1.0048
-0.0991
-24.9200
10.5000
21.2800
359
448
509
431
497
0.0976
-0.9736
-0.1527
-27.0200
8.4700
22.2600
358
448
509
430
505
0.0508
-0.9828
-0.1957
-26.8100
15.1200
33.1100
358
448
509
428
512
0.0000
-0.9848
-0.1386
-17.1500
11.7600
25.2000
358
448
510
427
517
-0.0561
-0.9594
-0.2562
-4.6900
6.1600
5.8100
359
448
510
427
522
-0.0512
-0.9692
-0.2699
-0.9100
2.5200
6.9300
360
448
510
427
524
-0.0605
-0.9809
-0.2660
-4.2000
2.0300
4.4800
360
448
510
427
523
-0.0693
-0.9472
-0.2821
-4.4100
2.5200
7.0700
359
448
510
427
529
-0.0815
-0.9501
-0.2811
-3.5700
2.2400
5.9500
360
448
510
428
529
-0.0942
-0.9306
-0.1737
-2.1700
2.6600
7.9100
359
448
509
428
534
-0.1035
-0.9550
-0.2889
5.9500
-4.6900
-5.7400
359
448
509
428
540
-0.1078
-0.9560
-0.2904
-4.2000
0.0700
-2.5200
359
448
510
429
541
-0.0981
-0.9360
-0.3201
1.8200
-3.5700
-3.5700
360
449
510
429
540
-0.0981
-0.9536
-0.2938
6.9300
-5.8800
-2.5200
361
453
510
430
545
-0.1064
-0.9506
-0.2869
-1.2600
-2.0300
-2.4500
362
455
510
430
546
-0.0952
-0.9394
-0.3030
-0.2100
-2.9400
-3.6400
366
459
510
430
544
-0.0927
-0.9355
-0.3060
3.2200
-4.0600
-1.6100
372
463
510
430
547
-0.1030
-0.9492
-0.3138
3.5700
-3.2900
-2.3800
373
464
510
430
550
-0.1005
-0.9462
-0.3050
0.9800
-2.2400
-2.6600
374
464
510
430
551
-0.0937
-0.9506
-0.3074
3.3600
-3.9200
-4.3400
374
464
510
430
549
-0.1005
-0.9448
-0.3045
7.4200
-4.5500
-4.8300
375
464
510
430
550
-0.1000
-0.9511
-0.2987
7.7000
-5.1800
-9.1700
376
464
510
430
551
-0.0834
-0.9697
-0.2860
10.8500
-10.7100
-12.4600
374
464
510
430
547
-0.0669
-0.9462
-0.2606
9.6600
-15.6800
-20.3000
363
448
510
430
541
-0.0639
-0.9477
-0.2728
6.6500
-23.8000
-32.1300
332
410
511
428
539
-0.0244
-0.9443
-0.2850
28.0000
-22.4700
-33.9500
299
365
512
425
531
0.0307
-0.9194
-0.1547
39.4100
-29.8200
-39.6200
279
339
511
422
526
0.0888
-0.9170
-0.0678
49.8400
-28.9100
-30.4500
267
331
511
419
523
0.1240
-0.9804
-0.0190
54.0400
-33.9500
-41.3700
258
320
510
417
523
0.1757
-0.9706
0.0317
38.9900
-26.5300
-53.6900
249
308
508
415
519
0.2235
-0.9350
0.0712
43.7500
-32.6900
-33.1800
244
301
507
411
517
0.2879
-0.9662
0.1566
40.7400
-30.3800
-22.1200
241
299
505
406
515
0.2991
-0.9809
0.1732
26.5300
-21.9100
-22.9600
238
296
505
402
516
0.3538
-0.9087
0.2133
26.8800
-29.3300
-28.8400
236
294
505
395
518
0.4241
-0.8672
0.2303
27.6500
-28.8400
-24.8500
234
294
506
389
519
0.4529
-0.8769
0.2713
20.0900
-20.5800
-23.8000
232
291
508
383
521
0.4690
-0.8662
0.2523
7.6300
-13.4400
-18.4100
229
288
509
369
521
0.5329
-0.8311
0.2479
53.3400
-19.0400
-12.5300
229
286
510
359
524
0.5017
-0.7901
0.3670
30.7300
-20.7900
-16.1000
230
287
511
360
527
0.5466
-0.7920
0.3841
21.0700
-18.5500
-16.3100
230
288
511
359
525
0.5588
-0.7715
0.3601
8.3300
-19.4600
-18.3400
231
289
512
357
522
0.6100
-0.7237
0.3245
21.0700
-24.7100
-14.6300
231
289
512
354
512
0.6032
-0.7154
0.3762
11.5500
-11.3400
-14.3500
231
290
512
357
504
0.6427
-0.7047
0.3597
9.5200
-14.9100
-19.3900
231
291
512
357
501
0.6783
-0.6490
0.3645
12.3900
-14.5600
-12.1100
232
291
512
356
498
0.6964
-0.6461
0.3772
7.6300
-8.4000
-7.7000
232
292
512
356
495
0.6827
-0.6427
0.3841
1.1900
-2.9400
-3.0800
232
292
513
356
497
0.6925
-0.6476
0.3562
2.5200
-3.9900
-3.5700
232
292
513
356
494
0.6847
-0.6525
0.3748
3.0800
-2.6600
-2.3800
233
293
513
356
496
0.6871
-0.6373
0.3743
1.8900
-3.5700
-0.7000
233
294
513
356
493
0.6764
-0.6490
0.3767
2.2400
-4.7600
-3.7800
233
294
513
356
495
0.6778
-0.6510
0.3714
3.7800
-4.3400
-2.4500
234
294
512
356
495
0.6788
-0.6471
0.3802
2.2400
-3.5700
-2.8700
234
295
512
356
495
0.6856
-0.6495
0.3728
1.5400
-3.5700
-2.7300
234
295
512
356
495
0.6842
-0.6490
0.3733
2.7300
-3.8500
-3.1500
234
295
512
356
495
0.6847
-0.6529
0.3777
1.3300
-2.4500
-1.8900
235
296
513
356
495
0.6905
-0.6456
0.3684
3.4300
-4.4100
-2.3800
235
296
512
356
491
0.6798
-0.6461
0.3855
2.7300
-3.1500
-2.9400
235
296
512
356
495
0.6856
-0.6422
0.3782
1.2600
-4.0600
-2.4500
235
296
512
356
493
0.6808
-0.6456
0.3762
2.1700
-5.1100
-2.7300
235
296
512
357
495
0.6886
-0.6476
0.3777
1.9600
-3.9200
-2.6600
235
296
512
356
492
0.6715
-0.6446
0.3841
2.1000
-4.6200
-3.0100
235
297
512
357
494