-0.3216
-0.9355
0.0068
-1.8200
-3.8500
-5.8100
415
487
522
424
525
-0.3123
-0.9321
0.0181
-2.9400
-4.6900
-4.2000
415
487
522
424
527
-0.3216
-0.9140
-0.0200
3.0800
-2.8000
-3.4300
415
487
522
425
526
-0.3026
-0.9394
0.0181
0.9100
-3.4300
-3.5000
415
487
522
425
524
-0.3094
-0.9335
0.0049
3.0800
-2.8700
-2.2400
415
487
522
425
527
-0.3138
-0.9370
0.0073
-0.2800
-3.1500
-2.0300
415
487
522
425
526
-0.3172
-0.9311
-0.0020
0.6300
-3.9200
-2.5900
415
487
522
425
524
-0.3094
-0.9379
0.0102
3.9900
-3.2900
-4.5500
415
487
522
425
527
-0.3157
-0.9550
0.0176
0.3500
-3.5700
-4.9000
415
487
522
425
526
-0.3045
-0.9540
0.0386
-3.5000
-5.5300
-7.2800
415
487
522
425
528
-0.2943
-0.9526
0.0161
-11.9000
-9.1000
-9.1000
415
487
522
425
541
-0.2908
-0.9174
-0.0346
-8.0500
-6.1600
-3.3600
415
486
522
425
555
-0.2972
-0.9335
-0.0493
-3.6400
-5.1100
-2.3800
415
486
522
425
574
-0.2835
-0.9399
-0.0415
-3.4300
-1.1200
0.7700
415
486
522
425
607
-0.2694
-0.9384
-0.0395
-5.4600
0.4200
2.5900
415
486
522
425
669
-0.2904
-0.9267
-0.0752
-3.2900
-1.7500
2.1700
415
486
523
425
729
-0.3235
-0.9199
-0.0815
0.0000
4.4800
5.1100
415
486
522
425
800
-0.3226
-0.9096
-0.0844
-1.1900
2.1700
3.9200
414
486
522
427
847
-0.3558
-0.9077
-0.0966
6.5100
0.6300
-0.0700
414
486
522
427
855
-0.3426
-0.9511
-0.0698
10.1500
-0.4200
0.0000
414
486
522
427
841
-0.2972
-0.9701
-0.0215
-6.3700
-3.0100
9.8700
414
486
522
427
833
-0.2640
-0.9052
-0.0049
-20.2300
-13.3000
37.1000
415
486
522
426
830
-0.3538
-0.8667
-0.0688
-36.6800
-22.9600
61.1100
415
486
522
426
830
-0.4314
-0.7662
-0.0917
-54.5300
-37.7300
76.5800
416
486
521
425
833
-0.5685
-0.6398
-0.1615
-48.3000
-44.1000
73.1500
416
486
521
424
845
-0.7662
-0.5324
-0.1801
-36.3300
-37.2400
67.5500
416
486
520
423
845
-0.8325
-0.4758
-0.1337
-28.0000
-39.6200
54.8100
416
486
520
424
837
-0.9462
-0.3865
-0.1688
-32.3400
-25.3400
27.9300
416
486
519
425
832
-1.2795
-0.3914
-0.4202
8.7500
10.9200
-61.8800
416
486
519
424
827
-1.0468
-0.4026
-0.2533
43.6800
43.2600
-94.6400
416
486
519
423
822
-0.8369
-0.5012
-0.1337
45.8500
51.7300
-108.4300
416
486
520
424
814
-0.5846
-0.6529
-0.1723
37.3800
50.4000
-84.1400
415
486
520
424
814
-0.4338
-0.7276
-0.1845
46.8300
46.4100
-69.5800
415
486
520
422
810
-0.3523
-0.8335
-0.1425
36.3300
40.6700
-61.5300
415
487
521
424
807
-0.1723
-0.8930
-0.1415
19.6700
29.8900
-43.0500
415
488
521
426
803
-0.0742
-0.9072
-0.1098
32.5500
2.9400
-28.7000
414
489
521
428
799
-0.1000
-0.9838
-0.0639
26.6000
-1.2600
-5.1100
414
488
521
429
797
-0.1645
-1.0165
-0.0483
16.1700
-5.4600
-11.6200
414
488
521
427
796
-0.1854
-0.9721
-0.0844
15.4000
-2.5200
-12.0400
414
487
521
426
795
-0.1401
-0.9418
-0.0693
18.4800
2.6600
-3.4300
414
487
521
426
793
-0.0815
-0.9496
0.0088
9.7300
4.4100
0.7000
413
487
521
426
793
-0.1503
-0.9911
-0.0112
8.0500
8.5400
-11.5500
413
487
521
427
792
-0.1435
-1.0097
-0.0054
16.0300
9.6600
-12.7400
412
486
521
427
790
-0.1532
-1.0072
0.0224
21.3500
10.2200
-17.2900
412
486
521
427
789
-0.0425
-0.9784
0.0854
14.3500
6.9300
-9.1700
411
486
521
427
788
-0.0346
-1.0141
0.0913
6.9300
-2.5900
-6.3700
411
486
521
427
787
-0.0303
-0.9921
0.0947
-1.4000
-6.8600
-3.0100
411
486
521
427
787
-0.0693
-0.9872
0.0576
-0.2100
-6.3700
-2.1700
411
486
521
428
786
-0.0976
-0.9887
0.0634
4.4100
-5.6000
-2.5200
412
486
521
428
785
-0.0688
-0.9799
0.0678
8.5400
-3.5700
-3.8500
411
486
521
428
784
-0.0478
-0.9936
0.1035
2.7300
-5.2500
-1.8200
412
486
521
428
783
-0.0756
-1.0024
0.0820
1.1900
-6.5100
-0.2100
412
486
521
427
782
-0.0517
-0.9867
0.1025
0.7700
-16.1000
5.6700
412
486
521
427
780
-0.0342
-0.9872
0.0874
-8.0500
-8.7500
30.5200
413
486
521
427
778
-0.1449
-0.9921
0.0444
-2.1000
-11.3400
24.7100
413
486
521
428
777
-0.1635
-1.0463
0.0283
3.0800
-10.9200
12.3200
414
486
521
428
777
-0.1698
-1.0087
0.0498
2.2400
-12.1100
20.0900
414
486
521
428
776
-0.1845
-0.9745
0.1440
6.6500
-24.1500
31.7800
414
486
521
428
774
-0.2054
-0.8638
0.0839
-26.1100
-28.9100
60.2700
414
487
521
428
771
-0.3694
-0.7676
0.1093
-24.4300
-34.0200
81.2000
415
487
521
429
785
-0.5002
-0.7047
0.0571
-25.4100
-34.1600
84.7700
415
487
521
430
785
-0.7296
-0.6837
0.0425
-10.7100
-20.0200
52.5000
415
487
520
430
777
-0.8140
-0.6822
-0.0303
-0.9100
-23.3800
25.6900
415
487
520
431
770
-0.8359
-0.6983
0.0449
-0.0700
-14.1400
11.0600
415
487
520
431
765
-0.8969
-0.7193
-0.0054
-8.5400
7.7700
-26.8100
415
487
520
431
764
-0.9013
-0.6471
-0.0010
11.9000
20.0900
-63.4200
415
487
520
429
766
-0.7276
-0.6773
0.0259
37.2400
26.1100
-77.4200
415
487
520
428
769
-0.5314
-0.7418
0.0815
24.6400
27.4400
-58.8000
415
487
521
428
766
-0.4153
-0.8032
0.0834
26.4600
17.8500
-44.3800
415
487
521
427
763
-0.3318
-0.8340
0.0917
20.5800
14.7000
-34.2300
415
486
521
426
763
-0.3260
-0.8955
0.1035
25.1300
5.5300
-30.1000
415
486
521
426
763
-0.2923
-0.8974
0.1186
17.7100
7.8400
-14.2100
415
486
521
427
763
-0.3094
-0.9482
0.1327
16.5200
6.3000
-24.0800
414
486
521
427
762
-0.2547
-0.9545
0.1308
21.0000
5.3200
-17.5000
414
486
521
427
763
-0.2567
-0.9438
0.1635
13.7900
8.3300
-14.7700
414
486
521
428
763
-0.1303
-0.9482
0.1557
8.2600
14.5600
-22.6100
413
486
521
428
765
-0.2308
-0.8955
0.1796
16.4500
8.9600
-18.2700
412
486
521
428
765
-0.1913
-0.9477
0.2084
25.9000
1.7500
-10.7800
411
486
522
427
763
-0.1342
-0.9428
0.2762
11.3400
3.2900
8.7500
411
486
521
427
765
-0.1625
-0.9765
0.2259
12.3900
-5.3200
6.3700
411
486
521
426
766
-0.2069
-0.9682
0.2611
3.4300
-5.6000
-0.1400
411
486
521
426
766
-0.2176
-0.9345
0.2445
1.8900
-1.5400
3.4300
411
486
521
425
766
-0.2523
-0.9199
0.3104
3.7100
-3.8500
0.2800
411
486
521
425
766
-0.2318
-0.9365
0.2474
-3.5700
-1.8900
-2.7300
411
486
521
424
766
-0.2479
-0.9355
0.2342
7.2100
1.5400
5.6700
411
486
521
423
767
-0.2440
-0.9843
0.1845
3.3600
-0.7700
0.3500
411
486
521
421
768
-0.2118
-0.9755
0.1981
-13.0200
5.7400
1.6100
411
486
521
420
768
-0.2728
-0.9267
0.1718
-9.0300
-15.7500
-8.8200
411
486
522
419
767
-0.2240
-0.9135
0.1527
6.5100
-8.6800
-7.8400
411
486
522
418
765
-0.2298
-0.9350
0.1669
3.2200
-8.8200
4.1300
411
486
522
418
764
-0.2479
-0.9921
0.1952
-0.7000
-5.7400
2.3100
412
486
522
418
764
-0.2240
-1.0331
0.2440
-17.4300
-9.5900
10.1500
412
486
522
417
763
-0.1996
-0.9628
0.1981
-50.6100
-24.9900
42.0000
413
486
522
416
764
-0.2552
-0.9082
0.0864
-41.7900
-33.7400
56.4200
414
486
521
416
764
-0.4085
-0.8467
0.0493
-46.6200
-42.9100
54.9500
415
486
521
417
764
-0.4802
-0.7408
0.0586
-45.0100
-49.7000
60.2000
415
486
521
417
764
-0.5812
-0.6066
0.0176
-62.5800
-51.7300
66.3600
415
486
521
418
761
-0.7427
-0.5280
-0.0093
-53.9700
-56.7000
81.1300
415
486
521
418
754
-0.8306
-0.4055
-0.0444
-46.9700
-50.3300
79.8700
415
486
521
421
745
-0.9687
-0.3455
-0.0561
-37.5200
-34.5100
44.9400
416
486
521
421
737
-1.1224
-0.3645
-0.1410
4.5500
5.9500
-3.9900
416
486
520
421
733
-1.1634
-0.3938
-0.0439
22.1200
30.8700
-66.6400
416
486
521
421
735
-0.9877
-0.4021
-0.0420
33.1800
37.1000
-78.4000
415
486
521
422
740
-0.8101
-0.4831
-0.0410
47.6700
44.3800
-71.1200
415
486
521
423
745
-0.7086
-0.5944
0.0088
51.1700
37.0300
-76.5100
415
486
521
423
748
-0.5880
-0.6969
0.0068
38.5000
24.4300
-56.2800
415
485
521
422
750
-0.5339
-0.7798
-0.0010
40.0400
16.5200
-50.4700
414
485
521
421
750
-0.4538
-0.8496
-0.0195
24.0800
20.7900
-32.6900
414
485
521
422
751
-0.4714
-0.8945
0.0083
21.9800
13.8600
-43.8900
414
485
521
423
752
-0.3855
-0.8603
-0.0093
25.2000
8.2600
-38.2900
413
485
521
423
753
-0.2987
-0.8828
0.0727
24.2900
-0.4200
-28.1400
413
485
521
423
750
-0.3309
-0.9165
0.0283
23.4500
-3.0800
-23.8700
413
485
521
424
749
-0.2806
-0.9335
0.0361
14.1400
1.1900
-10.0100
413
485
521
424
749
-0.2669
-0.9731
0.0961
20.1600
-3.2200
-15.3300
412
485
521
424
750
-0.2484
-0.9716
0.1274
24.8500
2.3800
-27.3000
411
485
521
425
749
-0.1688
-0.9667
0.1693
26.9500
2.2400
-15.6100
411
485
521
425
750
-0.1039
-0.9750
0.2342
7.9800
2.3100
-9.1000
411
485
521
424
750
-0.1000
-0.9457
0.2250
8.1900
-5.6000
2.1700
411
485
521
424
750
-0.1562
-0.9819
0.2137
3.2900
-7.4200
-2.0300
411
485
521
424
750
-0.1698
-0.9692
0.2064
-2.8000
-3.7800
-2.6600
411
485
521
424
750
-0.1640
-0.9340
0.1859
5.4600
-4.1300
-1.8900
411
485
521
424
751
-0.1713
-0.9536
0.2255
3.7100
-2.1000
-3.9900
412
485
521
424
751
-0.1532
-0.9531
0.2357
0.3500
-2.5900
-2.4500
411
485
521
424
751
-0.1557
-0.9536
0.2064
4.9700
-3.2900
-2.4500
412
485
521
424
750
-0.1552
-0.9892
0.2381
2.0300
-4.2000
-3.9200
412
485
521
424
750
-0.1181
-1.0409
0.2845
-4.2700
-11.6900
-1.5400
412
485
521
422
748
-0.0288
-0.9941
0.2425
-31.5700
-20.0200
25.9000
413
485
521
420
748
-0.1684
-0.9819
0.1601
-14.4900
-37.2400
24.1500
414
485
521
417
747
-0.2289
-0.8677
0.1606
-36.4700
-26.1100
54.3200
415
485
521
417
747
-0.3187
-0.7823
0.0683
-66.2900
-19.3200
85.4000
415
485
521
419
750
-0.4787
-0.6778
0.0586
-56.2800
-38.5700
88.6900
415
485
521
419
754
-0.6076
-0.5778
0.0468
-55.5800
-45.3600
100.5900
415
485
521
421
754
-0.8169
-0.4900
0.0029
-51.4500
-51.4500
76.1600
416
485
521
422
751
-0.8638
-0.4294
0.0137
-26.0400
-50.9600
75.1100
415
485
520
423
742
-0.9745
-0.3494
-0.0878
4.9000
-27.9300
64.8200
415
486
520
423
737
-1.1170
-0.3318
0.0107
-4.1300
-13.0900
-15.8900
415
486
519
423
733
-1.0824
-0.2884
0.0224
-5.4600
14.0000
-35.9100
415
486
520
423
732
-1.0624
-0.3279
-0.0195
-5.0400
34.7200
-66.2900
415
485
520
423
737
-0.9775
-0.3855
-0.0249
28.6300
47.5300
-101.0800
415
485
520
424
742
-0.8545
-0.4656
-0.0146
53.4100
53.6900
-101.5000
415
485
520
424
744
-0.6305
-0.5998
-0.0063
41.7200
54.3900
-93.8000
415
485
521
422
749
-0.4387
-0.7998
-0.0098
24.4300
44.3800
-60.7600
414
484
521
420
751
-0.3592
-0.8555
-0.0752
26.8800
23.1000
-40.1800
413
484
521
420
752
-0.3640
-0.8926
-0.0400
27.3000
18.6900
-41.1600
412
484
521
420
753
-0.2918
-0.8955
-0.0356
27.6500
12.6000
-25.6200
412
484
521
420
753
-0.2835
-0.9536
0.0015
23.8000
-1.3300
-24.1500
412
484
521
420
751
-0.2987
-0.9130
-0.0264
8.7500
8.0500
-9.1000
412
484
521
420
753
-0.2977
-0.9467
-0.0176
21.7000
0.8400
-20.5800
412
484
521
420
752
-0.2655
-0.9243
0.0234
29.4000
3.2900
-15.4700
411
483
521
420
752
-0.2328
-0.9428
0.0395
32.6900
0.9800
-17.7100
411
484
521
419
752
-0.1957
-1.0170
0.1088
16.7300
6.0900
-6.8600
411
484
521
419
751
-0.1654
-1.0170
0.1386
2.1700
-2.9400
-8.8900
411
484
521
419
750
-0.1728
-0.9531
0.1044
0.9100
-3.8500
-2.5900
411
484
521
419
750
-0.2054
-0.9575
0.0976
6.0900
-5.7400
-1.6100
412
484
521
419
749
-0.1889
-0.9614
0.1015
1.2600
-5.3900
1.1900
412
484
521
419
749
-0.2064
-0.9721
0.1137
4.2000
-6.0900
-2.3100
412
484
521
419
749
-0.2040
-0.9780
0.1205
2.2400
-6.3000
-3.1500
412
484
521
419
748
-0.2030
-0.9540
0.0996
2.5200
-4.6900
-1.4000
412
484
521
419
748
-0.2118
-0.9750
0.1132
4.0600
-4.4100
-4.6200
412
484
521
419
748
-0.2050
-0.9614
0.0966
6.0900
-4.2000
-3.0800
412
484
521
419
749
-0.2015
-0.9765
0.1498
3.7100
-2.2400
-3.8500
412
484
521
419
747
-0.1781
-1.0019
0.1137
-3.2200
-3.6400
-0.7000
413
484
521
419
747
-0.0903
-1.0448
0.1298
-17.5700
-6.3700
15.8900
413
484
521
420
747
-0.1932
-1.0307
0.1435
-27.3700
-24.2200
13.9300
413
484
521
419
746
-0.1249
-0.9174
0.0942
-31.7100
-37.8000
68.9500
414
484
521
420
746
-0.2967
-0.8794
0.0556
-63.0000
-40.6700
59.7800
414
484
521
420
746
-0.4397
-0.7974
-0.0312
-51.8700
-54.6700
50.1200
414
484
521
422
746
-0.5061
-0.6622
-0.0742
-41.7900
-58.1000
62.5800
414
484
521
422
746
-0.6271
-0.5534
-0.0615
-45.8500
-44.0300
107.4500
414
485
520
422
743
-0.8745
-0.5480
-0.1401
-29.2600
-58.1700
51.9400
414
485
520
422
741
-0.9228
-0.4690
-0.0893
-24.1500
-41.3000
49.1400
415
485
520
425
737
-0.9218
-0.3997
-0.0566
-8.0500
-43.5400
64.8200
414
485
519
425
731
-1.1517
-0.3743
-0.0630
15.0500
-8.4700
-8.6100
414
485
519
425
728
-1.1697
-0.3948
-0.0488
-24.3600
37.9400
-64.3300
415
485
519
425
729
-0.9970
-0.4270
-0.0600
21.1400
44.5200
-82.9500
415
485
519
425
731
-0.8276
-0.5051
-0.1205
32.4800
55.0200
-74.6200
415
484
519
425
734
-0.6988
-0.5807
-0.0805
44.4500
50.4000
-71.6100
414
484
519
423
735
-0.5500
-0.6617
-0.0766
28.2800
47.9500
-47.1800
414
484
520
420
739
-0.5344
-0.7725
-0.1191
32.7600
33.9500
-48.3700
414
483
520
419
743
-0.4738
-0.8418
-0.1371
33.7400
37.3100
-42.0700
414
483
520
421
746
-0.3733
-0.9043
-0.1230
31.9200
28.7000
-34.7900
414
483
520
422
744
-0.2772
-0.9082
-0.0761
28.7000
18.2700
-22.4000
414
483
520
421
743
-0.2318
-0.9355
-0.0576
18.7600
17.2900
-18.4100
413
483
520
420
747
-0.2552
-0.9516
-0.0434
21.9800
1.4700
-23.2400
413
483
520
420
745
-0.2157
-0.9399
-0.0703
19.4600
3.9200
-11.2700
412
483
520
421
743
-0.2220
-0.9145
-0.0703
19.8800
7.6300
-5.2500
412
482
520
421
742
-0.1889
-0.9906
0.0366
26.6000
6.5100
8.1200
412
482
520
420
743
-0.2489
-1.0199
0.0571
18.0600
-6.7200
-2.8700
411
482
520
420
743
-0.1957
-0.9360
0.0454
-2.1000
5.5300
4.9000
412
482
520
420
743
-0.2255
-1.0258
0.0727
3.8500
-4.5500
-4.5500
412
482
520
420
743
-0.2250
-0.9579
0.0654
-1.4000
-5.8800
-2.7300
412
482
520
420
743
-0.2269
-0.9423
0.0659
2.8700
-5.0400
-0.7700
412
482
520
420
743
-0.2440
-0.9575
0.0717
-5.1100
-1.4700
-2.1700
412
482
520
420
743
-0.2259
-0.9418
0.0664
2.2400
-4.7600
-1.1200
412
482
520
420
742
-0.2274
-0.9614
0.0712
5.1100
-4.9000
-3.3600
412
482
520
420
742
-0.2245
-0.9623
0.0810
2.8000
-5.6700
-2.2400
412
483
520
420
742
-0.2259
-0.9575
0.0781
3.2200
-3.5700
-1.5400
412
483
520
420
742
-0.2318
-0.9721
0.0800
1.7500
-4.0600
-2.8700
412
482
520
420
742
-0.2289
-0.9618
0.0717
2.9400
-5.0400
-1.8900
412
482
520
420
742
-0.2308
-0.9672
0.0937
10.8500
-6.0900
-2.3800
412
482
520
420
741
-0.2220
-1.0155
0.1000
-3.9200
-0.0700
-2.8700
412
482
520
420
741
-0.1874
-1.0228
0.0888
-10.9900
-12.8800
-6.5100
413
483
520
420
740
-0.1161
-1.0048
0.0913
-15.1200
-22.2600
9.5200
413
483
520
420
737
-0.1757
-1.0053
0.1108
-24.1500
-34.3000
10.1500
413
483
520
419
736
-0.1562
-0.9096
0.0517
-39.9000
-45.2900
31.5000
413
483
520
420
734
-0.2357
-0.8364
0.0376
-45.6400
-47.4600
52.2200
413
484
520
421
734
-0.3836
-0.7564
-0.0337
-41.0200
-49.2100
67.9700
413
484
520
422
734
-0.4992
-0.7037
-0.0249
-34.5100
-43.8900
77.2800
413
484
520
422
732
-0.5022
-0.5949
-0.0493
-31.7800
-34.3000
97.8600
414
485
519
422
730
-0.8072
-0.5807
-0.0454
-19.6000
-47.3200
60.6900
414
485
519
424
731
-0.9008
-0.5061
-0.0498
-7.9100
-42.2100
76.8600
414
486
519
425
731
-0.9828
-0.4773
0.0117
21.1400
-33.3900
36.1200
414
486
520
425
727
-1.1814
-0.4953
-0.0142
-6.6500
-0.7000
-35.5600
414
486
519
425
725
-1.0512
-0.4304
-0.0127
-36.8900
37.0300
-67.9700
414
486
520
425
725
-0.8813
-0.4563
-0.0600
8.2600
42.8400
-72.3100
414
486
520
426
725
-0.8184
-0.5646
-0.0205
31.3600
45.4300
-79.1700
414
485
520
426
727
-0.6505
-0.6461
0.0117
28.3500
46.7600
-64.0500
414
485
520
424
729
-0.5222
-0.7559
-0.0795
25.2700
36.1200
-49.2100
414
485
520
421
731
-0.4875
-0.8130
-0.0859
34.4400
32.2700
-49.7000
414
484
520
420
731
-0.4255
-0.8599
-0.0400
29.5400
29.0500
-46.9000
413
484
520
420
732
-0.3636
-0.8906
-0.0791
20.7900
22.6800
-43.4000
413
484
520
421
736
-0.2669
-0.9008
-0.0717
27.3700
25.3400
-23.3800
412
483
520
421
733
-0.2606
-0.9018
-0.0307
37.8000
16.1000
-19.1100
412
483
520
419
733
-0.2245
-0.9428
-0.0093
41.4400
12.9500
-5.0400
412
482
520
419
735
-0.2167
-1.0121
0.1005
-0.4900
21.5600
2.6600
412
482
520
419
738
-0.2298
-0.9697
0.0171
24.2200
5.0400
-1.7500
412
482
520
420
741
-0.2220
-0.9921
0.1279
2.4500
-1.1200
-2.3800
412
482
520
420
742
-0.2528
-0.9609
0.0542
-0.6300
-2.3100
-3.5000
412
482
520
421
742
-0.1283
-0.9423
0.0468
6.3000
-6.1600
-4.7600
412
482
520
421
741
-0.2450
-0.9648
0.0742
2.0300
-5.1100
-2.5200
412
482
520
421
741
-0.2474
-0.9428
0.0439
5.3200
-5.3900
-4.9000
412
482
520
421
741
-0.2484
-0.9462
0.0683
6.0900
-5.6700
-2.6600
412
482
520
421
741
-0.2557
-0.9648
0.0698
2.5900
-2.4500
-2.6600
412
482
520
421
741
-0.2416
-0.9496
0.0688
7.1400
-0.5600
-3.5000
412
482
519
421
741
-0.2567
-0.9589
0.0576
2.3100
-1.1900
-6.7900
412
482
520
420
741
-0.2533
-0.9667
0.0712
1.2600
-2.8700
-4.3400
412
482
520
420
740
-0.2523
-0.9638
0.0522
0.6300
-1.5400
-3.9900
412
482
520
420
740
-0.2220
-0.9399
0.0752
-0.6300
-2.7300
-2.2400
412
482
520
420
742
-0.2372
-0.9526
0.0600
2.3800
-4.9700
-4.5500
412
482
520
420
739
-0.2606
-0.9828
0.0776
-0.5600
-3.3600
-5.6700
413
482
520
420
739
-0.2298
-0.9916
0.0459
-7.7700
-3.7800
-5.3200
413
482
520
419
738
-0.1742
-1.0116
0.0820
-12.4600
-18.9000
-1.5400
413
482
520
419
737
-0.1615
-0.9960
0.0361
-29.7500
-34.2300
11.0600
413
482
520
419
735
-0.1952
-0.9682
0.0254
-37.4500
-41.5100
21.7000
413
482
520
419
733
-0.2328
-0.9262
0.0005
-47.8100
-53.6900
38.7100
413
483
520
420
731
-0.3475
-0.8438
-0.0483
-53.1300
-57.8200
51.2400
414
483
520
421
730
-0.4446
-0.7681
-0.0952
-41.9300
-59.2900
54.0400
414
484
520
421
729
-0.5422
-0.6627
-0.1479
-35.5600
-55.0900
61.0400
414
484
520
421
730
-0.6427
-0.6017
-0.0815
-24.2900
-59.2200
74.7600
414
484
520
421
728
-0.7740
-0.5261
-0.1200
-25.9700
-55.8600
71.3300
414
485
520
423
727
-0.9292
-0.4802
-0.0903
-17.2900
-47.1800
62.7200
414
485
519
424
726
-1.0385
-0.4426
-0.0766
22.1200
-33.8100
28.4200
414
485
519
423
721
-1.2293
-0.4402
-0.0669
2.6600
7.0000
-45.8500
414
485
519
423
720
-1.0756
-0.4216
-0.0317
-5.1800
42.7000
-79.6600
414
485
519
423
721
-0.9091
-0.4690
-0.0293
39.9000
52.0100
-94.5000
414
485
520
424
724
-0.7344
-0.5802
-0.0229
44.3800
51.7300
-87.1500
414
485
520
423
721
-0.5578
-0.6822
-0.0410
40.7400
49.9100
-60.6200
414
484
520
418
723
-0.4934
-0.7935
-0.0512
30.9400
44.3100
-55.0200
414
483
520
416
725
-0.4324
-0.8272
-0.0625
24.2200
39.1300
-47.6000
414
483
520
416
728
-0.3621
-0.8623
-0.0503
23.6600
34.9300
-45.0100
413
483
520
417
731
-0.2684
-0.9062
-0.0390
23.6600
25.2700
-32.3400
413
482
520
416
732
-0.1527
-0.9287
-0.1157
30.1000
24.0800
-13.3000
413
482
520
416
734
-0.1684
-0.9365
-0.0229
30.5200
6.3000
4.9700
413
481
520
416
738
-0.2137
-0.9877
-0.0293
53.2000
-2.6600
8.8200
412
481
520
417
739
-0.2391
-1.0307
0.0669
31.4300
2.0300
1.1900
412
481
520
417
741
-0.2206
-1.0189
0.0791
14.2800
-0.9800
-3.7100
412
481
520
417
743
-0.2240
-0.9726
0.0708
6.7200
-5.3900
-0.7700
412
481
520
417
742
-0.2601
-0.9565
0.0854
1.9600
-3.0800
-2.0300
413
481
520
417
742
-0.2601
-0.9423
0.0732
1.4000
-3.3600
-4.5500
413
481
520
417
741
-0.2591
-0.9374
0.0639
2.8700
-1.4700
-3.2200
412
481
520
417
741
-0.2538
-0.9448
0.0952
3.4300
-3.8500
-3.5000
412
481
520
417
741
-0.2572
-0.9531
0.0800
4.0600
-6.9300
-2.8000
413
481
520
417
740
-0.2625
-0.9394
0.0913
3.2900
-6.7900
-3.4300
413
481
520
417
740
-0.2479
-0.9584
0.0864
3.6400
-6.9300
-4.7600
412
481
520
417
739
-0.2538
-0.9560
0.0825
-26.9500
1.2600
-3.0800
412
481
520
417
739
-0.2621
-0.9594
0.0888
5.3200
-4.2000
-0.7700
412
481
520
417
738
-0.2616
-1.0087
0.1059
-3.2900
0.0700
-3.5700
413
481
520
417
738
-0.2186
-0.9765
0.0839
-8.5400
-7.7700
1.4000
413
481
520
417
736
-0.2372
-1.0146
0.0478
-25.4100
-10.0100
5.9500
414
481
520
417
735
-0.2694
-1.0224
0.0405
-32.7600
-21.9100
4.9700
414
482
520
416
737
-0.1771
-0.9067
0.0224
-45.9200
-40.0400
23.3800
415
482
520
416
734
-0.2328
-0.8740
0.0351
-53.9000
-55.8600
39.6900
415
482
520
415
733
-0.3821
-0.8008
-0.0727
-48.0900
-57.7500
51.1000
415
482
520
417
730
-0.5085
-0.6988
-0.1230
-56.4200
-50.8900
68.6700
415
483
520
417
729
-0.5876
-0.6051
-0.1337
-40.5300
-55.8600
68.1100
415
483
520
418
727
-0.7169
-0.5768
-0.1264
-38.9900
-52.9900
76.7900
415
483
520
419
723
-0.8345
-0.4978
-0.1230
-26.4600
-46.0600
54.5300
415
483
519
419
725
-0.8423
-0.4109
-0.0298
-24.4300
-43.6100
54.8800
416
484
519
420
724
-0.9462
-0.3509
-0.0561
-22.8900
-32.2700
44.7300
415
483
519
419
721
-1.1112
-0.3314
-0.0786
-12.4600
-12.6700
2.7300
415
483
519
419
720
-1.1927
-0.2884
-0.1225
19.6000
24.5000
-53.3400
415
483
519
419
720
-1.0189
-0.3640
-0.0527
38.0800
47.6700
-94.5000
415
483
519
419
721
-0.8667
-0.4890
-0.1103
28.9100
57.6800
-99.3300
415
483
519
420
722
-0.7037
-0.6012
-0.1806
49.4900
54.6700
-68.9500
415
483
519
420
721
-0.5836
-0.6930
-0.1054
29.5400
51.6600
-62.6500
415
483
519
419
723
-0.4607
-0.7666
-0.1259
16.8000
50.1200
-47.8800
414
483
519
417
727
-0.4080
-0.7491
-0.2196
3.5000
45.3600
-38.6400
414
483
519
418
731
-0.3597
-0.8520
-0.2025
30.1700
31.7100
-29.2600
413
482
520
419
732
-0.3074
-0.8843
-0.1737
28.2800
30.3100
-31.2200
413
482
520
419
731
-0.1942
-0.8886
-0.2045
32.2700
16.5200
-11.1300
413
482
520
416
730
-0.2455
-0.9448
-0.1474
39.4800
9.8700
-17.1500
412
482
520
416
730
-0.1942
-0.9360
-0.1342
36.6100
1.6100
-13.3000
411
482
520
416
730
-0.1903
-0.9599
-0.0761
36.1900
-3.6400
-12.5300
411
482
520
414
730
-0.1288
-0.9999
0.0102
14.7700
3.5700
10.1500
411
482
520
413
730
-0.2157
-1.0521
0.0049
5.8800
-3.7800
-1.0500
412
482
520
413
729
-0.1810
-0.9755
-0.0098
-3.7800
-2.4500
-2.2400
412
482
520
414
729
-0.2050
-0.9487
-0.0210
2.3800
-5.8100
-1.6100
412
482
520
414
729
-0.2152
-0.9614
-0.0259
3.0800
-4.5500
0.2100
412
482
520
414
728
-0.2152
-0.9711
-0.0024
5.2500
-5.3900
-0.6300
412
482
520
414
728
-0.2133
-0.9726
-0.0122
5.3200
-6.0900
-2.6600
413
482
520
414
727
-0.2152
-0.9711
-0.0166
3.4300
-5.1800
-3.1500
413
482
520
414
727
-0.2303
-0.9814
0.0063
3.7100
-5.2500
-3.6400
413
482
520
414
727
-0.2264
-0.9740
-0.0010
1.3300
-4.0600
-2.4500
413
482
520
414
727
-0.2020
-0.9633
-0.0249
6.8600
-3.5700
1.4700
413
482
520
414
726
-0.2015
-1.0019
0.0361
1.9600
-4.4800
-1.8200
413
482
520
413
725
-0.2118
-1.0082
0.0024
-8.5400
-6.6500
-5.9500
413
482
520
414
725
-0.2123
-0.9853
-0.0176
-10.1500
-6.1600
-2.4500
414
482
520
414
724
-0.1693
-0.9853
-0.0102
-19.8800
-11.3400
8.6800
414
482
520
414
723
-0.1688
-0.9648
-0.0371
-17.0100
-40.3900
48.7200
415
483
520
415
725
-0.2445
-0.8999
-0.0283
-27.0900
-36.2600
57.4000
416
483
520
415
723
-0.3909
-0.7798
-0.0366
-47.6000
-42.8400
56.9800
416
483
520
415
720
-0.5183
-0.6739
-0.0600
-42.6300
-56.2800
63.3500
417
483
520
414
716
-0.6808
-0.5710
-0.0927
-48.9300
-40.3200
53.2000
418
483
520
414
713
-0.7632
-0.5636
-0.0742
-46.6900
-46.5500
54.3200
418
484
520
415
713
-0.8355
-0.4416
-0.0874
-47.3900
-47.3900
61.2500
418
483
520
416
713
-0.8926
-0.3680
-0.0732
-36.8900
-34.9300
55.6500
418
484
520
417
711
-0.9257
-0.2908
-0.0527
-24.9900
-40.5300
48.0200
418
484
520
417
708
-1.0814
-0.2645
-0.0063
4.4100
-18.7600
17.2200
418
484
520
417
706
-1.1580
-0.2625
-0.0351
-9.0300
27.5100
-44.8000
418
484
519
417
706
-1.0512
-0.2791
-0.0278
19.9500
34.7200
-89.1100
417
483
519
416
709
-0.9013
-0.3928
-0.0752
31.3600
58.1700
-105.3500
416
482
519
416
711
-0.7891
-0.5295
-0.0942
29.8900
65.9400
-97.0200
416
482
519
417
710
-0.6320
-0.6827
-0.1069
31.0800
52.9900
-72.6600
415
482
519
416
714
-0.5119
-0.7496
-0.1357
31.0100
45.2900
-52.0100
415
482
519
415
720
-0.4568
-0.8047
-0.1557
15.4700
29.4700
-66.8500
411
482
519
416
725
-0.3470
-0.8560
-0.1859
4.6200
34.9300
-48.7200
408
482
519
418
728
-0.2455
-0.9028
-0.1932
34.5100
10.4300
-18.2700
407
481
519
418
725
-0.2235
-0.9560
-0.1552
6.2300
23.2400
-22.1900
408
481
519
417
726
-0.1674
-0.9135
-0.1391
29.7500
5.3200
-26.3900
408
481
519
417
725
-0.1044
-0.9565
-0.0537
17.2200
-1.3300
-14.9100
407
481
519
416
726
-0.0908
-0.9989
-0.1074
-1.4000
-1.8900
-9.5200
407
481
519
417
728
-0.0908
-1.0443
-0.0981
-0.9100
-1.4000
-8.1200
407
481
519
417
727
-0.0903
-0.9838
-0.0981
0.2100
-4.4100
-4.9000
407
481
519
416
726
-0.1069
-0.9496
-0.1035
6.5100
-7.6300
-1.1200
407
480
519
416
725
-0.1283
-0.9809
-0.0961
3.5000
-8.2600
-0.2100
408
480
519
416
725
-0.1308
-0.9877
-0.1074
2.2400
-6.7200
-1.1900
408
480
519
417
725
-0.1357
-0.9667
-0.1127
4.9700
-3.9200
-0.9100
408
480
519
417
724
-0.1366
-0.9994
-0.0766
3.9900
-5.6000
-3.9900
408
481
519
416
724
-0.1401
-0.9780
-0.0932
2.8700
-5.8800
-1.2600
409
480
519
416
724
-0.1479
-0.9970
-0.0903
4.4100
-3.5700
-2.0300
409
480
519
416
723
-0.1381
-1.0102
-0.0854
2.5200
-2.8000
-2.3100
409
480
519
416
722
-0.1000
-0.9550
-0.0732
9.5200
-7.3500
6.4400
409
480
519
416
721
-0.1371
-0.9975
-0.0537
10.7100
-10.7100
1.8200
410
481
519
415
720
-0.1532
-1.0228
-0.0917
-2.2400
-1.4000
2.4500
411
481
519
415
719
-0.1405
-1.0243
-0.0761
-4.2000
0.7700
14.6300
411
481
519
415
719
-0.1498
-1.0233
-0.0249
-1.4700
-18.5500
9.0300
412
481
519
415
717
-0.1235
-0.9662
-0.0673
4.2700
-10.1500
41.7900
413
481
519
414
714
-0.2094
-0.8721
-0.0307
-30.4500
-34.2300
71.7500
413
480
519
414
716
-0.3655
-0.7837
-0.1415
-55.5800
-42.2800
81.2000
414
480
518
415
714
-0.5256
-0.6895
-0.1606
-45.5700
-63.0700
74.4800
414
480
517
414
713
-0.6949
-0.5314
-0.1962
-47.6000
-65.5900
93.0300
414
481
517
413
713
-0.8784
-0.4885
-0.1347
-30.8700
-70.8400
73.8500
414
481
516
412
715
-0.9350
-0.3738
-0.0956
-36.5400
-64.0500
60.2000
415
481
516
412
717
-0.9965
-0.2401
-0.0756
-30.1000
-40.1100
34.7200
414
481
515
412
712
-1.0941
-0.1898
-0.1552
-16.8700
-11.6900
8.8200
414
481
515
411
711
-1.2542
-0.2333
-0.1254
27.9300
27.8600
-61.1800
414
481
515
411
713
-1.0472
-0.2713
-0.1000
38.7800
47.7400
-79.7300
414
481
515
411
712
-0.9008
-0.3494
-0.1488
33.2500
59.7800
-86.6600
414
481
515
411
713
-0.8091
-0.4631
-0.1688
43.1900
57.6800
-86.5900
414
481
515
411
713
-0.6588
-0.5724
-0.1957
41.6500
53.1300
-64.6800
413
480
515
411
717
-0.5641
-0.7198
-0.2089
35.0700
53.4100
-56.1400
413
480
515
410
723
-0.4626
-0.8115
-0.2186
36.1900
47.1100
-50.9600
413
480
515
411
728
-0.3265
-0.8584
-0.2225
31.3600
35.2800
-44.0300
410
480
516
414
727
-0.2499
-0.8813
-0.2567
36.3300
28.2800
-42.9100
408
480
516
415
729
-0.2294
-0.9492
-0.1474
46.4800
6.1600
-35.8400
408
480
517
415
722
-0.1615
-0.8974
-0.1064
25.4800
12.6700
1.5400
408
480
517
415
723
-0.1557
-0.9980
-0.0883
38.2200
-4.0600
-16.1000
407
480
517
413
725
-0.0849
-1.0185
-0.0576
35.8400
3.2200
2.5200
408
480
517
413
723
-0.1357
-1.0843
-0.0176
4.6200
0.9800
0.4900
409
480
517
413
722
-0.1435
-1.0043
0.0083
-0.2800
-8.7500
-6.4400
409
480
518
413
721
-0.1313
-0.9404
-0.0322
2.9400
-8.0500
3.7800
410
480
517
413
722
-0.1596
-0.9799
-0.0176
0.5600
-7.2800
1.8200
410
480
517
413
721
-0.1684
-0.9892
-0.0059
0.2100
-5.7400
-5.1100
410
480
517
413
723
-0.1518
-0.9648
-0.0307
4.6200
-3.8500
-5.0400
410
480
518
413
721
-0.1537
-0.9833
-0.0029
2.1000
-4.4800
-0.4900
410
480
518
412
721
-0.1615
-0.9843
-0.0063
3.7100
-6.0200
-2.5200
411
480
518
413
720
-0.1752
-0.9814
-0.0146
-2.8000
-2.6600
-2.5900
411
480
517
412
721
-0.1669
-0.9716
-0.0268
-0.4200
-0.4900
-3.1500
411
480
518
412
722
-0.1566
-0.9965
-0.0303
1.6100
-2.3100
-3.0100
411
480
518
412
719
-0.1566
-1.0189
-0.0547
-5.6000
-2.0300
-3.3600
411
480
518
412
719
-0.1049
-1.0180
-0.0400
-12.6700
-2.9400
-3.1500
412
481
518
412
719
-0.0673
-1.0282
-0.0288
-27.5100
-19.1800
12.6700
413
481
518
413
721
-0.0815
-0.9672
-0.0181
-34.3000
-40.2500
20.6500
414
482
518
414
719
-0.1742
-0.9043
-0.1225
-43.4000
-53.0600
43.1200
414
481
518
415
718
-0.3040
-0.8140
-0.1449
-27.0900
-60.9700
51.6600
414
481
517
414
716
-0.4455
-0.7715
-0.1806
-35.0700
-51.3100
49.2100
415
481
517
413
716
-0.5539
-0.7715
-0.1464
-31.0100
-52.1500
51.4500
415
482
516
413
717
-0.6442
-0.6793
-0.1576
-25.3400
-54.6000
56.2100
415
482
515
412
713
-0.6934
-0.5363
-0.1459
-34.3000
-48.0900
61.6700
415
482
515
412
710
-0.7471
-0.4158
-0.0844
-37.6600
-72.3100
61.9500
415
482
514
410
707
-0.9218
-0.4124
-0.0468
-44.8000
-45.9200
69.7200
414
483
514
413
706
-1.2195
-0.3753
-0.1845
-19.4600
19.3900
-18.8300
414
482
514
414
706
-1.1863
-0.3396
-0.1635
41.4400
49.4900
-89.3900
414
482
514
413
705
-0.9052
-0.4128
-0.1108
44.9400
70.7700
-93.3800
414
482
514
413
706
-0.7037
-0.5353
-0.1113
29.6800
79.3800
-86.3100
414
481
515
412
713
-0.5724
-0.6769
-0.1732
36.4000
74.8300
-72.5200
414
481
515
410
715
-0.4260
-0.7969
-0.1786
36.9600
60.6200
-62.7900
413
481
515
409
718
-0.2850
-0.8667
-0.1454
28.2800
41.6500
-38.8500
411
481
516
410
721
-0.2533
-0.8896
-0.1932
29.0500
25.6200
-25.2700
409
482
516
411
719
-0.2240
-0.9277
-0.1952
29.6100
16.2400
-18.0600
410
482
516
409
720
-0.2064
-0.9287
-0.1235
27.7200
8.1200
-27.0200
408
482
517
407
720
-0.1513
-0.8940
-0.1293
37.7300
5.6700
-9.3800
409
482
517
408
719
-0.1191
-1.0199
-0.0488
5.6000
12.3900
16.3100
409
482
517
406
719
-0.1986
-1.0468
-0.1220
27.8600
-5.1800
-5.3200
409
482
517
407
719
-0.1762
-1.0526
-0.0127
9.6600
-2.8000
-9.6600
410
482
517
405
721
-0.1684
-0.9428
-0.0522
0.0000
-7.4900
2.6600
410
482
517
406
718
-0.2108
-0.9726
-0.0595
5.6000
-7.7000
3.0800
410
482
517
406
718
-0.2279
-0.9941
-0.0854
4.6900
-8.4000
-6.3700
411
482
517
406
718
-0.2172
-0.9496
-0.0390
-0.9800
-3.7100
0.3500
411
482
517
406
718
-0.2279
-0.9609
-0.0644
3.2900
-7.2800
-1.8200
411
482
517
406
717
-0.2186
-0.9862
-0.0395
2.1700
-5.6700
-2.7300
411
482
517
406
719
-0.2167
-0.9555
-0.0586
-1.4700
-5.6700
-1.8200
411
482
517
406
715
-0.2298
-0.9633
-0.0459
1.3300
-4.9700
-1.6800
411
482
517
406
715
-0.2230
-0.9599
-0.0493
2.7300
-5.0400
-1.1900
411
482
517
406
715
-0.2323
-0.9838
-0.0444
1.2600
-4.4100
-3.7100
411
482
517
406
714
-0.2367
-0.9975
-0.1005
-5.1100
7.4200
0.7700
411
482
517
406
714
-0.2206
-1.0121
-0.0634
-14.3500
3.7100
0.7000
411
482
517
406
715
-0.2011
-1.0053
-0.0952
-28.7700
14.4900
6.0200
412
482
517
407
717
-0.1967
-0.9980
-0.1064
-27.7200
-12.3200
-8.7500
412
482
517
409
718
-0.1420
-0.9555
-0.1459
-33.3900
-26.1800
9.0300
412
482
517
410
718
-0.1762
-0.8945
-0.1352
-24.9900
-62.1600
29.4000
413
482
516
409
719
-0.2821
-0.8174
-0.1845
-34.0900
-59.6400
47.0400
413
481
515
409
718
-0.4451
-0.7657
-0.2284
-24.1500
-63.0000
48.7900
413
482
514
408
718
-0.5573
-0.7061
-0.2108
-18.3400
-45.6400
64.6100
413
482
513
408
718
-0.6705
-0.6622
-0.2064
-18.5500
-64.6100
64.2600
413
482
513
409
715
-0.7398
-0.5578
-0.0966
-17.9200
-60.9000
45.0100
413
482
512
409
715
-0.8145
-0.5070
-0.1132
-18.9700
-52.7800
42.6300
413
483
512
410
713
-0.9726
-0.4446
-0.1352
-6.4400
-37.5900
19.6000
413
483
512
409
709
-0.9780
-0.3767
-0.1010
-1.1200
-8.6800
16.3800
413
483
511
410
707
-1.1326
-0.3987
-0.1410
-0.4900
25.7600
-47.9500
413
483
512
410
707
-0.9902
-0.3997
-0.1215
32.4800
49.5600
-67.9000
413
482
512
409
710
-0.8540
-0.5202
-0.1293
49.0000
53.3400
-72.3100
413
482
512
408
709
-0.7447
-0.6071
-0.1108
40.4600
59.4300
-75.9500
413
482
512
407
710
-0.5876
-0.7022
-0.1508
25.0600
62.2300
-63.2800
412
481
513
405
716
-0.4309
-0.7779
-0.1923
29.1900
65.1000
-43.8900
412
480
513
405
718
-0.3562
-0.8516
-0.2196
30.1000
45.1500
-42.1400
411
479
513
405
722
-0.2489
-0.8599
-0.1576
36.7500
33.3900
-25.2000
409
480
514
405
724
-0.1854
-0.9199
-0.1401
36.3300
20.5100
-7.1400
408
479
514
405
726
-0.2357
-0.9555
-0.1601
21.6300
7.0000
-1.0500
407
479
514
405
728
-0.2386
-0.9233
-0.1230
33.6000
-0.3500
7.6300
408
479
514
405
732
-0.2523
-1.0116
-0.1127
47.4600
0.9100
3.0800
408
479
514
406
731
-0.2625
-1.0702
0.0049
3.7100
4.2700
-10.5000
408
479
514
406
731
-0.2245
-0.9536
-0.0522
-6.3700
-4.3400
-6.3000
408
479
514
406
730
-0.2508
-0.9311
-0.0913
3.3600
-8.6100
-1.3300
408
479
514
406
730
-0.2635
-0.9633
-0.0693
7.0700
-7.5600
-2.0300
409
479
514
406
729
-0.2630
-0.9618
-0.0717
4.9700
-7.0000
-4.5500
409
479
514
406
729
-0.2542
-0.9487
-0.0644
2.0300
-6.1600
-2.1700
409
479
514
406
729
-0.2557
-0.9453
-0.0717
1.1900
-6.1600
-0.9800
409
479
514
406
729
-0.2830
-0.9618
-0.0654
0.9100
-3.2900
-4.2700
409
479
514
407
730
-0.2786
-0.9501
-0.0683
2.5200
-2.5900
-4.2000
409
479
515
406
728
-0.2528
-0.9438
-0.0566
1.4700
-4.0600
-1.1900
410
479
515
406
728
-0.2625
-0.9545
-0.0703
-1.9600
-3.3600
0.4200
410
479
515
406
727
-0.2606
-0.9521
-0.0742
-3.2200
-5.3900
-3.2200
410
479
514
407
727
-0.2679
-0.9618
-0.0752
-0.0700
-5.2500
-3.3600
410
480
515
406
726
-0.2728
-0.9433
-0.1030
-0.9800
-3.9200
-6.9300
410
479
515
407
725
-0.2625
-0.9389
-0.0791
-2.5200
-3.6400
-4.8300
410
479
515
407
725
-0.2562
-0.9609
-0.0864
-6.6500
-7.7000
-5.7400
411
479
515
406
724
-0.2572
-0.9789
-0.1049
-17.2200
-16.1700
14.7700
411
480
514
406
723
-0.2225
-0.9565
-0.0576
-33.9500
-31.2900
30.5200
412
480
514
406
723
-0.2811
-0.9121
-0.1318
-45.9200
-30.3800
21.2100
412
479
514
404
721
-0.3699
-0.8921
-0.1537
-18.2000
-42.9800
19.9500
412
480
513
400
720
-0.3894
-0.7847
-0.1454
-39.7600
-49.2100
47.3900
412
480
513
401
719
-0.5158
-0.6847
-0.1684
-34.9300
-75.8800
100.7300
412
481
511
398
715
-0.6934
-0.5632
-0.1039
-41.1600
-71.6800
90.5100
413
481
510
396
712
-0.8150
-0.4368
-0.0605
-53.8300
-63.6300
62.5100
413
481
510
397
711
-0.8994
-0.3704
-0.1810
-52.4300
-41.7200
34.7900
413
481
509
398
710
-1.0404
-0.3889
-0.1586
-6.7900
-21.1400
23.5200
413
481
509
398
707
-1.1283
-0.3562
-0.1552
-7.8400
22.8200
-27.2300
413
481
508
399
708
-1.1551
-0.4270
-0.1718
55.8600
61.5300
-103.1800
414
480
508
397
708
-0.8550
-0.4865
-0.1659
40.2500
79.2400
-95.1300
414
480
509
397
706
-0.6271
-0.6012
-0.1850
49.4200
68.3900
-63.3500
413
480
509
396
708
-0.4982
-0.7330
-0.1762
44.2400
59.7800
-51.4500
413
479
509
394
713
-0.3880
-0.8247
-0.1884
35.9100
45.0800
-45.2200
413
478
509
393
718
-0.3123
-0.8511
-0.1918
18.7600
42.2800
-34.2300
412
478
508
394
719
-0.2445
-0.8764
-0.1854
26.6700
24.4300
-27.3000
411
478
509
397
723
-0.2425
-0.8940
-0.2094
27.3000
14.4900
-16.3800
410
479
509
398
723
-0.2181
-0.9623
-0.1459
42.0000
9.2400
-14.8400
409
479
510
398
723
-0.1801
-0.9570
-0.0459
28.8400
6.5800
3.0800
409
479
510
398
725
-0.1742
-1.0004
-0.0517
6.8600
-4.2700
2.8700
409
479
510
398
726
-0.2386
-1.0082
-0.0825
6.7200
-5.7400
-3.2200
409
479
510
398
726
-0.2284
-0.9638
-0.0839
1.1900
-3.7800
-0.8400
409
479
510
398
725
-0.2469
-0.9482
-0.0683
4.2000
-6.4400
-3.1500
410
479
510
398
724
-0.2582
-0.9575
-0.0781
1.7500
-9.0300
-0.9100
410
479
510
398
724
-0.2562
-0.9745
-0.0605
-1.7500
-5.1100
-3.5700
410
479
510
398
723
-0.2523
-0.9536
-0.1005
4.3400
-5.5300
-5.3900
410
479
510
398
725
-0.2372
-0.9604
-0.0634
2.5200
-6.8600
-2.3800
410
479
510
398
723
-0.2547
-0.9492
-0.0752
2.4500
-6.0900
-1.8200
410
479
510
398
722
-0.2416
-0.9404
-0.0815
1.3300
-4.2700
-3.0100
410
479
510
398
722
-0.2503
-0.9736
-0.0551
1.5400
-3.3600
-4.8300
410
479
510
398
722
-0.2425
-0.9648
-0.0776
1.3300
-5.1800
-4.4100
410
479
510
398
724
-0.2552
-0.9604
-0.0786
3.5000
-4.5500
-1.8900
410
479
510
398
721
-0.2435
-0.9589
-0.0708
3.7100
-4.8300
-2.1700
410
479
510
398
721
-0.2508
-0.9589
-0.0639
2.4500
-5.1100
-1.7500
410
479
510
398
721
-0.2489
-0.9511
-0.0595
3.3600
-4.2000
-2.3800
410
479
510
398
721
-0.2567
-0.9658
-0.0659
3.3600
-4.2000
-4.5500
410
479
510
398
723
-0.2460
-0.9599
-0.0586
2.8000
-2.3800
-3.3600
410
479
510
398
721
-0.2333
-0.9970
-0.0800
2.1000
-3.9900
-5.0400
410
479
510
398
720
-0.1928
-1.0228
-0.0810
-4.2700
-7.0000
-5.3900
410
479
510
399
720
-0.1918
-1.0248
-0.0566
-16.8700
-18.9000
-2.2400
411
479
510
398
719
-0.1191
-0.9482
-0.0434
-37.0300
-40.6700
20.7900
412
479
510
398
717
-0.1596
-0.8882
-0.0688
-51.1000
-50.6100
31.7800
412
479
510
399
716
-0.2869
-0.7940
-0.1264
-77.0000
-55.0200
52.5000
412
479
510
401
717
-0.4626
-0.7237
-0.1991
-47.9500
-70.9100
56.4900
412
480
510
402
716
-0.6412
-0.6476
-0.2381
-32.8300
-68.2500
55.0900
412
481
510
404
715
-0.7169
-0.5744
-0.2035
-17.7100
-63.7000
56.5600
413
481
511
404
715
-0.7867
-0.5202
-0.1283
-8.1900
-60.6900
50.8200
413
482
511
405
715
-0.9257
-0.4856
-0.1932
-15.9600
-30.2400
20.5800
413
482
511
406
715
-1.0907
-0.4948
-0.2015
3.4300
-2.5200
-14.0000
413
482
511
406
711
-1.0970
-0.4948
-0.2030
25.3400
36.6800
-57.3300
413
482
511
406
710
-0.8847
-0.5246
-0.1484
34.3000
53.9700
-78.0500
413
482
511
405
711
-0.7271
-0.5968
-0.1327
41.7200
60.3400
-73.0100
413
482
512
405
711
-0.5407
-0.7071
-0.1547
34.0900
53.5500
-57.5400
414
481
512
403
711
-0.4285
-0.7715
-0.1786
26.7400
45.7100
-45.9200
413
481
512
402
717
-0.3465
-0.8530
-0.2084
30.4500
38.2900
-42.0700
412
481
512
403
716
-0.2616
-0.8652
-0.2133
27.7200
24.5700
-22.4000
410
480
513
406
715
-0.3157
-0.8721
-0.3074
15.2600
30.8000
-3.4300
409
480
513
411
718
-0.3187
-0.9174
-0.1386
33.2500
20.2300
-17.2900
409
480
514
413
718
-0.2264
-0.9262
-0.1103
41.0200
7.4200
-6.4400
408
480
514
413
719
-0.2176
-1.0297
-0.0288
25.1300
-1.2600
-6.3000
409
480
514
413
721
-0.2035
-1.0106
-0.0488
-0.9100
0.3500
-8.1900
409
481
514
414
723
-0.2230
-0.9540
-0.0634
0.7700
-5.1800
-4.4100
409
481
514
413
719
-0.2430
-0.9487
-0.0698
4.1300
-7.9100
-0.2800
410
481
514
413
719
-0.2635
-0.9667
-0.0566
4.9000
-5.8800
-2.5900
410
481
514
413
718
-0.2547
-0.9570
-0.0522
1.0500
-3.7800
-2.9400
410
481
514
413
719
-0.2655
-0.9814
-0.0669
3.2200
-4.7600
-3.6400
410
481
514
413
721
-0.2640
-0.9614
-0.0644
5.0400
-4.3400
-4.8300
411
481
514
413
718
-0.2328
-0.9496
-0.0508
4.2700
-4.0600
-1.8900
411
481
514
412
718
-0.2484
-0.9599
-0.0508
3.2900
-3.7800
-2.4500
411
481
514
413
717
-0.2455
-0.9584
-0.0673
3.0100
-5.6700
-2.1000
411
481
514
412
718
-0.2533
-0.9579
-0.0508
4.1300
-4.5500
-3.0800
411
481
514
412
718
-0.2460
-0.9843
-0.0415
-3.1500
-4.5500
-0.5600
411
481
514
411
717
-0.2094
-1.0228
-0.0488
-12.2500
-12.4600
7.0000
412
481
514
410
716
-0.2333
-1.0150
-0.0449
-27.3000
-24.5700
4.8300
412
481
514
407
715
-0.2167
-0.9589
-0.0947
-31.1500
-38.9200
8.6800
412
481
515
403
716
-0.2045
-0.8935
-0.0922
-47.3200
-49.2800
37.6600
412
481
515
403
713
-0.3338
-0.8047
-0.1118
-40.3200
-62.9300
59.7800
412
481
514
404
711
-0.4743
-0.7174
-0.1435
-45.5000
-62.4400
69.1600
413
482
514
405
709
-0.6032
-0.6398
-0.1976
-33.6700
-76.5800
77.0000
413
482
513
405
707
-0.7662
-0.5529
-0.1845
-32.7600
-74.2700
70.6300
413
482
513
407
705
-0.8730
-0.4680
-0.1488
-28.8400
-53.4100
41.9300
413
482
512
408
704
-1.0209
-0.4621
-0.1347
-18.8300
-32.0600
18.4800
413
482
512
407
702
-1.1097
-0.4250
-0.1976
2.3800
8.6800
-33.1100
413
482
511
407
700
-1.0585
-0.4197
-0.1654
29.6100
44.3100
-65.3100
413
482
511
407
701
-0.8730
-0.4880
-0.1235
42.1400
56.9800
-75.0400
413
482
511
406
702
-0.7559
-0.5812
-0.1327
32.2000
65.1000
-81.0600
412
481
511
406
704
-0.6300
-0.6354
-0.1845
34.7900
64.0500
-72.8700
412
481
512
405
705
-0.4675
-0.7052
-0.2015
33.3900
58.6600
-51.3100
412
480
512
403
710
-0.3723
-0.8042
-0.1649
39.4100
39.4100
-46.2700
412
480
511
402
713
-0.2747
-0.8589
-0.1288
34.3000
26.4600
-33.0400
411
480
512
403
715
-0.2435
-0.9331
-0.1684
34.0200
16.8000
-33.8800
410
480
512
403
718
-0.2094
-0.9018
-0.1523
42.2100
9.4500
-14.3500
409
480
512
403
720
-0.1313
-0.9267
0.0464
66.6400
-3.0100
20.3000
408
480
512
401
717
-0.2464
-1.0121
-0.0590
8.1200
-8.4000
2.5900
409
480
512
403
717
-0.3167
-1.0360
-0.0322
-5.6000
-2.0300
-14.0700
409
480
513
403
716
-0.2435
-0.8857
-0.0429
-2.6600
-4.2000
-2.8000
409
480
513
402
715
-0.2606
-0.9438
-0.0220
6.6500
-9.8700
0.7700
410
480
513
403
715
-0.2957
-0.9809
-0.0444
4.1300
-4.8300
-2.0300
410
480
513
403
716
-0.2713
-0.9506
-0.0273
-0.3500
-4.3400
-1.3300
410
480
512
403
714
-0.2621
-0.9472
-0.0410
3.0100
-3.5000
-0.7700
410
480
513
403
714
-0.2713
-0.9638
-0.0361
1.8200
-4.4100
-2.5900
410
480
513
403
714
-0.2689
-0.9457
-0.0376
3.1500
-5.5300
-4.1300
410
480
513
403
713
-0.2635
-0.9511
-0.0127
3.2200
-4.9000
-1.5400
410
480
513
403
714
-0.2948
-0.9560
-0.0400
4.6200
-6.6500
-1.7500
410
480
513
403
714
-0.2938
-0.9575
-0.0337
4.2000
-3.0100
-2.3100
411
480
513
403
713
-0.2723
-0.9570
-0.0176
2.5200
-0.2800
-3.9200
411
480
513
403
713
-0.2796
-0.9887
-0.0498
-0.1400
1.0500
-7.7000
411
480
513
403
713
-0.2328
-1.0097
-0.0190
-4.9000
-8.7500
-7.0700
411
480
513
403
713
-0.2015
-1.0058
-0.0102
-10.2200
-15.6800
0.7700
412
480
513
402
714
-0.2133
-0.9916
-0.0249
-34.3000
-26.6000
17.9200
413
480
513
404
710
-0.2323
-0.8994
-0.0874
-41.2300
-36.2600
34.7200
414
480
512
403
710
-0.3431
-0.8564
-0.1166
-35.4200
-47.8100
27.5100
414
480
512
400
708
-0.4368
-0.7881
-0.1571
-33.8800
-59.2200
47.0400
414
480
511
400
706
-0.5544
-0.6759
-0.2040
-50.9600
-66.9200
72.7300
414
480
510
404
701
-0.6515
-0.6481
-0.1718
-33.4600
-62.5800
65.3100
414
479
509
406
698
-0.7261
-0.5510
-0.1581
-34.3700
-46.6200
57.4700
414
479
508
407
699
-0.8223
-0.5041
-0.1166
-14.0000
-51.3800
45.0800
415
479
508
407
702
-0.8969
-0.4407
-0.1283
-18.2700
-34.5800
29.7500
415
480
508
407
699
-1.0531
-0.3870
-0.1152
-10.3600
-1.3300
-5.9500
415
479
508
408
698
-1.1614
-0.3899
-0.1742
23.1000
41.8600
-75.8100
415
479
508
407
698
-0.9252
-0.4329
-0.1332
44.3100
61.7400
-84.5600
414
479
508
405
699
-0.7203
-0.5695
-0.1240
45.8500
65.1700
-79.1700
414
479
508
404
700
-0.6124
-0.6798
-0.1508
36.0500
66.0800
-70.3500
414
478
509
402
703
-0.4773
-0.7515
-0.1893
30.9400
59.0800
-59.6400
413
478
509
402
706
-0.3660
-0.8272
-0.1576
42.4900
42.7000
-55.6500
412
478
509
403
710
-0.2728
-0.8686
-0.1405
45.5700
35.4200
-53.9000
411
479
510
403
710
-0.1440
-0.8921
-0.1420
45.0100
17.7800
1.5400
408
479
510
403
711
-0.1932
-0.9589
-0.1078
38.5000
7.8400
9.1700
407
479
511
403
712
-0.2050
-1.0541
0.0137
29.8900
-3.8500
4.9000
408
479
511
403
712
-0.2367
-1.0429
0.0000
3.2200
-2.9400
-7.7700
408
479
511
403
712
-0.2323
-0.9540
-0.0215
0.0000
-7.0000
0.4200
409
479
511
403
711
-0.2645
-0.9467
-0.0229
5.4600
-9.8000
2.6600
409
479
511
403
711
-0.2752
-0.9570
-0.0205
5.9500
-2.8700
-1.6800
410
479
511
403
710
-0.2547
-0.9618
-0.0210
1.0500
-1.7500
-3.4300
410
479
511
403
710
-0.2572
-0.9496
-0.0093
2.0300
-6.5100
-1.1200
410
479
511
403
710
-0.2728
-0.9511
-0.0151
4.2000
-7.1400
-0.1400
410
479
511
403
710
-0.2806
-0.9643
-0.0049
3.8500
-3.6400
-2.2400
410
479
511
403
710
-0.2645
-0.9516
-0.0142
1.8900
-4.1300
-1.8200
410
479
511
403
709
-0.2689
-0.9526
-0.0161
3.2200
-6.7900
-3.0100
410
479
511
403
709
-0.2699
-0.9589
0.0073
2.1000
-5.6700
-2.5200
410
479
511
403
711
-0.2840
-0.9579
-0.0107
2.5200
-5.1100
-2.2400
410
479
511
403
709
-0.2830
-0.9584
-0.1249
1.0500
-2.8000
-2.5900
410
479
511
403
709
-0.2826
-0.9633
-0.0088
0.2800
-1.8900
-4.2000
410
479
511
403
708
-0.2616
-0.9682
-0.0146
1.3300
-6.4400
-3.9900
410
479
511
403
707
-0.2704
-0.9414
-0.0059
5.9500
-4.2700
-1.8900
410
479
511
403
707
-0.2743
-0.9579
-0.0029
-0.5600
-3.7100
-2.3800
410
479
511
403
709
-0.2830
-0.9404
-0.0254
2.3100
-2.4500
-1.4700
410
479
511
403
707
-0.2767
-0.9609
-0.0107
2.5900
-1.1200
-2.2400
410
479
511
403
707
-0.2591
-0.9916
-0.0068
-4.0600
-1.3300
-3.9200
410
479
511
403
707
-0.2411
-1.0463
-0.0200
-16.1700
-3.5000
-9.3800
410
479
511
403
706
-0.2259
-1.0116
-0.0566
-30.8700
-12.4600
-7.7000
411
479
511
403
705
-0.1889
-0.9462
-0.0415
-33.5300
-23.9400
13.2300
411
479
511
404
705
-0.2040
-0.8974
-0.0839
-50.8200
-44.0300
39.7600
412
479
511
404
703
-0.2962
-0.8301
-0.1279
-38.2900
-67.1300
46.4100
412
478
510
404
701
-0.4133
-0.7442
-0.1791
-45.7100
-63.3500
56.0700
412
479
510
406
698
-0.5392
-0.6593
-0.1889
-42.6300
-72.7300
61.4600
412
479
509
406
695
-0.6656
-0.5973
-0.1440
-41.9300
-83.9300
60.7600
412
479
509
406
693
-0.8359
-0.5680
-0.2294
-46.6200
-56.7700
51.3100
411
479
508
407
694
-0.9516
-0.5266
-0.1674
-15.5400
-35.9800
19.7400
411
479
508
408
692
-1.0253
-0.4909
-0.2074
-4.6200
0.7700
-6.3700
411
479
508
408
693
-1.0126
-0.4631
-0.1830
26.3900
26.8800
-39.7600
411
479
508
408
691
-0.8364
-0.6246
-0.1298
28.0000
38.2900
-41.0200
411
479
508
408
692
-0.7818
-0.5885
-0.1552
33.3200
36.7500
-41.5100
411
479
508
406
695
-0.6964
-0.6520
-0.1884
25.2700
47.1100
-41.7200
411
478
508
404
695
-0.6871
-0.6998
-0.2396
29.4000
53.4100
-56.7700
411
478
508
403
698
-0.5690
-0.7203
-0.2694
33.1800
61.7400
-66.1500
410
478
508
403
702
-0.4241
-0.7613
-0.2855
44.2400
50.1900
-74.8300
408
478
509
403
704
-0.2464
-0.8799
-0.2518
52.0800
44.8700
-47.8800
405
477
509
403
707
-0.1161
-0.9028
-0.1274
38.3600
32.0600
-22.8200
401
477
509
403
709
-0.0464
-0.9496
-0.0429
52.5700
-10.9900
-2.3100
400
477
509
402
707
-0.0947
-1.0868
-0.0532
23.8700
-8.6800
0.5600
400
476
509
402
706
-0.1200
-1.1082
-0.0224
-0.6300
-1.4000
1.4700
400
476
509
402
705
-0.1488
-0.9716
-0.0381
-1.8900
-3.9200
-2.3100
401
477
509
402
705
-0.1552
-0.9526
-0.0478
2.7300
-6.0200
0.4200
402
477
509
402
705
-0.1659
-0.9848
-0.0415
5.3900
-7.5600
2.4500
402
477
509
402
704
-0.1928
-1.0024
-0.0249
4.2000
-4.9700
-6.1600
403
477
509
402
705
-0.1625
-0.9755
-0.0332
-0.5600
-3.9900
-1.8200
403
477
509
402
704
-0.1508
-0.9662
-0.0444
4.0600
-5.6000
0.9100
403
477
509
402
704
-0.1781
-1.0024
-0.0361
0.1400
-2.4500
-2.8700
403
477
509
402
704
-0.1610
-0.9565
-0.0434
0.8400
-3.5700
-0.9800
403
477
509
402
704
-0.1654
-0.9706
-0.0415
2.2400
-3.9200
-2.4500
404
477
509
402
704
-0.1879
-0.9936
-0.0503
0.8400
-2.1700
-3.1500
404
477
509
402
704
-0.1645
-0.9701
-0.0361
2.0300
-3.6400
-2.4500
404
477
509
402
706
-0.1630
-0.9814
-0.0342
3.2900
-5.6000
-1.4000
404
477
509
402
704
-0.1664
-0.9697
-0.0508
3.2900
-5.5300
-0.2100
404
477
509
402
704
-0.1840
-0.9926
-0.0346
3.3600
-2.9400
-4.6200
404
477
509
402
704
-0.1649
-0.9648
-0.0449
1.4700
-2.8700
-2.1000
404
477
509
402
704
-0.1835
-0.9809
-0.0356
5.8100
-3.6400
-3.1500
404
477
509
401
703
-0.1640
-1.0209
-0.0249
-6.7900
-0.8400
-5.9500
405
477
509
401
705
-0.1200
-1.0165
-0.0551
-19.5300
1.2600
8.7500
405
477
509
401
704
-0.1405
-1.0653
-0.1118
-37.1700
-2.5900
0.2100
405
477
509
402
705
-0.1093
-0.9653
-0.1098
-43.5400
-16.5200
22.4700
407
477
509
404
705
-0.1318
-0.9326
-0.1410
-42.5600
-46.1300
36.3300
408
477
509
404
704
-0.2586
-0.8257
-0.1645
-48.4400
-64.4000
52.9200
409
477
509
405
703
-0.3972
-0.7681
-0.2274
-52.9200
-68.4600
57.4000
409
477
509
406
703
-0.5095
-0.6178
-0.2308
-56.2100
-65.4500
81.6200
409
478
509
408
702
-0.7232
-0.5588
-0.3070
-46.0600
-81.6900
70.3500
409
478
509
408
701
-0.8638
-0.4895
-0.2572
-32.6200
-66.1500
40.5300
409
478
509
409
700
-0.8955
-0.4104
-0.2386
-14.8400
-47.0400
27.5800
409
478
509
410
698
-0.9755
-0.3782
-0.2347
-15.4000
-27.4400
20.1600
410
478
509
411
698
-1.0248
-0.3762
-0.1737
0.0000
-3.3600
-9.5900
410
478
509
411
697
-1.0648
-0.3680
-0.2391
6.7200
28.0700
-39.0600
410
478
509
411
697
-1.0004
-0.4041
-0.2518
31.0100
53.8300
-63.9100
410
478
509
410
698
-0.8262
-0.4582
-0.2460
42.2100
67.8300
-65.6600
410
478
509
409
699
-0.6969
-0.5671
-0.2772
43.1200
68.5300
-67.5500
409
477
509
409
702
-0.5344
-0.6627
-0.2821
36.1200
61.7400
-51.8000
409
477
509
407
707
-0.4529
-0.7627
-0.3138
32.8300
55.3700
-46.1300
409
476
509
406
712
-0.3543
-0.8145
-0.3274
23.0300
49.9800
-30.3100
408
477
509
407
716
-0.2050
-0.8408
-0.3250
19.1800
36.6100
-0.7700
408
477
508
406
718
-0.2577
-0.8989
-0.3055
17.8500
18.9000
-10.2200
408
476
508
406
721
-0.2220
-0.8686
-0.2904
27.7200
2.3800
-14.0700
406
476
509
406
721
-0.2230
-0.9062
-0.2552
32.8300
-2.3100
-12.8800
406
476
509
407
720
-0.2528
-0.9018
-0.2601
40.1100
0.3500
-13.1600
405
476
509
406
719
-0.1649
-0.8496
-0.2508
57.1900
9.4500
14.1400
404
475
510
406
719
-0.2079
-1.0751
-0.0229
27.7200
-12.7400
1.1900
405
475
510
405
719
-0.1981
-1.0477
-0.0195
1.8200
-4.0600
-3.4300
405
475
510
405
719
-0.1815
-0.9887
-0.0527
0.4900
-8.1200
-3.5000
405
475
510
405
718
-0.2294
-0.9623
-0.0595
-0.4200
-10.6400
-2.6600
406
476
510
405
717
-0.2474
-0.9570
-0.0673
3.5000
-8.3300
2.5900
406
476
510
405
717
-0.2518
-0.9755
-0.0649
4.1300
-6.7200
-5.0400
406
476
510
405
717
-0.2396
-0.9633
-0.0586
0.9800
-5.0400
-4.1300
406
476
510
405
717
-0.2347
-0.9423
-0.0590
2.5900
-8.4700
0.2100
406
476
510
405
717
-0.2372
-0.9658
-0.0488
4.4100
-10.7100
-1.8900
406
476
510
405
716
-0.2533
-0.9687
-0.0488
-1.1900
-7.0700
-4.6900
407
476
510
405
715
-0.2308
-0.9472
-0.0610
-0.7000
-12.8100
-5.2500
407
476
510
405
715
-0.2401
-0.9506
-0.0747
-6.7200
-11.6200
-10.0100
407
476
511
405
713
-0.2186
-0.9804
-0.0551
-3.1500
-15.3300
-10.3600
407
476
511
405
713
-0.2606
-0.9443
-0.0620
-4.4100
-16.3800
-20.3700
407
476
511
403
711
-0.1918
-0.9374
-0.0756
2.3800
-15.7500
-12.0400
407
476
511
403
710
-0.1728
-0.9789
-0.0547
-7.8400
-10.8500
-12.1800
407
477
511
403
709
-0.1610
-0.9775
-0.1137
-16.8700
2.9400
-0.7000
408
477
511
403
709
-0.1664
-0.9809
-0.1420
-16.2400
-14.1400
-13.5800
408
477
511
404
709
-0.1327
-0.9292
-0.1767
0.2100
-17.2200
-14.2800
408
478
512
404
708
-0.1098
-0.9701
-0.2118
11.9000
-19.1800
-8.8200
409
478
512
404
708
-0.1054
-0.9906
-0.1122
8.1200
-20.5800
-1.6800
409
478
512
404
704
-0.1513
-0.9804
-0.1371
6.2300
-18.0600
-8.7500
410
478
512
404
703
-0.1249
-0.9750
-0.0898
4.7600
-13.4400
-6.0200
410
478
512
404
702
-0.0976
-0.9614
-0.0981
1.5400
-11.4100
-2.1000
410
478
512
404
700
-0.1357
-0.9833
-0.1166
1.6800
-4.9000
-1.1200
410
479
513
405
699
-0.1196
-0.9706
-0.1376
3.7800
0.4200
-1.1200
410
479
513
405
701
-0.1078
-0.9941
-0.1010
0.9800
-1.7500
-0.5600
410
479
512
405
699
-0.1269
-0.9941
-0.1035
4.1300
-4.8300
-4.2000
410
479
513
405
699
-0.1054
-0.9721
-0.1122
2.7300
-2.9400
-1.6800
410
479
513
405
699
-0.1254
-0.9697
-0.1166
4.3400
-1.1900
1.7500
410
479
513
405
699
-0.1474
-0.8750
-0.1142
1.7500
0.7000
-0.9100
410
479
512
405
699
-0.1440
-0.9545
-0.1098
-1.6800
4.9000
-1.4700
410
479
513
405
700
-0.1030
-0.9789
-0.1020
4.5500
-4.5500
7.0000
410
478
512
405
700
-0.1425
-0.9965
-0.1015
-3.5000
-8.4000
2.7300
410
479
512
405
703
-0.1757
-0.9838
-0.1503
2.0300
-6.5800
-3.2900
410
478
512
406
700
-0.1625
-0.9589
-0.1230
0.9100
-3.5000
2.1000
410
479
512
405
700
-0.1562
-0.9726
-0.1064
4.0600
-3.8500
-0.8400
410
478
512
405
700
-0.1542
-0.9828
-0.1122
-2.3800
-4.4800
0.9800
410
478
512
405
700
-0.1806
-0.9628
-0.1249
-0.9100
-5.5300
17.7100
410
479
512
405
700
-0.1820
-0.9760
-0.1274
-0.6300
-4.2000
-2.3800
410
479
512
405
699
-0.1654
-0.9609
-0.1288
1.9600
-4.0600
-3.4300
410
479
512
405
701
-0.1747
-0.9740
-0.1142
4.2700
-3.4300
-3.8500
410
479
512
405
699
-0.1698
-0.9760
-0.1244
5.7400
-5.2500
-3.8500
410
479
512
405
698
-0.1654
-0.9882
-0.1020
2.7300
-3.0100
-5.3200
410
479
512
405
698
-0.1625
-0.9799
-0.1181
1.1200
-4.8300
-4.4800
410
479
512
405
697
-0.1508
-0.9618
-0.1147
3.0800
-5.7400
-2.1700
410
479
512
405
697
-0.1718
-0.9775
-0.1274
2.5900
-4.6200
-3.5700
410
479
512
405
697
-0.1645
-0.9765
-0.1088
0.9100
-4.4100
-3.9200
410
479
512
405
700
-0.1654
-0.9609
-0.1166
5.1100
-4.9700
-4.2000
410
479
512
405
698
-0.1576
-0.9594
-0.1152
3.0100
-3.4300
-4.6200
410
479
512
405
698
-0.1586
-0.9701
-0.0878
1.6800
-4.3400
-2.7300
410
479
512
405
698
-0.1601
-0.9740
-0.1035
-0.0700
-4.5500
-2.3800
410
479
512
405
698
-0.1718
-0.9677
-0.1118
3.3600
-5.6000
-1.6800
410
479
512
405
697
-0.1747
-0.9775
-0.1059
1.0500
-3.9900
-2.1700
410
479
512
405
698
-0.1620
-0.9731
-0.0883
2.5200
-5.4600
-2.1000
410
479
512
405
700
-0.1649
-0.9687
-0.1083
-3.2200
-4.1300
-2.1000
410
479
512
405
697
-0.1791
-0.9662
-0.1044
2.2400
-4.0600
-3.7100
410
479
512
405
697
-0.1708
-0.9643
-0.1103
4.5500
-4.9700
-1.4000
410
479
512
405
697
-0.1698
-0.9633
-0.1298
3.2900
-4.0600
-3.2900
410
479
512
405
697
-0.1767
-0.9706
-0.1127
0.7700
-3.6400
-3.9900
410
479
512
405
697
-0.1723
-0.9682
-0.0991
3.0100
-4.2000
-3.7100
410
479
512
405
697
-0.1713
-0.9711
-0.1166
3.9900
-4.2000
-4.6200
410
479
512
405
697
-0.1698
-0.9809
-0.0932
3.3600
-5.0400
-4.1300
410
479
512
405
699
-0.1649
-0.9648
-0.1035
3.4300
-4.9700
-3.1500
410
479
512
404
697
-0.1679
-0.9765
-0.0986
0.9800
-3.8500
-2.2400
410
479
512
404
697
-0.1693
-0.9750
-0.0981
4.5500
-4.8300
-4.2700
410
479
512
404
697
-0.1606
-0.9794
-0.1035
1.9600
-4.6200
-3.9900
410
479
512
404
697
-0.1776
-0.9843
-0.0883
0.0700
-2.6600
-2.0300
410
479
512
404
695
-0.1615
-0.9716
-0.1059
-4.9700
-1.8200
-1.4000
410
479
512
404
695
-0.1635
-0.9482
-0.1181
2.3100
-6.9300
-3.2200
410
479
512
405
697
-0.1747
-0.9784
-0.0966
2.1700
-5.2500
-0.8400
410
479
512
404
695
-0.1825
-0.9789
-0.1235
2.5200
-3.5000
-3.3600
410
479
512
404
695
-0.1693
-0.9760
-0.1025
2.0300
-2.8700
-1.4700
411
479
512
404
695
-0.1640
-0.9697
-0.1118
1.4700
-3.8500
-1.4700
410
479
512
404
695
-0.1606
-0.9760
-0.1074
1.4700
-4.7600
-2.6600
410
479
512
404
696
-0.1815
-0.9628
-0.1015
1.4000
-3.3600
-2.6600
410
479
512
404
696
-0.1601
-0.9638
-0.1005
0.8400
-4.2700
-3.1500
411
479
512
404
696
-0.1693
-0.9701
-0.0991
1.6800
-4.0600
-4.7600
411
479
512
404
698
-0.1708
-0.9701
-0.1103
-0.1400
-3.5700
-4.8300
411
479
512
404
695
-0.1654
-0.9750
-0.1059
4.2700
-5.2500
-4.6200
411
479
512
404
695
-0.1684
-0.9814
-0.0952
1.0500
-5.5300
-2.9400
410
479
512
404
695
-0.1771
-0.9780
-0.1005
5.1100
-3.8500
-5.1800
411
479
512
404
695
-0.1547
-0.9814
-0.0913
4.6900
-5.3900
-3.7800
411
479
512
404
696
-0.1649
-0.9838
-0.0903
1.1200
-3.9900
-2.0300
411
479
512
404
697
-0.1698
-0.9687
-0.1030
3.9200
-3.9200
-3.0100
411
479
512
404
697
-0.1532
-0.9799
-0.0839
2.5200
-3.1500
-2.2400
411
479
512
404
698
-0.1659
-0.9745
-0.0878
3.2200
-4.9000
-3.6400
410
479
512
404
696
-0.1542
-0.9755
-0.0869
4.6200
-5.3900
-5.3200
411
479
512
404
695
-0.1532
-0.9784
-0.0732
0.4200
-3.7800
-3.8500
411
479
512
404
695
-0.1625
-0.9804
-0.0849
2.3800
-3.3600
-3.7100
411
479
512
404
695
-0.1649
-0.9828
-0.0903
2.5900
-4.2700
-4.6900
411
479
512
404
695
-0.1610
-0.9784
-0.0771
3.7100
-5.4600
-3.7800
411
479
512
404
695
-0.1635
-0.9838
-0.0908
3.5700
-4.9000
-3.2900
411
479
512
404
694
-0.1498
-0.9780
-0.0815
3.4300
-4.6200
-2.5900
411
479
512
404
697
-0.1557
-0.9804
-0.0908
2.6600
-4.6200
-3.2200
411
479
512
404
694
-0.1513
-0.9799
-0.0771
1.6100
-3.6400
-3.5700
411
479
512
404
694
-0.1513
-0.9740
-0.0927
2.8000
-3.6400
-3.2900
411
479
512
404
694
-0.1420
-0.9648
-0.0830
3.0100
-4.6900
-3.2200
411
479
512
404
694
-0.1508
-0.9784
-0.0810
0.9100
-3.1500
-2.4500
411
479
512
404
694
-0.1547
-0.9765
-0.0849
2.8700
-3.5700
-2.8700
411
479
512
404
694
-0.1552
-0.9740
-0.0922
3.2200
-4.6200
-4.2000
411
479
512
404
694
-0.1503
-0.9794
-0.0678
1.1200
-3.7100
-3.3600
411
479
512
404
694
-0.1469
-0.9780
-0.0717
1.7500
-4.4800
-3.3600
411
479
512
404
696
-0.1562
-0.9833
-0.0752
1.5400
-3.9200
-3.2200
411
479
512
404
694
-0.1459
-0.9804
-0.0669
0.2100
-3.9900
-3.7100
411
479
512
404
693
-0.1523
-0.9770
-0.0830
1.6100
-4.7600
-5.0400
411
479
512
404
693
-0.1401
-0.9667
-0.1132
7.2100
-7.1400
-5.5300
411
479
512
404
692
-0.1488
-1.0146
-0.0576
1.8900
-1.9600
-4.0600
411
479
512
404
692
-0.1401
-0.9770
-0.0708
-5.2500
-2.0300
-3.4300
411
479
512
404
692
-0.1469
-0.9658
-0.0888
1.4700
-2.8700
-2.4500
411
479
512
404
694
-0.1357
-1.0004
-0.0649
3.5000
-3.3600
-2.1700
411
479
512
404
694
-0.1527
-0.9731
-0.1030
1.1900
-5.6000
-5.8800
411
479
512
404
692
-0.1244
-0.9672
-0.0883
2.8700
-5.0400
-0.5600
411
479
512
404
692
-0.1464
-0.9872
-0.1039
1.1900
-4.5500
-1.6100
411
479
512
404
692
-0.1508
-0.9740
-0.0786
1.3300
-6.3700
-1.8200
411
479
512
404
692
-0.1532
-0.9716
-0.0966
1.7500
-4.4800
-1.1900
411
479
512
404
693
-0.1889
-0.9745
-0.0991
4.4100
0.1400
-8.7500
411
479
512
404
692
-0.1191
-0.9892
-0.0703
3.1500
-3.5000
-4.4100
411
479
512
404
693
-0.1435
-0.9770
-0.0756
4.0600
-9.3800
-6.2300
411
479
512
404
696
-0.1591
-0.9975
-0.0888
1.9600
-4.0600
-5.0400
411
479
512
404
695
-0.1513
-0.9721
-0.0908
1.4000
-4.8300
-0.9100
411
479
512
404
694
-0.1737
-1.0028
-0.0556
6.3700
-7.5600
-6.7900
411
479
512
404
694
-0.1703
-1.0033
-0.1044
1.8900
-2.7300
-3.8500
411
479
511
403
694
-0.1513
-1.0136
-0.1083
7.4900
-15.8900
-11.4100
411
479
512
403
693
-0.1484
-0.9404
-0.0102
-9.8700
4.3400
3.0800
412
479
512
403
695
-0.1576
-0.9316
-0.1015
3.8500
3.0800
4.6900
412
479
511
403
697
-0.1484
-0.9823
-0.0742
10.6400
-9.7300
1.6800
412
479
511
403
700
-0.1791
-1.0097
0.0034
3.8500
0.8400
-5.6000
412
479
511
402
698