-0.2313
-0.9618
0.0717
0.2800
-3.7800
-2.7300
423
461
504
397
467
-0.2196
-0.9848
0.0727
-0.9800
-2.5900
-4.5500
423
461
504
397
467
-0.2294
-0.9594
0.0688
-8.6800
-0.1400
-1.8900
423
461
504
397
467
-0.2059
-0.9584
0.0425
-13.3000
-2.7300
0.6300
423
461
504
398
469
-0.2333
-0.9926
0.0015
-33.3900
0.6300
-2.3800
423
461
504
398
469
-0.2323
-0.9711
-0.0620
-30.8700
-1.6100
-1.6100
423
461
504
400
474
-0.2377
-0.9399
-0.0966
-22.8900
-2.0300
-1.6800
422
461
504
401
477
-0.2357
-0.9409
-0.1440
-9.5900
-3.9200
1.8900
422
461
505
402
477
-0.2357
-0.9633
-0.1698
-10.7100
-4.2000
4.4100
423
461
504
402
478
-0.2484
-0.9662
-0.1737
-11.6200
-3.7100
1.8200
423
461
504
401
477
-0.2484
-0.9345
-0.2030
-17.8500
-3.5700
6.3700
423
460
504
399
481
-0.2606
-0.9228
-0.2377
-4.7600
-8.6100
0.4200
423
459
503
396
482
-0.2791
-0.9262
-0.2450
-7.5600
-6.0200
-3.5000
424
452
501
390
482
-0.2777
-0.9301
-0.2508
-11.3400
-3.2200
-4.6200
424
442
495
376
483
-0.2650
-0.9194
-0.2396
-11.2000
1.0500
-9.4500
425
419
459
358
483
-0.2455
-0.9008
-0.2352
-0.7700
-0.1400
-8.0500
425
397
429
333
486
-0.2655
-0.9306
-0.2342
5.6000
-0.3500
-5.9500
425
370
390
300
488
-0.2738
-0.9433
-0.2943
-1.3300
-6.5800
-12.4600
425
337
347
262
486
-0.2220
-0.9379
-0.2904
1.5400
-33.8100
-17.2900
425
313
321
234
489
-0.2250
-0.9404
-0.3211
-5.7400
-17.9900
-8.6800
426
301
311
224
487
-0.2298
-0.9170
-0.3314
-3.0800
-12.9500
-9.8000
427
296
308
219
483
-0.2133
-0.9067
-0.3221
-0.7000
-11.4800
-10.0800
426
293
305
214
482
-0.2250
-0.9023
-0.3079
-6.5100
-15.3300
-4.2000
425
284
303
210
479
-0.1976
-0.9233
-0.3128
14.0000
-6.1600
-0.6300
423
284
304
208
476
-0.2386
-0.9335
-0.3143
4.4100
2.6600
4.3400
422
289
306
208
490
-0.2269
-0.9174
-0.3221
4.2700
4.3400
2.9400
422
292
308
210
500
-0.2167
-0.9233
-0.3099
0.7000
3.0100
1.7500
422
296
309
211
515
-0.2479
-0.9008
-0.3274
7.1400
4.9700
3.6400
423
297
311
212
528
-0.2625
-0.9106
-0.2987
25.3400
5.6700
-2.0300
423
298
311
212
549
-0.2508
-0.9111
-0.2450
40.7400
-9.1000
-7.7700
423
298
312
212
573
-0.2728
-0.9209
-0.1518
25.6900
-6.5800
-20.6500
421
297
313
212
598
-0.2108
-0.9243
-0.1796
60.4800
-3.9200
-21.2800
421
296
315
212
605
-0.1767
-0.9536
-0.0503
76.2300
-16.0300
-31.0100
420
297
317
212
601
-0.1596
-0.9911
0.0800
64.8200
-16.1700
-40.6000
418
297
317
213
596
-0.0761
-0.9653
0.2289
66.2200
-15.9600
-35.0700
417
298
318
213
591
0.0205
-0.9350
0.3265
64.4700
-36.1200
-39.5500
416
299
319
214
583
0.1132
-0.8930
0.3675
49.0000
-83.0200
-52.5700
417
299
320
215
571
0.2552
-0.8950
0.4548
33.6000
-82.6700
-25.1300
418
299
321
216
560
0.2860
-0.8843
0.4699
19.8100
-85.2600
-28.2100
419
298
322
216
551
0.3631
-0.8398
0.4207
14.4200
-63.4900
-25.5500
419
295
323
217
550
0.4353
-0.7710
0.3767
18.6200
-72.8700
-20.7900
420
294
323
218
547
0.5090
-0.7876
0.3753
18.0600
-67.9000
-21.7700
420
292
324
219
545
0.6329
-0.7623
0.3401
27.1600
-86.5900
0.1400
420
291
325
222
540
0.7022
-0.7749
0.3152
2.8700
-54.8800
35.8400
418
291
326
225
533
0.6422
-0.8037
0.3113
-11.9000
-8.7500
80.5000
418
292
329
228
537
0.5046
-0.8560
0.2298
-48.5100
13.3000
83.0900
420
293
330
230
542
0.3675
-0.8418
0.1732
-38.9200
30.1700
99.4700
421
294
332
231
547
0.1801
-0.9638
0.0556
-49.0700
52.0800
111.3000
422
296
333
231
551
-0.0449
-0.8350
0.0190
-53.6900
37.8700
104.3000
422
298
333
232
555
-0.1952
-1.0111
-0.1527
-30.1700
29.3300
67.9000
422
300
334
231
560
-0.3226
-0.8686
-0.1796
-3.5000
8.1200
10.6400
423
301
334
232
559
-0.3182
-0.9462
-0.1864
2.5200
-0.4900
-3.5700
423
301
335
232
558
-0.2860
-0.9677
-0.1620
4.8300
1.1200
-6.7200
423
302
335
233
555
-0.2679
-0.9213
-0.1649
2.5900
0.7000
-2.4500
422
303
335
233
550
-0.2991
-0.9477
-0.1562
7.2800
-3.0100
-3.1500
422
305
336
234
546
-0.2806
-0.9316
-0.1479
5.3900
-3.7100
-3.2900
422
305
336
234
544
-0.2718
-0.9409
-0.1518
-0.7700
1.2600
0.4900
421
307
338
235
535
-0.3050
-0.9374
-0.1562
-0.4200
4.3400
-1.1200
421
312
343
238
512
-0.2918
-0.9262
-0.1645
-2.8000
5.0400
-1.7500
421
322
359
247
494
-0.2889
-0.9335
-0.1742
-6.5800
8.3300
12.1800
420
333
373
256
487
-0.3196
-0.9233
-0.2386
-2.3100
12.7400
11.9700
421
350
390
272
479
-0.3357
-0.8838
-0.1845
10.9900
16.8000
10.9900
421
363
405
284
479
-0.3245
-0.9126
-0.2176
-10.2200
4.3400
35.7000
421
373
415
295
475
-0.4036
-0.8603
-0.3152
3.7800
21.9100
24.0800
422
395
434
313
464
-0.4192
-0.8530
-0.2625
5.9500
18.9000
19.1800
423
411
446
324
461
-0.4412
-0.8672
-0.3274
10.0100
22.8900
5.3900
425
425
458
337
450
-0.4490
-0.8389
-0.3011
0.2100
17.0100
2.2400
426
436
467
348
438
-0.4221
-0.8501
-0.2899
16.2400
14.0700
-2.6600
427
445
479
360
423
-0.4168
-0.8613
-0.3060
24.0100
15.5400
-10.3600
428
456
486
373
411
-0.3880
-0.8418
-0.2987
29.8900
15.4000
-4.8300
429
465
496
388
400
-0.3904
-0.8642
-0.0483
12.7400
15.3300
-8.6800
429
474
508
407
396
-0.3938
-0.8950
-0.3001
19.0400
19.3200
-8.6100
429
483
515
427
396
-0.3562
-0.9087
-0.2645
18.8300
9.0300
-6.5100
429
486
517
436
404
-0.3509
-0.8779
-0.2455
0.9100
3.5000
-15.4000
429
489
520
444
405
-0.3709
-0.8750
-0.2694
-1.1200
0.0700
-0.3500
429
491
522
447
406
-0.3558
-0.8857
-0.2601
-4.2700
-3.7100
-4.2700
429
491
523
448
408
-0.3626
-0.8706
-0.2523
3.8500
-3.8500
-5.3200
429
491
523
448
408
-0.3680
-0.8735
-0.2586
-6.0900
-2.8000
-8.1900
429
491
523
447
410
-0.3558
-0.8667
-0.2616
3.2900
-2.1700
-7.1400
429
490
523
447
411
-0.3353
-0.8721
-0.2611
-1.4700
1.1900
-10.1500
429
489
523
446
413
-0.3367
-0.8833
-0.2743
1.2600
-0.7000
-2.1700
429
487
522
447
414
-0.3392
-0.9028
-0.2704
-5.4600
0.7000
-11.7600
429
477
522
446
417
-0.3118
-0.8740
-0.2723
2.1000
-0.2800
-1.3300
429
471
522
445
419
-0.3196
-0.9087
-0.2596
-6.3000
-2.4500
-8.0500
429
464
517
433
421
-0.3152
-0.9145
-0.3055
-6.1600
-1.4700
-4.9700
429
456
509
422
428
-0.3162
-0.9067
-0.3050
-7.9100
0.4900
-7.8400
429
449
493
406
431
-0.2816
-0.8896
-0.3499
3.2200
3.0100
-12.8800
429
437
466
389
432
-0.2591
-0.8662
-0.3143
3.0800
-0.4900
-8.8900
430
415
439
372
435
-0.2894
-0.8760
-0.3426
10.4300
-2.0300
-4.5500
430
382
400
336
444
-0.2699
-0.8799
-0.2850
3.6400
-0.3500
-3.7800
430
349
359
292
441
-0.2664
-0.8764
-0.3035
-5.1100
-13.3000
-13.8600
430
324
327
258
446
-0.2533
-0.8564
-0.3162
-8.6100
-18.6200
-2.2400
430
301
303
233
448
-0.2440
-0.9013
-0.3192
-2.1000
-19.1800
-3.0100
429
291
300
224
442
-0.2445
-0.8652
-0.3445
-8.0500
-4.9700
-4.1300
428
288
297
217
438
-0.2386
-0.9121
-0.3138
-9.7300
-10.4300
-0.4900
425
284
295
211
439
-0.2523
-0.9389
-0.3631
-4.8300
-9.8000
1.1900
422
283
295
210
440
-0.2464
-0.9135
-0.3621
-4.2000
4.9000
10.1500
422
285
298
212
470
-0.2850
-0.8735
-0.3670
-0.0700
4.3400
10.5700
422
287
299
215
477
-0.2625
-0.8862
-0.3450
10.3600
3.9200
14.0000
423
290
301
217
489
-0.2987
-0.9057
-0.3675
16.6600
19.2500
17.0100
423
291
302
218
507
-0.3318
-0.8789
-0.3377
30.7300
9.8700
6.5100
422
291
305
219
527
-0.3094
-0.8877
-0.3201
74.0600
4.9700
10.6400
422
292
306
220
552
-0.3353
-0.8867
-0.1703
80.0800
9.9400
-0.0700
422
292
307
221
565
-0.4343
-0.8355
-0.0503
75.9500
0.2800
-1.5400
421
292
310
221
577
-0.3455
-0.8789
0.0932
123.6900
-17.5700
-3.0100
418
291
311
222
581
-0.3440
-0.8955
0.3128
107.5900
-37.7300
-24.4300
417
292
315
221
577
-0.3118
-0.8169
0.4524
100.5200
-47.7400
-18.2000
415
292
317
220
587
-0.3035
-0.7525
0.5656
91.7700
-49.6300
-27.3700
413
293
318
220
601
-0.1440
-0.7017
0.7208
79.0300
-74.4800
-15.7500
412
294
319
221
600
-0.0181
-0.5934
0.8154
68.4600
-82.9500
-12.4600
411
294
320
222
595
0.0400
-0.5383
0.8501
40.9500
-73.2900
2.7300
405
295
321
223
592
0.1074
-0.4646
0.8574
17.1500
-100.5200
26.7400
405
296
323
223
587
0.2738
-0.5065
0.8623
-13.3700
-96.9500
30.9400
403
296
325
224
584
0.3553
-0.5710
0.7623
-21.1400
-88.8300
55.3000
406
296
326
226
583
0.3758
-0.5675
0.7008
-26.3900
-94.3600
30.5200
408
295
328
228
583
0.5475
-0.6486
0.6080
-58.3800
-68.7400
45.3600
410
294
329
231
573
0.5958
-0.6661
0.5344
-40.6700
-18.1300
45.9900
415
293
331
235
571
0.4372
-0.7281
0.4909
-49.3500
-0.8400
41.9300
417
293
333
237
572
0.4314
-0.8145
0.3621
-92.5400
36.0500
95.0600
418
295
336
239
571
0.1762
-0.7730
0.1893
-77.1400
80.7800
98.3500
419
298
339
240
566
-0.0444
-0.8657
0.0991
-118.5800
25.8300
49.9800
419
301
339
240
569
-0.0429
-0.9955
0.0376
-14.7700
13.6500
20.4400
419
302
340
241
572
-0.0766
-0.9745
0.0224
2.1000
6.1600
7.7700
419
302
340
241
570
-0.0800
-0.9994
0.0434
3.7800
-1.5400
0.4900
419
302
340
241
573
-0.0644
-0.9989
0.0176
0.7000
2.5200
7.2100
419
303
340
241
573
-0.1054
-0.9921
0.0361
3.7800
-2.3800
-5.1800
419
304
341
241
570
-0.0712
-0.9984
0.0400
-3.9200
0.7700
3.5000
419
306
343
243
565
-0.0937
-0.9765
0.0142
-6.9300
6.0200
5.3900
419
312
348
246
558
-0.1332
-0.9975
-0.0044
1.2600
3.9900
0.2100
416
315
349
248
553
-0.1244
-1.0116
0.0259
-5.7400
13.8600
9.7300
415
325
360
256
543
-0.1820
-0.9941
-0.0254
-6.6500
9.5200
5.6000
416
332
369
263
542
-0.1752
-0.9604
-0.0200
-21.5600
15.8900
5.6000
417
341
378
272
534
-0.1796
-0.9980
-0.0859
-5.8800
14.6300
14.8400
419
352
392
285
530
-0.1562
-0.9355
-0.1005
-11.2000
16.8000
10.0800
420
361
402
297
523
-0.2377
-0.9365
-0.0991
-2.2400
16.7300
4.8300
421
373
416
314
516
-0.1913
-0.9560
-0.0961
0.2100
20.5800
2.3800
422
391
435
335
461
-0.1918
-0.9862
-0.1791
-0.3500
20.4400
8.6800
423
415
459
355
449
-0.2347
-0.9072
-0.1449
2.0300
32.0600
14.7000
424
434
475
365
444
-0.2167
-0.9433
-0.1645
5.8800
56.3500
22.7500
425
448
488
376
438
-0.3021
-0.9277
-0.1976
3.0100
48.3000
5.4600
425
460
499
392
437
-0.2713
-0.9170
-0.2079
9.8000
35.9100
-5.4600
425
473
508
407
431
-0.2972
-0.8965
-0.2372
10.0100
29.8200
-0.9800
424
481
515
427
427
-0.2860
-0.9545
-0.2186
15.9600
14.4900
-2.6600
424
486
518
437
420
-0.2708
-0.9072
-0.1820
12.7400
7.5600
-4.4100
425
487
519
440
421
-0.2338
-0.9443
-0.1942
0.6300
10.5000
-1.1200
425
490
521
444
419
-0.2533
-0.9584
-0.1923
-0.0700
4.6900
-1.4700
425
492
522
447
419
-0.2289
-0.9018
-0.1913
-5.6000
4.9700
-5.6000
426
492
523
448
420
-0.2552
-0.9496
-0.1932
-7.7700
5.8800
-6.6500
426
493
524
451
420
-0.2030
-0.9345
-0.2230
3.2200
6.4400
-2.0300
426
494
524
453
421
-0.2059
-0.9233
-0.1869
7.5600
-4.6900
-0.7700
426
495
525
453
421
-0.2186
-0.9462
-0.1957
3.7100
-2.6600
-2.0300
426
495
525
453
421
-0.2308
-0.9492
-0.2030
-0.9800
0.3500
-2.3100
426
495
525
453
422
-0.2152
-0.9355
-0.1932
-1.1900
0.1400
0.7000
426
494
525
452
422
-0.2128
-0.9467
-0.1972
-0.2800
-3.2200
-3.7800
426
494
525
450
422
-0.2113
-0.9492
-0.2064
0.7000
-2.7300
-1.4700
426
493
524
449
423
-0.2176
-0.9443
-0.1918
-10.2900
-2.3800
0.3500
426
492
524
446
425
-0.2206
-0.9389
-0.2137
-2.1700
-4.3400
-1.2600
426
491
523
442
425
-0.2235
-0.9379
-0.2279
-2.2400
0.1400
1.4000
426
488
522
437
428
-0.2240
-0.9511
-0.2386
7.0000
4.4800
-2.0300
426
485
520
432
433
-0.2216
-0.9365
-0.2377
-10.2200
-4.1300
7.6300
426
480
517
426
443
-0.2303
-0.9311
-0.2577
-24.3600
-6.9300
12.6700
425
474
514
421
453
-0.2689
-0.9267
-0.3338
-10.0800
3.2200
1.5400
425
468
511
417
455
-0.2801
-0.8784
-0.3357
4.2000
9.7300
6.5100
425
464
507
414
459
-0.2367
-0.8638
-0.3206
7.7000
-2.1000
-1.7500
425
455
499
406
461
-0.2855
-0.8589
-0.3475
6.5100
-4.8300
-1.0500
425
442
492
396
465
-0.3113
-0.9472
-0.3177
14.0000
1.1200
-12.8100
425
424
477
373
471
-0.2679
-0.8823
-0.3455
6.3000
4.1300
-8.7500
425
397
452
350
474
-0.2767
-0.8106
-0.2557
10.5000
0.7000
-4.9000
426
365
418
326
483
-0.2718
-0.9467
-0.2518
10.5000
-6.4400
-8.8900
426
340
381
295
484
-0.2401
-0.8882
-0.2908
7.3500
-11.3400
-6.4400
427
309
345
269
481
-0.2811
-0.9575
-0.2835
13.0200
-7.7000
-4.8300
427
290
319
244
472
-0.2362
-0.9599
-0.2503
13.7200
-16.6600
-3.1500
425
283
309
233
467
-0.2625
-0.9326
-0.2206
-1.8200
-7.4200
1.8900
422
277
303
223
471
-0.2899
-0.9438
-0.2006
-1.2600
-2.2400
10.0800
417
277
299
218
489
-0.2723
-0.9155
-0.2015
-4.6900
-1.1900
2.1700
413
278
298
218
533
-0.3211
-0.9155
-0.2235
7.8400
4.2700
-0.9800
411
277
298
220
591
-0.3192
-0.9043
-0.1718
9.1700
6.7900
2.0300
410
279
298
221
637
-0.2503
-0.8945
-0.1820
17.0100
9.1700
-0.9100
413
281
300
220
670
-0.3065
-0.8589
-0.1152
54.6700
10.9900
-13.5800
416
281
300
219
699
-0.2762
-0.9228
-0.0386
75.1800
-3.2200
-11.9700
416
281
300
222
720
-0.4099
-0.9130
0.1161
92.5400
-16.3800
-22.5400
415
282
300
224
693
-0.2157
-0.9579
0.2172
76.3700
-21.2800
-32.9000
413
282
300
226
686
-0.2133
-0.8457
0.3270
91.6300
-27.8600
-14.4900
413
283
303
229
679
-0.0556
-0.8325
0.4490
80.7100
-28.4900
-22.6800
413
288
308
230
677
0.0161
-0.7745
0.6007
82.5300
-60.7600
-23.7300
413
290
309
232
676
0.0996
-0.7320
0.6554
64.8200
-83.5100
-7.5600
414
292
312
233
674
0.2660
-0.6778
0.7749
37.4500
-92.0500
11.6900
413
293
314
233
674
0.3050
-0.6720
0.7154
26.1800
-91.2800
4.4100
414
293
315
234
665
0.3782
-0.6559
0.7144
13.5800
-81.5500
25.0600
416
292
317
235
660
0.4963
-0.6490
0.6754
-27.7900
-63.4900
70.9100
417
292
319
236
657
0.4719
-0.6817
0.6076
-52.6400
-45.7800
83.9300
419
291
320
238
646
0.3640
-0.7676
0.5275
-27.0200
-2.2400
98.1400
421
291
322
241
634
0.1474
-0.8838
0.4856
-26.8800
34.7200
80.9900
423
292
323
243
629
0.0024
-0.9370
0.4309
-44.0300
58.1700
87.3600
424
296
326
244
621
-0.1606
-0.8843
0.3353
-42.7700
57.8200
68.7400
424
297
328
245
627
-0.3089
-0.8974
0.2338
-84.2100
37.1000
44.5900
424
305
328
245
615
-0.4207
-0.9067
0.0195
-55.3000
24.9900
16.3100
424
307
329
245
616
-0.4792
-0.9106
-0.0620
-32.0600
26.1100
6.4400
424
307
329
245
621
-0.5578
-0.9345
-0.2523
-32.9700
60.6900
7.5600
424
306
329
246
631
-0.4168
-0.8613
-0.2264
-0.3500
-1.4000
-5.7400
424
307
330
247
630
-0.4358
-0.8325
-0.2367
3.8500
-3.9200
-7.7000
424
307
330
247
628
-0.4382
-0.8823
-0.2338
3.9900
-4.6200
-5.2500
424
307
330
247
627
-0.4460
-0.8291
-0.2308
1.8900
-4.8300
-6.0200
423
307
330
247
625
-0.4187
-0.8452
-0.2245
3.2200
-3.7800
-1.1200
423
307
331
246
620
-0.4304
-0.8574
-0.2381
1.4000
-3.7100
-1.5400
423
308
331
246
618
-0.4353
-0.8594
-0.2391
4.2000
-3.7800
-1.4700
423
308
331
246
619
-0.4372
-0.8691
-0.2338
2.4500
-2.9400
-4.2700
423
309
331
246
618
-0.4338
-0.8711
-0.2279
-0.5600
-2.7300
-3.5700
423
309
331
247
618
-0.4309
-0.8496
-0.2416
2.9400
-3.6400
0.3500
423
309
332
247
618
-0.4304
-0.8828
-0.2450
1.6100
-3.5000
-2.1000
423
309
332
247
617
-0.4260
-0.8599
-0.2596
3.0100
-3.9900
-2.3100
423
310
332
247
614
-0.4197
-0.8652
-0.2381
0.1400
-2.7300
-0.8400
423
310
332
247
612
-0.4290
-0.8462
-0.2518
0.5600
-1.3300
2.8000
423
311
332
247
606
-0.4387
-0.8520
-0.2499
1.8900
-3.2200
-2.7300
422
312
333
245
602
-0.4314
-0.8574
-0.2440
1.3300
-4.9000
-3.6400
422
312
333
245
601
-0.4402
-0.8472
-0.2435
2.1000
-3.3600
-2.8700
422
312
333
245
601
-0.4260
-0.8496
-0.2381
1.0500
-2.8000
-1.3300
421
312
333
243
597
-0.4431
-0.8472
-0.2338
1.4700
0.2100
0.0000
421
312
333
241
591
-0.4324
-0.8525
-0.2440
-5.4600
0.2800
-2.7300
420
313
333
240
580
-0.4299
-0.8306
-0.2479
-0.9100
4.4800
1.1900
420
314
334
240
570
-0.4656
-0.8477
-0.2791
-0.2100
9.5200
3.9900
420
318
338
241
544
-0.4592
-0.8696
-0.3050
-1.8200
14.8400
-2.9400
420
324
346
247
525
-0.4699
-0.8516
-0.2996
6.8600
17.3600
-0.0700
421
335
365
261
510
-0.3894
-0.7993
-0.2816
29.3300
11.2000
-17.6400
423
362
402
294
495
-0.4392
-0.8418
-0.2533
24.3600
11.6900
-21.0700
424
380
428
321
488
-0.4133
-0.8877
-0.2411
8.8200
7.0700
-10.9200
425
393
446
340
483
-0.3806
-0.8579
-0.2621
3.2200
5.5300
-18.2000
425
419
473
367
472
-0.3265
-0.8847
-0.2786
52.6400
12.5300
-3.2900
426
466
509
413
447
-0.3611
-0.9536
-0.1937
13.6500
-1.4000
-10.8500
427
485
517
442
439
-0.3079
-0.9282
-0.2137
9.9400
0.4200
-4.6200
427
489
520
449
437
-0.2982
-0.9277
-0.1923
5.3200
0.9100
-0.2800
427
490
521
450
436
-0.2967
-0.9492
-0.2142
7.9100
-0.7000
0.0000
427
490
521
450
436
-0.3030
-0.9477
-0.2035
4.6900
-1.4700
0.6300
428
488
521
450
436
-0.2977
-0.9433
-0.2001
-0.3500
-0.2800
-0.1400
428
486
521
448
436
-0.3060
-0.9321
-0.2133
0.9800
0.8400
1.1900
428
483
520
446
436
-0.2987
-0.9228
-0.2015
-5.9500
1.4700
3.5700
428
474
518
437
437
-0.3104
-0.9126
-0.2059
-8.8900
7.1400
9.4500
428
455
504
418
441
-0.3489
-0.8852
-0.2279
-17.5700
3.1500
0.3500
428
422
481
385
449
-0.3650
-0.9545
-0.3118
-13.3000
-14.9100
-30.5900
429
365
431
331
460
-0.2430
-0.8764
-0.3011
-3.2200
-2.3800
-12.1800
428
327
402
289
468
-0.2440
-0.8506
-0.3274
6.8600
14.0000
-2.5900
427
312
371
259
472
-0.3177
-0.8276
-0.3831
16.8000
25.4800
5.8100
426
310
339
242
484
-0.3328
-0.8818
-0.2664
21.4900
34.1600
-1.5400
422
302
329
237
502
-0.2850
-0.8794
-0.2616
23.8700
8.4700
5.8800
419
299
322
234
527
-0.2933
-0.9404
-0.2201
52.1500
20.7900
-8.2600
417
296
315
231
552
-0.2318
-0.9653
-0.1405
91.3500
10.2900
-16.8000
417
295
313
229
564
-0.2157
-0.8872
0.0254
166.1800
13.6500
-22.1900
418
296
317
228
553
-0.1688
-0.8272
0.4168
116.9000
-3.5700
-15.4700
418
297
320
228
558
-0.2377
-0.7950
0.5183
132.4400
-30.1700
-13.1600
417
297
321
229
564
-0.1537
-0.7632
0.6359
114.9400
-90.1600
-17.5000
416
298
324
229
573
-0.1381
-0.5124
0.7984
68.3200
-96.3200
-5.8100
416
301
329
230
585
0.0727
-0.5373
0.9038
59.2200
-88.3400
12.8100
416
301
330
231
587
0.1449
-0.4826
0.8877
60.9700
-90.1600
21.4200
416
301
332
232
584
0.2996
-0.4333
0.9121
34.4400
-83.9300
53.2000
417
302
334
233
579
0.3689
-0.3826
0.9087
4.2000
-76.3700
67.9000
418
302
335
234
574
0.4392
-0.4860
0.8418
-17.4300
-55.6500
24.4300
419
303
336
236
569
0.5075
-0.5475
0.7793
-48.8600
-19.2500
45.7100
421
302
337
238
564
0.4070
-0.7086
0.6705
-49.2100
-26.6000
72.9400
422
301
337
240
553
0.3684
-0.7769
0.5841
-83.1600
12.3200
71.4700
424
301
337
242
547
0.1332
-0.8008
0.4451
-36.4000
1.7500
15.1200
425
302
338
243
547
0.1728
-0.8516
0.4773
0.4200
-1.6800
5.7400
425
302
338
243
548
0.1679
-0.8550
0.4797
-6.6500
-2.5200
0.4200
426
303
339
243
545
0.1737
-0.8418
0.4577
-2.5200
-1.0500
-0.7000
426
303
339
243
545
0.1601
-0.8672
0.4558
5.7400
-3.7100
-2.3100
426
304
339
244
546
0.1791
-0.8833
0.4699
3.6400
-2.8700
-2.9400
426
304
340
244
545
0.1674
-0.8847
0.4509
4.8300
-4.1300
-2.3100
426
304
341
244
543
0.1757
-0.8804
0.4480
4.9000
-3.7100
-1.6100
426
304
341
244
545
0.1649
-0.8847
0.4626
0.7000
-2.4500
-0.9100
426
305
341
244
545
0.1767
-0.8760
0.4582
-1.6800
1.8900
1.4700
426
305
341
245
541
0.1718
-0.8906
0.4695
-13.6500
25.5500
14.7700
425
311
346
246
527
0.1357
-0.8823
0.4431
-9.5900
11.9000
8.3300
425
330
374
260
493
0.0981
-0.8589
0.4685
-16.3100
29.0500
20.3700
426
365
419
294
461
0.0351
-0.8974
0.3894
-26.0400
55.9300
26.6700
427
403
452
331
445
-0.0561
-0.9423
0.3211
-39.2700
32.9700
15.8900
430
408
458
340
443
-0.1015
-0.9648
0.2430
-56.7000
37.4500
27.2300
430
408
460
344
445
-0.1005
-0.9252
0.1449
-65.5900
80.8500
76.0900
430
415
464
355
450
-0.2796
-0.9623
0.0288
-70.3500
49.4200
41.5800
429
423
472
366
453
-0.3723
-0.9399
-0.1088
-35.7700
40.9500
12.1100
429
432
481
377
452
-0.3894
-0.9150
-0.1640
-13.2300
40.5300
-4.2000
428
446
493
392
446
-0.3484
-0.8945
-0.2050
-6.3700
39.6900
3.8500
428
457
502
408
444
-0.3880
-0.9130
-0.1762
-20.5100
9.2400
-4.2700
428
460
504
413
454
-0.3489
-0.9028
-0.2835
-9.8700
23.6600
1.5400
427
467
508
420
454
-0.3704
-0.8730
-0.3528
8.1900
17.5700
4.4100
428
479
512
430
455
-0.3518
-0.8808
-0.3001
13.8600
20.3000
-1.1900
428
487
518
442
450
-0.2957
-0.8618
-0.2987
12.0400
5.2500
0.2100
428
491
520
448
451
-0.3470
-0.8540
-0.2952
19.1100
3.2200
-5.6000
429
492
522
450
448
-0.3113
-0.8799
-0.2713
9.6600
-4.9000
-2.3100
429
492
522
450
450
-0.3221
-0.9043
-0.2801
2.1000
-6.6500
-4.7600
429
492
522
450
448
-0.3133
-0.8852
-0.2704
1.4000
-4.9000
-2.8000
429
492
522
450
450
-0.3367
-0.8867
-0.2723
-0.9100
-1.1900
-2.7300
429
491
522
449
449
-0.3353
-0.8969
-0.2708
1.1900
1.8900
-5.3900
430
490
522
447
451
-0.3113
-0.8930
-0.2962
3.4300
1.1200
-3.1500
430
488
521
445
452
-0.3035
-0.8882
-0.2957
5.6700
5.8100
-10.9900
430
485
521
439
455
-0.3084
-0.8833
-0.2806
2.8700
8.0500
-4.2000
430
480
519
432
457
-0.3196
-0.9140
-0.2972
10.1500
12.6000
-8.6800
430
471
516
425
464
-0.3382
-0.9116
-0.2889
13.4400
15.8200
-11.0600
431
437
507
410
475
-0.2879
-0.9335
-0.2601
17.5000
15.6100
-11.7600
431
370
499
388
475
-0.3279
-0.9048
-0.2313
12.6700
16.5200
-9.6600
431
365
435
351
482
-0.2582
-0.9360
-0.1440
15.5400
-0.7000
-12.7400
431
334
371
305
487
-0.1537
-0.9975
-0.0952
27.5100
-12.3900
-4.9000
430
302
335
263
486
-0.1908
-0.9511
-0.1171
-0.0700
-22.7500
-3.7100
429
283
317
241
489
-0.2176
-0.9633
-0.1054
-0.9800
-18.5500
-5.1800
428
270
307
232
473
-0.2059
-0.9414
-0.1474
2.1000
-17.2900
-0.7700
427
263
306
227
469
-0.2196
-0.9682
-0.1269
-7.4900
-2.3100
-2.9400
424
258
306
225
504
-0.1986
-0.9594
-0.1420
14.3500
3.9900
-6.7200
422
258
306
224
558
-0.2762
-1.0565
-0.1698
71.9600
15.9600
-12.1800
421
260
308
223
590
-0.1698
-0.9975
-0.0747
131.7400
-8.2600
-25.2700
421
258
311
221
602
-0.1913
-0.8911
0.2274
120.3300
-48.0900
-28.7000
422
255
314
220
615
-0.1752
-0.9106
0.4353
105.2800
-40.9500
-18.2700
420
255
315
220
603
-0.1254
-0.8394
0.5510
125.2300
-57.7500
-13.5100
418
256
318
222
589
0.0107
-0.7139
0.7047
91.4900
-53.7600
-11.6900
418
257
320
224
583
0.1200
-0.6144
0.7715
84.3500
-43.8200
-3.4300
418
258
325
225
578
0.2216
-0.4860
0.8735
-42.6300
-33.2500
15.6800
419
267
327
226
569
0.2137
-0.4509
0.8847
49.1400
-58.6600
32.7600
420
273
329
227
562
0.2133
-0.4353
0.9077
9.3800
-80.7800
68.2500
420
280
331
228
558
0.3387
-0.4260
0.8935
-18.4800
-82.8800
52.9900
420
282
332
229
554
0.3743
-0.4743
0.8350
-43.0500
-42.9800
41.7900
420
283
333
230
547
0.3601
-0.5553
0.7198
-33.8800
-39.8300
61.1100
422
284
334
232
537
0.3958
-0.4094
0.6959
-51.6600
-9.5900
85.4000
425
284
335
235
533
0.2738
-0.6969
0.6500
-41.1600
12.0400
44.9400
427
284
339
239
530
0.1362
-0.7593
0.6071
-36.3300
28.0700
18.4800
427
285
340
239
532
0.1166
-0.8018
0.5192
-27.0200
17.5700
8.7500
427
285
341
240
531
0.1147
-0.8150
0.5529
-4.4800
4.0600
6.8600
427
286
341
240
530
0.1025
-0.8262
0.5368
-3.8500
-4.0600
0.4900
428
286
342
240
534
0.0859
-0.8511
0.5168
-7.9100
-0.6300
-2.1000
427
286
342
241
531
0.0795
-0.8462
0.5119
2.1000
0.6300
-1.4700
427
286
342
241
533
0.0864
-0.8506
0.5202
-0.4200
2.5200
1.8200
427
287
343
242
533
0.0581
-0.8452
0.5046
0.9100
-3.6400
-1.6800
427
287
343
242
531
0.0571
-0.8574
0.5085
0.3500
-4.0600
-2.5200
427
287
343
242
533
0.0561
-0.8564
0.5158
0.2800
-3.8500
-1.6100
427
288
343
242
532
0.0678
-0.8584
0.4973
4.8300
-5.1100
-1.3300
427
288
344
243
530
0.0561
-0.8574
0.5222
4.9700
-5.5300
-1.4000
427
289
344
243
532
0.0600
-0.8579
0.5187
-0.4900
-5.7400
-3.1500
427
289
344
243
530
0.0766
-0.8633
0.5046
-2.5200
-1.7500
-0.3500
427
289
344
244
533
0.0561
-0.8311
0.4826
1.9600
0.5600
0.8400
427
289
344
244
531
0.0293
-0.8706
0.5036
-8.5400
4.4800
2.3100
427
290
345
244
525
0.0166
-0.8628
0.4865
0.8400
2.8000
-2.0300
426
291
345
244
520
0.0434
-0.8657
0.4934
-7.6300
9.8000
-0.6300
426
293
346
245
501
0.0503
-0.8672
0.5100
-13.9300
27.2300
9.2400
424
304
357
252
474
-0.0312
-0.8677
0.4421
-15.8200
0.1400
2.2400
425
332
394
276
454
-0.0132
-0.8794
0.4221
-24.1500
26.0400
13.5800
427
377
441
315
442
-0.0805
-0.9082
0.4890
-20.0900
40.0400
23.6600
428
426
478
354
426
-0.1840
-0.9150
0.3094
-7.5600
53.7600
24.9900
429
461
504
394
414
-0.1845
-0.9048
0.2796
-29.4700
87.0100
45.9900
429
478
515
424
409
-0.3811
-0.8730
0.1191
-32.9000
69.5100
4.8300
429
484
519
438
409
-0.3987
-0.9052
0.0766
-35.3500
50.4700
-0.3500
429
486
520
444
409
-0.3860
-0.8755
-0.0249
-19.1800
35.2100
-7.4900
429
487
521
445
411
-0.3606
-0.8730
-0.0732
-29.7500
35.1400
-11.6200
429
486
521
445
414
-0.3933
-0.9340
-0.1464
-18.6900
17.6400
-14.1400
428
486
521
445
415
-0.2679
-0.9160
-0.2396
-12.3900
6.9300
-25.7600
428
486
521
444
442
-0.4987
-0.9057
-0.2084
-9.1700
4.5500
-8.4700
427
485
521
443
444
-0.3299
-0.8979
-0.2079
-0.0700
6.6500
-11.9700
427
485
521
442
448
-0.3265
-0.9116
-0.2196
0.8400
-0.4900
-7.7700
427
484
521
441
450
-0.2679
-0.9135
-0.2455
8.0500
0.8400
-4.9700
426
483
520
441
453
-0.2762
-0.9370
-0.2255
8.6800
1.4700
-3.5700
427
484
520
440
451
-0.3260
-0.9389
-0.2342
4.5500
-1.4700
-5.3200
427
485
520
439
453
-0.2679
-0.9135
-0.2318
1.8200
-1.9600
-2.7300
427
485
520
439
451
-0.2582
-0.9209
-0.2084
2.7300
-3.7800
-2.1700
427
485
520
438
453
-0.2547
-0.9126
-0.2167
2.6600
-5.1100
-1.3300
427
484
520
436
451
-0.2806
-0.9335
-0.2308
0.5600
-2.7300
-3.4300
427
484
520
435
454
-0.2786
-0.9340
-0.2357
6.2300
-1.1900
-4.6900
427
483
519
434
452
-0.2572
-0.9223
-0.2157
-8.5400
-2.9400
0.1400
428
478
516
428
460
-0.2489
-0.9272
-0.2655
-5.7400
-2.5900
0.2100
428
470
507
420
462
-0.2830
-0.9140
-0.2425
7.9100
1.4700
0.4900
428
468
501
414
467
-0.2747
-0.9355
-0.2333
-17.8500
-1.8900
3.2200
428
465
495
405
468
-0.2913
-0.8965
-0.2582
-12.1100
-1.3300
4.4800
428
459
482
395
477
-0.2874
-0.9038
-0.2250
13.1600
8.5400
-4.6200
428
447
460
384
484
-0.2801
-0.9199
-0.3138
10.8500
3.6400
-6.5100
429
417
430
352
486
-0.2406
-0.9575
-0.1659
5.3200
-4.2700
-6.7900
430
382
405
325
493
-0.2216
-0.8926
-0.2503
4.4800
-8.2600
-0.7000
431
351
382
295
489
-0.2406
-0.9316
-0.1903
4.9000
-8.8900
-0.9100
430
330
353
265
492
-0.1820
-0.9140
-0.2035
38.2900
-9.5900
-7.4200
427
316
324
245
493
-0.2298
-0.9770
-0.1557
64.4700
19.8800
-10.0100
423
307
315
235
500
-0.2494
-0.9262
-0.0093
77.2800
14.7000
-10.1500
422
300
303
227
509
-0.2499
-0.9545
0.1254
75.4600
2.8700
-4.1300
422
299
299
225
533
-0.2455
-0.9292
0.2147
84.7000
2.2400
-15.0500
419
295
294
223
562
-0.2294
-0.9560
0.2518
108.0800
3.8500
-10.4300
418
295
293
222
570
-0.3748
-0.8252
0.4080
140.7700
-22.6100
-2.0300
417
297
298
223
573
-0.3265
-0.7418
0.5807
127.0500
-112.4200
-8.1200
414
298
302
224
581
-0.1401
-0.6412
0.8174
48.9300
-65.7300
-5.8100
413
301
309
225
602
-0.0093
-0.5519
0.8311
50.6800
-60.3400
5.8800
413
302
312
225
608
0.0547
-0.4719
0.8379
56.2100
-75.2500
14.9800
413
304
313
227
613
0.1454
-0.4060
0.8838
54.0400
-83.9300
27.3000
414
304
315
228
609
0.2416
-0.3421
0.9360
43.6800
-83.5100
23.8000
415
304
316
228
602
0.3382
-0.3192
0.9277
17.9200
-84.5600
21.4200
415
304
316
229
596
0.4494
-0.3152
0.8833
6.9300
-71.7500
43.9600
416
304
317
230
586
0.4631
-0.3719
0.8223
-3.0100
-76.3700
48.7200
417
303
318
231
572
0.5046
-0.3948
0.7730
-9.4500
-62.8600
30.9400
419
303
319
233
561
0.5383
-0.4695
0.7525
-35.8400
-29.3300
37.6600
420
303
320
235
546
0.5734
-0.5378
0.6798
-22.4700
-21.2800
48.7200
422
305
320
238
536
0.5646
-0.5822
0.6437
-30.0300
-17.5700
43.4000
423
304
322
241
533
0.4973
-0.6900
0.5417
-20.3700
7.1400
37.5900
424
304
323
243
532
0.3889
-0.7300
0.6124
-26.3200
21.8400
27.9300
424
304
324
244
537
0.4299
-0.7315
0.5958
-54.3900
55.6500
33.7400
425
305
326
245
541
0.2123
-0.8257
0.3767
-42.2100
30.8700
21.2100
425
306
327
246
546
0.2396
-0.8335
0.4475
-23.7300
14.2800
13.3000
425
306
328
246
551
0.1596
-0.8755
0.4241
-22.4700
10.8500
2.6600
425
307
328
247
557
0.1025
-0.9301
0.3699
-3.9900
1.7500
-1.1200
425
307
329
247
557
0.1459
-0.9228
0.4187
-0.3500
-2.2400
-2.5900
425
308
329
247
555
0.1235
-0.9057
0.4070
1.4700
0.7000
-2.1700
425
308
329
247
556
0.1274
-0.8999
0.4158
0.1400
0.3500
-3.7800
425
308
330
248
555
0.1069
-0.8974
0.4050
2.1000
0.1400
-3.6400
425
309
330
248
551
0.1215
-0.8999
0.4270
-0.1400
-1.6100
-3.2200
425
309
331
248
553
0.1279
-0.9048
0.4094
2.4500
-1.6100
-0.6300
425
310
331
248
551
0.1039
-0.9028
0.4143
2.7300
-0.5600
0.4900
425
310
331
248
547
0.1010
-0.9004
0.4187
2.3100
-0.5600
-0.7000
425
311
331
249
548
0.0996
-0.8979
0.4231
0.2800
-0.4900
-2.5200
425
311
332
249
547
0.1098
-0.8950
0.4153
2.9400
0.2800
0.7700
425
311
332
249
544
0.0893
-0.9082
0.4270
2.2400
0.9800
-1.6100
425
312
333
249
544
0.0883
-0.9004
0.4246
1.3300
1.3300
-0.7000
424
314
334
249
536
0.0654
-0.8935
0.4407
-4.9000
21.0700
3.7800
424
325
341
251
512
0.0317
-0.8930
0.4163
-11.5500
29.2600
7.8400
424
347
366
267
492
0.0571
-0.9321
0.3538
-27.2300
36.2600
18.4100
425
361
390
284
482
-0.0468
-0.9379
0.3333
-17.9900
32.2700
3.7100
426
374
410
303
469
-0.0659
-0.9282
0.3079
-29.6800
28.0700
11.6900
427
388
429
320
465
-0.1493
-0.9765
0.2347
-20.0200
37.8700
16.2400
427
397
443
334
465
-0.1776
-1.0160
0.2069
-19.4600
34.2300
13.0900
428
416
465
354
463
-0.2357
-0.9897
0.1176
-15.4700
36.6800
17.7100
428
441
493
376
454
-0.1928
-0.9467
0.0781
-1.6800
60.7600
22.7500
429
465
509
411
443
-0.3279
-0.9745
0.0722
-4.0600
45.9900
0.9800
429
478
517
432
444
-0.3328
-0.9457
-0.0029
-5.8800
25.6900
-7.4200
428
483
519
441
442
-0.3187
-0.9433
-0.0298
-18.4100
49.2800
-12.0400
427
486
521
444
448
-0.3582
-0.9570
-0.0610
0.9800
26.3200
-0.4900
427
487
521
445
452
-0.3011
-0.9667
-0.0673
4.4800
12.6700
-15.6800
427
488
521
445
454
-0.2796
-0.9399
-0.0747
-6.0200
9.4500
-5.1800
427
488
521
445
457
-0.2445
-0.9516
-0.1020
-0.6300
3.6400
-3.7800
427
488
521
445
456
-0.2791
-0.9287
-0.0991
1.8200
-6.1600
-2.7300
427
488
522
444
457
-0.2796
-0.9482
-0.1015
1.4700
-1.6100
-4.5500
427
488
522
444
457
-0.2601
-0.9384
-0.1152
1.7500
-2.1000
-5.2500
427
487
522
443
457
-0.2645
-0.9550
-0.1132
4.2700
-1.6100
-4.9000
427
487
521
442
457
-0.2635
-0.9477
-0.1147
-0.3500
-1.7500
-2.0300
427
487
521
441
458
-0.2718
-0.9496
-0.1191
-1.2600
-1.5400
-0.4200
427
486
521
440
458
-0.2655
-0.9453
-0.1191
3.5700
1.1200
-3.1500
428
484
521
440
459
-0.2552
-0.9443
-0.0966
-3.5000
-2.3800
0.5600
428
480
520
438
461
-0.2782
-0.9326
-0.1640
-8.4700
9.3800
2.9400
429
469
512
427
467
-0.3533
-0.9204
-0.1464
2.3800
2.1000
-4.9700
429
456
498
416
472
-0.2806
-0.9565
-0.1479
2.0300
-0.1400
-4.8300
430
447
487
398
475
-0.2943
-0.9209
-0.1566
1.8900
-2.7300
-6.3000
430
437
476
382
477
-0.2679
-0.9184
-0.1488
6.5100
2.8000
-4.4100
431
422
454
360
483
-0.2518
-0.9604
-0.1415
21.5600
16.4500
-14.4900
431
396
414
325
486
-0.2006
-0.9248
-0.1376
8.0500
0.1400
-2.0300
432
357
378
289
489
-0.1937
-0.9604
-0.0917
8.6800
-9.8700
2.1700
432
334
352
261
486
-0.2347
-0.9643
-0.1425
5.0400
-7.8400
0.2800
430
320
326
239
484
-0.1864
-0.9999
-0.0420
0.5600
-14.7700
-4.1300
423
308
306
221
477
-0.2011
-0.9599
-0.1186
8.4700
-6.0200
0.6300
417
304
301
215
469
-0.2230
-0.9355
-0.0610
-3.7800
5.9500
0.9100
413
305
302
217
513
-0.2591
-0.9804
-0.0815
14.7000
16.4500
-2.9400
413
307
305
222
568
-0.2235
-0.9638
-0.0800
23.1000
8.9600
-5.1800
414
307
306
223
595
-0.2279
-0.9575
-0.0722
19.8100
-0.0700
-2.4500
414
307
308
224
614
-0.2313
-0.9877
-0.0420
25.9700
0.7000
-2.4500
415
308
309
223
627
-0.2269
-0.9823
-0.0342
75.2500
35.0000
6.5100
414
305
309
223
630
-0.2552
-0.9604
0.1025
86.3800
8.6800
-5.1800
414
303
310
223
627
-0.2772
-0.9555
0.2220
118.5800
12.7400
-6.0900
415
303
311
223
626
-0.3245
-0.8296
0.3841
136.7800
0.2100
0.7700
414
303
313
224
613
-0.2996
-0.7037
0.5524
123.5500
-28.5600
13.0900
413
303
315
225
612
-0.2420
-0.5661
0.7627
121.8700
-73.1500
24.7800
412
303
317
228
644
-0.2518
-0.4377
0.9038
87.3600
-85.1900
23.6600
412
304
319
231
644
-0.0698
-0.2918
0.9506
73.3600
-87.5000
35.3500
412
304
321
232
647
0.0264
-0.2167
1.0077
60.4800
-91.2800
51.5900
412
305
323
233
645
0.1279
-0.1542
0.9721
34.2300
-94.9200
75.3900
414
304
323
234
641
0.3421
-0.0991
0.9984
11.7600
-62.3700
84.9100
415
304
324
235
633
0.4075
-0.1279
0.9697
-18.9000
-38.0800
80.9200
416
304
324
235
623
0.4182
-0.2245
0.9126
-34.4400
-47.8800
42.7700
417
303
325
237
619
0.4675
-0.2826
0.7876
-69.3700
-36.9600
52.5700
419
303
326
237
612
0.4265
-0.3811
0.7427
-60.1300
-32.7600
54.7400
420
304
327
240
592
0.4333
-0.6398
0.6461
-48.0900
-3.8500
36.2600
423
305
329
243
582
0.3675
-0.6783
0.6583
-31.1500
10.0100
15.5400
423
308
330
246
584
0.3172
-0.6852
0.5890
0.1400
4.7600
0.4200
424
309
331
246
581
0.3670
-0.6817
0.6983
-0.2800
9.7300
2.5900
424
309
332
247
579
0.3299
-0.7183
0.6515
-1.8200
4.6200
3.2200
424
310
332
248
581
0.3026
-0.7257
0.6437
-7.5600
-1.6100
0.5600
424
311
333
248
579
0.2987
-0.7222
0.6095
0.2100
-2.9400
-0.4200
424
311
333
248
575
0.2850
-0.7042
0.6202
3.7800
-5.5300
-2.5200
424
311
333
248
574
0.2957
-0.7296
0.6559
2.3100
-3.8500
-3.2900
424
311
334
248
576
0.2996
-0.7198
0.6393
-0.2100
-0.9800
-1.7500
424
311
334
248
574
0.3045
-0.7188
0.6427
0.4200
4.3400
-0.2800
424
312
334
247
569
0.2874
-0.7242
0.6451
1.1200
3.7100
0.4900
424
313
335
246
563
0.2777
-0.7164
0.6515
-4.4100
7.1400
2.9400
424
315
335
245
554
0.2582
-0.7281
0.5007
-3.4300
-0.7700
-1.1200
424
316
336
244
550
0.2338
-0.7408
0.6242
3.5700
1.1200
0.8400
423
316
336
244
550
0.2362
-0.7437
0.6505
2.8000
9.5200
5.4600
423
316
336
243
543
0.2289
-0.7501
0.6500
12.1800
13.7900
5.8100
419
322
341
247
519
0.2250
-0.6754
0.6959
8.8900
61.1800
17.0800
419
344
371
267
503
0.1381
-0.7510
0.7159
-36.9600
88.4800
8.1900
421
370
409
294
477
-0.0142
-0.7344
0.6242
-45.6400
87.9200
-1.0500
423
384
433
317
446
-0.1391
-0.8291
0.5104
-51.9400
105.8400
10.0100
425
403
450
339
443
-0.1659
-0.8442
0.4197
-42.2100
75.6700
16.3100
426
412
461
356
448
-0.2865
-0.8930
0.2806
-21.9800
90.3700
2.1700
426
421
474
366
448
-0.3299
-0.8808
0.1981
-37.1000
48.7900
-11.9700
426
433
487
384
446
-0.3270
-0.9287
0.1649
-24.6400
42.1400
-12.7400
425
451
499
397
446
-0.2884
-0.9682
0.0712
-40.9500
28.9800
-11.2000
426
463
505
399
448
-0.3006
-0.9013
0.0161
-22.1200
13.5800
-13.7200
426
471
510
405
448
-0.3152
-0.8877
-0.0249
-16.3800
6.6500
-18.6200
425
477
514
414
445
-0.2816
-0.9428
-0.0264
-15.8200
9.8000
-8.0500
424
480
516
418
446
-0.2913
-0.9443
-0.1088
-9.0300
9.4500
-6.2300
422
483
518
422
443
-0.2777
-0.9570
-0.1118
-2.5200
10.5000
-5.6700
421
484
519
425
445
-0.2611
-0.9423
-0.1425
-10.0100
18.9700
-7.7000
420
486
521
427
446
-0.2528
-0.9238
-0.1449
-14.3500
16.3100
-11.3400
419
489
522
430
449
-0.2489
-0.9716
-0.1840
11.4100
3.7800
-3.7800
419
490
522
432
449
-0.2181
-0.9731
-0.1479
5.8800
0.3500
-3.9900
419
491
523
433
448
-0.2250
-0.9379
-0.1537
5.3200
-4.1300
-3.2200
419
490
523
432
448
-0.2274
-0.9604
-0.1581
5.3900
-4.0600
-6.0200
419
490
523
432
448
-0.2133
-0.9643
-0.1503
1.4700
-4.2700
-4.7600
419
490
523
432
448
-0.2142
-0.9594
-0.1566
0.9100
-0.9100
-3.9900
419
490
523
432
448
-0.2108
-0.9555
-0.1606
-1.3300
-0.4900
-2.6600
420
490
523
431
449
-0.2108
-0.9628
-0.1703
0.7700
2.4500
-0.2800
420
488
522
431
449
-0.2113
-0.9540
-0.1581
-3.5700
1.3300
1.4000
421
481
520
427
453
-0.2176
-0.9409
-0.1889
-0.9800
1.4000
0.0700
422
474
515
422
456
-0.1874
-0.9311
-0.2133
2.3100
0.4900
-5.4600
424
463
499
416
464
-0.2167
-0.9213
-0.2064
9.0300
1.1900
-6.8600
426
454
487
409
470
-0.2323
-0.9409
-0.1781
11.4800
2.3100
-9.4500
427
442
476
396
474
-0.2216
-0.9736
-0.1996
11.0600
8.2600
-6.9300
428
417
448
372
477
-0.1893
-0.9477
-0.1693
9.2400
0.0000
-8.4700
429
386
419
341
480
-0.1908
-0.9155
-0.0844
4.0600
-3.0100
-1.1900
429
350
379
300
490
-0.1771
-0.9399
-0.1103
17.8500
-9.3800
7.2800
429
322
356
277
489
-0.1532
-0.9165
-0.0839
3.6400
-18.3400
4.6200
423
295
351
256
479
-0.4851
-0.9126
-0.0693
-23.9400
-6.7200
2.0300
414
282
333
234
478
-0.2420
-0.9526
-0.1078
7.0700
6.0900
-0.5600
407
280
318
223
490
-0.2152
-0.9555
-0.0634
8.6800
-1.6800
-2.1700
406
281
311
224
542
-0.2445
-0.9711
-0.0752
7.7000
2.0300
-2.1700
407
284
313
226
572
-0.2435
-0.9701
-0.0590
23.3800
2.4500
2.2400
407
284
315
227
607
-0.2269
-0.9545
-0.0454
52.2900
-0.1400
8.1200
405
282
316
229
641
-0.2908
-0.9404
0.0761
68.8800
2.1700
1.6800
402
283
316
233
649
-0.2884
-0.8740
0.2582
95.6900
-10.5700
14.9800
400
286
317
237
649
-0.3450
-0.8389
0.3889
99.3300
-19.6700
-2.6600
400
286
318
240
642
-0.3328
-0.7979
0.4934
126.4200
-42.4900
-6.8600
399
287
319
241
643
-0.1845
-0.6715
0.6529
111.3000
-39.7600
9.0300
399
288
325
241
643
-0.1591
-0.5607
0.8740
103.1800
-66.3600
5.9500
399
290
328
243
644
-0.0649
-0.4646
0.8662
71.6800
-74.1300
14.4200
399
292
330
245
643
0.0859
-0.3509
0.9379
54.1100
-64.2600
28.6300
400
293
333
246
644
0.1254
-0.2860
0.9511
43.6800
-80.2200
34.5100
401
295
334
246
634
0.2591
-0.2352
0.9794
26.1100
-69.7900
47.6000
402
295
335
246
625
0.3611
-0.2396
0.9550
0.3500
-56.4900
67.5500
404
295
336
247
618
0.3821
-0.3167
0.8813
-2.7300
-62.7200
50.4000
406
295
337
247
610
0.4207
-0.3675
0.8652
-38.3600
-43.5400
58.3800
408
294
338
249
603
0.4441
-0.4919
0.8037
-54.9500
-42.2800
61.1100
411
293
339
251
594
0.4636
-0.8072
0.6276
-65.3100
-3.8500
53.0600
414
293
341
255
589
0.2767
-0.7296
0.6749
-56.0700
23.6600
31.2900
416
296
344
258
585
0.2791
-0.7535
0.6046
-60.7600
39.6200
25.4800
416
297
346
259
583
0.2533
-0.8647
0.4699
-76.9300
33.6000
12.3200
419
302
347
260
586
0.2245
-0.7998
0.3518
-80.7800
32.2000
36.1900
419
304
348
260
590
0.0864
-0.8686
0.2342
-38.7100
9.8000
14.2100
419
305
349
260
589
0.0547
-0.9170
0.2689
6.4400
8.6100
6.7200
419
305
349
261
585
0.0620
-0.9570
0.3006
6.8600
-2.1000
-0.8400
418
307
349
259
577
0.0249
-0.9579
0.3074
4.6200
2.5900
-4.6900
417
313
352
256
561
-0.0029
-1.0424
0.3631
19.1100
-8.6100
-15.6800
416
318
359
259
540
0.1078
-0.9584
0.2913
-5.1100
-5.1800
-23.2400
416
321
362
261
531
0.1249
-0.9414
0.3440
3.8500
7.2100
2.9400
416
322
364
262
532
0.0386
-0.9623
0.3450
3.4300
-0.9800
-11.2000
416
322
364
262
532
0.1220
-0.9438
0.3070
4.6200
-6.0900
-2.9400
416
323
365
262
531
0.1142
-0.9536
0.3343
1.2600
-2.2400
2.6600
416
323
365
262
533
0.0742
-0.9340
0.3026
1.9600
-3.8500
-4.4800
417
323
365
263
533
0.1122
-0.9540
0.3582
-0.2100
1.0500
8.0500
417
323
365
263
531
0.0649
-0.9770
0.3567
-14.2100
11.5500
15.5400
417
324
366
263
531
0.0351
-0.9301
0.2962
-31.5700
25.0600
38.2900
417
324
366
263
532
0.0083
-0.9692
0.2084
-35.0000
40.0400
67.7600
417
324
368
264
511
-0.1859
-0.9028
-0.0342
-10.5700
62.3700
73.6400
417
329
375
269
512
-0.3806
-0.9355
0.0590
0.7700
70.9800
40.6000
417
344
389
279
512
-0.2806
-0.8823
0.0176
11.2700
44.1700
-10.7100
417
356
401
289
510
-0.3709
-0.9433
-0.0371
22.7500
44.8700
-13.2300
418
372
415
303
508
-0.3274
-0.9399
0.0239
10.2900
48.3000
-27.5800
421
387
428
318
505
-0.3055
-0.9145
-0.0078
-18.6900
24.7100
-27.9300
423
412
447
339
505
-0.2547
-0.9457
-0.0888
2.0300
31.6400
-15.8900
423
432
471
366
512
-0.2728
-0.9379
-0.1103
12.2500
15.9600
-13.5100
422
444
485
386
510
-0.2147
-0.9565
-0.0908
7.4200
14.4900
-11.2700
421
458
497
405
507
-0.2352
-0.9540
-0.0703
-16.3100
3.5700
-8.9600
420
470
505
419
509
-0.2338
-0.9765
-0.1113
-14.2100
1.8200
-8.1900
419
477
510
429
509
-0.1976
-1.0448
-0.0590
10.6400
0.0700
-4.8300
419
480
514
434
508
-0.1991
-0.9653
-0.1332
9.5200
-4.2000
-6.8600
420
481
515
436
505
-0.1893
-0.9721
-0.1488
1.8900
-3.6400
-6.6500
420
481
515
437
507
-0.1854
-0.9565
-0.1547
0.5600
-2.3800
-0.7700
420
481
515
437
506
-0.1976
-0.9531
-0.1405
1.6100
-0.5600
-4.5500
420
481
516
437
507
-0.2098
-0.9511
-0.1425
2.8700
-1.5400
-5.6700
420
481
515
437
508
-0.1879
-0.9555
-0.1469
0.0000
-4.0600
-3.1500
420
480
515
436
507
-0.1981
-0.9570
-0.1332
-3.8500
-2.5200
1.8900
420
478
514
434
510
-0.2240
-0.9716
-0.1596
-6.1600
-3.1500
-2.8700
421
477
513
433
513
-0.1786
-0.9467
-0.2133
-3.0800
-0.7700
-5.3900
422
477
513
432
513
-0.2006
-0.9614
-0.1664
1.1900
0.2800
-6.5800
422
471
509
430
515
-0.1879
-0.9355
-0.1981
-2.3800
2.1700
2.4500
423
464
504
428
516
-0.2006
-0.9716
-0.1835
3.7100
2.3800
-4.3400
424
454
497
427
514
-0.1562
-0.9750
-0.2089
1.2600
-2.3800
-2.3800
424
445
486
419
516
-0.1879
-0.9760
-0.1401
3.7800
-2.5200
-6.3700
424
437
481
413
513
-0.1752
-0.9653
-0.1493
-9.3100
-6.8600
-11.6900
425
426
463
396
513
-0.1884
-0.9653
-0.1942
2.3800
-12.8800
-16.6600
425
407
436
368
514
-0.1376
-0.9750
-0.1552
-4.4800
-17.6400
-1.3300
427
378
406
334
515
-0.1566
-1.0097
-0.1586
1.1200
-20.7900
-13.3000
427
346
366
296
512
-0.1527
-1.0116
-0.1781
3.4300
-18.0600
-7.4900
427
322
332
263
499
-0.1801
-0.9536
-0.1932
-14.0700
-11.9000
5.6700
421
300
304
235
490
-0.1523
-0.9750
-0.2011
3.7800
-19.7400
5.1100
408
293
297
226
487
-0.1928
-0.9526
-0.1674
13.2300
-23.5200
0.3500
403
294
297
226
500
-0.1845
-0.9623
-0.1030
2.1700
-19.9500
-3.0100
399
295
303
230
565
-0.2201
-0.9540
-0.1376
-1.2600
-10.9900
-1.1200
398
297
305
233
611
-0.1996
-0.9443
-0.1464
-5.1100
-7.4900
3.2900
398
298
307
234
640
-0.1893
-0.9384
-0.1596
-4.9700
-8.6800
0.8400
398
299
309
236
660
-0.1991
-0.9331
-0.1654
-4.9700
-5.5300
-2.4500
398
300
311
240
673
-0.2035
-0.9477
-0.1732
1.5400
4.4800
-0.2100
398
301
312
242
677
-0.2050
-0.9374
-0.1747
26.8100
13.8600
-4.7600
400
302
312
243
677
-0.2411
-0.9209
-0.0981
78.2600
24.7100
-6.5800
404
302
312
242
679
-0.1669
-0.9819
0.0024
88.4100
3.0100
-17.4300
409
300
314
240
683
-0.1254
-0.9848
0.1059
128.6600
8.6100
-15.2600
411
300
316
239
670
-0.2386
-0.8760
0.3353
129.5700
-32.6900
-21.0000
412
301
317
238
627
-0.1537
-0.7359
0.5876
118.4400
-66.0800
-22.1900
412
301
319
238
616
-0.0800
-0.6847
0.7178
85.4700
-56.2800
-12.0400
411
302
320
239
614
0.0078
-0.6051
0.7857
86.5200
-64.0500
-10.6400
411
302
322
241
611
0.1806
-0.5090
0.8833
70.1400
-59.4300
10.2900
411
303
323
242
598
0.2108
-0.4275
0.9135
55.4400
-59.8500
14.9800
411
304
324
243
590
0.2830
-0.3294
0.9316
35.8400
-65.3800
25.8300
411
304
325
244
581
0.3362
-0.3401
0.8847
18.4800
-59.5700
48.5800
412
304
327
245
573
0.3577
-0.3357
0.9135
-8.9600
-70.6300
62.8600
415
302
329
245
565
0.4119
-0.3860
0.8452
-19.5300
-40.9500
29.1900
417
302
330
245
557
0.4802
-0.4329
0.8296
-74.5500
-26.2500
59.0800
418
303
331
247
556
0.4939
-0.6095
0.6534
-81.7600
-1.3300
28.1400
419
303
332
248
555
0.3445
-0.6793
0.5929
-37.5200
-2.8000
12.3900
419
303
334
249
556
0.3572
-0.6852
0.5836
-32.5500
-6.7200
20.3700
420
303
335
250
555
0.3265
-0.7769
0.5041
-12.3200
6.8600
-0.2100
419
303
335
251
554
0.3338
-0.7779
0.5719
-3.7800
-0.2100
-3.3600
419
304
335
251
556
0.3167
-0.8111
0.5305
1.3300
-1.3300
0.4900
419
305
335
251
555
0.3157
-0.7959
0.5100
2.2400
-4.7600
-0.9800
419
305
336
252
551
0.3065
-0.8316
0.5124
4.2000
-3.2900
-4.5500
419
306
336
251
543
0.3396
-0.8413
0.5305
-9.3100
3.9900
-2.3800
419
307
336
249
534
0.3382
-0.7969
0.5378
-10.3600
12.6700
0.9100
418
307
337
247
512
0.2908
-0.8057
0.5061
-1.6100
8.8200
-3.9900
417
310
339
248
494
0.3060
-0.8028
0.5305
-0.7700
11.9700
1.1200
417
313
342
249
482
0.2908
-0.8164
0.5217
-3.5000
19.5300
8.6800
415
318
350
253
475
0.2596
-0.7945
0.5729
-25.9000
42.4900
12.7400
413
323
355
255
471
0.1801
-0.8760
0.5261
-11.6200
56.0000
-25.8300
413
332
367
263
467
0.0922
-0.7832
0.5656
-15.4700
37.8000
-25.6200
413
340
376
268
467
0.1864
-0.8852
0.4778
-15.4700
64.4000
-6.7200
413
351
390
280
464
0.1415
-0.8642
0.4534
-38.7800
63.7700
-2.6600
415
375
414
298
461
0.0893
-0.8872
0.3841
-63.2800
53.9700
6.8600
418
414
445
331
462
0.0312
-0.9487
0.3016
-59.7800
36.8900
3.7100
420
442
470
358
458
-0.0259
-0.7291
0.3109
-34.5800
24.1500
1.4000
421
445
486
388
453
-0.0088
-0.9252
0.1493
-30.0300
39.7600
-0.7000
421
451
492
400
452
0.0039
-0.9667
0.1030
-37.2400
9.5200
-8.3300
421
453
494
406
453
-0.0390
-1.0102
-0.0137
-60.3400
17.2200
17.9200
420
458
500
410
457
-0.0654
-1.0033
-0.0542
-34.3000
-6.7200
2.3800
419
462
504
416
473
-0.0337
-0.9599
-0.0917
-4.2000
4.4100
-0.0700
418
463
504
419
480
-0.0630
-1.0014
-0.0981
-14.9100
4.5500
1.6100
418
466
507
425
482
-0.0717
-1.0087
-0.1274
-25.1300
4.2000
-1.9600
418
473
514
433
488
-0.0742
-0.9862
-0.1820
-3.2900
-2.1700
-2.3100
418
476
516
437
492
-0.0766
-0.9814
-0.1898
-20.2300
3.5700
0.2100
418
477
517
440
493
-0.0771
-0.9960
-0.2235
-17.8500
2.1700
-16.7300
419
479
518
443
496
-0.0976
-0.9540
-0.2352
-1.8900
1.6800
-3.9200
420
480
520
444
497
-0.0810
-0.9628
-0.2420
-9.6600
0.4200
-3.8500
421
481
522
446
495
-0.0678
-0.9526
-0.2582
-10.9200
6.5800
-8.3300
423
484
524
450
498
-0.0644
-0.9599
-0.2733
0.4200
-4.0600
-7.2100
424
486
524
453
499
-0.0717
-0.9345
-0.2835
10.6400
-3.4300
-6.1600
425
486
525
453
496
-0.0654
-0.9697
-0.2567
11.2000
-3.3600
-3.7100
425
486
525
453
499
-0.0683
-0.9677
-0.2518
7.2800
-1.1200
-4.0600
425
486
525
453
497
-0.0522
-0.9760
-0.2430
2.4500
-1.7500
-4.2700
425
486
525
453
499
-0.0620
-0.9750
-0.2416
0.6300
-2.7300
-4.3400
425
486
525
453
499
-0.0634
-0.9736
-0.2547
-0.2800
-2.6600
-2.8000
425
486
525
453
497
-0.0610
-0.9765
-0.2528
0.7700
-1.7500
-4.1300
425
486
525
453
499
-0.0503
-0.9506
-0.2757
-5.1800
1.8900
-1.6100
424
484
525
451
499
-0.0659
-0.9511
-0.2650
-2.3800
1.1200
-0.1400
424
482
523
447
501
-0.0698
-0.9287
-0.2669
-7.4200
-10.0800
-4.0600
424
481
520
441
501
-0.0615
-0.9579
-0.3187
1.4000
-6.4400
-6.0900
425
479
513
436
499
-0.0547
-0.9560
-0.3138
24.1500
6.3000
-6.0900
426
466
481
416
502
-0.0673
-0.9287
-0.2220
42.7700
12.1800
-3.5000
426
444
450
392
507
-0.0854
-1.0048
-0.1757
39.9700
4.1300
-2.1000
427
397
385
347
508
-0.0249
-1.0146
-0.0830
61.1100
28.7000
-2.5200
427
340
314
294
511
-0.0590
-0.9794
-0.0254
49.6300
-18.7600
-3.6400
426
310
292
259
511
-0.0893
-0.9770
0.0517
5.8100
-17.4300
2.8000
424
296
284
240
507
-0.0444
-0.9277
-0.0454
-11.2700
-28.4200
3.9200
420
296
287
230
496
-0.0781
-0.9213
0.0029
-14.3500
-21.8400
3.5700
415
297
288
223
492
-0.1025
-1.0194
-0.0498
-15.8900
-10.5000
1.4000
408
299
292
223
510
-0.0903
-0.9897
-0.0712
-11.3400
-3.4300
2.2400
405
301
294
226
558
-0.1025
-0.9579
-0.0747
-7.2100
6.2300
1.5400
406
304
295
232
580
-0.1113
-0.9560
-0.0561
-3.0100
9.1700
3.4300
408
307
295
237
591
-0.0888
-0.9794
-0.1240
55.7200
24.9200
-5.3900
411
312
294
238
600
-0.0952
-0.9872
0.0630
79.3800
1.1200
-6.7200
413
313
294
238
609
-0.0644
-1.0019
0.1132
131.1800
20.0200
-6.4400
414
313
296
237
603
-0.0410
-1.0150
0.2616
183.1200
30.5200
-12.1800
413
314
300
238
584
-0.1435
-0.8281
0.5529
109.9000
-3.5000
4.5500
412
312
303
238
585
-0.1484
-0.6481
0.6705
93.0300
-37.6600
16.5200
412
311
305
239
593
-0.0703
-0.5714
0.7300
94.9200
-58.9400
21.5600
413
310
307
240
598
-0.0947
-0.4738
0.9897
93.6600
-73.2900
26.3900
413
309
309
241
587
0.0264
-0.3558
0.9687
57.3300
-61.6000
26.9500
413
310
311
243
585
0.0917
-0.2762
0.9994
37.4500
-61.5300
30.8000
414
310
315
246
586
0.1937
-0.2616
0.9628
29.4700
-86.8700
46.2000
415
309
318
246
581
0.2952
-0.2279
1.0004
10.2900
-65.8700
29.3300
415
309
320
246
575
0.3133
-0.2318
0.9516
-11.6900
-50.5400
24.9200
415
309
320
247
571
0.3938
-0.2928
0.8828
-41.0200
-50.6100
40.2500
416
310
321
247
560
0.4319
-0.3450
0.8057
-10.0800
-56.7000
23.3100
416
308
322
248
549
0.4607
-0.3465
0.8472
-26.6000
-21.8400
28.9100
415
309
324
248
542
0.4992
-0.4358
0.8150
-49.6300
-17.6400
29.8900
416
309
324
250
533
0.5148
-0.4695
0.7257
-66.9200
-3.1500
39.6200
416
311
327
252
524
0.4197
-0.6285
0.6320
-50.2600
-3.9200
39.2700
416
312
328
254
522
0.3675
-0.7066
0.5924
-37.9400
2.9400
18.3400
415
312
329
256
519
0.3406
-0.7696
0.4802
13.5800
7.4200
5.1800
416
313
330
257
522
0.3675
-0.7564
0.5714
13.0200
2.1000
3.2200
416
313
330
257
522
0.3601
-0.7749
0.5797
5.3900
2.1700
3.7800
416
313
330
257
519
0.3318
-0.7437
0.5524
3.1500
-0.7700
0.1400
416
313
331
257
517
0.3562
-0.7525
0.5866
4.6900
3.4300
4.1300
415
314
332
256
509
0.3489
-0.7491
0.5783
-1.4000
4.6200
3.5000
415
316
334
256
503
0.3348
-0.7481
0.5939
-5.0400
7.3500
6.0200
414
318
339
257
486
0.3060
-0.7559
0.5866
-3.0100
15.8200
10.5000
414
323
349
261
476
0.2884
-0.7740
0.5802
-1.1200
24.1500
15.6800
413
328
357
264
470
0.2098
-0.7950
0.6027
-10.0800
48.0200
13.9300
410
333
365
267
464
0.1327
-0.8096
0.5983
-25.8300
73.3600
4.2700
409
343
381
271
462
0.0625
-0.8545
0.4724
-47.0400
143.1500
36.1200
411
355
392
275
471
-0.1254
-0.8642
0.4124
-47.6000
107.9400
14.7700
412
364
396
278
489
-0.2298
-0.8886
0.3187
-35.7000
64.3300
6.9300
412
369
398
280
506
-0.2562
-0.9418
0.2352
-36.4700
21.9100
-7.7700
411
376
403
285
509
-0.3699
-0.9701
0.1806
-19.2500
22.1200
-16.2400
411
383
411
292
508
-0.2103
-0.9267
0.1332
-19.6700
12.3200
-8.6100
412
389
420
304
504
-0.2489
-0.9716
0.0795
-21.0700
11.2700
-15.1200
413
400
432
322
503
-0.2191
-0.9770
0.0381
-7.8400
17.5700
-14.1400
415
414
442
338
500
-0.1581
-0.9623
0.0190
-13.6500
12.8100
-3.7800
417
441
466
365
492
-0.1903
-0.9526
-0.0142
-7.6300
11.0600
-0.9800
419
466
492
402
479
-0.0849
-0.9482
0.0625
28.8400
21.4900
-6.7900
419
472
512
430
468
-0.1625
-0.9789
0.0244
7.9800
5.4600
-8.3300
420
482
518
441
462
-0.1566
-0.9892
0.0688
-11.3400
1.8200
-3.1500
421
487
520
447
461
-0.1254
-0.9760
0.0264
-3.3600
-4.7600
-1.0500
423
489
521
451
457
-0.1601
-0.9838
0.0200
-1.7500
-3.9900
-4.8300
424
490
522
453
459
-0.1444
-0.9726
0.0176
1.1200
-2.0300
-6.7900
424
491
523
453
456
-0.1322
-0.9872
0.0161
5.9500
-5.2500
-4.4100
425
491
523
454
458
-0.1415
-0.9975
0.0268
3.2200
-4.1300
-3.5000
425
491
523
454
458
-0.1342
-0.9984
0.0224
1.1900
-3.9200
-4.6200
425
491
523
454
458
-0.1405
-0.9828
0.0234
2.8700
-2.8000
-3.5700
425
491
523
454
458
-0.1313
-0.9906
0.0264
0.2800
-2.8000
-2.5200
425
490
523
454
457
-0.1303
-0.9716
0.0205
1.4000
-2.5900
-3.1500
425
490
523
454
457
-0.1401
-0.9965
0.0234
-1.4700
-2.8000
-3.4300
425
490
523
454
457
-0.1264
-0.9740
0.0137
-0.6300
-2.2400
-2.0300
425
489
522
453
457
-0.1279
-0.9916
0.0137
-0.9800
-2.0300
-2.3800
425
489
522
453
457
-0.1327
-0.9731
0.0054
-2.0300
-1.0500
-2.3100
424
486
522
452
456
-0.1264
-0.9750
0.0083
1.0500
-3.5700
-4.3400
424
483
522
452
456
-0.1410
-0.9911
0.0054
-0.9800
-0.2800
-3.2200
423
480
521
452
456
-0.1337
-0.9770
0.0049
-2.9400
1.6800
-2.6600
423
476
517
449
453
-0.1318
-0.9799
-0.0249
-4.7600
-3.7800
-2.1700
423
471
513
444
455
-0.1596
-0.9526
-0.0185
7.9800
-7.4900
-9.5900
423
462
504
434
453
-0.1318
-1.0756
0.0073
22.1200
0.0000
-17.8500
424
445
481
400
457
-0.1244
-0.9218
-0.0429
18.8300
2.3800
-8.4000
425
420
443
365
463
-0.0683
-0.9989
0.0615
34.3700
1.5400
-3.7100
427
388
404
329
470
-0.0810
-0.9814
0.0917
26.8800
-9.1700
-7.9100
427
361
365
295
479
-0.0468
-1.0106
0.1440
33.3200
-14.9100
3.3600
427
320
329
258
480
-0.0581
-0.9565
0.0659
-2.3100
-19.1800
11.2000
427
294
318
240
483
-0.1152
-0.9853
0.0488
-1.0500
-12.3200
1.8200
423
289
317
231
481
-0.0874
-0.9819
0.0727
3.5700
-6.4400
-2.1700
417
287
315
228
479
-0.1010
-0.9828
0.0781
-3.7100
-8.0500
2.1000
413
286
313
227
489
-0.1122
-0.9784
0.0727
-0.9800
-8.6800
-1.2600
411
285
311
229
539
-0.0508
-1.0072
0.0576
6.0900
3.0800
-7.4900
414
287
313
232
572
-0.0703
-1.0087
0.0566
8.4700
4.2700
-4.1300
415
288
315
234
580
-0.0859
-1.0014
0.0693
3.6400
3.0800
-3.5700
415
289
316
236
591
-0.0981
-0.9931
0.0615
23.5900
13.0900
-3.2900
415
290
317
238
600
-0.1259
-0.9511
0.1342
47.4600
14.8400
-3.7100
414
291
317
240
601
-0.1396
-0.9257
0.2377
41.3000
12.6000
-0.3500
413
293
318
242
604
-0.1108
-0.8994
0.3177
103.8800
29.1200
-7.0000
414
295
318
241
595
-0.2172
-0.8120
0.5163
127.1200
-34.3000
-17.1500
416
297
320
241
587
-0.1771
-0.7315
0.6725
122.9900
-33.1100
-10.4300
417
298
323
242
581
-0.0190
-0.4841
0.8306
135.8000
-46.2700
10.7100
417
300
325
244
575
-0.0942
-0.3714
0.9345
135.3100
-91.5600
19.1800
417
301
325
246
538
0.1147
-0.1732
1.0360
73.9900
-57.2600
19.8100
417
301
326
247
536
0.2220
-0.1220
0.9760
55.5100
-54.9500
44.0300
417
301
335
249
534
0.3299
-0.0464
0.9477
43.3300
-66.2200
54.6700
418
302
336
252
535
0.3928
-0.0102
0.9711
22.6100
-58.9400
57.6100
419
302
337
255
537
0.4919
-0.0327
0.9384
-15.1200
-42.3500
61.9500
419
302
338
256
527
0.4992
-0.0976
0.8926
-56.2100
-41.3700
59.2900
421
301
338
258
516
0.5812
-0.2128
0.8828
-69.4400
-10.5000
79.0300
423
301
340
261
511
0.5051
-0.4216
0.8018
-63.6300
1.0500
46.6900
424
301
342
264
509
0.4778
-0.5178
0.7393
-64.8900
7.2800
46.2700
424
301
343
265
506
0.4148
-0.5919
0.6705
-63.7700
8.8900
13.1600
425
302
345
266
508
0.3348
-0.6661
0.6124
-17.5700
6.0900
2.1700
425
302
346
266
511
0.3811
-0.6886
0.6383
-1.2600
1.6800
-0.9800
425
302
346
266
508
0.3484
-0.6803
0.6476
1.2600
1.5400
-1.9600
425
302
346
266
511
0.3475
-0.7022
0.6261
1.6100
-1.6100
-3.7800
425
302
346
267
510
0.3484
-0.6983
0.6456
3.0800
-0.9100
-1.7500
425
303
346
267
509
0.3567
-0.7091
0.6427
0.0700
4.6900
3.1500
425
303
346
267
507
0.3113
-0.7003
0.6344
-3.8500
6.1600
2.3100
425
303
347
266
502
0.3123
-0.6983
0.6451
-12.7400
18.6900
0.0700
424
305
350
267
489
0.2796
-0.7408
0.6461
-15.7500
35.2100
-2.8000
422
312
361
270
470
0.2157
-0.7906
0.6383
-12.7400
54.4600
0.2800
421
330
379
278
458
0.1606
-0.7925
0.6032
-42.8400
58.2400
-3.5000
421
349
396
285
450
0.0605
-0.8335
0.5309
-59.9900
47.3200
-16.4500
421
362
408
288
449
0.0517
-0.8574
0.4480
-64.4700
90.3700
-2.7300
422
383
422
295
455
-0.0727
-0.9145
0.3392
-48.2300
34.7900
-5.8100
422
397
433
306
457
-0.0595
-0.9316
0.2655
-63.8400
26.6700
0.5600
420
407
439
315
468
-0.0171
-1.0370
0.1269
-40.3200
46.6200
-1.9600
419
427
453
337
473
-0.0054
-1.0048
0.0586
-30.7300
61.0400
14.9100
420
452
475
368
471
-0.0395
-0.9760
0.0171
-31.6400
43.4700
8.8200
422
471
496
403
467
0.2103
-1.0429
0.2372
-24.7100
12.5300
4.2000
421
473
510
426
453
-0.0508
-1.0409
-0.0439
-9.1000
-2.3100
-0.2800
421
477
515
436
453
-0.0883
-1.0677
-0.0307
2.0300
10.9200
4.2700
421
480
519
442
449
-0.0927
-0.9716
-0.0708
0.5600
2.8000
0.7700
422
482
521
445
451
-0.1088
-0.9931
-0.0869
17.2900
1.0500
-4.5500
422
483
522
446
449
-0.1078
-0.9989
-0.0303
4.9000
4.2700
-5.1100
423
484
523
447
450
-0.0888
-0.9984
-0.0488
-0.1400
0.2800
-2.2400
423
485
523
447
449
-0.0991
-0.9931
-0.0659
2.7300
-1.7500
-1.9600
424
485
524
448
448
-0.1088
-0.9775
-0.0464
4.4800
-3.2900
-3.7800
424
485
524
448
448
-0.0976
-0.9970
-0.0307
7.5600
-1.7500
-6.7900
424
485
524
448
448
-0.0883
-0.9989
-0.0386
1.1900
-2.9400
-3.9200
424
485
524
447
447
-0.0742
-0.9682
-0.0366
1.1200
-3.3600
-5.5300
424
484
524
447
447
-0.0878
-0.9921
-0.0400
-4.3400
-1.3300
-1.8900
424
484
524
447
447
-0.0956
-0.9858
-0.0561
0.2100
-2.3100
-2.1000
424
484
524
447
447
-0.0854
-0.9902
-0.0468
1.5400
-0.1400
1.8900
424
483
524
446
447
-0.1078
-0.9945
-0.0444
2.2400
-2.3100
-1.1200
425
482
523
445
445
-0.1093
-0.9809
-0.0527
-3.2200
-6.2300
-1.7500
425
479
522
442
448
-0.0986
-0.9906
-0.0625
-4.4100
-7.2100
-2.7300
425
474
519
437
446
-0.1059
-0.9706
-0.0922
0.0700
-7.4200
-5.1100
425
466
508
424
449
-0.1108
-0.9887
-0.0620
-3.0100
-7.9100
-4.2000
425
456
484
407
451
-0.1122
-0.9667
-0.0986
0.6300
-0.7000
-4.7600
426
440
448
377
452
-0.1220
-0.9804
-0.0747
7.4900
3.5700
-1.8200
426
407
401
343
454
-0.1210
-0.9701
-0.0376
8.0500
-5.1100
-3.3600
427
363
356
303
460
-0.1035
-0.9984
0.0083
18.0600
-28.2800
1.8200
427
327
333
273
467
-0.0961
-0.9623
-0.0425
-1.3300
-26.3900
12.6700
425
304
321
258
463
-0.1332
-1.0028
-0.0576
-23.5900
-19.9500
9.4500
421
295
319
247
455
-0.1620
-0.9975
-0.0298
-8.3300
-13.0200
-2.5200
416
291
314
240
453
-0.1449
-0.9672
-0.0429
-17.8500
-9.5200
2.8000
414
293
316
241
471
-0.1371
-0.9677
-0.0449
-7.0700
-6.2300
6.7900
412
297
319
245
515
-0.1542
-0.9594
-0.0468
-9.7300
-9.3100
6.0200
411
299
320
248
547
-0.1771
-0.9482
-0.0576
-4.7600
-2.8700
4.0600
411
300
320
250
573
-0.1576
-0.9667
-0.0756
-3.8500
-4.4800
2.8000
411
301
320
255
592
-0.1664
-0.9760
-0.0976
-5.9500
-1.7500
1.3300
411
302
321
258
607
-0.1615
-0.9643
-0.0908
1.7500
2.5200
-2.8000
411
302
322
259
611
-0.1806
-0.9243
-0.1059
13.5800
2.5900
-4.6900
412
303
321
260
611
-0.1454
-0.9902
-0.1000
80.2900
21.4900
-19.1800
412
302
320
260
611
-0.1240
-0.9540
0.1347
90.3000
10.4300
-15.2600
412
301
320
259
621
-0.1210
-0.9423
0.1698
97.7900
19.4600
-11.4100
410
299
321
256
633
-0.1132
-0.8428
0.3767
101.3600
-1.5400
-9.5900
408
300
323
255
641
-0.2255
-0.8340
0.5065
114.3800
-26.9500
-9.1700
407
301
324
252
641
-0.1401
-0.7564
0.6432
117.6700
-53.7600
-16.8000
406
300
325
251
625
-0.1137
-0.5783
0.8032
67.9000
-46.7600
2.3800
407
303
327
252
586
0.0093
-0.4953
0.8618
78.8200
-78.6800
6.3000
407
303
327
253
585
0.1713
-0.3982
0.9082
48.5800
-77.2100
32.2000
408
303
328
255
577
0.2357
-0.3675
0.8984
60.9000
-89.1100
64.3300
410
301
329
258
575
0.3553
-0.2996
0.9101
42.3500
-87.5000
55.9300
411
300
336
261
577
0.3992
-0.2884
0.9057
14.1400
-68.6000
62.5800
412
300
337
263
567
0.3904
-0.3196
0.8730
-21.7700
-58.0300
56.9800
413
300
338
265
554
0.5417
-0.3636
0.8145
-41.1600
-36.9600
77.8400
414
300
340
267
535
0.4875
-0.5778
0.7213
-55.4400
-42.9800
71.2600
418
299
341
271
523
0.3992
-0.7081
0.6139
-41.2300
-6.5100
49.9800
420
299
343
275
524
0.3143
-0.7418
0.5431
-31.9900
2.1700
22.1200
421
299
344
277
525
0.2772
-0.7779
0.4934
-12.9500
15.0500
8.1900
422
299
345
278
523
0.2879
-0.7696
0.5373
3.3600
4.8300
-1.6800
422
299
345
278
525
0.3216
-0.8047
0.5480
-0.0700
2.4500
-1.8200
423
300
346
279
523
0.2904
-0.7837
0.5353
0.1400
-3.1500
-3.0100
422
300
345
279
522
0.3113
-0.7964
0.5363
2.3100
-0.6300
-2.8000
422
300
346
279
524
0.3026
-0.7867
0.5675
-2.7300
-2.1700
-1.7500
422
301
346
279
520
0.3338
-0.7915
0.5324
3.7100
2.3800
2.5200
422
302
346
279
522
0.3118
-0.7969
0.5475
-3.6400
7.4900
5.3900
422
302
346
279
518
0.2913
-0.7164
0.5514
-26.6000
32.4800
11.3400
421
305
348
276
499
0.2172
-0.8794
0.5070
-55.3000
26.9500
-1.4000
414
311
351
271
482
0.1835
-0.8901
0.4124
-52.2900
64.8200
7.6300
410
324
364
273
467
0.0927
-0.8984
0.3177
-45.8500
51.9400
-3.1500
411
335
375
275
446
0.0986
-0.9321
0.3123
-47.6700
63.2800
-7.7000
415
347
387
279
449
0.0903
-1.0043
0.2015
-42.7700
71.9600
5.1100
416
360
397
284
451
0.0283
-0.9902
0.1401
-43.8200
63.7700
3.7800
417
375
408
291
456
0.0210
-0.9936
0.1083
-36.5400
71.6100
18.4100
419
401
426
306
461
-0.0644
-0.9755
0.0132
-26.6700
28.5600
5.1800
422
429
446
324
471
-0.0156
-1.0111
-0.0376
-36.6800
41.5100
0.7700
424
451
467
349
474
-0.0483
-0.9833
-0.3523
12.9500
14.3500
-6.2300
424
461
495
393
475
-0.0429
-0.9506
-0.0307
-10.4300
17.9200
-5.6700
425
477
513
421
476
-0.0117
-0.9653
-0.0468
-6.0900
8.5400
0.6300
425
486
520
433
477
-0.0210
-1.0126
-0.0810
-29.6800
12.3900
9.0300
425
490
522
440
478
-0.0454
-0.9902
-0.1196
-7.2800
1.0500
-0.4200
425
491
523
442
479
-0.0683
-0.9784
-0.1337
-9.0300
6.3700
4.3400
425
491
523
444
480
-0.0742
-0.9731
-0.1459
0.7000
-0.8400
-1.2600
426
492
523
445
482
-0.0669
-0.9828
-0.1513
11.6900
-3.9200
-4.7600
426
492
523
446
480
-0.0590
-0.9965
-0.1259
2.5900
-4.6200
-3.9900
427
492
524
446
482
-0.0590
-0.9911
-0.1362
-1.5400
-0.8400
0.2100
427
492
524
446
482
-0.0673
-0.9838
-0.1420
4.9700
-2.3800
-2.5200
427
492
524
446
482
-0.0605
-0.9867
-0.1264
6.9300
-5.8800
-2.6600
427
492
524
446
483
-0.0742
-0.9975
-0.1303
2.8700
-2.9400
-3.1500
427
492
524
446
483
-0.0678
-0.9906
-0.1347
1.2600
-3.0100
-2.6600
427
492
524
445
482
-0.0693
-0.9853
-0.1269
1.1900
-3.5000
-2.8000
427
492
524
445
480
-0.0683
-0.9945
-0.1254
0.0700
-2.3800
-2.5200
427
492
524
445
483
-0.0669
-0.9980
-0.1298
-3.0800
-0.2800
0.1400
428
491
524
444
481
-0.0605
-0.9731
-0.1449
16.3800
-4.3400
-2.6600
428
491
523
441
485
-0.0712
-0.9853
-0.1503
3.5700
-6.2300
-6.0900
429
486
518
438
485
-0.0712
-1.0092
-0.1518
21.7700
2.8700
-6.3000
429
474
505
433
484
-0.0708
-0.9916
-0.1176
6.3000
0.1400
-8.7500
430
454
485
420
485
-0.0371
-0.9833
-0.1176
14.7700
-6.5100
-6.5100
431
428
461
410
485
-0.0712
-0.9926
-0.0786
31.0100
-5.8100
-10.3600
432
402
429
394
490
-0.0464
-0.9965
-0.0625
23.6600
-1.8900
-5.6700
432
377
402
376
490
-0.0361
-1.0199
0.0044
21.7700
-6.1600
-4.9000
432
353
370
348
487
-0.0332
-0.9897
0.0234
16.5900
-9.1000
-5.5300
432
330
339
311
483
-0.0366
-1.0155
0.0346
11.3400
-16.5900
2.3800
432
312
315
283
473
-0.0605
-0.9770
0.0678
0.6300
-14.8400
7.1400
431
299
301
257
467
-0.0996
-0.9770
0.0571
-3.7100
-7.8400
0.5600
426
294
297
243
463
-0.0595
-0.9848
0.0503
-0.2100
-16.4500
-0.2800
419
295
296
239
457
-0.0869
-0.9877
0.0288
-10.5000
-17.2200
6.1600
413
295
296
241
479
-0.0688
-0.9706
0.0244
-11.6900
-19.5300
1.2600
409
297
298
244
522
-0.0986
-0.9765
0.0063
-3.6400
-3.2200
1.4700
406
297
300
244
556
-0.0947
-0.9882
0.0093
2.7300
-4.9000
1.0500
405
298
302
248
585
-0.0849
-1.0004
-0.0063
-0.5600
-5.1100
-0.2800
406
300
303
253
601
-0.1010
-0.9916
-0.0005
2.3800
-0.0700
-3.5700
407
300
303
255
597
-0.1093
-0.9833
-0.0361
25.2700
19.2500
-5.6700
409
300
303
256
593
-0.0859
-0.9311
0.0673
66.0100
15.9600
-13.0900
412
299
304
256
589
-0.0361
-0.9243
0.1781
77.0000
1.1900
-20.4400
417
296
307
255
586
-0.0210
-0.9760
0.2962
101.7100
7.2800
-12.3900
418
296
308
253
580
-0.0063
-0.7793
0.4002
132.3700
-49.4900
-16.8700
416
297
309
253
567
0.0127
-0.7486
0.6681
110.8800
-43.1200
-10.2200
415
298
311
254
553
0.0732
-0.6027
0.8057
105.2100
-57.2600
5.6000
415
298
312
255
538
0.0737
-0.4821
0.8774
98.5600
-69.7200
12.0400
415
299
313
256
530
0.1396
-0.3650
0.9423
72.1000
-68.5300
30.7300
414
299
314
257
522
0.2137
-0.2708
0.9501
77.7700
-84.1400
52.7800
414
299
317
259
519
0.3128
-0.2040
0.9370
68.0400
-93.5200
70.9800
414
300
322
263
516
0.4382
-0.1196
0.9862
33.6700
-70.6300
57.8900
414
301
324
266
515
0.5695
-0.1645
0.8603
12.1100
-66.5700
44.1700
415
301
325
269
512
0.5807
-0.2352
0.8350
-22.1200
-31.0100
67.6200
416
301
327
271
511
0.5490
-0.3167
0.7989
-42.4200
-27.6500
70.4200
416
300
328
275
509
0.5022
-0.4616
0.7056
-36.8900
-2.1000
61.2500
417
300
330
277
510
0.4026
-0.5329
0.7261
-45.0800
14.2100
39.4100
418
300
331
278
514
0.3880
-0.6490
0.6671
-49.0000
14.4200
25.9700
419
300
333
278
518
0.3933
-0.7349
0.5836
-50.1900
39.2700
32.9700
420
301
335
279
520
0.3001
-0.7832
0.5466
-53.8300
22.4000
23.8000
420
302
337
279
521
0.2406
-0.7803
0.4699
-27.6500
23.4500
17.4300
421
302
338
278
523
0.1864
-0.7950
0.4773
5.1800
6.8600
2.5900
421
303
339
279
523
0.2137
-0.8467
0.5070
3.5700
1.7500
-0.0700
422
303
339
279
520
0.2040
-0.8472
0.4958
0.5600
6.0200
-2.3800
422
303
339
279
521
0.2084
-0.8457
0.4895
4.7600
4.4100
-0.9100
421
304
339
279
516
0.1791
-0.8423
0.5085
3.7800
2.5200
-3.1500
421
305
340
278
514
0.1967
-0.8472
0.5065
4.1300
4.0600
1.6800
421
306
341
278
507
0.1669
-0.8501
0.5148
8.4700
6.0900
2.5200
421
309
344
277
503
0.1664
-0.8516
0.5314
3.5700
10.4300
1.4000
421
314
349
277
494
0.1322
-0.8462
0.5275
-13.3700
12.4600
-12.2500
419
319
356
278
469
0.1293
-0.8442
0.5270
-19.0400
29.8900
-9.7300
419
342
379
286
448
0.1240
-0.8613
0.5226
-39.9700
70.8400
1.0500
420
369
402
298
437
0.0449
-1.0150
0.3992
-55.1600
70.9800
15.9600
420
388
417
308
444
-0.0473
-0.9091
0.3216
-38.7800
65.4500
10.4300
420
396
424
314
450
-0.0766
-0.9794
0.2455
-38.7100
59.7800
-11.5500
420
404
431
318
452
-0.1035
-0.9814
0.1337
-24.9900
62.1600
-13.2300
422
417
442
328
451
-0.0590
-0.9648
0.1191
-35.7000
45.7800
-15.5400
422
426
451
337
453
-0.0102
-0.9540
0.1015
-30.5900
43.3300
11.2700
423
438
467
352
457
0.0190
-1.0155
0.0176
-17.7100
37.1000
-0.8400
425
450
484
371
456
-0.1825
-0.9135
0.0825
17.2900
35.4200
-7.3500
425
455
498
389
455
-0.0732
-0.9692
0.0381
17.8500
28.0700
-11.5500
425
466
508
404
451
-0.1074
-0.9306
0.0864
-3.3600
22.2600
0.4900
426
479
515
417
449
-0.0610
-1.0399
0.0464
-24.0800
15.9600
-1.8200
426
485
519
425
451
-0.0761
-0.9692
-0.0366
-16.5900
8.1900
-0.2100
428
489
521
430
449
-0.0991
-0.9911
-0.0420
-11.8300
3.9900
4.8300
429
493
523
435
451
-0.0932
-0.9706
-0.0630
-2.4500
-7.6300
1.3300
429
494
523
436
450
-0.1269
-0.9672
-0.1044
-1.7500
-2.3800
-6.3000
430
494
524
436
452
-0.1137
-0.9721
-0.0673
9.7300
-3.2900
-6.5100
430
494
524
436
450
-0.1015
-0.9877
-0.0620
4.3400
-3.1500
-3.0800
430
494
524
436
452
-0.1064
-0.9897
-0.0649
-1.1900
-2.2400
-4.0600
430
494
524
436
450
-0.1039
-0.9877
-0.0761
-0.6300
-2.6600
-3.0100
430
494
524
435
453
-0.1069
-0.9736
-0.0634
0.8400
-3.2200
-1.6100
430
493
523
434
452
-0.1113
-0.9843
-0.0659
2.2400
-5.6000
-3.7100
430
488
522
433
455
-0.1108
-0.9916
-0.0781
3.9900
-1.8200
-2.5200
430
487
522
432
454
-0.1088
-0.9902
-0.0737
4.1300
-1.5400
-3.2900
430
488
522
431
456
-0.1039
-0.9838
-0.0659
6.1600
-3.0100
-2.8700
430
488
522
431
454
-0.1064
-0.9916
-0.0644
0.7700
-2.8700
-1.8200
430
488
521
430
457
-0.1127
-0.9926
-0.0688
-0.8400
-0.4900
-1.9600
430
485
520
428
456
-0.1059
-0.9955
-0.0888
3.2200
1.1200
1.2600
430
480
515
427
460
-0.1088
-1.0024
-0.0810
7.5600
0.0000
-3.8500
430
471
507
424
465
-0.1240
-0.9960
-0.0337
5.1100
6.5800
0.2800
430
461
495
418
470
-0.0971
-0.9848
-0.0478
11.9700
4.2000
-3.2200
431
453
486
411
474
-0.1493
-0.9740
-0.0903
6.7200
0.7000
-3.5700
432
444
479
400
477
-0.1337
-0.9409
-0.0078
21.2100
-3.2200
-4.4800
433
435
467
387
478
-0.1244
-1.0180
-0.0234
28.4200
-6.3700
-14.5600
434
413
444
370
486
-0.0859
-1.0131
0.0805
29.8200
-6.7900
-14.1400
434
376
413
335
489
-0.1078
-0.9775
0.0405
-8.1200
-19.1100
-10.2200
433
329
373
287
487
-0.0820
-0.9760
0.0298
0.3500
-13.1600
-0.3500
430
306
330
262
486
-0.1108
-0.9911
0.0200
-1.3300
-5.1800
0.9100
426
300
315
250
477
-0.0908
-0.9692
0.0590
-3.9900
-9.1000
-3.4300
420
299
305
245
478
-0.1044
-1.0038
0.0351
4.8300
-0.4900
-3.0800
417
301
304
249
533
-0.0644
-1.0199
0.0288
8.6100
-2.1700
-8.1900
416
303
306
251
574
-0.0869
-0.9999
0.0395
3.0100
-2.7300
-6.1600
415
304
309
252
606
-0.0986
-0.9980
0.0283
5.3900
0.3500
-2.9400
415
305
311
255
632
-0.0878
-1.0106
0.0278
18.7600
2.7300
-3.5700
415
307
313
257
651
-0.0952
-1.0092
0.0732
50.4700
26.1800
-8.9600
415
309
313
257
663
-0.0864
-0.9618
0.1854
73.8500
12.6700
-6.6500
414
309
313
257
662
-0.0693
-0.9052
0.2723
88.4800
-4.9000
-8.4000
413
311
314
256
655
-0.1596
-0.8999
0.3719
122.6400
3.9200
-1.8900
412
311
316
258
643
-0.1430
-0.7906
0.5202
143.7100
-5.3200
5.6700
412
310
318
259
627
-0.1688
-0.6534
0.7310
106.2600
-16.5200
16.1700
412
311
321
261
628
-0.2001
-0.4900
0.8530
106.3300
-44.9400
26.6700
412
311
323
262
631
-0.1196
-0.3089
0.9409
87.0800
-27.8600
37.5900
412
311
324
264
636
-0.1357
-0.1932
0.9853
66.2200
-60.3400
42.4200
413
312
325
267
636
-0.0776
-0.0932
1.0375
35.4900
-68.1100
43.3300
414
312
327
270
630
-0.0181
-0.0859
0.9897
36.1900
-80.9900
47.6000
416
311
328
272
630
0.1615
0.0078
1.0097
22.5400
-83.5100
40.4600
416
311
330
275
631
0.3079
-0.0254
0.9692
2.7300
-85.7500
61.5300
417
311
331
277
641
0.4021
-0.0454
0.9648
-2.9400
-67.9700
52.0100
419
311
331
279
643
0.4778
-0.0981
0.9467
-18.4800
-19.5300
56.7000
421
313
333
282
638
0.5036
-0.2508
0.8847
-36.0500
4.6900
58.5900
422
314
338
284
638
0.3484
-0.3030
0.8384
-51.7300
-20.4400
58.4500
423
314
341
286
632
0.3743
-0.4294
0.8257
-63.3500
-6.3700
36.7500
424
315
343
289
622
0.3558
-0.5519
0.7896
-62.6500
38.6400
37.7300
425
318
346
291
616
0.2772
-0.6066
0.7017
-54.4600
17.8500
18.3400
426
319
347
292
611
0.2601
-0.6647
0.6812
-88.2700
7.2800
1.5400
426
319
348
291
610
0.2728
-0.7642
0.5929
-40.9500
3.2900
4.4100
426
320
349
291
612
0.2513
-0.8154
0.4934
-13.1600
-1.0500
2.5900
426
321
350
291
611
0.2098
-0.8150
0.5534
-0.6300
-3.1500
-3.6400
426
321
350
291
609
0.2591
-0.8159
0.5510
-0.2100
-2.8700
-1.7500
426
321
350
291
611
0.2284
-0.8062
0.5475
2.0300
-1.8200
-1.4700
426
321
350
292
608
0.2240
-0.8086
0.5549
0.9100
-0.5600
-1.7500
426
321
351
292
606
0.2269
-0.8130
0.5558
0.1400
0.7700
-1.8900
426
322
351
292
596
0.2225
-0.8003
0.5558
1.4700
3.7800
-1.7500
426
322
351
291
588
0.2269
-0.8111
0.5573
3.4300
11.4100
2.1000
425
323
351
289
575
0.2045
-0.8111
0.5583
0.9800
21.9100
0.9100
424
326
355
288
550
0.1830
-0.8218
0.5685
-4.5500
28.9100
3.0100
423
330
362
288
532
0.1254
-0.8721
0.5544
2.0300
48.6500
-1.1900
421
340
370
290
517
0.0732
-0.8447
0.5500
-18.5500
37.2400
-19.6700
421
354
384
297
495
0.0693
-0.8550
0.5544
-39.9700
56.2800
-30.6600
422
377
401
312
482
0.0844
-0.9004
0.4436
-53.5500
50.3300
-29.2600
421
386
412
321
479
0.0273
-0.9067
0.3167
-78.4700
47.6700
-7.3500
421
396
419
321
480
0.0459
-0.8218
0.1747
-90.0900
74.2000
7.0700
421
410
435
326
456
-0.0278
-1.0380
0.0932
-49.0700
34.1600
-1.4000
422
424
451
340
451
0.0015
-0.9492
0.0283
-43.1900
38.9900
14.4900
423
442
472
357
447
-0.0693
-1.0009
-0.0327
-21.6300
-1.8900
-24.5000
423
451
497
393
439
0.0015
-0.9667
0.0249
17.3600
21.0700
-2.2400
423
467
511
415
439
-0.0556
-0.9399
0.0210
9.1000
17.6400
4.5500
424
476
517
427
438
-0.0649
-0.9989
0.0288
-7.1400
21.1400
0.1400
424
482
520
433
436
-0.0493
-0.9926
-0.0005
3.5000
6.8600
-3.7800
424
486
521
437
435
-0.0512
-0.9809
-0.1786
44.7300
6.2300
-0.6300
425
488
523
439
433
-0.0561
-0.9911
0.0464
10.0800
9.5900
4.7600
426
491
524
441
432
-0.0747
-1.0048
0.0791
-2.1000
3.4300
1.1900
427
493
525
443
431
-0.0981
-1.0009
0.0176
-1.8200
3.5700
-2.3800
428
493
526
444
430
-0.0654
-0.9667
0.0268
9.8000
2.0300
0.6300
428
493
526
445
430
-0.0922
-0.9911
0.0673
3.7800
-4.1300
1.9600
428
492
526
445
430
-0.1166
-0.9931
0.0439
0.3500
-2.3800
-4.1300
429
492
527
445
429
-0.1000
-0.9736
0.0625
-0.1400
-3.6400
-3.4300
429
492
527
445
429
-0.0932
-0.9906
0.0508
5.6700
-3.5700
-4.9000
429
492
527
445
429
-0.0961
-0.9902
0.0586
1.4700
-2.5900
-2.3100
429
491
526
444
429
-0.1025
-0.9877
0.0454
0.8400
-0.7000
0.0000
429
491
526
444
429
-0.1103
-0.9872
0.0478
1.5400
-0.2800
-1.0500
429
491
526
443
430
-0.1015
-0.9945
0.0625
-1.7500
0.2100
-0.9100
429
490
526
442
430
-0.1093
-0.9853
0.0468
-8.2600
-0.8400
1.6800
430
487
524
432
433
-0.1420
-0.9794
0.0381
6.8600
3.2900
-2.8000
429
483
519
422
436
-0.1347
-1.0043
0.0142
8.1200
-2.7300
-17.5700
429
473
492
409
437
-0.0303
-0.9755
0.0644
1.1900
8.9600
-13.5100
429
443
458
386
438
-0.0869
-0.9872
0.1518
17.5700
9.3100
-11.6200
429
403
405
358
441
-0.0459
-0.9487
0.1210
18.1300
-9.4500
-0.9100
427
362
348
328
448
-0.0786
-0.9902
0.1283
7.9100
-21.6300
1.7500
426
336
324
304
455
-0.0683
-0.9921
0.1322
-18.3400
-30.7300
13.0900
420
310
315
279
457
-0.0551
-0.9775
0.0098
-36.8900
-35.5600
6.2300
414
294
315
266
447
-0.1127
-1.0160
-0.0317
-9.3100
-13.1600
1.1900
410
290
310
258
441
-0.0859
-0.9843
0.0181
-15.0500
-15.1900
7.0000
404
289
308
255
438
-0.1078
-0.9921
-0.0644
-2.5900
-5.2500
3.3600
404
292
309
257
481
-0.1708
-0.9740
-0.0244
3.5000
1.9600
0.9100
407
297
311
261
523
-0.0903
-0.9736
-0.0117
8.3300
-0.9100
-1.0500
408
298
311
262
544
-0.1205
-1.0019
-0.0390
16.0300
8.6800
1.4000
410
300
311
264
567
-0.1122
-1.0155
-0.0717
71.5400
36.0500
-10.9900
412
302
311
263
574
-0.1464
-0.9121
0.1654
97.2300
12.7400
-6.9300
412
301
312
263
582
-0.1527
-0.7896
0.3338
130.8300
3.0100
-6.2300
410
302
313
263
601
-0.1874
-0.8247
0.4529
140.3500
12.3200
6.8600
409
302
315
265
616
-0.1932
-0.7398
0.6027
156.1000
-18.0600
17.9900
410
303
317
269
604
-0.1752
-0.6017
0.7403
155.1900
-24.3600
33.3200
412
303
319
271
608
-0.1640
-0.3060
0.9658
132.0900
-17.4300
38.3600
413
303
320
274
606
-0.1903
-0.1854
0.9833
83.0200
-36.6100
36.1900
413
303
322
276
609
-0.1796
-0.0346
1.0033
52.1500
-44.3800
41.7200
413
303
324
279
607
-0.0917
0.0181
1.0233
33.3900
-69.3000
52.8500
414
303
330
282
606
-0.0351
0.0410
0.9760
29.2600
-66.2200
63.2800
414
304
332
285
611
0.0859
0.1059
0.9911
23.5900
-82.7400
61.1100
414
305
333
287
620
0.2181
0.1132
1.0014
-15.5400
-64.5400
71.4000
415
305
336
289
630
0.3353
0.0425
0.9926
-52.4300
-63.6300
67.9000
417
305
337
293
620
0.4792
-0.0795
0.9794
-77.5600
-22.0500
49.7000
418
305
338
294
617
0.4812
-0.1928
0.9199
-61.5300
13.5800
50.1200
420
305
339
295
616
0.3738
-0.3723
0.8638
-54.7400
4.2700
45.7800
421
305
341
297
607
0.3143
-0.4436
0.8311
-58.5900
25.6200
37.7300
422
307
344
297
596
0.2640
-0.5222
0.8120
-58.8000
3.9200
28.6300
423
309
348
297
590
0.2050
-0.6471
0.7242
-51.3800
20.1600
21.4900
423
310
350
297
591
0.1942
-0.6895
0.6959
-63.5600
36.0500
25.5500
424
312
353
297
588
0.0864
-0.7393
0.6173
-76.1600
21.4900
10.9900
424
315
355
296
586
0.0566
-0.8233
0.5065
-39.9000
11.4800
8.2600
424
315
356
296
589
0.0307
-0.8423
0.5070
-30.4500
4.5500
0.2100
423
315
357
295
590
0.0254
-0.9043
0.4109
-0.4900
2.5200
4.8300
423
315
358
295
587
0.0015
-0.8725
0.4494
9.5900
0.9800
-0.8400
424
316
358
295
586
0.0224
-0.8969
0.4685
2.6600
-1.4000
-3.1500
424
316
358
296
585
0.0185
-0.8950
0.4392
1.7500
-0.9800
-1.5400
424
316
358
296
586
-0.0059
-0.8955
0.4412
4.3400
-4.4100
-3.7800
424
316
358
296
585
0.0063
-0.8906
0.4573
0.8400
-2.4500
-2.6600
424
317
358
296
582
0.0063
-0.8857
0.4465
4.9700
-5.4600
-3.0100
424
317
358
296
581
0.0112
-0.8867
0.4699
3.9200
-3.4300
-2.7300
424
317
358
296
580
0.0146
-0.8872
0.4553
8.6100
5.7400
2.3800
422
316
357
295
566
-0.0049
-0.8706
0.4758
7.9800
24.5700
7.7000
416
320
355
294
533
-0.0561
-0.8657
0.4743
24.0800
21.9800
9.4500
414
329
362
294
507
-0.0669
-0.8574
0.4875
33.3900
35.4900
8.4700
412
342
373
295
498
-0.1547
-0.8018
0.5944
78.9600
79.9400
-18.4100
412
352
382
296
488
-0.2908
-0.7462
0.6163
95.8300
73.9900
-35.5600
414
369
397
304
472
-0.2806
-0.7491
0.6695
23.1000
69.2300
-57.6100
416
386
409
314
459
-0.2606
-0.7525
0.6207
11.5500
73.5000
-58.3800
417
395
417
324
456
-0.2474
-0.7769
0.5510
-28.0700
52.0800
-55.0900
418
401
425
332
454
-0.2250
-0.7867
0.4860
-10.4300
19.0400
-44.4500
421
426
448
357
448
-0.2752
-0.8218
0.5095
13.5800
19.1100
-25.6200
424
443
488
391
434
-0.1654
-0.8281
0.5080
1.3300
17.2900
-16.1700
425
467
512
427
426
-0.1986
-0.8672
0.5119
-25.0600
-3.7800
-20.3700
425
479
519
440
424
-0.1635
-0.9540
0.4558
-50.1900
-8.2600
-18.6200
425
486
522
447
423
-0.1635
-0.9321
0.3470
-52.1500
-14.9100
-15.1200
426
491
523
449
423
-0.1020
-0.9101
0.2752
-72.1000
-11.2000
-9.5900
427
493
524
449
426
-0.0795
-0.9926
0.1532
-69.3700
-14.3500
-2.1700
428
493
525
450
434
-0.1118
-1.0287
0.0356
-46.9000
-9.9400
1.4000
428
492
525
450
439
-0.1693
-0.9692
-0.0356
-25.3400
-7.7000
-0.7700
428
491
525
450
443
-0.1601
-0.9804
-0.0888
3.0800
-0.7000
3.7800
428
491
525
450
443
-0.1664
-0.9379
-0.0561
5.1800
11.5500
4.7600
428
491
525
450
445
-0.1640
-0.9711
-0.0356
-0.2100
9.2400
6.5100
428
491
525
450
448
-0.1996
-0.9570
-0.0893
6.9300
0.9100
-4.0600
428
490
525
450
449
-0.1952
-1.0136
-0.0259
-8.9600
7.8400
0.0000
427
490
525
450
453
-0.2113
-0.9799
-0.1005
-19.6000
6.4400
-8.6100
427
490
525
449
456
-0.1723
-0.9340
-0.1264
-11.2700
-4.1300
-9.5900
427
490
525
449
458
-0.1479
-0.8979
-0.1659
-5.3200
2.4500
-4.8300
427
489
525
446
472
-0.1908
-0.9545
-0.1313
0.9800
-6.0900
-4.7600
427
489
525
446
478
-0.1718
-0.9794
-0.1342
-3.6400
-2.5900
-5.7400
426
488
525
443
515
-0.1976
-0.9687
-0.1220
-6.9300
1.1900
-3.6400
426
487
525
439
510
-0.1923
-0.9599
-0.1840
-5.4600
1.0500
-3.4300
425
487
525
443
496
-0.1586
-0.9379
-0.1576
1.2600
-7.2800
-1.6100
425
487
524
444
493
-0.2011
-0.9140
-0.1688
-8.0500
-6.3000
4.2000
425
486
524
451
488
-0.2050
-0.9550
-0.1142
-1.1900
-6.0900
0.9800
425
485
524
461
490
-0.1957
-0.9501
-0.2152
-7.1400
-8.5400
0.7700
425
485
524
469
488
-0.2830
-0.9331
-0.1571
6.8600
0.2800
3.2200
425
484
524
471
491
-0.2152
-0.9667
-0.2001
4.7600
-2.8000
-5.5300
425
484
524
468
490
-0.2357
-0.9731
-0.1820
3.5000
-3.8500
-7.2800
425
484
524
463
490
-0.2011
-0.9814
-0.1513
3.7100
-6.7900
-5.8800
425
484
524
455
489
-0.2396
-0.9477
-0.2269
1.8900
1.7500
-5.4600
425
484
524
446
486
-0.2118
-0.9540
-0.1601
-1.1200
-2.4500
-4.9700
425
485
524
443
488
-0.1640
-0.9482
-0.1723
10.4300
-4.3400
-4.9700
425
485
524
444
489
-0.1859
-0.9667
-0.1649
5.9500
-4.9700
-6.0200
425
485
524
443
490
-0.1864
-0.9760
-0.1615
6.0900
-3.9200
-7.9100
425
485
524
443
488
-0.1547
-0.9667
-0.1440
6.7900
-0.5600
-0.4900
425
485
524
443
481
-0.1957
-0.9692
-0.1401
6.7900
-9.3100
-13.6500
425
485
524
442
486
-0.1264
-0.9540
-0.1728
3.0800
-4.1300
-1.8200
425
485
524
442
487
-0.1762
-0.9799
-0.1308
1.1200
-4.2700
-3.4300
425
485
523
442
486
-0.1703
-0.9594
-0.1430
3.4300
-4.4800
-4.6200
425
485
524
441
486
-0.1479
-0.9711
-0.1454
6.1600
-5.6700
-2.5200
425
484
523
441
486
-0.1718
-0.9750
-0.1508
2.4500
-5.1100
-3.5700
425
484
523
440
490
-0.1635
-0.9658
-0.1254
0.4200
-4.9700
-3.7100
425
484
523
439
489
-0.1630
-0.9667
-0.1440
0.0700
-3.5000
-5.5300
425
484
523
439
489
-0.1503
-0.9677
-0.1269
-1.4000
-3.1500
-4.2700
425
484
523
438
489
-0.1440
-0.9745
-0.1566
-1.5400
-5.9500
-2.1700
425
484
523
438
486
-0.1762
-0.9760
-0.1571
2.1700
-5.0400
-0.2800
425
483
523
438
491
-0.1698
-0.9692
-0.1352
4.2700
-9.6600
-1.7500
425
483
523
438
507
-0.1274
-0.9628
-0.1566
-10.9200
-7.6300
9.8000
425
482
523
439
525
-0.2201
-0.9697
-0.1962
2.3100
-3.9900
-1.5400
425
482
523
439
522
-0.1962
-0.9872
-0.1479
5.4600
-4.4100
-2.8000
425
482
523
439
517
-0.1688
-0.9545
-0.1732
0.7000
-2.1000
3.6400
425
482
523
439
514
-0.1996
-0.9570
-0.1796
7.4200
1.9600
-1.8200
425
482
522
439
509
-0.2269
-0.9750
-0.1332
6.2300
-2.4500
-9.2400
425
482
522
439
506
-0.1737
-0.9604
-0.1723
-3.6400
-3.9900
-7.1400
425
482
522
438
505
-0.1806
-0.9389
-0.1283
6.5800
-4.8300
-4.9700
425
482
522
438
500
-0.1630
-0.9794
-0.1181
10.0800
-9.5200
-6.6500
425
482
522
436
495
-0.1630
-0.9614
-0.1327
11.1300
5.3200
5.1800
425
482
522
436
492
-0.1659
-0.9521
-0.1103
6.3700
5.3900
12.9500
425
481
521
434
486
-0.2601
-0.9775
-0.1566
8.7500
-3.8500
-8.8200
425
481
521
434
485
-0.2015
-0.9609
-0.0874
2.4500
-3.3600
-5.3900
425
481
521
433
482
-0.2128
-0.9633
-0.1030
2.2400
-10.7800
-13.3700
425
481
521
433
478
-0.1932
-0.9628
-0.1449
5.9500
-15.8900
-26.3200
425
482
521
433
478
-0.1601
-0.9667
-0.0742
11.5500
-6.1600
-20.3700
425
483
521
431
479
-0.1259
-1.0063
-0.0434
13.2300
-10.2900
-18.2700
425
483
521
430
482
-0.0337
-0.9804
-0.0405
1.0500
-13.3000
-7.9800
425
484
521
429
501
-0.1376
-1.0004
-0.0771
-2.2400
-17.0100
-8.1200
424
484
521
430
506
-0.0566
-0.9618
-0.0449
-9.1700
-18.5500
-6.7900
424
483
521
430
505
-0.0639
-0.9609
-0.0888
-1.4700
-2.8000
-0.2100
424
483
521
430
498
-0.0971
-0.9677
-0.0991
2.5900
-4.1300
-4.0600
424
483
521
430
497
-0.0937
-1.0106
-0.0820
7.5600
3.9900
0.2800
424
483
521
429
494
-0.0659
-0.9492
-0.0634
7.7000
-4.7600
4.2000
424
483
521
430
492
-0.1405
-1.0087
-0.0727
4.6200
-6.7900
3.8500
424
483
521
430
480
-0.1181
-0.9848
-0.0888
-1.2600
0.7000
6.8600
424
483
521
430
475
-0.1103
-0.9823
-0.0659
-4.3400
-5.9500
0.0000
424
482
521
430
470
-0.1430
-0.9643
-0.0996
-5.5300
-8.8200
-6.5800
424
482
521
430
473
-0.1327
-0.9672
-0.2499
-1.6800
-3.1500
-4.1300
424
482
521
430
476
-0.0678
-0.9897
-0.1015
-0.9100
-2.5900
2.7300
424
482
521
430
474
-0.1171
-0.9750
-0.2391
-6.5100
1.2600
1.3300
424
481
521
431
472
-0.1484
-0.9740
-0.0888
6.7200
-8.6800
-3.6400
424
481
521
431
473
-0.1523
-0.9687
-0.1337
8.6800
-3.3600
-3.0800
424
481
521
430
476
-0.1454
-0.9931
-0.0791
5.8100
2.8000
-1.8900
425
481
521
430
487
-0.1288
-0.9740
-0.0971
6.5800
-2.9400
-3.4300
425
481
521
429
503
-0.1020
-1.0092
-0.0493
3.9200
-5.6700
-0.1400
425
481
520
429
505
-0.0883
-0.9677
-0.0776
0.9100
-8.4700
5.8800
425
481
520
428
500
-0.2064
-0.9848
-0.1005
1.8200
-4.0600
-2.6600
425
481
520
428
493
-0.1479
-0.9828
-0.0893
0.7000
-3.3600
-2.1700
425
480
519
427
488
-0.1386
-0.9775
-0.0874
6.9300
-3.8500
-0.4200
424
479
519
426
483
-0.1513
-0.9819
-0.0752
3.7100
-7.6300
17.7800
424
479
518
425
481
-0.2084
-0.9736
-0.1118
0.2100
-0.0700
-5.8800
424
479
518
425
494
-0.1713
-0.9862
-0.0903
-2.8000
-0.0700
-11.6200
424
479
518
424
525
-0.1440
-0.9941
-0.0742
1.1900
-7.2800
-18.4100
424
479
518
424
543
-0.0649
-0.9482
-0.0722
-0.9100
-12.3900
1.1900
424
480
518
425
540
-0.1342
-0.9941
-0.1025
4.2000
-7.0000
-2.3800
424
480
518
425
540
-0.1322
-0.9945
-0.0883
3.7100
-3.0100
-3.5000
424
480
519
425
539
-0.1108
-0.9716
-0.0864
2.8700
-5.3200
-2.3100
424
480
519
425
536
-0.1205
-0.9731
-0.0669
5.6000
-5.7400
-2.2400
424
480
518
425
538
-0.1240
-0.9872
-0.0756
3.1500
-5.3900
-2.1000
424
480
519
425
538
-0.1142
-0.9867
-0.0791
0.2800
-6.6500
-1.0500
424
480
519
425
535
-0.1288
-0.9682
-0.0795
1.3300
-6.4400
-1.4700
424
480
519
425
537
-0.1484
-0.9809
-0.1161
5.2500
-3.2200
-4.5500
424
480
519
425
535
-0.1230
-0.9936
-0.0669
4.4800
-2.3800
-4.4100
424
480
519
425
530
-0.1127
-0.9784
-0.0610
-0.1400
-3.7100
-1.4000
424
480
519
425
529
-0.1161
-0.9823
-0.0834
2.6600
-4.2700
-2.9400
424
480
519
425
531
-0.1347
-0.9941
-0.0625
2.1700
-2.8000
-4.5500
424
480
519
425
531
-0.1103
-0.9892
-0.0551
2.5900
-3.7100
-3.2900
424
480
519
425
529
-0.1152
-0.9838
-0.0634
0.7700
-5.5300
-3.1500
424
480
519
425
530
-0.1137
-0.9833
-0.0547
3.9200
-3.7800
-3.0100
424
480
519
425
530
-0.1152
-0.9828
-0.0854
1.4700
-3.3600
-4.1300
424
479
518
425
527
-0.1098
-0.9799
-0.0537
2.0300
-5.1100
-3.0100
424
480
519
425
530
-0.1196
-0.9858
-0.0737
3.8500
-4.6200
-4.0600
424
480
518
425
529
-0.1152
-0.9867
-0.0654
4.8300
-4.9000
-4.4100
424
480
519
425
527
-0.1054
-0.9862
-0.0659
2.8000
-5.8100
-5.3900
424
480
518
425
529
-0.1064
-0.9858
-0.0547
3.3600
-4.9700
-3.7100
424
480
518
425
527
-0.1176
-0.9858
-0.0537
2.4500
-5.3900
-5.8800
424
480
519
425
525
-0.1103
-0.9819
-0.0561
3.2900
-5.9500
-5.1100
424
480
519
425
527
-0.0976
-0.9804
-0.0522
4.5500
-5.6000
-4.2700
424
480
518
425
527
-0.1015
-0.9970
-0.0332
3.8500
-6.5800
-4.6900
425
480
518
425
524
-0.0996
-0.9765
-0.0449
0.2800
-6.0200
-4.2700
424
479
518
425
527
-0.0932
-0.9877
-0.0444
5.6000
-6.0900
-5.2500
425
479
518
425
526
-0.0966
-0.9862
-0.0244
3.9900
-5.0400
-6.9300
424
479
518
425
524
-0.0854
-0.9862
-0.0371
-2.3800
-4.6900
-6.0900
424
479
518
425
526
-0.0737
-0.9892
-0.0322
-1.5400
-3.6400
-4.0600
425
479
518
425
526
-0.0747
-1.0072
-0.0517
-5.8100
-3.0800
-1.7500
425
479
518
425
524
-0.0683
-0.9726
-0.0566
0.3500
-6.1600
-3.3600
425
479
518
425
526
-0.0756
-0.9897
-0.0498
3.8500
-5.6700
-1.8900
425
479
518
425
526
-0.0908
-0.9994
-0.0600
1.5400
-3.8500
-3.9900
425
479
518
425
524
-0.0761
-0.9848
-0.0517
5.0400
-4.4100
-1.9600
425
479
518
425
526
-0.0810
-1.0028
-0.0581
5.3200
-4.3400
-2.4500
425
479
518
425
526
-0.0864
-0.9911
-0.0483
0.0000
-4.3400
-2.3800
425
479
518
425
523
-0.0878
-0.9892
-0.0434
2.6600
-4.2000
-2.9400
425
479
518
425
525
-0.0747
-0.9867
-0.0498
5.3200
-5.1100
-1.4700
425
479
518
425
526
-0.0888
-1.0077
-0.0459
1.8900
-3.9200
-3.9900
425
479
518
425
523
-0.0869
-0.9960
-0.0346
-1.4000
-2.6600
-3.2900
425
479
518
425
525
-0.0834
-0.9740
-0.0586
2.0300
-3.7100
-2.6600
425
479
518
425
525
-0.0922
-0.9989
-0.0547
1.6100
-4.0600
-3.1500
425
479
518
425
523
-0.0825
-0.9892
-0.0512
2.0300
-3.6400
-2.4500
425
479
518
425
525
-0.0791
-0.9804
-0.0615
2.7300
-5.0400
-0.8400
425
479
518
425
525
-0.0937
-1.0043
-0.0532
3.3600
-4.3400
-3.0100
425
479
518
425
522
-0.0815
-0.9843
-0.0449
1.2600
-5.1800
-2.1000
425
479
518
425
524
-0.0883
-0.9911
-0.0386
4.1300
-4.5500
-3.4300
425
479
518
425
524
-0.0800
-0.9941
-0.0351
2.0300
-3.7800
-2.6600
425
479
518
425
522
-0.0864
-0.9921
-0.0517
1.0500
-3.7800
-2.8700
425
479
518
425
524
-0.0810
-0.9726
-0.0464
3.6400
-4.1300
-2.7300
425
479
518
425
524
-0.0874
-0.9887
-0.0395
4.5500
-4.4800
-2.9400
425
479
518
425
521
-0.0869
-0.9858
-0.0342
0.1400
-4.4100
-2.1000
425
479
518
425
523
-0.0942
-0.9804
-0.0488
3.7100
-3.6400
-3.8500
425
479
518
425
523
-0.0830
-0.9862
-0.0429
2.3100
-3.8500
-3.4300
425
478
518
425
521
-0.0908
-0.9931
-0.0410
1.4000
-3.9200
-3.5700
425
479
518
425
523
-0.0849
-0.9799
-0.0288
1.3300
-3.2200
-1.8900
425
479
518
425
523
-0.0947
-0.9872
-0.0434
1.1200
-3.4300
-2.0300
425
478
518
425
521
-0.0869
-0.9936
-0.0317
1.6800
-4.2700
-3.2900
425
478
518
425
523
-0.0898
-0.9867
-0.0410
2.3800
-4.1300
-2.8700
425
478
518
424
523
-0.0991
-0.9902
-0.0371
3.9200
-3.6400
-3.3600
425
478
518
425
521
-0.0830
-0.9882
-0.0293
3.0800
-4.8300
-2.6600
425
478
518
425
523
-0.0917
-0.9911
-0.0293
3.2200
-4.2700
-3.5700
425
478
518
424
523
-0.0844
-0.9877
-0.0239
1.1900
-4.2700
-2.8700
425
478
518
425
521
-0.0932
-0.9887
-0.0361
1.6800
-3.0800
-2.0300
425
478
518
424
523
-0.0849
-0.9897
-0.0337
0.8400
-3.7800
-2.3100
425
478
518
424
522
-0.0966
-0.9897
-0.0268
3.0100
-5.6000
-4.2000
425
478
518
424
520
-0.0986
-0.9970
-0.0185
-3.9900
-3.9900
-4.4100
425
478
518
424
523
-0.0859
-0.9819
-0.0337
5.1800
-4.3400
-1.9600
425
478
518
424
522
-0.0874
-1.0058
-0.0127
-1.5400
-4.6900
-1.1200
425
478
518
424
520
-0.1044
-0.9775
-0.0678
-1.1200
-2.8000
-3.2900
425
478
518
425
523
-0.1054
-0.9633
-0.0371
2.8000
-4.3400
-2.1700
425
478
518
424
522
-0.0947
-1.0004
-0.0459
4.4100
-3.5700
-3.5700
425
478
518
424
520
-0.0932
-1.0014
-0.0273
-1.6800
-4.0600
-2.2400
425
478
518
424
523
-0.0966
-0.9872
-0.0542
-0.4200
-5.4600
-2.8000
425
478
518
424
523
-0.0952
-0.9902
-0.0664
1.8200
-4.4100
-2.4500
425
478
518
424
520
-0.0937
-0.9804
-0.0537
4.6200
-3.9200
-0.9100
425
478
518
424
521
-0.0917
-0.9765
-0.0346
4.7600
-6.4400
0.2800
425
478
518
424
522
-0.1166
-0.9858
-0.0312
4.2700
-5.6000
0.2100
425
478
518
424
518
-0.1176
-0.9916
-0.0312
4.1300
-5.8800
0.1400
425
477
517
424
521
-0.1376
-0.9902
-0.0298
4.6200
-2.8700
-3.6400
425
477
517
424
518
-0.1171
-0.9726
-0.0371
5.1800
-3.8500
-3.0800
425
477
517
424
520
-0.1083
-0.9931
-0.0156
5.0400
-5.3900
-1.3300
425
477
517
424
520
-0.1293
-0.9872
-0.0264
3.1500
-3.9200
-2.9400
425
477
517
424
517
-0.1186
-0.9784
-0.0122
3.5000
-4.4100
-2.8000
425
477
517
424
519
-0.1215
-0.9916
-0.0146
5.6700
-4.5500
-2.3100
425
476
517
424
519
-0.1264
-0.9862
-0.0083
2.5200
-4.7600
-2.2400
425
476
517
424
517
-0.1249
-0.9858
0.0039
2.8000
-4.9000
0.0700
425
476
517
424
519
-0.1274
-0.9794
0.0005
2.0300
-7.8400
-1.3300
425
476
517
424
519
-0.1410
-0.9960
0.0034
6.4400
-5.4600
-0.2100
425
475
517
424
517
-0.1469
-0.9955
-0.0127
-4.8300
-2.1700
-4.5500
425
476
517
424
520
-0.1337
-0.9701
-0.0224
-0.2100
-2.1700
-4.3400
425
476
517
424
519
-0.1205
-0.9789
0.0054
0.7000
-4.6900
-1.9600
425
476
517
424
517
-0.1337
-0.9833
-0.0068
1.1200
-4.2000
-2.3100
425
476
517
424
519
-0.1347
-0.9721
-0.0098
2.0300
-4.4800
-3.0100
425
476
517
424
517
-0.1484
-0.9931
-0.0088
2.7300
-2.8700
-4.0600
425
476
517
424
519
-0.1298
-0.9936
0.0010
-1.5400
-2.8000
-3.8500
425
476
517
424
519
-0.1313
-0.9780
-0.0049
-1.5400
-4.2700
-2.3800
425
476
517
424
517
-0.1396
-0.9911
-0.0083
4.3400
-3.7800
-2.8000
425
476
517
424
519
-0.1352
-0.9843
-0.0185
1.6800
-4.5500
-2.8000
425
476
517
424
519
-0.1371
-0.9838
-0.0107
4.2000
-3.2900
-4.8300
425
476
517
424
516
-0.1181
-0.9965
0.0044
2.3800
-6.6500
-2.2400
425
476
517
424
519
-0.1498
-0.9858
-0.0127
-0.0700
-5.1100
-4.3400
425
476
517
424
519
-0.1274
-0.9804
0.0034
3.6400
-4.8300
-1.1200
425
476
517
424
517
-0.1508
-0.9804
-0.0068
1.8200
-5.8800
-2.7300
425
476
517
424
519
-0.1523
-0.9877
-0.0054
3.1500
-4.3400
-4.6200
425
476
517
424
519
-0.1464
-0.9843
0.0020
1.8200
-3.0800
-3.9200
425
476
517
424
517
-0.1386
-0.9784
-0.0098
0.3500
-4.7600
-4.2000
425
476
517
424
519
-0.1420
-0.9916
-0.0039
4.1300
-5.1800
-3.1500
425
476
517
424
519
-0.1532
-0.9926
-0.0107
-3.3600
-4.2000
-3.4300
425
476
517
424
517
-0.1552
-0.9750
-0.0171
2.3800
-3.7100
-5.1100
425
476
517
424
519
-0.1444
-0.9853
-0.0039
0.8400
-4.1300
-4.4100
425
476
517
424
519
-0.1279
-0.9760
-0.0254
2.6600
-3.7100
-1.4700
425
476
517
424
517
-0.1381
-0.9887
-0.0146
4.3400
-4.2700
-0.1400
425
476
517
424
519
-0.1484
-0.9965
0.0073
0.8400
-5.3200
-1.6800
425
475
517
424
519
-0.1586
-0.9843
-0.0083
-0.2800
-3.0100
-2.5200
425
476
517
424
517
-0.1488
-0.9614
-0.0210
4.4100
-3.6400
-2.6600
425
476
517
424
519
-0.1601
-0.9936
-0.0117
2.0300
-2.5900
-4.6900
425
476
517
424
517
-0.1469
-0.9799
-0.0112
0.4200
-4.6200
-4.6900
425
476
517
424
516
-0.1440
-0.9848
-0.0024
4.4100
-4.3400
-3.2900
425
476
517
424
519
-0.1518
-0.9838
-0.0156
0.3500
-3.9200
-3.5000
425
476
517
424
516
-0.1425
-0.9848
-0.0298
2.1000
-4.2000
-4.6900
425
476
517
424
518
-0.1459
-0.9775
-0.0264
2.3100
-4.4800
-3.4300
425
476
517
424
519
-0.1415
-0.9750
-0.0215
6.3000
-4.9700
-2.9400
425
476
517
424
516
-0.1415
-0.9858
-0.0112
5.3900
-5.3900
-3.2900
425
476
517
424
518
-0.1449
-0.9755
-0.0049
2.5200
-4.9700
-3.7800
425
476
517
424
518
-0.1440
-0.9823
0.0049
3.5700
-4.1300
-3.3600
425
476
517
424
515
-0.1391
-0.9799
0.0024
2.3100
-4.0600
-3.5000
425
476
517
424
518
-0.1366
-0.9770
0.0005
3.7800
-4.6200
-3.4300
425
476
517
424
518
-0.1381
-0.9838
-0.0059
3.5000
-4.1300
-3.0100
425
476
517
424
515
-0.1347
-0.9892
0.0127
0.9100
-4.9700
-3.0100
425
476
517
424
518
-0.1435
-0.9750
0.0063
2.3100
-4.2000
-2.8700
425
476
517
424
516
-0.1405
-0.9867
0.0024
3.6400
-3.4300
-3.2900
425
475
517
424
518
-0.1352
-0.9897
0.0102
2.6600
-4.1300
-3.0800
425
475
517
423
518
-0.1342
-0.9823
0.0161
4.4800
-4.3400
-2.8700
425
475
517
424
515
-0.1396
-0.9867
0.0059
3.5000
-3.9200
-3.0800
425
475
517
424
517
-0.1396
-0.9906
0.0151
2.4500
-4.2000
-3.0800
425
475
517
424
517
-0.1425
-0.9804
0.0068
1.6800
-3.9900
-3.0800
425
475
516
423
515
-0.1454
-0.9823
0.0176
1.7500
-3.5000
-3.7800
425
475
517
423
517
-0.1298
-0.9833
0.0166
3.9900
-4.6900
-3.3600
425
475
516
423
515
-0.1430
-0.9867
0.0132
3.5000
-3.5700
-3.5000
425
475
516
423
517
-0.1327
-0.9936
0.0102
1.4700
-4.4100
-3.7800
425
475
516
423
517
-0.1484
-0.9911
0.0156
3.7800
-4.6900
-3.3600
425
475
516
423
515
-0.1391
-0.9877
0.0176
2.0300
-4.3400
-3.1500
425
475
516
423
517
-0.1444
-0.9755
0.0127
2.2400
-3.8500
-3.0800
425
475
516
423
515
-0.1337
-0.9823
0.0181
2.3800
-3.9900
-2.7300
425
475
516
423
517
-0.1430
-0.9804
0.0176
2.4500
-4.1300
-2.8000
425
475
516
423
517
-0.1332
-0.9843
0.0200
2.1000
-3.7800
-2.7300
425
475
516
423
515
-0.1376
-0.9794
0.0102
1.2600
-3.2200
-1.9600
425
475
516
423
517
-0.1415
-0.9819
0.0200
2.9400
-4.2000
-3.1500
425
475
516
423
517
-0.1366
-0.9814
0.0132
1.8900
-3.8500
-2.7300
425
475
516
423
515
-0.1459
-0.9848
0.0200
3.1500
-3.5000
-3.3600
425
475
516
423
517
-0.1298
-0.9814
0.0220
1.6100
-3.9900
-2.3100
425
475
516
423
515
-0.1469
-0.9740
0.0181
3.7100
-3.6400
-3.0100
425
475
516
423
517
-0.1347
-0.9682
0.0224
5.8100
-5.3900
-2.3100
425
474
516
423
517
-0.1454
-1.0014
0.0332
-2.2400
-3.2200
-3.9900
425
475
516
423
515
-0.1430
-0.9609
0.0063
2.6600
-4.2700
-2.5900
425
475
516
423
517
-0.1405
-0.9960
0.0288
3.5700
-4.6900
-3.1500
425
475
516
423
517
-0.1430
-0.9745
0.0132
1.0500
-3.7100
-2.8700
425
475
516
423
515
-0.1352
-0.9799
0.0190
2.5200
-3.7800
-2.4500
425
475
516
423
517
-0.1410
-0.9804
0.0220
3.1500
-4.2700
-2.3100
425
475
516
423
515
-0.1415
-0.9804
0.0220
2.3100
-3.7100
-2.9400
425
475
516
423
517
-0.1357
-0.9799
0.0195
3.1500
-3.9900
-2.0300
425
475
516
423
517
-0.1440
-0.9848
0.0195
2.3800
-4.0600
-2.3800
425
474
516
423
515
-0.1527
-0.9784
0.0224
1.4000
-3.5700
-2.8000
425
474
516
423
517
-0.1498
-0.9823
0.0303
1.5400
-3.9900
-2.7300
425
474
516
423
517
-0.1430
-0.9711
0.0215
2.4500
-4.0600
-2.5200
425
474
516
423
515
-0.1371
-0.9843
0.0210
3.6400
-4.9000
-0.7700
425
474
516
423
517
-0.1596
-0.9965
0.0390
-0.9100
-2.1000
-2.3800
425
475
516
423
515
-0.1420
-0.9736
0.0176
-0.7000
-2.1000
-1.1200
425
475
516
423
518
-0.1444
-0.9833
-0.0029
1.4700
-3.8500
-1.6100
425
475
516
423
518
-0.1469
-0.9838
0.0386
0.9100
-4.0600
-4.4100
425
475
516
423
516
-0.1537
-0.9643
-0.0054
-0.6300
-3.2200
-2.5900
425
475
516
423
518
-0.1669
-0.9975
-0.0273
1.7500
-2.8700
-6.6500
425
475
516
423
518
-0.1308
-0.9736
0.0229
1.1900
-7.0700
-1.4700
425
475
516
423
515
-0.1547
-0.9799
0.0181
2.4500
-6.7200
-1.5400
425
475
516
423
517
-0.1737
-0.9911
-0.0024
2.8000
-3.2200
-5.9500
425
475
516
423
518
-0.1415
-0.9828
0.0166
6.0200
-4.4800
-3.8500
425
475
516
423
515
-0.1430
-0.9921
0.0176
3.0800
-5.4600
-3.4300
425
475
516
423
517
-0.1547
-0.9814
0.0132
3.9900
-4.7600
-4.3400
425
475
516
423
515
-0.1396
-0.9794
0.0171
6.4400
-5.1100
-3.7100
425
475
516
423
518
-0.1547
-0.9833
0.0346
2.2400
-5.1800
-2.8000
425
475
516
423
517
-0.1508
-0.9775
0.0200
2.8000
-3.8500
-2.6600
425
474
516
423
515
-0.1430
-0.9804
0.0342
1.0500
-4.6900
-2.0300
425
474
516
423
517
-0.1610
-0.9755
0.0224
3.2200
-2.1700
-4.3400
425
474
516
423
517
-0.1444
-0.9780
0.0176
2.2400
-3.3600
-3.2900
425
474
516
423
515
-0.1454
-0.9828
0.0366
1.7500
-5.0400
-2.7300
425
474
516
423
517
-0.1537
-0.9823
0.0420
2.8700
-4.5500
-3.2900
425
474
516
423
515
-0.1498
-0.9789
0.0346
3.2200
-4.9700
-2.4500
425
474
516
423
517
-0.1498
-0.9872
0.0283
2.2400
-4.3400
-2.7300
425
474
516
423
517
-0.1425
-0.9828
0.0376
2.4500
-4.8300
-1.8200
425
474
516
423
515
-0.1620
-0.9765
0.0288
4.4800
-3.8500
-3.3600
425
474
516
423
517
-0.1488
-0.9867
0.0322
3.9200
-4.6200
-2.3800
425
474
516
423
517
-0.1635
-0.9848
0.0371
2.8000
-4.1300
-3.7800
425
474
516
423
515
-0.1571
-0.9882
0.0366
3.7100
-4.9000
-2.9400
425
474
516
423
517
-0.1596
-0.9872
0.0429
1.3300
-4.6900
-3.1500
425
473
516
423
515
-0.1576
-0.9716
0.0415
2.1700
-3.7100
-3.5700
425
474
516
423
517
-0.1498
-0.9775
0.0395
0.8400
-4.4100
-2.3800
425
473
516
423
517
-0.1586
-0.9780
0.0434
2.3100
-3.5700
-3.0100
425
473
516
423
515
-0.1527
-0.9892
0.0361
1.5400
-3.9900
-2.5900
425
473
516
423
517
-0.1523
-0.9765
0.0468
0.6300
-3.3600
-3.1500
425
474
516
423
517
-0.1537
-0.9765
0.0351
2.1700
-3.1500
-3.2200
425
474
516
423
515
-0.1469
-0.9843
0.0346
2.5900
-4.3400
-2.5900
425
474
516
423
517
-0.1513
-0.9789
0.0468
4.1300
-4.3400
-2.3800
425
473
516
423
515
-0.1537
-0.9789
0.0410
0.7000
-4.2000
-2.1700
425
474
516
423
517
-0.1640
-0.9789
0.0478
2.3100
-3.8500
-2.6600
425
473
515
423
517
-0.1606
-0.9765
0.0410
2.1000
-3.8500
-3.1500
425
473
516
423
515
-0.1469
-0.9862
0.0586
1.0500
-4.2700
-2.5900
425
474
515
423
517
-0.1479
-0.9760
0.0376
2.9400
-4.7600
-2.6600
425
473
516
423
515
-0.1523
-0.9770
0.0444
2.1700
-4.4100
-2.2400
425
473
516
423
517
-0.1601
-0.9731
0.0473
2.4500
-2.9400
-2.3100
425
473
516
423
517
-0.1488
-0.9848
0.0503
1.8200
-4.4100
-2.3100
425
473
516
423
515
-0.1581
-0.9716
0.0459
2.2400
-4.1300
-3.5000
425
473
515
423
517
-0.1493
-0.9838
0.0542
3.5000
-3.9900
-3.2900
425
473
515
422
517
-0.1503
-0.9877
0.0468
2.5200
-4.2700
-2.9400
425
473
515
423
514
-0.1591
-0.9823
0.0483
3.7100
-4.1300
-3.7100
425
473
516
423
517
-0.1493
-0.9780
0.0532
2.0300
-4.4800
-2.8000
425
473
516
423
515
-0.1581
-0.9726
0.0478
2.4500
-3.9900
-3.5700
425
473
515
423
517
-0.1479
-0.9828
0.0537
1.9600
-3.9900
-2.8000
425
473
515
423
517
-0.1552
-0.9672
0.0478
3.4300
-5.4600
-1.1900
425
473
515
423
515
-0.1625
-0.9897
0.0566
1.4000
-3.0800
-3.3600
425
473
515
423
517
-0.1552
-0.9740
0.0527
0.7700
-5.0400
-2.9400
425
473
515
423
517
-0.1571
-0.9716
0.0586
3.5000
-4.4100
-3.0100
425
473
515
422
515
-0.1591
-0.9780
0.0532
0.9800
-4.4800
-2.5900
425
473
515
422
517
-0.1630
-0.9750
0.0547
2.1000
-3.6400
-3.1500
425
473
515
422
515
-0.1601
-0.9745
0.0595
2.8700
-3.0100
-2.4500
425
473
515
422
517
-0.1513
-0.9697
0.0542
0.0700
-4.4100
-2.3100
425
473
515
423
517
-0.1674
-0.9784
0.0498
3.1500
-2.8000
-3.8500
425
473
515
422
515
-0.1562
-0.9789
0.0488
4.2000
-4.3400
-2.1000
425
473
515
422
517
-0.1596
-0.9823
0.0625
0.2800
-3.9900
-2.7300
425
473
515
422
515
-0.1649
-0.9662
0.0551
2.3100
-4.3400
-2.5900
425
473
515
422
517
-0.1601
-0.9745
0.0673
1.7500
-4.1300
-2.4500
425
473
515
422
517
-0.1674
-0.9750
0.0542
1.1900
-2.9400
-2.6600
425
473
515
422
515
-0.1518
-0.9862
0.0698
1.1900
-4.2000
-2.3100
425
473
515
422
517
-0.1649
-0.9697
0.0512
1.4000
-3.5700
-2.9400
425
473
515
422
517
-0.1586
-0.9814
0.0673
0.7700
-3.4300
-2.3800
425
473
515
422
515
-0.1552
-0.9809
0.0561
1.4000
-3.9900
-2.5900
425
473
515
422
517
-0.1630
-0.9765
0.0610
2.3800
-3.9900
-3.3600
425
473
515
422
515
-0.1591
-0.9780
0.0590
-0.2800
-3.7800
-2.3100
425
473
515
422
517
-0.1625
-0.9701
0.0625
1.4000
-3.7800
-2.8700
425
473
515
422
517
-0.1649
-0.9775
0.0586
3.0800
-3.7800
-3.1500
425
473
515
422
515
-0.1557
-0.9799
0.0639
0.5600
-3.5700
-2.5900
425
473
515
422
518
-0.1664
-0.9662
0.0561
1.1200
-3.8500
-3.2900
425
473
515
422
518
-0.1566
-0.9838
0.0586
3.9200
-3.9900
-2.8700
425
473
515
422
515
-0.1488
-0.9745
0.0561
2.0300
-5.3200
-1.8200
425
473
515
422
517
-0.1659
-0.9750
0.0727
2.5200
-4.7600
-2.8700
425
473
515
422
515
-0.1698
-0.9755
0.0639
1.9600
-3.9900
-3.5700
425
473
515
422
517
-0.1620
-0.9745
0.0800
0.9800
-3.6400
-2.7300
425
473
515
422
517
-0.1669
-0.9819
0.0542
0.1400
-2.7300
-3.5700
425
473
515
422
515
-0.1493
-0.9789
0.0678
2.5200
-4.2000
-2.7300
425
473
515
422
517
-0.1664
-0.9794
0.0547
2.4500
-4.4100
-3.3600
425
473
515
422
518
-0.1688
-0.9755
0.0688
2.5200
-3.5700
-3.3600
425
473
515
422
515
-0.1498
-0.9692
0.0644
1.8900
-4.2700
-1.6800
425
473
515
422
517
-0.1732
-0.9770
0.0683
1.7500
-3.0100
-3.2900
425
473
515
422
515
-0.1523
-0.9697
0.0634
1.6100
-3.9200
-2.9400
425
473
515
422
518
-0.1635
-0.9784
0.0610
1.7500
-3.9900
-3.2200
425
473
515
422
517
-0.1649
-0.9833
0.0590
3.3600
-3.0100
-3.5000
425
473
515
422
515
-0.1557
-0.9731
0.0620
1.1900
-4.9700
-2.3800
425
473
515
422
517
-0.1757
-0.9848
0.0634
2.7300
-2.8000
-4.4100
425
473
515
422
516
-0.1586
-0.9760
0.0703
0.9800
-4.6200
-3.5000
425
473
515
422
515
-0.1620
-0.9750
0.0673
2.1000
-3.9900
-3.0800
425
473
515
422
517
-0.1596
-0.9740
0.0610
1.6800
-4.1300
-3.0100
425
473
515
422
515
-0.1640
-0.9843
0.0737
2.3800
-4.2700
-3.1500
425
473
515
422
517
-0.1684
-0.9784
0.0595
1.8900
-3.7100
-3.6400
425
473
515
422
517
-0.1625
-0.9736
0.0688
3.4300
-4.7600
-2.4500
425
473
515
422
515
-0.1688
-0.9862
0.0649
1.5400
-4.1300
-3.8500
425
473
515
422
517
-0.1645
-0.9867
0.0756
3.5000
-4.1300
-3.7800
425
473
515
422
515
-0.1610
-0.9789
0.0654
1.8900
-4.4100
-2.5900
425
473
515
422
517
-0.1713
-0.9784
0.0683
2.3800
-3.9900
-3.5000
425
473
515
422
517
-0.1635
-0.9794
0.0630
2.7300
-4.4800
-2.9400
425
473
515
422
515
-0.1606
-0.9692
0.0732
1.6800
-4.4100
-3.0800
425
473
515
422
517
-0.1615
-0.9789
0.0761
4.2000
-4.1300
-3.2200
425
472
515
422
517
-0.1654
-0.9750
0.0659
2.1000
-5.1800
-1.1900
425
472
515
422
515
-0.1796
-0.9745
0.0600
2.2400
-3.5000
-2.8000
425
472
515
422
517
-0.1649
-0.9721
0.0800
0.6300
-4.1300
-3.0100
425
472
515
422
515
-0.1708
-0.9716
0.0732
2.8700
-3.2900
-4.5500
425
472
515
422
517
-0.1562
-0.9701
0.0756
1.4700
-3.9200
-2.7300
425
472
515
422
517
-0.1713
-0.9736
0.0610
1.7500
-4.2000
-2.1700
425
472
515
422
515
-0.1659
-0.9789
0.0854
2.5200
-3.8500
-2.8700
425
472
515
422
517
-0.1630
-0.9775
0.0776
0.7700
-4.5500
-2.5900
425
472
515
422
515
-0.1771
-0.9682
0.0639
3.9200
-3.9200
-4.2700
425
472
515
422
518
-0.1625
-0.9828
0.0834
2.1000
-4.6900
-3.6400
425
472
515
422
518
-0.1713
-0.9662
0.0581
2.8700
-3.8500
-2.6600
425
472
515
422
515
-0.1713
-0.9677
0.0571
3.9900
-3.4300
-3.4300
425
472
515
422
518
-0.1684
-0.9867
0.0878
-0.4200
-1.0500
1.6100
425
472
515
422
517
-0.1869
-0.9575
0.0791
-7.6300
2.5900
1.6800
425
473
515
421
515
-0.1781
-0.9301
0.0508
2.3800
-2.3100
1.5400
425
473
515
421
518
-0.1615
-0.9819
0.0581
4.2700
-5.4600
0.2100
425
473
515
421
517
-0.1879
-0.9648
0.0913
6.3000
-6.8600
3.0800
425
472
515
421
522
-0.2035
-0.9975
0.0771
6.2300
-1.9600
0.2800
425
472
515
421
523
-0.1903
-0.9897
0.0786
2.8000
-1.6800
-6.4400
425
472
515
421
521
-0.1786
-0.9643
0.1035
2.5200
-8.1200
1.0500
425
472
515
422
523
-0.2240
-0.9667
0.0956
7.7700
-8.0500
-1.9600
425
472
515
422
524
-0.2064
-0.9789
0.0942
6.5800
-4.5500
-2.8000
425
471
514
422
522
-0.2298
-0.9736
0.1269
-7.9800
0.0700
-6.7200
425
471
514
422
524
-0.1874
-0.9653
0.0732
1.6800
-3.1500
-5.0400
425
471
514
422
522
-0.1703
-0.9526
0.1083
1.6800
-7.1400
-4.0600
425
471
514
422
524
-0.2035
-0.9682
0.0742
7.4900
-3.4300
-4.6200
425
471
514
422
524
-0.2006
-1.0038
0.1166
-2.1000
-0.8400
-7.8400
425
471
514
422
522
-0.1654
-0.9506
0.0883
2.8700
-5.6700
-1.1200
425
471
514
422
524
-0.1986
-0.9828
0.0903
3.9200
-3.3600
-3.3600
425
471
514
422
524
-0.1781
-0.9780
0.1157
-0.5600
-4.2700
-2.5200
425
471
514
422
522
-0.1869
-0.9716
0.0913
0.0000
-4.3400
-1.4700
425
471
514
422
525
-0.2020
-0.9628
0.0639
0.7700
-2.1000
-3.5000
425
471
514
422
525
-0.1845
-0.9570
0.0869
1.0500
-4.1300
-2.2400
425
472
514
422
523
-0.2001
-0.9780
0.0781
0.5600
-2.1700
-3.4300
425
472
514
422
525
-0.1820
-0.9584
0.0942
0.0700
-3.9900
-3.3600
425
472
514
421
523
-0.1864
-0.9618
0.0927
3.0800
-4.2000
-2.9400
425
472
514
421
525
-0.1874
-0.9687
0.1005
-1.1200
-2.8700
-3.2900
425
472
514
421
525
-0.1815
-0.9643
0.0771
1.4000
-2.6600
-4.3400
425
472
514
421
523
-0.1825
-0.9750
0.0586
1.8900
-3.2900
-4.2700
425
472
514
421
525
-0.1874
-0.9721
0.0752
-0.3500
-1.9600
-7.4200
425
472
514
421
524
-0.1542
-0.9823
0.0937
3.9900
-5.4600
-2.1700
425
472
515
420
521
-0.1757
-0.9682
0.0844
4.4100
-3.5700
-2.0300
425
472
515
419
524
-0.1815
-0.9638
0.0786
1.3300
-4.9700
-3.7800
425
472
514
419
524
-0.1645
-0.9750
0.1020
3.5000
-7.2100
-2.5200
425
472
514
419
522
-0.1791
-0.9736
0.0932
-0.2100
-3.8500
-2.5200
425
472
514
419
524
-0.1947
-0.9672
0.0859
2.3800
-1.7500
-3.7100
425
472
514
419
524
-0.1654
-0.9799
0.0913
1.6100
-2.8000
-4.4800
425
472
515
419
522
-0.1581
-0.9697
0.0947
3.2200
-4.3400
-2.9400
425
472
514
419
524
-0.1723
-0.9658
0.0932
1.8900
-4.6900
-2.1700
425
472
514
419
524
-0.1762
-0.9721
0.0947
1.6100
-2.5900
-3.9900
425
472
515
419
521
-0.1703
-0.9716
0.1000
0.9100
-3.6400
-3.1500
425
472
514
419
524
-0.1776
-0.9672
0.0874
0.9800
-2.3100
-4.3400
425
472
515
420
521
-0.1679
-0.9740
0.1005
-0.4900
-3.2900
-3.4300
425
472
514
420
523