-0.2596
-0.9223
-0.1386
-14.5600
0.9800
-6.4400
404
467
515
425
523
-0.2333
-0.9750
-0.1562
-11.2000
-3.8500
-7.9100
404
467
515
424
523
-0.2538
-0.9023
-0.1118
-13.7900
-6.7200
-4.3400
404
467
515
425
521
-0.2660
-0.9301
-0.1893
-6.3000
-5.2500
-4.7600
404
467
515
424
521
-0.2455
-0.9453
-0.1913
-4.5500
-6.4400
-5.4600
404
467
515
425
523
-0.2352
-0.9321
-0.1566
-0.2800
-7.6300
-3.5000
404
467
515
425
522
-0.2674
-0.9116
-0.1967
-1.1900
-4.6900
-3.2200
404
467
515
425
519
-0.2430
-0.9428
-0.1957
5.8800
0.4900
-1.4700
404
467
515
425
521
-0.2303
-0.9423
-0.1874
0.2800
-0.9100
-1.5400
404
467
515
425
521
-0.2298
-0.9457
-0.1488
15.1900
-6.7200
-3.0100
404
467
515
426
519
-0.2508
-0.9482
-0.1688
4.1300
-8.4700
2.0300
404
467
515
426
521
-0.2630
-0.9614
-0.1767
10.5700
-4.4800
-2.6600
404
467
515
426
521
-0.2660
-0.9487
-0.1630
0.0700
-3.7100
-2.5200
404
467
515
426
519
-0.2699
-0.9448
-0.1591
2.7300
-2.5900
-2.4500
404
467
515
426
521
-0.2503
-0.9374
-0.1615
0.9100
-2.8700
-1.8200
404
467
515
426
521
-0.2557
-0.9394
-0.1762
1.1900
-3.4300
-2.1700
404
467
515
426
519
-0.2591
-0.9394
-0.1606
0.7700
-3.9900
-2.6600
404
467
515
426
521
-0.2533
-0.9340
-0.1664
2.5200
-5.7400
-2.1000
404
467
515
426
521
-0.2635
-0.9438
-0.1728
2.2400
-4.2700
-1.9600
404
467
515
426
518
-0.2586
-0.9316
-0.1693
2.7300
-3.0800
-2.4500
404
467
515
426
521
-0.2542
-0.9516
-0.1586
1.2600
-3.7800
-1.8200
404
467
515
426
521
-0.2518
-0.9560
-0.1703
-2.8700
-2.9400
0.9800
404
467
515
426
518
-0.2660
-0.8828
-0.1884
-0.2800
-7.8400
-0.2800
402
467
515
426
521
-0.2845
-0.9199
-0.1830
-0.3500
-4.9000
-4.0600
402
467
515
427
519
-0.2708
-0.9360
-0.1728
-1.0500
-3.6400
-5.7400
401
467
515
427
518
-0.2704
-0.9306
-0.1767
-10.2900
-3.3600
0.1400
399
466
515
427
519
-0.2660
-0.9243
-0.2157
-10.5700
-2.3100
-2.8000
392
458
515
428
523
-0.2791
-0.9174
-0.2191
-5.6000
-4.4100
-5.7400
377
442
516
431
527
-0.2762
-0.9311
-0.2284
-4.4800
-3.0100
-5.6700
356
420
516
433
530
-0.2635
-0.9306
-0.2411
-3.5700
-6.3700
-6.4400
335
396
517
438
545
-0.2674
-0.9316
-0.2430
-1.3300
-6.1600
-10.2900
314
375
520
445
547
-0.2289
-0.9223
-0.2582
-5.8100
-10.2900
-9.5200
295
349
521
451
548
-0.2747
-0.9145
-0.2445
-7.1400
-11.4100
-2.5200
291
329
522
453
552
-0.2582
-0.9179
-0.2874
-2.7300
-12.9500
-7.0000
287
313
523
454
559
-0.2757
-0.9218
-0.2513
-1.5400
-13.0200
-8.2600
280
305
523
455
564
-0.2616
-0.9228
-0.2860
5.5300
-13.7900
-11.3400
273
296
523
454
565
-0.2377
-0.9209
-0.2767
-3.5700
-12.6700
-7.9100
270
292
523
454
566
-0.2440
-0.9155
-0.2708
-0.6300
-8.0500
-6.5800
266
288
523
454
569
-0.2245
-0.9340
-0.2777
2.8700
5.0400
-0.2100
259
285
523
454
574
-0.2469
-0.9028
-0.2391
6.3700
-4.2000
0.0000
252
278
522
454
582
-0.2186
-0.9277
-0.2362
2.1700
-3.5700
-1.6800
244
273
521
453
598
-0.2552
-0.9248
-0.3699
3.4300
-7.3500
-5.5300
242
272
520
452
602
-0.2411
-0.9409
-0.2684
5.9500
-3.5000
-4.9000
243
274
520
452
600
-0.2406
-0.9418
-0.2523
1.1900
-3.9200
-6.6500
243
276
520
452
600
-0.2342
-0.9340
-0.2425
0.4200
-9.1700
-7.5600
243
276
520
452
594
-0.2518
-0.9487
-0.2747
8.1900
-0.2800
-3.4300
238
276
519
452
592
-0.2450
-0.9311
-0.2518
6.3700
-1.1200
-4.3400
235
274
516
452
589
-0.2328
-0.9365
-0.2377
1.1900
-1.9600
-2.5900
234
275
514
452
587
-0.2362
-0.9345
-0.2557
4.1300
-2.0300
-3.7800
235
277
513
452
586
-0.2284
-0.9316
-0.2460
3.0800
-3.0100
-4.4100
236
278
513
452
586
-0.2318
-0.9292
-0.2396
1.7500
-4.2000
-4.2000
236
279
513
453
588
-0.2255
-0.9306
-0.2435
0.0000
-3.6400
-5.1100
236
279
513
453
588
-0.2206
-0.9223
-0.2430
1.3300
-4.4100
-2.6600
237
280
513
453
587
-0.2303
-0.9252
-0.2474
3.0100
-2.8000
-2.2400
237
281
512
453
585
-0.2230
-0.9282
-0.2567
2.1000
-2.6600
-2.8700
237
281
512
453
584
-0.2250
-0.9394
-0.2430
0.4200
-4.2700
-1.0500
237
282
512
452
584
-0.2347
-0.9287
-0.2499
2.3100
-2.3800
-4.0600
238
283
512
452
585
-0.2264
-0.9292
-0.2406
-1.2600
-4.6200
-3.0800
239
284
511
452
581
-0.2386
-0.9282
-0.2611
-1.4700
-4.5500
-3.1500
239
285
510
452
576
-0.2255
-0.9560
-0.2679
2.0300
-4.6900
-7.8400
241
288
510
451
570
-0.2186
-0.9277
-0.2767
1.1200
-4.2700
-9.3800
244
291
510
450
569
-0.2279
-0.9179
-0.2621
-2.0300
-2.5900
-2.0300
252
299
511
449
568
-0.2396
-0.9116
-0.2777
1.1900
-2.5200
-2.9400
273
313
512
449
564
-0.2118
-0.9189
-0.2948
3.9900
7.7700
8.4000
310
357
513
451
547
-0.2245
-0.9301
-0.2557
-0.6300
3.7800
7.9100
334
388
512
451
529
-0.2503
-0.9150
-0.2826
-2.1000
-9.2400
1.4000
360
411
512
450
520
-0.2538
-0.9160
-0.2943
3.5000
-5.6700
4.2000
377
437
513
451
515
-0.2523
-0.9043
-0.2938
5.0400
-5.3200
1.4700
385
454
514
451
510
-0.2630
-0.9135
-0.2660
1.4000
-6.2300
-0.9800
389
469
517
452
510
-0.2660
-0.9194
-0.2557
6.3700
-4.9700
-0.7000
394
477
518
453
504
-0.2796
-0.9116
-0.2582
3.2900
-6.7900
-5.3900
395
479
518
454
501
-0.2982
-0.9179
-0.2406
8.6800
-4.9700
-4.2700
396
480
518
454
503
-0.2933
-0.9414
-0.2577
2.5200
8.1200
-9.7300
396
480
519
453
500
-0.2201
-0.8999
-0.2806
-0.9100
-0.2100
0.8400
396
480
519
453
505
-0.2567
-0.9013
-0.2874
-0.0700
-5.1100
-2.1700
396
479
519
453
505
-0.2557
-0.9033
-0.2674
4.3400
-3.4300
-0.6300
395
478
519
453
505
-0.2655
-0.9077
-0.2777
1.2600
-3.0100
-0.4900
395
477
519
453
509
-0.2396
-0.9140
-0.2479
4.7600
-5.6700
0.7000
396
477
520
453
508
-0.2806
-0.9223
-0.2894
-1.7500
-2.1700
-3.4300
396
477
519
453
505
-0.2699
-0.9111
-0.2704
1.3300
-0.4900
-2.5900
396
477
519
453
506
-0.2664
-0.8965
-0.2684
6.9300
0.3500
-4.1300
397
477
519
453
502
-0.2386
-0.9331
-0.2562
3.9900
-3.6400
-4.5500
397
477
519
453
503
-0.2611
-0.9213
-0.3050
1.1200
-0.5600
-1.1900
397
476
519
453
503
-0.2606
-0.9160
-0.2650
1.9600
-2.3100
-4.8300
397
467
519
453
501
-0.2606
-0.9057
-0.2621
-1.7500
-3.5700
-6.8600
370
426
519
453
504
-0.2508
-0.8935
-0.2879
3.3600
-5.5300
-4.0600
325
359
519
453
505
-0.2640
-0.9218
-0.2816
9.4500
-4.9700
-3.6400
292
313
518
453
505
-0.2596
-0.9140
-0.2640
4.1300
-6.7200
-4.6200
272
300
517
453
507
-0.2533
-0.9326
-0.2489
7.7700
-5.8800
-4.6200
261
290
514
452
507
-0.2347
-0.9252
-0.2469
7.7700
-3.4300
-5.3900
256
286
513
450
506
-0.2250
-0.9316
-0.2377
5.1800
-9.1700
-6.6500
254
283
513
450
507
-0.2328
-0.9262
-0.2401
3.0100
-9.2400
-3.4300
255
282
515
450
509
-0.2523
-0.9150
-0.2318
2.5900
-7.6300
-5.9500
256
282
517
449
506
-0.2328
-0.9272
-0.2245
1.4000
-10.1500
-1.8900
256
282
518
447
491
-0.2225
-0.9238
-0.2230
0.6300
-7.4900
-5.6000
256
282
520
447
485
-0.2181
-0.9414
-0.2094
3.3600
-4.9700
-5.3200
257
282
520
446
470
-0.2357
-0.9252
-0.2933
7.2800
-3.5700
-3.0100
258
283
521
445
442
-0.2098
-0.9755
-0.2220
8.0500
-1.6800
-1.3300
259
284
521
444
444
-0.2191
-0.9521
-0.1986
4.6200
0.9800
3.9200
260
285
522
444
478
-0.1928
-0.9462
-0.2098
2.8700
-7.7700
-4.9700
261
285
522
442
502
-0.1986
-0.9433
-0.2035
-0.4200
-10.5000
-4.4800
261
286
522
442
505
-0.1991
-0.9643
-0.2094
3.3600
-4.9000
-5.7400
262
286
522
443
508
-0.2089
-0.9536
-0.1947
2.7300
-5.3900
-3.4300
262
287
522
443
515
-0.1976
-0.9467
-0.1923
3.9900
-3.0800
-3.4300
263
287
522
443
514
-0.2098
-0.9399
-0.1942
1.6800
-2.8700
-2.9400
262
287
521
444
518
-0.2147
-0.9306
-0.1996
-0.0700
-7.1400
-1.5400
262
288
521
444
518
-0.2025
-0.9370
-0.2025
-0.5600
-5.8100
-0.9800
262
288
521
444
521
-0.1976
-0.9428
-0.2089
2.3800
-3.1500
-1.6800
262
289
521
444
525
-0.1918
-0.9579
-0.2084
5.1100
-3.4300
-3.4300
262
289
521
444
529
-0.2011
-0.9711
-0.1981
2.4500
-4.9000
-5.1800
263
289
521
444
531
-0.1991
-0.9609
-0.2006
4.3400
-4.1300
-5.0400
263
290
521
444
531
-0.2059
-0.9394
-0.1874
1.2600
-3.2900
-3.3600
263
290
521
444
533
-0.1986
-0.9492
-0.1893
2.3100
-5.0400
-5.3200
263
290
521
445
533
-0.1967
-0.9443
-0.1913
-1.3300
-4.6200
-2.8000
263
290
521
444
530
-0.2035
-0.9531
-0.1991
-4.7600
-1.4000
-6.5100
263
292
521
445
533
-0.2167
-0.9296
-0.2108
-1.9600
2.4500
-3.1500
265
298
521
445
521
-0.1786
-0.9457
-0.2425
0.9800
7.7700
-0.2800
280
320
518
448
516
-0.1796
-0.9467
-0.2323
-1.6800
-0.2800
1.6100
297
337
516
448
507
-0.1908
-0.9262
-0.2235
-6.1600
-2.7300
0.2800
321
373
513
447
501
-0.2318
-0.9477
-0.2518
-5.9500
-5.5300
-1.8200
345
399
512
447
495
-0.2313
-0.9204
-0.2347
7.7700
-3.7100
-3.5700
368
426
513
447
486
-0.2137
-0.9238
-0.2396
6.9300
0.3500
3.1500
382
442
514
448
481
-0.2323
-0.9448
-0.2367
4.6900
1.1900
1.1900
394
458
517
450
479
-0.2455
-0.9335
-0.2425
9.6600
3.6400
5.6000
398
470
519
451
474
-0.2362
-0.9692
-0.2411
10.1500
1.4700
-2.1700
398
479
521
453
471
-0.2294
-0.9443
-0.2216
9.8700
-1.4700
-4.1300
399
483
523
454
469
-0.2381
-0.9374
-0.2050
3.2200
-2.3100
-1.0500
399
484
523
454
468
-0.2328
-0.9277
-0.2054
0.5600
-7.2800
-2.7300
399
484
523
455
468
-0.2460
-0.9345
-0.2045
-0.5600
-8.3300
-2.2400
399
484
524
455
468
-0.2259
-0.9428
-0.2045
5.1800
-2.6600
-1.8200
398
484
524
456
468
-0.2362
-0.9472
-0.2147
-0.8400
-4.4800
-2.8000
398
484
524
455
466
-0.2479
-0.9277
-0.2128
2.9400
-4.4800
-3.7100
398
484
524
454
468
-0.2323
-0.9404
-0.2035
0.0700
-4.8300
-1.9600
398
484
524
454
466
-0.2406
-0.9374
-0.2128
1.7500
-3.9200
-1.6100
398
483
524
454
468
-0.2391
-0.9394
-0.2089
0.7000
-2.4500
-2.4500
398
483
524
454
466
-0.2391
-0.9496
-0.2074
2.3100
-6.3000
-4.9700
400
484
525
455
468
-0.2318
-0.9389
-0.2069
0.0700
-4.1300
-2.5900
401
485
525
455
465
-0.2357
-0.9228
-0.2113
2.4500
-4.7600
-2.2400
401
485
524
454
468
-0.2372
-0.9418
-0.2094
-0.4200
-4.2000
-3.5000
401
484
524
454
468
-0.2308
-0.9331
-0.2142
0.7700
-4.6200
-4.2000
401
484
524
454
468
-0.2235
-0.9355
-0.2181
-0.4900
-4.6200
-1.1200
400
483
524
453
468
-0.2430
-0.9443
-0.2269
3.9900
-1.6100
-2.2400
392
480
524
452
475
-0.2391
-0.9506
-0.2025
9.0300
-0.0700
-5.1100
376
460
524
452
492
-0.2157
-0.9453
-0.2137
1.7500
-4.2700
-1.5400
353
442
524
454
505
-0.2294
-0.9462
-0.2001
0.4900
-8.2600
-1.6800
301
400
524
454
519
-0.2250
-0.9379
-0.1942
3.2900
-8.9600
-9.5200
270
361
524
454
524
-0.2445
-0.9428
-0.1869
10.0100
-1.9600
-8.3300
246
333
524
454
517
-0.2372
-0.9496
-0.1703
23.5200
0.1400
-3.9900
235
318
525
454
513
-0.2191
-0.9565
-0.1401
16.3800
-7.7700
-4.9000
230
309
525
452
509
-0.2074
-0.9575
-0.1435
13.3000
-8.5400
-4.9700
228
305
525
452
500
-0.2045
-0.9599
-0.1303
6.5800
-16.3800
-8.1200
227
303
525
451
499
-0.2123
-0.9853
-0.1191
2.9400
-10.4300
-9.1700
228
305
525
450
501
-0.1996
-0.9701
-0.1132
0.6300
-4.1300
-5.6000
229
307
525
448
514
-0.1937
-0.9374
-0.1069
-4.7600
-8.1900
-3.7100
230
308
525
448
532
-0.1996
-0.9467
-0.1020
-3.0800
-4.9700
-2.2400
231
308
525
448
544
-0.1942
-0.9643
-0.1157
2.1700
-3.0800
-1.8200
231
308
525
448
545
-0.1991
-0.9760
-0.1098
3.7800
-4.3400
-5.9500
232
308
525
448
543
-0.1850
-0.9638
-0.1171
0.7700
-5.4600
-2.9400
231
308
525
448
546
-0.2084
-0.9833
-0.1210
-0.2100
-3.0100
-2.5900
232
308
525
448
545
-0.1986
-0.9677
-0.1220
4.9700
-1.2600
-3.4300
232
309
525
448
546
-0.1874
-0.9706
-0.1225
2.3800
-5.3200
-3.6400
233
311
525
448
544
-0.2054
-0.9609
-0.1152
-2.8700
-2.5200
-1.8900
234
313
525
449
546
-0.2103
-0.9443
-0.1113
1.6800
-3.2900
-2.4500
235
314
525
449
546
-0.1928
-0.9604
-0.1113
-1.9600
-3.5000
-4.3400
235
315
525
449
545
-0.2006
-0.9711
-0.1142
0.7000
-8.1200
-4.0600
235
315
525
449
543
-0.1879
-0.9648
-0.1313
1.0500
-8.4700
-2.4500
236
315
525
449
548
-0.2220
-0.9672
-0.1347
-3.7100
-3.2900
0.4900
236
316
525
449
546
-0.1913
-0.9599
-0.1259
0.2800
-1.8900
-1.2600
237
316
525
451
544
-0.1952
-0.9423
-0.1142
-7.4900
-6.6500
1.6800
237
316
524
451
546
-0.2054
-0.9350
-0.1327
1.8200
-10.6400
-2.9400
237
317
524
451
550
-0.2250
-0.9570
-0.1142
-0.2100
-7.6300
-1.5400
237
317
524
451
553
-0.2240
-0.9331
-0.1244
0.7700
-2.5900
-1.6800
237
317
524
451
554
-0.2133
-0.9618
-0.1152
2.9400
-3.6400
-2.1700
238
317
524
451
552
-0.2162
-0.9516
-0.1332
0.9800
-3.0100
-1.2600
238
317
524
451
552
-0.2157
-0.9560
-0.1318
-1.4000
-1.0500
0.0700
238
317
524
451
552
-0.2147
-0.9643
-0.1298
-0.1400
6.4400
-2.3800
239
321
524
451
530
-0.2245
-0.9487
-0.1318
5.1100
2.5900
-2.6600
255
342
522
452
518
-0.1776
-0.9594
-0.1562
-4.6900
-5.2500
0.0700
266
358
521
451
504
-0.2411
-0.9252
-0.1732
-1.6800
0.0000
-4.7600
283
384
520
450
498
-0.2250
-0.9355
-0.1503
-4.6900
-2.6600
-0.2100
291
389
519
449
495
-0.2176
-0.9379
-0.1693
-7.6300
-1.0500
-1.8200
303
406
519
449
490
-0.2396
-0.9360
-0.1957
-10.4300
-3.8500
2.4500
344
444
520
450
482
-0.2279
-0.9155
-0.1923
-8.1200
-7.1400
2.1000
369
465
521
451
477
-0.2450
-0.9262
-0.2054
-5.8100
-5.3900
1.6100
383
478
522
453
463
-0.2396
-0.9326
-0.1830
-4.9000
-6.0200
-0.5600
390
484
522
454
453
-0.2523
-0.9277
-0.2323
0.8400
-5.2500
-5.2500
392
486
523
455
441
-0.2420
-0.9340
-0.2142
-0.1400
-5.2500
-3.5700
394
487
523
456
431
-0.2582
-0.9199
-0.2220
0.0700
-6.7900
-6.3700
395
488
524
457
420
-0.2391
-0.9218
-0.2250
4.3400
-7.9800
-5.5300
395
488
524
457
415
-0.2367
-0.9365
-0.2225
3.7800
-5.2500
-4.6900
395
488
524
457
415
-0.2469
-0.9453
-0.2284
4.4100
-4.0600
-6.3000
395
488
524
457
414
-0.2401
-0.9414
-0.2123
2.4500
-3.8500
-4.4800
395
488
524
457
413
-0.2440
-0.9360
-0.2230
-0.2100
-1.6100
-3.3600
395
488
524
457
422
-0.2435
-0.9355
-0.2133
-8.3300
-10.9900
-9.8700
394
487
524
457
460
-0.2425
-0.9301
-0.2318
-3.6400
-5.6700
-1.5400
393
486
524
456
484
-0.2318
-0.9316
-0.2328
-7.4200
-1.6800
-4.4100
392
486
524
456
512
-0.2445
-0.9145
-0.2572
0.5600
0.3500
-0.9100
391
485
524
455
531
-0.2137
-0.9399
-0.2430
0.4200
-3.3600
-5.4600
390
483
524
455
543
-0.2216
-0.9155
-0.2542
2.2400
-0.2800
0.0000
388
481
524
454
563
-0.2362
-0.9126
-0.2147
6.9300
-1.0500
-0.8400
382
476
524
454
577
-0.2357
-0.9379
-0.2274
8.9600
-0.7000
-8.5400
374
473
524
454
591
-0.2362
-0.9360
-0.2191
7.0000
-2.1000
-6.5100
372
474
525
454
612
-0.2245
-0.9301
-0.2289
4.1300
-3.7100
-1.7500
368
474
525
453
625
-0.2342
-0.9545
-0.2250
6.0200
-3.6400
-0.8400
364
471
525
453
631
-0.2362
-0.9472
-0.2216
2.9400
-2.9400
-2.3100
362
471
525
453
631
-0.2201
-0.9374
-0.2147
1.1900
-3.0800
-3.7800
360
469
525
453
624
-0.2401
-0.9321
-0.2220
-0.7000
-8.4000
-3.9900
355
465
525
453
616
-0.2274
-0.9409
-0.2338
6.6500
-2.4500
-2.8000
343
458
525
452
609
-0.2323
-0.9477
-0.2245
3.2200
-3.7800
-2.2400
334
454
525
452
603
-0.2250
-0.9604
-0.2069
5.6700
-2.2400
-10.3600
317
441
525
451
598
-0.2430
-0.9511
-0.1991
5.1800
-2.1700
-2.9400
291
402
524
450
595
-0.2318
-0.9287
-0.1986
5.9500
-6.0200
-1.1900
250
328
523
450
597
-0.2084
-0.9555
-0.1864
12.6000
-5.6000
-3.4300
234
308
523
450
594
-0.2191
-0.9536
-0.1591
6.0900
-5.6700
-1.9600
224
297
522
450
595
-0.2303
-0.9609
-0.1947
7.3500
-4.4100
-2.7300
222
294
522
450
596
-0.2303
-0.9521
-0.1649
3.5000
-2.3100
-5.1100
216
290
519
449
595
-0.2240
-0.9819
-0.1674
5.7400
-6.0200
-7.4200
212
285
515
448
595
-0.2294
-0.9555
-0.1654
4.8300
-6.3700
-1.7500
212
287
515
448
593
-0.2230
-0.9599
-0.1557
3.4300
-3.7100
-2.8700
214
290
516
448
576
-0.2289
-0.9550
-0.1684
1.6100
-5.2500
-2.2400
216
292
516
449
556
-0.2411
-0.9399
-0.1484
-1.5400
-7.7700
-7.3500
217
293
516
448
541
-0.2157
-0.9487
-0.1786
2.4500
-6.0200
-4.3400
218
294
516
448
532
-0.2338
-0.9521
-0.1845
0.9800
-4.6900
-2.8000
218
295
516
447
527
-0.2411
-0.9594
-0.1723
3.3600
-3.8500
-3.2200
219
296
516
447
530
-0.2176
-0.9618
-0.1581
1.6100
-3.7100
-0.4900
220
297
516
447
529
-0.2250
-0.9677
-0.1835
1.6100
-2.5200
-4.2700
221
297
517
447
529
-0.2172
-0.9472
-0.1752
2.1000
-4.1300
-4.0600
221
298
516
447
532
-0.2225
-0.9521
-0.1723
3.3600
-3.7800
-3.8500
221
298
517
447
534
-0.2289
-0.9565
-0.1625
2.5200
-3.7800
-3.1500
221
297
517
447
533
-0.2089
-0.9453
-0.1674
-0.1400
-4.8300
-2.6600
221
298
517
447
535
-0.2186
-0.9521
-0.1547
-5.3200
-3.0800
-4.2000
221
298
517
447
533
-0.2269
-0.9462
-0.1791
2.4500
-4.3400
-5.9500
222
298
517
446
529
-0.2040
-0.9638
-0.1781
-1.6100
-5.9500
-4.6200
222
298
517
446
529
-0.2094
-0.9453
-0.1864
0.9800
-5.1800
-4.9700
222
299
517
446
532
-0.2123
-0.9516
-0.1874
2.2400
-6.9300
-2.6600
222
299
517
446
532
-0.2001
-0.9516
-0.1752
3.7800
-6.1600
-4.5500
222
299
517
446
530
-0.2054
-0.9628
-0.1898
4.2000
-4.4100
-5.1100
223
300
517
446
532
-0.2025
-0.9521
-0.1806
1.8900
-3.6400
-4.6900
223
300
517
446
532
-0.2006
-0.9555
-0.1820
4.6900
-4.2700
-1.6800
224
302
517
446
530
-0.2235
-0.9609
-0.1869
1.8200
4.6200
1.4700
227
309
516
447
540
-0.1967
-0.9350
-0.1776
-26.5300
-7.9800
11.6900
253
342
514
450
529
-0.2255
-0.9267
-0.0888
-3.9200
-1.6100
0.7700
308
408
516
450
508
-0.2372
-0.9379
-0.2211
11.4100
-3.7800
1.2600
338
432
517
451
495
-0.2377
-0.9550
-0.2079
1.3300
-2.8000
2.1000
353
448
517
451
489
-0.2625
-0.9321
-0.2269
1.8200
-0.8400
-2.1000
370
465
519
452
478
-0.2386
-0.9140
-0.2279
10.0800
-1.0500
-2.5200
379
475
520
453
472
-0.2469
-0.9516
-0.2211
12.8800
-1.0500
-2.3800
384
480
521
454
467
-0.2586
-0.9301
-0.1947
1.8200
-3.7800
-2.7300
385
480
521
454
467
-0.2489
-0.9316
-0.2118
-2.2400
-4.4800
-1.8200
385
481
521
454
467
-0.2655
-0.9374
-0.2108
2.0300
-4.4800
-6.3000
386
482
521
454
466
-0.2601
-0.9335
-0.1986
-4.7600
-4.0600
-5.4600
387
484
521
454
465
-0.2606
-0.9267
-0.2191
-7.1400
-2.1000
-4.2000
390
487
523
455
462
-0.2464
-0.9262
-0.2528
2.0300
-3.7800
-4.1300
397
491
524
457
462
-0.2562
-0.9321
-0.2645
0.4900
-3.2200
-1.9600
401
493
525
457
456
-0.2450
-0.9355
-0.2479
4.0600
-3.2900
-4.4800
402
494
525
458
454
-0.2460
-0.9301
-0.2420
6.3000
-3.6400
-5.0400
403
494
526
458
449
-0.2425
-0.9218
-0.2318
5.6000
-5.7400
-4.3400
403
494
526
458
452
-0.2508
-0.9243
-0.2313
3.5700
-7.2800
-5.3200
402
494
526
458
452
-0.2557
-0.9472
-0.2338
-3.3600
-10.2200
-10.3600
402
494
526
458
460
-0.2425
-0.9340
-0.2357
2.4500
-4.2700
-5.3200
402
494
526
458
472
-0.2372
-0.9272
-0.2396
4.9000
-2.5200
-4.2000
402
493
526
458
479
-0.2533
-0.9374
-0.2279
-1.9600
-4.9700
-3.9200
402
493
526
458
492
-0.2391
-0.9262
-0.2303
0.4200
-3.3600
-2.5900
402
493
526
458
503
-0.2294
-0.9326
-0.2464
3.4300
-5.8800
-7.1400
402
493
526
457
516
-0.2186
-0.9389
-0.2342
1.6800
-4.2000
-7.5600
402
493
526
457
522
-0.2298
-0.9418
-0.2450
3.2900
0.9100
-4.4800
402
494
526
456
537
-0.2069
-0.9311
-0.2245
-3.0100
-5.3200
-4.1300
402
494
526
456
561
-0.2196
-0.9355
-0.2460
6.4400
-1.6800
-1.3300
402
494
526
456
580
-0.2162
-0.9267
-0.2386
1.8900
4.4800
2.3100
395
492
526
456
606
-0.2235
-0.9287
-0.2328
4.8300
6.4400
3.3600
379
478
526
456
619
-0.1918
-0.9189
-0.2338
34.2300
10.5000
-0.9800
339
429
525
456
621
-0.2118
-0.9814
-0.1732
18.4100
2.6600
-5.1100
285
359
524
456
636
-0.2230
-0.9623
-0.1879
15.5400
-12.7400
-5.8800
244
312
524
455
640
-0.2142
-0.9687
-0.1566
15.6800
-2.5900
-3.3600
233
301
522
454
639
-0.2396
-0.9511
-0.1220
5.8800
-9.3100
-0.7700
224
291
520
453
645
-0.2601
-0.9643
-0.1415
7.6300
-4.2000
-4.2700
219
289
518
452
649
-0.2342
-0.9604
-0.1293
0.5600
-4.2700
-3.2900
217
288
516
451
652
-0.2142
-0.9575
-0.1357
-3.0100
-4.4100
-3.3600
218
289
516
450
652
-0.2347
-0.9604
-0.1386
-0.7000
-5.2500
-3.9200
219
291
516
450
650
-0.2440
-0.9618
-0.1464
1.1900
-5.0400
-6.7200
220
291
516
450
637
-0.2318
-0.9623
-0.1454
-1.5400
-7.0700
-7.1400
220
291
516
450
621
-0.2333
-0.9506
-0.1576
3.9200
-6.3700
-6.1600
221
290
516
450
606
-0.2011
-0.9838
-0.1425
5.2500
-11.3400
-7.6300
222
290
517
450
582
-0.2245
-0.9916
-0.1410
3.2900
-5.7400
-6.8600
223
291
517
449
555
-0.2186
-0.9716
-0.1420
-1.2600
-1.3300
-6.0900
223
292
517
448
532
-0.2094
-0.9584
-0.1435
-4.3400
-5.6000
-6.3700
224
292
518
447
531
-0.2103
-0.9282
-0.1757
-5.6000
0.2800
-6.0900
224
292
519
446
527
-0.2137
-0.9335
-0.1571
-5.4600
0.2800
-1.4700
225
292
520
443
517
-0.2255
-0.9189
-0.2128
-1.4700
2.8000
-1.7500
225
291
521
441
518
-0.2079
-0.9355
-0.2054
-1.2600
1.3300
0.2800
225
290
522
439
516
-0.2181
-0.9701
-0.1752
-0.9100
5.6000
-4.4800
225
287
522
439
513
-0.1674
-0.9467
-0.2064
2.1000
1.6800
-0.9800
226
287
522
439
515
-0.1762
-0.9701
-0.1840
2.5900
-3.3600
-4.0600
226
288
522
439
516
-0.1947
-0.9536
-0.2147
3.2200
-4.6200
-6.4400
226
289
522
440
514
-0.1903
-0.9399
-0.2030
2.8700
-4.4100
-3.9200
226
289
522
440
518
-0.1806
-0.9618
-0.1986
1.6100
-7.6300
-4.6200
227
290
522
440
517
-0.1903
-0.9477
-0.2059
2.1700
-8.1200
-2.6600
227
291
521
441
517
-0.2074
-0.9428
-0.2035
2.7300
-10.2200
-0.7700
228
291
521
441
518
-0.1967
-0.9487
-0.1918
-1.0500
-5.0400
-0.3500
228
292
521
441
518
-0.2084
-0.9579
-0.1918
0.9100
-5.8800
-1.0500
228
293
521
441
517
-0.2084
-0.9604
-0.1932
2.4500
-5.8100
0.2100
228
293
521
441
520
-0.2030
-0.9584
-0.1947
4.9000
-4.1300
-1.1200
228
295
521
441
519
-0.2011
-0.9570
-0.1928
4.3400
-4.0600
-2.8000
229
297
521
441
520
-0.2206
-0.9443
-0.1869
6.3700
-4.9000
-3.2900
229
297
521
441
524
-0.2152
-0.9604
-0.1874
3.1500
-5.3200
-3.5000
229
297
520
441
521
-0.2196
-0.9457
-0.1918
1.6800
-2.8700
1.4000
231
300
520
441
520
-0.2230
-0.9296
-0.1864
8.0500
-0.4200
-1.7500
233
304
520
442
527
-0.2611
-0.9506
-0.1688
3.7100
-1.5400
-0.3500
245
324
519
443
511
-0.2401
-0.9360
-0.1669
8.4000
0.7000
4.9000
279
364
516
443
502
-0.2464
-0.9609
-0.1806
3.6400
4.6900
0.8400
321
416
516
444
487
-0.2284
-0.9692
-0.1581
-1.8900
2.3100
-3.2200
351
445
517
445
478
-0.2289
-0.9526
-0.1771
-2.5200
-6.3000
-0.8400
368
464
518
447
467
-0.2123
-0.9623
-0.1903
0.0700
-0.1400
-0.9800
382
479
520
448
452
-0.2069
-0.9506
-0.1723
8.1200
-0.7700
2.3800
386
483
521
448
446
-0.2396
-0.9648
-0.1752
0.8400
-4.2700
-4.6900
390
486
521
449
441
-0.2489
-0.9531
-0.1986
9.3100
-0.2800
-5.6000
391
488
522
450
439
-0.2284
-0.9423
-0.1596
3.3600
-3.1500
0.7700
391
488
522
450
439
-0.2406
-0.9618
-0.1698
-3.7800
-2.2400
0.1400
391
488
522
450
440
-0.2323
-0.9296
-0.1688
0.9100
-3.5700
-0.7700
391
487
522
450
443
-0.2484
-0.9360
-0.1752
1.9600
-3.5000
-4.2000
391
487
522
450
441
-0.2342
-0.9555
-0.1693
2.2400
-4.2700
-5.1800
391
487
522
450
442
-0.2406
-0.9379
-0.1952
3.9900
-3.7100
-1.6100
392
487
522
450
441
-0.2372
-0.9511
-0.1708
2.4500
-3.7800
-0.2800
392
487
522
450
443
-0.2420
-0.9662
-0.1601
-0.7700
-1.7500
-2.3800
392
487
522
449
440
-0.2357
-0.9423
-0.1825
-0.7700
-2.9400
-4.6200
392
487
522
449
443
-0.2401
-0.9209
-0.1991
6.3000
-3.5700
-1.8200
392
487
522
449
443
-0.2430
-0.9384
-0.1713
13.5100
-3.9200
-0.0700
392
487
522
450
442
-0.2425
-0.9931
-0.1303
-2.7300
-3.2200
-5.6700
392
487
523
450
440
-0.2411
-0.9228
-0.1771
-11.8300
-1.1200
-3.1500
392
487
523
449
443
-0.2240
-0.9316
-0.1728
4.4800
-3.2200
-4.4800
392
487
523
449
442
-0.2240
-0.9482
-0.1659
0.0000
-3.2900
-3.5700
391
486
522
449
447
-0.2318
-0.9389
-0.1688
3.6400
-4.3400
-7.8400
390
485
523
448
449
-0.2172
-0.9472
-0.1669
2.5900
-4.5500
-6.8600
390
484
523
448
449
-0.2201
-0.9599
-0.2011
-7.9800
-2.3100
-3.7100
389
483
522
449
457
-0.2162
-0.9414
-0.2128
-4.1300
-8.4000
-4.8300
387
483
522
449
486
-0.2250
-0.9379
-0.1947
0.8400
-1.4700
-5.2500
387
484
522
450
509
-0.2328
-0.9477
-0.2137
0.2800
-1.5400
-2.5900
373
473
521
450
545
-0.1972
-0.9316
-0.1630
-6.2300
3.2900
5.0400
354
448
520
451
565
-0.3182
-0.9057
-0.2162
6.5100
-4.2700
2.1000
309
392
520
451
570
-0.2860
-0.9545
-0.2181
11.5500
-2.2400
-7.0700
256
320
518
450
585
-0.2513
-0.9560
-0.1898
8.7500
-7.7000
-10.9900
234
297
518
449
591
-0.2245
-0.9453
-0.1869
7.4200
-6.3000
-9.9400
228
288
518
450
588
-0.2196
-0.9653
-0.3206
9.2400
-4.4100
-5.6000
230
291
519
452
589
-0.2391
-0.9438
-0.1518
11.2000
-3.9200
-4.1300
230
288
520
453
584
-0.2094
-0.9687
-0.1259
-0.4200
-3.4300
-0.4200
229
285
520
453
581
-0.2323
-0.9540
-0.1381
1.8200
-2.0300
0.1400
229
285
521
453
576
-0.2255
-0.9384
-0.1181
11.2000
-1.0500
1.8200
230
286
522
454
571
-0.2420
-0.9628
-0.0859
3.5700
-3.1500
-0.9800
231
287
523
454
567
-0.2313
-0.9687
-0.1142
3.5700
-3.7800
-4.4800
231
288
523
453
565
-0.2250
-0.9555
-0.1035
3.6400
-3.2200
-2.9400
232
289
523
453
559
-0.2196
-0.9604
-0.1147
2.8700
-2.2400
-4.2000
232
290
523
453
551
-0.2196
-0.9628
-0.1064
3.9200
-3.5700
-4.2000
233
290
523
453
547
-0.2137
-0.9692
-0.0961
0.4200
-3.8500
-2.3100
233
291
523
452
547
-0.2245
-0.9550
-0.0986
4.0600
-2.8000
-4.2000
233
291
523
452
546
-0.2181
-0.9501
-0.0996
3.0100
-3.8500
-2.2400
234
292
523
451
544
-0.2220
-0.9638
-0.1000
1.8200
-3.9200
-2.9400
234
293
523
451
544
-0.2216
-0.9560
-0.1010
3.9900
-4.4100
-3.1500
234
293
523
451
546
-0.2181
-0.9872
-0.1059
0.0700
-2.6600
-2.8700
235
293
523
451
546
-0.1967
-0.9579
-0.1069
1.5400
-1.6800
-4.2000
235
294
524
451
543
-0.2084
-0.9623
-0.0913
2.8000
-3.5000
-1.5400
235
294
524
451
546
-0.2294
-0.9672
-0.0996
1.4700
-2.0300
-3.0100
236
295
524
451
546
-0.2157
-0.9604
-0.1054
1.0500
-3.6400
-3.5700
236
295
524
453
543
-0.2079
-0.9638
-0.0927
2.5200
-2.2400
-0.4900
236
296
524
454
543
-0.2191
-0.9697
-0.0942
2.9400
-0.9100
-0.1400
237
296
524
455
548
-0.2045
-0.9638
-0.0766
1.9600
-2.0300
-3.7100
237
297
524
455
548
-0.2108
-0.9638
-0.0922
2.8000
-4.2000
-3.1500
237
298
524
456
545
-0.2191
-0.9672
-0.0869
-1.4700
-3.0100
-0.8400
238
299
524
456
546
-0.2137
-0.9389
-0.1044
-19.0400
-3.5700
0.6300
240
307
523
455
549
-0.2352
-0.9087
-0.1274
-3.5000
-5.7400
-3.7800
241
309
521
453
545
-0.2137
-0.9731
-0.1459
-2.9400
-7.9100
-7.8400
263
336
518
450
535
-0.2406
-0.9565
-0.1596
-13.3000
-7.0700
2.1700
289
377
517
445
529
-0.2357
-0.9482
-0.1606
-5.1800
-8.3300
-1.5400
318
413
518
442
522
-0.2401
-0.9384
-0.1659
-3.5000
-7.3500
-4.2000
345
440
519
442
510
-0.2503
-0.9609
-0.1669
-0.9800
-9.3100
-1.7500
366
461
520
444
494
-0.2328
-0.9609
-0.1659
9.6600
-1.1200
-1.1900
376
474
521
447
479
-0.2255
-0.9692
-0.1503
-6.7200
-3.9900
-3.0100
382
480
522
447
461
-0.2435
-0.9306
-0.1459
-10.5000
-2.3100
0.6300
386
485
522
449
439
-0.2460
-0.9462
-0.1679
10.6400
-7.4900
-5.1100
389
487
523
451
424
-0.2333
-0.9531
-0.1591
3.8500
-3.6400
0.3500
391
489
523
453
415
-0.2401
-0.9550
-0.1635
1.2600
-6.0200
-1.1900
392
490
524
453
408
-0.2435
-0.9409
-0.1562
2.3100
-2.6600
-3.9200
393
491
524
454
406
-0.2342
-0.9594
-0.1713
4.4800
-4.1300
-6.3000
394
491
524
454
405
-0.2313
-0.9540
-0.1889
13.0900
-3.9200
-5.8100
394
492
525
455
404
-0.2411
-0.9662
-0.1566
4.4800
-2.4500
-4.2000
395
492
525
455
403
-0.2313
-0.9531
-0.1586
2.2400
-2.6600
-1.8900
395
492
525
455
403
-0.2518
-0.9487
-0.1562
2.8700
-3.9200
-3.8500
395
492
525
455
403
-0.2328
-0.9618
-0.1557
2.7300
-4.9700
-3.9900
395
492
525
455
404
-0.2401
-0.9540
-0.1547
5.1800
-4.8300
-6.0900
395
492
525
455
403
-0.2460
-0.9531
-0.1381
3.2200
-3.1500
-5.8800
396
492
525
455
409
-0.2377
-0.9623
-0.1454
0.2100
-1.4700
-1.8200
396
492
525
455
411
-0.2357
-0.9540
-0.1635
-0.4200
4.1300
-2.5200
393
486
525
455
413
-0.2294
-0.9350
-0.1610
0.6300
2.5900
-4.1300
373
457
525
455
419
-0.2416
-0.9414
-0.1659
1.3300
0.4200
-4.4800
332
387
525
455
426
-0.2142
-0.9565
-0.1449
1.7500
-3.2200
-4.2000
285
332
525
455
434
-0.2240
-0.9296
-0.1405
3.6400
-8.8900
-3.3600
261
309
525
454
446
-0.2450
-0.9370
-0.1542
0.0700
-4.9700
-7.4200
251
303
524
453
472
-0.2445
-0.9643
-0.1552
-1.6800
-9.5200
-23.8700
249
303
525
452
495
-0.1723
-0.9433
-0.1615
3.7100
-7.0000
-5.8100
245
297
525
451
518
-0.2313
-0.9716
-0.1859
14.8400
-4.4100
-1.1200
240
293
525
451
530
-0.1518
-0.9623
-0.1449
4.3400
-8.4700
-3.3600
233
285
524
450
546
-0.2069
-0.9745
-0.1381
11.4800
-0.8400
0.4200
226
281
523
449
574
-0.2050
-0.9516
-0.1098
0.6300
-2.5200
-0.9800
222
280
521
448
588
-0.1869
-0.9633
-0.1425
11.2000
-2.3100
-2.9400
219
279
519
447
591
-0.2045
-0.9638
-0.1142
3.0800
-0.9100
-5.4600
219
281
518
448
586
-0.1840
-0.9506
-0.1191
4.1300
-0.2100
-2.0300
219
282
518
448
575
-0.2059
-0.9740
-0.1005
3.4300
-2.6600
-2.2400
220
283
518
448
556
-0.1981
-0.9750
-0.1122
5.1800
-4.2700
-5.2500
221
283
519
448
545
-0.2025
-0.9750
-0.0947
4.3400
-3.9200
-5.3200
222
284
519
448
527
-0.1869
-0.9584
-0.0956
2.5900
-2.5200
-1.6800
223
284
520
448
513
-0.1820
-0.9575
-0.0888
3.6400
-0.7000
-0.7700
223
285
521
448
513
-0.1957
-0.9638
-0.0956
-1.0500
-1.0500
-1.1900
224
285
521
448
513
-0.1840
-0.9682
-0.0956
2.6600
-2.1700
-3.9900
225
286
521
448
511
-0.1806
-0.9682
-0.1039
5.7400
-4.2700
-4.5500
225
287
521
448
512
-0.1903
-0.9809
-0.0903
0.4200
-3.6400
-3.9900
226
287
521
449
511
-0.1879
-0.9692
-0.0976
2.7300
-5.3200
-4.3400
227
288
521
449
509
-0.1928
-0.9648
-0.0752
-0.6300
-3.2900
-4.0600
227
288
521
449
511
-0.1762
-0.9633
-0.0820
0.7700
-5.4600
-3.4300
227
289
521
449
512
-0.1913
-0.9609
-0.0820
-5.2500
-3.9900
-2.5200
228
289
522
449
509
-0.1820
-0.9540
-0.0986
3.2900
-3.3600
-2.7300
228
289
522
449
511
-0.1732
-0.9711
-0.0839
0.8400
-3.5700
-2.2400
228
290
521
449
509
-0.1903
-0.9643
-0.1059
0.7700
-4.6200
-3.7800
228
290
521
449
511
-0.1845
-0.9687
-0.0966
-1.4700
-3.9200
-1.0500
229
292
521
449
511
-0.1859
-0.9677
-0.1035
-1.3300
-3.0100
0.1400
231
294
521
449
509
-0.1893
-0.9701
-0.1010
1.5400
-2.6600
-0.8400
232
294
521
449
510
-0.1864
-0.9643
-0.0913
0.9100
-1.8900
-1.1900
232
295
521
449
508
-0.1932
-0.9638
-0.0927
3.2900
-4.9700
-5.7400
232
295
521
449
507
-0.1898
-0.9745
-0.1132
4.2700
-3.1500
-1.5400
232
295
521
449
509
-0.1879
-0.9736
-0.0864
-3.0800
-3.2900
-1.7500
233
297
521
449
510
-0.2015
-0.9521
-0.0956
-8.5400
-8.4700
-7.0700
237
303
519
447
521
-0.1820
-0.9697
-0.1332
-9.2400
-3.7800
-0.2800
243
314
515
444
523
-0.1786
-0.9687
-0.1586
-4.6200
-13.0900
-5.3200
271
366
514
444
506
-0.1854
-0.9760
-0.1786
-0.6300
-7.3500
-6.3700
289
404
515
445
494
-0.1952
-0.9716
-0.1874
-5.8100
-2.1700
0.0700
330
440
518
446
486
-0.1967
-0.9560
-0.1869
-2.7300
-4.0600
2.7300
350
456
519
447
481
-0.1981
-0.9604
-0.1708
-6.7900
-6.7200
-3.1500
363
467
520
447
477
-0.2006
-0.9492
-0.1879
-2.5900
-3.2900
-2.9400
372
477
521
447
473
-0.1835
-0.9545
-0.2011
1.7500
-3.8500
0.3500
378
483
523
447
471
-0.2079
-0.9628
-0.1898
-0.9800
-3.4300
-1.2600
383
486
523
447
470
-0.2147
-0.9526
-0.1889
-0.8400
-1.9600
0.2100
384
488
524
447
467
-0.2098
-0.9311
-0.1908
-0.3500
-3.8500
-2.5900
386
489
524
448
468
-0.2020
-0.9428
-0.2011
0.6300
-3.3600
-4.9700
387
490
524
448
466
-0.1879
-0.9536
-0.1937
2.3800
-3.5700
-5.3900
387
491
524
448
468
-0.1967
-0.9526
-0.2103
0.4200
-4.8300
-4.8300
388
491
524
448
465
-0.1976
-0.9555
-0.2142
3.3600
-4.0600
-6.1600
388
491
525
449
467
-0.1928
-0.9575
-0.2176
2.3800
-4.4100
-4.7600
388
491
525
449
466
-0.1815
-0.9487
-0.2089
1.4700
-4.1300
-4.0600
388
491
525
449
466
-0.1859
-0.9609
-0.2069
-0.1400
-3.9900
-2.3800
388
491
525
449
466
-0.1908
-0.9492
-0.2142
3.5700
-5.0400
-1.6100
388
491
525
448
466
-0.1986
-0.9623
-0.2089
0.9100
-3.0100
-1.6800
388
490
525
448
466
-0.1972
-0.9540
-0.1918
1.8200
-4.9000
-5.9500
387
487
524
445
464
-0.1810
-0.9560
-0.2089
7.7000
-4.3400
-6.5800
374
473
524
444
464
-0.1830
-0.9614
-0.1752
1.4000
1.8200
-0.2800
358
444
524
444
465
-0.1542
-0.9340
-0.1893
4.1300
1.4700
5.2500
326
391
523
444
470
-0.1596
-0.9179
-0.1728
8.7500
2.4500
3.2200
282
337
523
444
479
-0.2142
-0.9467
-0.1703
19.9500
-3.1500
-9.2400
259
314
523
445
486
-0.1806
-0.9536
-0.1435
6.3700
-7.0000
-5.2500
248
301
523
446
487
-0.2474
-0.9379
-0.0927
3.2900
0.0700
-2.2400
239
291
524
447
499
-0.2142
-0.9438
-0.1132
7.2100
-11.5500
-4.9700
235
286
524
445
506
-0.2020
-0.9545
-0.1078
8.0500
-8.3300
-3.6400
234
284
523
444
504
-0.1981
-0.9555
-0.1093
9.8700
-7.4200
-5.8800
234
285
523
443
517
-0.1762
-0.9858
-0.1000
7.4200
-6.4400
-5.1100
234
285
523
442
529
-0.1972
-0.9716
-0.0927
-0.5600
-2.1000
-3.0100
235
285
523
440
538
-0.2020
-0.9653
-0.0937
6.4400
-3.4300
-5.0400
235
285
523
439
546
-0.1879
-0.9809
-0.0898
2.3100
-4.9700
-4.6900
235
285
522
438
553
-0.1835
-0.9677
-0.0937
1.1900
-2.5900
-2.5900
234
285
522
438
553
-0.1752
-0.9755
-0.0986
3.9200
-3.9200
-6.0200
232
284
522
438
558
-0.1728
-0.9628
-0.0834
-1.5400
-3.7100
-4.6200
232
283
521
439
561
-0.1903
-0.9658
-0.1000
2.6600
-2.7300
-4.1300
232
284
521
439
561
-0.1918
-0.9526
-0.0805
2.1700
-3.4300
-1.8900
232
285
521
439
557
-0.1869
-0.9721
-0.0947
5.5300
-3.3600
-2.5900
232
286
521
439
556
-0.1801
-0.9721
-0.0903
3.9900
-3.8500
-3.5000
233
286
521
440
557
-0.1869
-0.9731
-0.0893
3.9200
-3.7100
-2.5200
233
287
520
440
555
-0.1898
-0.9726
-0.0908
4.7600
-2.7300
-4.0600
233
288
520
440
553
-0.1845
-0.9784
-0.0776
2.8000
-3.4300
-3.7100
234
288
520
440
552
-0.1850
-0.9804
-0.0849
4.6900
-3.5700
-2.9400
234
289
520
440
553
-0.1859
-0.9838
-0.0795
2.5200
-3.7800
-3.9200
234
289
520
440
553
-0.1874
-0.9794
-0.0795
3.6400
-4.3400
-4.3400
235
290
520
440
550
-0.1918
-0.9770
-0.0839
2.4500
-3.0800
-2.5200
235
290
520
440
550
-0.1830
-0.9765
-0.0830
3.0800
-3.4300
-1.7500
235
290
520
440
552
-0.1810
-0.9716
-0.0703
1.7500
-4.0600
-1.6100
235
291
520
439
551
-0.1859
-0.9672
-0.0752
2.0300
-3.4300
-2.5900
236
291
520
439
547
-0.1889
-0.9775
-0.0605
1.9600
-3.6400
-2.3100
236
291
520
439
547
-0.1947
-0.9579
-0.0610
0.9100
-3.5700
-0.7000
236
292
520
439
549
-0.2001
-0.9658
-0.0610
0.4200
-2.5900
-2.5200
236
292
520
439
549
-0.1918
-0.9687
-0.0795
0.9800
-4.6200
-2.1000
237
292
520
439
547
-0.1913
-0.9662
-0.0737
-1.4700
-2.8000
-3.1500
238
293
520
439
547
-0.1806
-0.9814
-0.0834
0.2100
2.1700
0.4200
240
296
521
439
540
-0.1723
-0.9633
-0.0825
-1.1900
3.0800
6.3700
245
304
520
440
533
-0.2108
-0.9687
-0.0732
1.1900
-0.5600
-0.2800
253
316
519
440
528
-0.2050
-0.9604
-0.0776
-6.3000
-6.0200
-3.9200
282
351
517
442
517
-0.2030
-0.9662
-0.1381
-13.1600
-5.8800
-6.7900
322
408
516
442
504
-0.2269
-0.9706
-0.1474
-13.3700
-11.3400
-4.4100
345
442
516
443
500
-0.2357
-0.9711
-0.1615
-16.8000
-9.6600
-2.5900
361
461
517
443
500
-0.2176
-0.9457
-0.1991
-3.5700
-6.4400
-4.9700
373
475
518
442
493
-0.1684
-0.9443
-0.2025
-0.3500
-5.0400
-0.9100
380
482
519
442
488
-0.2269
-0.9448
-0.1947
-1.3300
-3.0100
-0.2100
384
485
520
442
489
-0.2196
-0.9335
-0.1928
-4.0600
-2.7300
-5.4600
386
487
520
442
489
-0.1976
-0.9355
-0.2059
-0.4200
-5.6700
-5.3200
387
489
521
443
489
-0.2133
-0.9453
-0.2089
2.8000
-3.7800
-4.4800
388
489
522
444
489
-0.1918
-0.9628
-0.2250
6.7900
-3.7800
-3.7100
388
489
522
444
487
-0.2142
-0.9677
-0.2133
0.0000
-1.3300
-1.0500
388
490
522
445
489
-0.2128
-0.9418
-0.2250
-3.1500
-3.0100
0.0700
388
489
523
445
486
-0.2137
-0.9340
-0.2206
2.2400
-3.7800
-1.6800
389
489
523
445
488
-0.2133
-0.9521
-0.2162
4.1300
-3.9200
-3.4300
389
489
523
445
488
-0.2123
-0.9521
-0.2157
-0.4200
-1.4000
-3.4300
389
489
523
446
485
-0.2191
-0.9496
-0.2225
2.1700
-1.1200
-2.0300
389
489
524
446
486
-0.2001
-0.9604
-0.2294
2.7300
-2.5900
-3.0100
389
489
524
447
482
-0.1991
-0.9418
-0.2381
3.5700
-3.7100
-1.4000
388
488
524
447
484
-0.2211
-0.9579
-0.2264
0.4200
-1.1200
-0.0700
386
484
524
446
484
-0.2050
-0.9604
-0.2006
-3.7100
-2.3800
2.6600
373
467
522
445
485
-0.2201
-0.9306
-0.2528
29.6800
2.6600
1.8900
348
442
519
445
488
-0.2367
-0.9623
-0.1928
7.5600
-6.6500
-1.5400
305
393
517
445
487
-0.2040
-0.9633
-0.1464
4.4800
-3.2900
-3.4300
270
344
516
445
496
-0.2064
-0.9658
-0.1698
16.4500
-3.3600
-6.3700
239
306
514
442
500
-0.2054
-0.9638
-0.1405
12.1800
-4.2000
-5.8800
231
294
514
439
507
-0.2050
-0.9579
-0.1493
18.9700
-0.4900
-5.8800
227
287
515
437
501
-0.1698
-0.9765
-0.0922
12.8800
-4.3400
-6.5800
224
286
517
435
481
-0.1923
-0.9662
-0.1181
8.1900
-5.2500
-3.9200
225
286
518
434
477
-0.1942
-0.9877
-0.1093
11.8300
-2.1700
-6.5100
224
285
518
434
475
-0.2094
-0.9926
-0.1039
6.5800
-5.6700
-4.2000
224
286
518
434
481
-0.1981
-0.9862
-0.1074
5.5300
-4.2700
-3.9900
225
288
518
433
498
-0.1908
-0.9775
-0.1010
2.1700
-4.6900
-4.2700
226
289
518
433
511
-0.1952
-0.9843
-0.1118
3.1500
-6.2300
-4.1300
226
290
518
433
515
-0.1972
-0.9643
-0.0820
1.2600
-4.3400
-2.6600
227
291
518
433
522
-0.1937
-0.9672
-0.0903
1.6800
-5.0400
-2.5200
227
292
518
433
521
-0.1981
-0.9565
-0.0888
1.3300
-5.6700
-5.0400
228
292
517
434
522
-0.1835
-0.9643
-0.0898
-2.3800
-4.0600
-3.0100
228
292
517
434
527
-0.1991
-0.9638
-0.0869
2.4500
-4.5500
-5.8100
229
293
518
433
530
-0.1854
-0.9701
-0.0883
0.1400
-5.0400
-3.5700
229
293
518
432
530
-0.1937
-0.9604
-0.0976
2.2400
-4.5500
-3.2900
229
293
518
432
538
-0.1952
-0.9716
-0.0937
-0.6300
-3.7800
-0.7000
229
293
518
431
541
-0.1918
-0.9750
-0.1035
1.4700
-3.4300
-1.2600
230
293
518
431
538
-0.1908
-0.9658
-0.0947
-1.3300
-4.8300
-2.8700
230
294
518
431
533
-0.1835
-0.9687
-0.1020
-2.0300
-4.1300
-3.4300
230
294
518
431
519
-0.1835
-0.9662
-0.1137
1.5400
-3.5700
-2.1700
230
294
518
431
512
-0.1815
-0.9555
-0.0942
-1.0500
-3.9200
-3.0100
230
295
518
431
514
-0.1801
-0.9677
-0.1025
1.3300
-3.5000
-3.2900
231
295
518
431
515
-0.1786
-0.9658
-0.1108
1.8200
-5.3200
-3.3600
231
296
518
431
514
-0.1810
-0.9789
-0.1152
-4.9700
-4.8300
-3.8500
231
296
518
430
518
-0.1806
-0.9667
-0.1220
0.2100
-4.6900
-3.0100
232
297
518
430
519
-0.1879
-1.1165
-0.1371
-6.7900
0.5600
-8.8200
234
301
518
428
521
-0.1571
-0.9360
-0.1303
-3.0800
0.2800
0.1400
241
312
518
429
517
-0.1747
-0.9765
-0.1557
0.8400
-1.1900
-1.1200
260
338
516
432
512
-0.1752
-0.9711
-0.1527
2.0300
-5.3900
-5.6000
275
363
514
434
500
-0.1991
-0.9672
-0.1723
-13.9300
-8.1200
-3.0100
302
406
515
435
482
-0.1630
-0.9438
-0.1913
-19.3900
-10.5700
-4.2700
328
435
517
436
475
-0.1327
-0.9765
-0.2162
-21.8400
-5.6700
1.1200
335
442
519
436
469
-0.1732
-0.9560
-0.2274
1.6100
-7.0000
-4.2700
342
448
520
436
468
-0.1493
-0.9731
-0.2167
5.0400
-11.2000
-7.0000
359
461
521
437
463
-0.1562
-0.9648
-0.2294
1.9600
-6.9300
-5.3900
369
472
521
438
460
-0.1737
-0.9638
-0.2386
7.0700
17.5700
3.1500
378
481
522
439
457
-0.1776
-0.9570
-0.2269
3.5700
-1.8900
0.6300
383
486
523
440
456
-0.1664
-0.9618
-0.2157
1.4000
-3.8500
0.7700
387
489
523
442
455
-0.1898
-0.9536
-0.2323
1.8900
-3.2200
-2.4500
389
491
524
442
454
-0.1669
-0.9462
-0.2206
-0.7700
-3.8500
-0.7700
390
492
524
443
454
-0.1854
-0.9433
-0.2352
-0.0700
-2.4500
-0.9100
392
492
524
443
454
-0.1913
-0.9560
-0.2294
3.0100
-3.0800
-4.4100
397
493
524
444
453
-0.1806
-0.9501
-0.2240
1.9600
-3.5700
-1.9600
398
494
524
444
453
-0.1869
-0.9531
-0.2294
3.2900
-3.7800
-1.3300
399
494
525
444
452
-0.1850
-0.9472
-0.2245
2.8000
-3.1500
-3.0800
399
494
525
445
452
-0.1815
-0.9414
-0.2211
2.8000
-4.4800
-2.8700
399
494
525
445
452
-0.1801
-0.9531
-0.2269
2.6600
-3.9900
-3.2200
399
494
525
445
452
-0.1762
-0.9638
-0.2274
1.6100
-5.6000
-2.8000
400
495
525
445
452
-0.1806
-0.9496
-0.2289
2.8700
-3.5000
-2.7300
400
495
525
445
452
-0.1771
-0.9560
-0.2240
7.0700
-4.2700
-2.9400
400
495
525
444
452
-0.1864
-0.9575
-0.2250
5.5300
-2.5200
-1.9600
399
495
525
443
451
-0.1762
-0.9414
-0.2045
20.6500
-1.7500
-12.3900
389
482
524
443
452
-0.1576
-0.9482
-0.1767
5.5300
0.7000
2.1700
375
460
524
442
454
-0.1947
-0.9618
-0.2137
10.4300
-5.8100
-1.7500
349
426
523
441
469
-0.1659
-0.9692
-0.1601
3.6400
-3.4300
-0.4200
317
388
523
438
494
-0.2054
-0.9526
-0.1586
2.2400
-1.6800
-1.2600
296
361
523
437
500
-0.1918
-0.9467
-0.1649
6.2300
-2.2400
-5.1100
279
339
522
436
507
-0.1932
-0.9638
-0.1347
4.3400
-8.8900
-4.5500
269
328
522
434
507
-0.1874
-0.9858
-0.1796
9.2400
-3.0100
-5.1800
259
313
522
434
499
-0.1718
-0.9521
-0.1074
5.3900
-6.0200
-3.8500
249
302
522
432
511
-0.1991
-0.9409
-0.1298
-2.3800
2.1700
1.9600
248
303
522
431
531
-0.1908
-0.9418
-0.1142
12.9500
-1.4000
-1.0500
244
297
523
430
546
-0.1674
-0.9662
-0.1200
7.9100
-3.0800
-3.0800
243
296
523
430
550
-0.1923
-0.9867
-0.1225
4.6900
-0.9100
-1.5400
244
299
523
430
550
-0.1732
-0.9838
-0.1181
2.7300
-2.9400
-3.0100
245
300
523
430
552
-0.1771
-0.9687
-0.1147
1.8200
-4.5500
-2.5900
245
300
523
431
552
-0.1879
-0.9692
-0.1303
-0.6300
-2.7300
-3.9900
245
300
523
431
550
-0.1767
-0.9648
-0.1147
0.9100
-4.3400
-2.0300
245
300
523
431
550
-0.1869
-0.9770
-0.1161
1.6100
-2.9400
-1.3300
245
300
523
431
552
-0.1781
-0.9594
-0.1161
0.9800
-3.0800
-2.3800
239
293
522
431
553
-0.1728
-0.9521
-0.1020
-0.9100
-3.9900
-2.2400
236
290
522
431
550
-0.1967
-0.9643
-0.1108
6.1600
-4.3400
-3.5700
234
288
522
430
549
-0.1708
-0.9770
-0.1235
4.9700
-3.7800
-3.9900
232
287
521
430
550
-0.1762
-0.9780
-0.1191
2.1700
-2.5200
-3.6400
233
287
521
430
548
-0.1747
-0.9721
-0.1181
-0.2800
-3.9200
-2.5200
233
288
521
430
544
-0.1752
-0.9687
-0.1186
0.7700
-4.1300
-3.5700
233
289
520
430
544
-0.1791
-0.9594
-0.1039
1.1200
-3.3600
-4.2000
234
290
520
430
545
-0.1801
-0.9701
-0.1103
-0.9800
-2.1000
-3.0100
234
291
520
431
544
-0.1718
-0.9701
-0.1044
0.3500
-2.3800
-3.4300
235
292
520
430
540
-0.1640
-0.9750
-0.1274
-5.4600
-3.7100
-0.9100
238
296
520
430
537
-0.1762
-0.9682
-0.1181
-16.6600
-6.3000
-3.0800
240
299
520
430
535
-0.1654
-0.9604
-0.1664
-21.9100
-5.5300
-7.9100
251
313
520
430
530
-0.1810
-0.9614
-0.2294
-26.5300
2.9400
4.2000
268
334
520
431
522
-0.1532
-0.9272
-0.2094
-13.2300
-5.1100
2.2400
269
338
517
431
522
-0.1767
-0.9545
-0.2835
-13.1600
-1.5400
-2.2400
288
364
516
432
521
-0.1601
-0.9082
-0.2786
-7.4200
-2.9400
0.3500
292
367
515
433
513
-0.1830
-0.9379
-0.2821
-9.8700
-4.2700
-1.6100
332
417
516
435
486
-0.1815
-0.9345
-0.2889
5.1800
-1.8200
-1.2600
362
459
519
438
467
-0.1728
-0.9482
-0.2884
6.3700
-5.5300
-5.4600
376
479
521
440
446
-0.1688
-0.9467
-0.2635
-17.1500
-12.1800
-1.8200
383
484
523
443
439
-0.1859
-0.9213
-0.3079
-5.5300
-11.2700
-3.4300
386
487
524
446
437
-0.2137
-0.9350
-0.2948
0.0700
-5.3900
-2.4500
387
488
525
447
435
-0.2035
-0.9409
-0.3055
0.2800
-4.0600
-4.5500
388
488
525
448
432
-0.1679
-0.9331
-0.3006
5.1800
-3.7800
-2.1700
390
489
526
449
432
-0.1601
-0.9384
-0.3084
7.0000
-4.0600
-5.1100
390
489
526
449
430
-0.1718
-0.9414
-0.2982
2.3100
-5.3200
-3.9200
390
490
526
449
432
-0.1859
-0.9389
-0.2938
4.3400
-3.3600
-4.2000
391
490
526
449
432
-0.1771
-0.9389
-0.2869
5.6700
-4.2000
-4.6200
394
491
526
450
432
-0.1732
-0.9404
-0.2908
-0.1400
-4.6900
-5.1100
394
491
526
450
430
-0.1830
-0.9296
-0.2991
3.3600
-2.5900
-4.5500
394
491
526
450
432
-0.1649
-0.9311
-0.3021
5.4600
-3.9900
-4.3400
394
492
526
449
434
-0.1776
-0.9457
-0.3001
3.7100
-2.5900
-4.2000
394
492
526
448
433
-0.1703
-0.9326
-0.2928
-1.4000
-3.2900
-1.5400
393
492
526
447
439
-0.1688
-0.9204
-0.2967
5.3200
-5.4600
-3.4300
391
491
525
445
447
-0.1620
-0.9409
-0.2938
4.1300
-0.9100
-3.2200
386
490
525
444
453
-0.1674
-0.9331
-0.3055
11.5500
-6.3000
-0.6300
376
482
525
444
454
-0.1889
-0.9648
-0.2791
5.9500
-2.3100
-2.4500
360
469
524
444
465
-0.1640
-0.9443
-0.2664
13.5100
-2.9400
0.2100
333
426
523
443
467
-0.1815
-0.9506
-0.2430
0.7700
-0.3500
2.4500
305
378
523
443
473
-0.2011
-0.9228
-0.2362
3.7800
-4.5500
0.0000
262
320
522
442
474
-0.1591
-0.9272
-0.2230
16.8000
-4.6200
1.9600
239
295
521
441
492
-0.1810
-0.9536
-0.1703
10.9200
0.0000
-1.4700
231
287
520
438
507
-0.1527
-0.9575
-0.1991
23.0300
-1.5400
-2.1700
230
286
521
435
524
-0.1767
-0.9589
-0.1635
16.7300
-5.4600
-4.3400
231
285
522
434
537
-0.1830
-0.9692
-0.1596
9.9400
-7.0700
-2.2400
232
285
523
433
547
-0.1957
-0.9570
-0.1513
7.1400
-4.1300
-0.4900
232
286
522
433
557
-0.1693
-0.9638
-0.1308
2.7300
-1.5400
-2.5200
233
288
523
433
563
-0.1810
-0.9706
-0.1396
0.9100
-1.8200
-2.6600
234
289
522
433
563
-0.1747
-0.9677
-0.1293
1.4000
-2.9400
-0.3500
235
290
522
434
567
-0.1874
-0.9609
-0.1318
2.3800
-3.6400
-3.0800
235
291
522
434
569
-0.1747
-0.9716
-0.1332
2.3100
-5.7400
-2.8000
236
292
522
434
567
-0.1918
-0.9672
-0.1381
3.3600
-0.4200
-3.0100
237
294
522
434
567
-0.1791
-0.9604
-0.1342
3.1500
-4.9000
-3.7100
238
294
522
434
566
-0.1796
-0.9692
-0.1381
4.2000
-4.6200
-4.6200
238
294
522
435
568
-0.1845
-0.9697
-0.1259
-1.7500
-8.8900
-3.9900
238
294
522
435
565
-0.1898
-0.9667
-0.1405
5.1800
-0.9800
-2.3100
237
294
522
435
564
-0.1869
-0.9623
-0.1283
1.4000
-3.7800
-2.5200
237
294
522
435
565
-0.1786
-0.9667
-0.1279
0.0700
-4.6200
-3.6400
237
294
522
435
565
-0.1840
-0.9584
-0.1293
1.2600
-5.0400
-2.5900
237
294
522
435
568
-0.1889
-0.9638
-0.1288
1.3300
-3.5000
-2.7300
237
294
522
435
567
-0.1776
-0.9575
-0.1240
0.0000
-3.2900
-1.8200
237
294
522
435
565
-0.1898
-0.9687
-0.1371
-0.2800
-2.3800
-4.3400
237
295
522
435
566
-0.1806
-0.9531
-0.1488
5.0400
-2.8000
-1.9600
237
295
522
435
568
-0.1747
-0.9780
-0.1288
3.2200
-5.1800
-4.0600
237
295
522
435
569
-0.1845
-0.9648
-0.1425
3.8500
-4.6200
-4.1300
237
295
521
434
569
-0.1762
-0.9711
-0.1371
1.1900
-4.2000
-3.0800
237
295
521
434
567
-0.1723
-0.9770
-0.1523
-0.4900
-0.7000
-2.9400
238
296
522
434
564
-0.1786
-0.9589
-0.1459
0.9800
-1.4000
-2.1700
240
300
522
435
565
-0.1859
-0.9662
-0.1513
2.7300
0.3500
0.0000
245
307
522
436
554
-0.1986
-0.9706
-0.1479
4.9700
-4.1300
-5.6700
251
316
522
437
541
-0.1708
-0.9658
-0.1581
-0.7700
-2.1000
-3.1500
261
336
521
437
529
-0.2118
-0.9662
-0.1718
1.2600
-6.1600
-6.5100
279
363
521
438
519
-0.1942
-0.9648
-0.1615
1.7500
-2.8700
-0.6300
301
392
521
439
504
-0.1928
-0.9731
-0.1718
1.9600
-7.3500
-2.9400
318
421
521
439
492
-0.2074
-0.9501
-0.1571
-6.7900
-7.4900
-5.9500
327
435
521
440
484
-0.2045
-0.9575
-0.1869
-7.6300
-7.2800
-3.7800
343
449
522
440
475
-0.1942
-0.9589
-0.1859
2.4500
-4.4800
-4.5500
359
462
522
441
468
-0.1913
-0.9550
-0.1674
4.0600
-2.5200
-2.5200
370
472
522
442
458
-0.1952
-0.9604
-0.1815
1.4000
-3.9900
-4.7600
377
479
523
442
452
-0.1976
-0.9409
-0.1767
-6.2300
-6.9300
-2.0300
384
483
523
443
436
-0.1952
-0.9618
-0.1981
-1.2600
-8.6100
-4.9000
388
486
524
444
427
-0.1850
-0.9550
-0.2157
-3.3600
-5.8100
-1.4700
391
488
524
445
418
-0.1898
-0.9374
-0.2176
-2.9400
-6.8600
-2.6600
393
489
525
446
413
-0.1859
-0.9389
-0.2186
0.2800
-4.7600
-2.3100
393
489
525
446
410
-0.1942
-0.9423
-0.2142
-2.3100
-3.0800
-2.4500
395
490
525
447
407
-0.1913
-0.9321
-0.2064
-1.1900
-3.9900
-3.5700
396
491
526
448
407
-0.1859
-0.9457
-0.2289
-5.7400
-5.3900
-4.6200
396
492
526
448
406
-0.1718
-0.9321
-0.2377
4.1300
-4.2700
-5.4600
396
492
526
449
406
-0.1674
-0.9638
-0.2440
3.1500
-3.0800
-2.1000
396
492
526
449
406
-0.1737
-0.9618
-0.2455
5.6700
-3.0800
-1.3300
396
492
526
449
407
-0.1830
-0.9555
-0.2386
1.6100
-2.3800
-1.8200
396
492
527
449
407
-0.1723
-0.9496
-0.2450
2.8700
-2.5900
-0.1400
396
492
527
450
407
-0.1810
-0.9511
-0.2357
3.0800
-2.0300
-0.4200
396
492
527
450
408
-0.1732
-0.9482
-0.2328
2.6600
-3.1500
-2.6600
396
492
526
449
408
-0.1659
-0.9414
-0.2250
1.4700
-3.9900
-3.0100
396
491
526
449
408
-0.1771
-0.9462
-0.2396
1.4000
-3.9200
-4.1300
396
491
527
449
409
-0.1786
-0.9526
-0.2420
8.8900
-4.2700
-1.6800
395
488
526
449
415
-0.1801
-0.9448
-0.2103
-1.0500
-5.0400
1.6100
380
477
526
449
439
-0.1410
-0.9570
-0.2377
20.5800
3.2900
-2.8000
356
452
525
448
477
-0.1786
-0.9667
-0.2240
9.8000
-1.6800
-4.3400
330
423
524
446
496
-0.1810
-0.9745
-0.2235
7.0000
2.8000
-0.9100
299
378
524
445
513
-0.1967
-0.9706
-0.1996
27.4400
-2.7300
-1.4700
267
329
524
444
512
-0.1874
-0.9765
-0.1376
14.7700
-1.2600
-4.6200
245
299
524
444
514
-0.1508
-0.9716
-0.1562
14.5600
0.9100
2.2400
233
284
523
444
511
-0.1972
-0.9926
-0.1298
17.6400
-3.5000
-0.8400
225
277
521
444
510
-0.1757
-0.9994
-0.0937
7.9800
-2.1000
1.5400
223
278
520
443
507
-0.1840
-0.9628
-0.1200
-0.8400
-1.7500
-4.2000
223
280
520
441
509
-0.1898
-0.9555
-0.0932
-1.5400
-3.4300
-3.0100
226
285
521
439
526
-0.1893
-0.9848
-0.1220
4.6200
-5.2500
-5.8800
227
287
521
437
537
-0.1972
-0.9745
-0.1103
-0.1400
-3.5700
-4.6900
228
289
520
436
559
-0.1928
-0.9692
-0.1191
2.8700
-3.1500
-5.4600
229
289
520
436
571
-0.1913
-0.9814
-0.1127
5.2500
-2.6600
-4.7600
229
290
520
436
568
-0.1913
-0.9804
-0.1083
5.2500
-4.6200
-4.9000
230
291
520
437
565
-0.2011
-0.9941
-0.1049
2.5900
-4.1300
-3.0800
231
291
520
437
560
-0.1972
-0.9716
-0.1069
1.9600
-3.0800
-2.8000
231
292
520
437
557
-0.1923
-0.9750
-0.1030
2.5900
-2.9400
-3.2200
232
292
520
437
558
-0.1972
-0.9682
-0.1039
0.9100
-4.4800
-2.5200
232
293
520
437
557
-0.1952
-0.9721
-0.1005
1.9600
-5.3200
-3.7100
232
294
520
437
554
-0.2015
-0.9755
-0.1064
4.2000
-5.0400
-2.4500
233
294
520
436
554
-0.2015
-0.9711
-0.0898
2.1000
-3.3600
-2.5200
233
295
519
436
555
-0.1932
-0.9609
-0.0883
0.7000
-4.9700
-1.7500
233
295
519
436
555
-0.1986
-0.9716
-0.0991
3.5000
-2.7300
-2.9400
233
295
519
436
552
-0.1962
-0.9736
-0.1122
5.4600
-3.9200
-3.0100
234
295
519
436
551
-0.1981
-0.9672
-0.0830
1.3300
-3.7100
-2.8000
234
295
519
436
553
-0.2001
-0.9565
-0.0976
2.9400
-4.2700
-3.9900
234
296
519
436
553
-0.1962
-0.9760
-0.0791
0.0000
-4.6200
-2.8000
234
296
519
436
550
-0.1996
-0.9643
-0.0991
2.3100
-3.8500
-4.0600
234
296
519
435
553
-0.1928
-0.9775
-0.0898
1.9600
-4.4800
-2.5200
234
296
519
435
553
-0.1996
-0.9804
-0.1015
3.2900
-4.2000
-3.7100
235
296
519
435
552
-0.2020
-0.9775
-0.0947
3.7100
-3.6400
-3.9900
235
297
519
435
550
-0.1981
-0.9648
-0.0854
-1.4000
-4.3400
-2.6600
235
297
519
435
549
-0.2045
-0.9706
-0.0986
1.6100
-3.4300
-2.1700
235
297
519
435
549
-0.1903
-0.9765
-0.0966
2.5200
-3.8500
-1.6100
235
297
518
434
548
-0.1986
-0.9658
-0.0898
0.7000
-3.3600
-2.1700
235
298
518
435
545
-0.1932
-0.9594
-0.0937
0.0700
-4.3400
-0.7000
236
299
518
435
544
-0.2059
-0.9701
-0.1015
-7.6300
-5.1800
-0.1400
237
302
517
435
539
-0.2094
-0.9614
-0.1279
-10.3600
-1.6100
0.9800
250
322
514
436
517
-0.2196
-0.9516
-0.1269
-10.5000
-9.7300
-4.2700
267
351
511
434
502
-0.2284
-0.9638
-0.1850
-14.4200
-10.8500
-9.9400
302
405
509
429
490
-0.2094
-0.9789
-0.1723
-12.6000
-10.2200
-7.7700
326
433
510
428
484
-0.1908
-0.9516
-0.2045
-2.2400
-9.0300
-4.8300
358
459
511
428
472
-0.2035
-0.9389
-0.1952
1.0500
-6.2300
-1.9600
375
476
513
429
468
-0.2020
-0.9648
-0.2050
-2.3100
-4.6200
-0.2800
383
482
514
431
462
-0.2142
-0.9457
-0.2225
2.8700
-4.0600
-0.7700
387
486
516
433
462
-0.2142
-0.9579
-0.2167
2.2400
-5.1100
-1.6800
390
489
518
434
458
-0.2235
-0.9492
-0.2269
-1.2600
-5.3900
-3.8500
394
491
520
435
459
-0.2196
-0.9404
-0.2225
1.8200
-4.4800
-1.8900
396
492
521
436
457
-0.2259
-0.9438
-0.2250
0.5600
-3.8500
-3.8500
399
494
522
438
456
-0.2303
-0.9282
-0.2142
-0.1400
-6.0900
-1.0500
402
495
523
440
454
-0.2245
-0.9389
-0.2313
4.9000
-3.7800
-0.2100
405
495
524
442
452
-0.2303
-0.9560
-0.2255
7.3500
-1.7500
-1.8200
407
496
524
443
451
-0.2342
-0.9453
-0.2308
5.7400
-2.9400
-1.8900
409
496
525
444
450
-0.2352
-0.9462
-0.2230
4.4100
-2.4500
-0.3500
410
496
524
444
450
-0.2372
-0.9438
-0.2147
1.5400
-3.7800
-3.0100
410
496
525
444
450
-0.2225
-0.9462
-0.2167
5.4600
-5.3900
-3.5700
411
496
524
444
450
-0.2455
-0.9506
-0.2079
5.4600
-4.2700
-2.9400
411
496
524
444
450
-0.2381
-0.9448
-0.2020
-0.7700
-3.2900
-0.5600
411
496
525
444
450
-0.2381
-0.9262
-0.2050
-4.4100
-3.7100
-2.8700
411
496
525
444
451
-0.2381
-0.9262
-0.2084
1.5400
-3.0800
-2.0300
412
496
525
444
450
-0.2333
-0.9252
-0.1903
-2.5900
-4.9700
-3.7100
411
496
524
444
451
-0.2338
-0.9184
-0.2020
-1.8200
-4.2000
-5.2500
412
496
525
444
451
-0.2284
-0.9267
-0.2103
0.8400
-5.3200
-2.6600
411
496
524
444
451
-0.2352
-0.9428
-0.2235
3.0100
-3.9200
-4.0600
411
496
524
443
451
-0.2216
-0.9277
-0.1947
3.9200
-4.3400
-5.4600
408
495
524
443
452
-0.2220
-0.9282
-0.2333
4.1300
-3.0100
-2.4500
403
493
524
442
453
-0.2289
-0.9462
-0.2240
9.7300
-3.2900
-6.3000
396
489
523
442
454
-0.2162
-0.9682
-0.1976
3.8500
-3.0100
-6.3000
386
481
523
441
454
-0.2430
-0.9643
-0.1781
0.8400
-4.4800
-2.1000
364
457
523
440
459
-0.2250
-0.9292
-0.2323
4.0600
-3.2900
1.6800
335
405
522
439
459
-0.2250
-0.9501
-0.1898
7.7700
-0.8400
-1.4000
297
359
521
439
464
-0.2137
-0.9457
-0.1752
6.7900
-2.7300
-0.0700
270
329
521
440
463
-0.2030
-0.9536
-0.1606
6.7900
-3.9900
-3.4300
252
311
519
439
466
-0.2250
-0.9492
-0.1669
9.4500
-3.9200
-3.0800
240
298
518
439
465
-0.2401
-0.9579
-0.1479
10.6400
-2.0300
-4.7600
236
294
518
439
468
-0.2430
-0.9511
-0.1396
-1.2600
-1.4000
-9.2400
234
290
519
437
471
-0.2001
-0.9433
-0.1293
0.7700
-4.1300
-4.9700
233
289
519
437
475
-0.2074
-0.9594
-0.1337
0.7700
-6.0200
-7.8400
232
287
519
435
478
-0.1932
-0.9579
-0.1527
2.7300
-8.5400
-3.6400
233
288
519
434
480
-0.2191
-0.9711
-0.1401
0.2100
-6.2300
-4.7600
234
289
519
433
487
-0.2142
-0.9501
-0.1459
1.5400
-5.6000
-2.5900
234
289
519
432
492
-0.2118
-0.9697
-0.1337
1.8900
-4.4100
-2.8000
234
289
519
431
503
-0.2035
-0.9575
-0.1469
-1.1900
-4.1300
-3.0800
234
289
519
429
513
-0.2030
-0.9731
-0.1430
-0.9800
-4.9000
-4.3400
234
289
519
428
515
-0.2098
-0.9501
-0.1484
1.3300
-4.6200
-4.3400
234
290
519
428
522
-0.2059
-0.9584
-0.1362
0.7000
-5.6700
-4.1300
234
291
518
428
526
-0.2040
-0.9477
-0.1279
1.5400
-6.9300
-1.4000
235
292
519
428
528
-0.2235
-0.9643
-0.1527
0.2100
-2.8000
-2.3100
235
292
519
428
533
-0.2176
-0.9555
-0.1405
1.0500
-2.1700
-2.5200
236
292
519
427
536
-0.1972
-0.9550
-0.1420
-0.1400
-2.4500
-4.3400
235
292
518
426
543
-0.2001
-0.9658
-0.1430
2.3800
-4.6900
-4.4100
235
292
518
425
546
-0.2011
-0.9536
-0.1401
2.1700
-4.3400
-2.9400
235
292
518
425
551
-0.2108
-0.9467
-0.1357
0.4900
-3.2200
-3.0800
235
293
518
425
552
-0.2084
-0.9394
-0.1376
0.2100
-3.7800
-2.8000
235
293
518
425
553
-0.2098
-0.9555
-0.1479
1.8200
-4.2000
-2.8700
236
293
518
425
554
-0.1967
-0.9594
-0.1493
1.9600
-3.9200
-1.9600
235
293
518
425
558
-0.2108
-0.9531
-0.1484
1.1900
-3.2200
-1.6800
236
294
518
425
557
-0.2128
-0.9614
-0.1405
0.2100
-2.4500
-2.3100
236
294
518
425
555
-0.2011
-0.9477
-0.1410
-0.2800
-3.0800
-2.0300
236
294
518
425
546
-0.2006
-0.9492
-0.1405
0.9100
-2.0300
-0.9100
236
295
518
426
546
-0.1903
-0.9540
-0.1459
1.1900
-4.0600
-1.8900
236
295
518
425
546
-0.2094
-0.9579
-0.1444
0.9800
-1.9600
-2.5200
236
295
518
425
543
-0.1991
-0.9536
-0.1444
0.6300
-3.9200
-2.0300
236
295
518
425
542
-0.2011
-0.9628
-0.1401
3.1500
-3.6400
-2.6600
236
295
518
426
542
-0.1991
-0.9838
-0.1474
5.6700
-1.6100
-3.9900
236
295
518
427
541
-0.1937
-0.9594
-0.1386
2.8700
-4.0600
-2.5200
235
295
519
428
536
-0.1986
-0.9628
-0.1415
2.4500
-1.8200
-3.4300
236
295
519
430
535
-0.1967
-0.9623
-0.1542
4.7600
-2.8700
-2.3100
236
295
520
432
537
-0.2025
-0.9755
-0.1283
-0.4200
-2.6600
-4.8300
236
295
520
435
537
-0.1820
-0.9379
-0.1523
-2.3100
-6.9300
0.3500
237
295
519
437
527
-0.1830
-0.9853
-0.1703
-6.5800
-2.5900
-4.4800
244
307
519
438
516
-0.1986
-0.9648
-0.1645
-18.0600
-4.6900
0.6300
262
340
516
440
498
-0.2542
-0.9618
-0.2298
-4.7600
-3.5000
1.4000
303
401
516
441
471
-0.2274
-0.9277
-0.2094
3.4300
-9.3800
-2.1700
337
436
517
441
458
-0.2308
-0.9579
-0.2211
5.7400
-7.4200
-0.8400
366
464
518
442
445
-0.2420
-0.9355
-0.1908
0.5600
-4.6200
-0.9100
380
477
519
443
443
-0.2186
-0.9487
-0.1967
2.6600
-5.6000
-2.6600
390
485
520
444
440
-0.2411
-0.9350
-0.2059
5.3900
-3.8500
-0.2800
397
490
521
445
438
-0.2455
-0.9433
-0.1835
2.6600
-3.4300
0.9800
401
494
522
446
435
-0.2503
-0.9496
-0.2054
0.8400
-4.9000
-3.2200
406
496
523
446
434
-0.2508
-0.9477
-0.1952
2.5200
-3.0800
-3.6400
410
498
524
446
433
-0.2391
-0.9545
-0.2054
6.5800
-6.1600
-1.5400
413
499
525
447
430
-0.2596
-0.9496
-0.1967
2.1700
-3.5700
-3.0100
414
500
525
447
432
-0.2518
-0.9477
-0.1957
2.7300
-3.3600
-1.8900
415
500
525
447
432
-0.2518
-0.9448
-0.1850
4.4100
-3.9200
-2.5900
415
500
525
447
432
-0.2499
-0.9311
-0.1825
2.3800
-3.4300
-2.6600
415
500
525
448
432
-0.2411
-0.9267
-0.1728
2.7300
-5.2500
-6.0200
415
500
525
448
432
-0.2455
-0.9467
-0.1947
4.6200
-3.1500
-4.5500
415
500
525
448
432
-0.2391
-0.9438
-0.1815
3.7100
-5.5300
-3.9200
414
500
525
448
433
-0.2450
-0.9526
-0.1879
3.6400
-5.1800
-2.4500
414
500
525
448
433
-0.2464
-0.9589
-0.1757
3.9900
-3.7800
-3.5000
414
500
525
448
431
-0.2416
-0.9501
-0.1913
4.2000
-4.4800
-2.8700
413
500
525
448
433
-0.2494
-0.9575
-0.1869
4.3400
-2.8000
-2.7300
412
500
525
448
433
-0.2416
-0.9579
-0.1854
1.7500
-3.5700
-2.5900
411
499
525
448
435
-0.2396
-0.9409
-0.1854
1.6100
-2.4500
-0.0700
410
497
525
447
436
-0.2377
-0.9335
-0.1752
-1.9600
-1.9600
-2.5900
404
493
524
447
438
-0.2401
-0.9252
-0.1864
-2.8700
-3.3600
-1.7500
393
484
524
447
442
-0.2318
-0.9238
-0.1728
2.1000
-1.1900
-4.2000
383
470
524
446
449
-0.2303
-0.9155
-0.1854
-2.8000
-1.9600
-3.4300
369
450
523
446
456
-0.2318
-0.9091
-0.1928
-3.8500
-2.5900
-2.0300
348
414
523
445
464
-0.2406
-0.9340
-0.2079
7.2100
-0.2800
0.0700
311
376
522
445
473
-0.2386
-0.9292
-0.1518
8.9600
-3.0800
-4.3400
279
334
521
444
481
-0.2523
-0.9448
-0.1498
8.8900
-4.5500
-5.1800
256
307
521
442
483
-0.2220
-0.9618
-0.1747
18.7600
-13.4400
-10.3600
241
291
520
438
488
-0.2098
-1.0038
-0.1488
14.9800
-9.4500
-14.5600
232
282
518
435
489
-0.2201
-0.9516
-0.1435
11.2000
-3.9200
-10.5000
228
278
517
433
487
-0.1972
-0.9799
-0.1396
5.3200
-8.2600
-3.8500
228
280
517
431
500
-0.2108
-0.9682
-0.1396
2.4500
-5.1100
-5.3200
229
282
518
428
521
-0.2196
-0.9570
-0.1157
-3.5700
-4.3400
-2.1700
229
284
518
425
542
-0.1893
-0.9477
-0.1235
-2.9400
-3.0100
-1.3300
230
285
518
423
546
-0.2050
-0.9653
-0.1240
-1.6800
0.8400
-1.8200
230
286
518
423
547
-0.1889
-0.9623
-0.1186
-3.0100
-3.3600
-1.7500
231
287
518
423
545
-0.1996
-0.9594
-0.1249
-3.2200
-2.3800
-1.9600
232
288
518
423
539
-0.1947
-0.9628
-0.1313
0.2100
-3.7800
-1.8900
233
289
518
423
534
-0.2045
-0.9628
-0.1381
1.0500
-3.6400
-3.4300
233
290
518
424
532
-0.2011
-0.9716
-0.1332
3.9900
-4.4100
-5.0400
233
290
518
424
531
-0.1972
-0.9618
-0.1337
2.1700
-5.6700
-3.4300
233
290
518
423
527
-0.2079
-0.9648
-0.1366
1.4000
-2.9400
-3.9900
234
291
518
423
529
-0.1947
-0.9575
-0.1342
-0.5600
-3.6400
-3.1500
234
292
518
423
527
-0.2001
-0.9643
-0.1288
0.9100
-3.8500
-1.1900
234
292
517
423
524
-0.1986
-0.9477
-0.1479
2.7300
-4.1300
-2.2400
234
292
517
423
526
-0.2054
-0.9770
-0.1303
3.6400
-3.7800
-3.5700
234
293
517
423
527
-0.2011
-0.9692
-0.1488
2.4500
-3.7800
-2.1700
234
294
517
423
524
-0.1986
-0.9658
-0.1405
0.8400
-3.0800
-3.2200
234
294
517
423
526
-0.1972
-0.9579
-0.1444
2.3800
-4.3400
-3.1500
235
294
517
423
526
-0.1957
-0.9638
-0.1405
2.0300
-3.1500
-2.3100
235
295
517
423
523
-0.2015
-0.9658
-0.1318
2.1000
-4.5500
-2.9400
235
295
517
423
526
-0.2147
-0.9614
-0.1386
1.0500
-3.2900
-3.2900
235
295
517
423
526
-0.1976
-0.9662
-0.1401
2.1700
-4.2700
-3.4300
236
295
517
423
526
-0.2064
-0.9809
-0.1464
3.3600
-3.0100
-4.9000
236
295
517
423
527
-0.2030
-0.9828
-0.1591
2.9400
-4.4800
-3.9200
236
295
517
423
529
-0.2001
-0.9697
-0.1381
-0.3500
-4.9700
-1.6800
237
297
517
423
529
-0.1776
-0.9823
-0.1635
5.0400
-1.4000
-5.6000
240
301
517
423
534
-0.2040
-0.9589
-0.1493
0.5600
-2.6600
-0.9800
243
310
516
422
536
-0.2045
-0.9658
-0.1586
-6.3700
-3.7800
-0.1400
249
342
516
424
525
-0.1776
-0.9687
-0.1586
-0.1400
-2.1000
-3.3600
261
372
515
427
508
-0.1928
-0.9682
-0.1752
-2.8000
-0.7700
1.3300
297
407
516
429
484
-0.2079
-0.9531
-0.1825
-4.2700
-5.7400
-1.4700
327
432
517
430
473
-0.1932
-0.9536
-0.1654
0.4900
-6.3000
-0.0700
360
453
518
432
463
-0.2045
-0.9384
-0.2035
-2.0300
-6.8600
0.7700
378
469
519
434
454
-0.2113
-0.9243
-0.1767
-13.0900
-13.5100
-1.7500
389
479
520
437
434
-0.2294
-0.9374
-0.1996
-15.2600
-6.3700
-5.1800
394
485
521
440
423
-0.2167
-0.9467
-0.2118
-11.8300
-4.9000
-1.6100
395
488
522
443
417
-0.2250
-0.9487
-0.2313
-2.8700
-7.0000
-2.3800
396
490
523
446
414
-0.2328
-0.9555
-0.2372
0.4200
-3.4300
-5.1800
397
491
523
447
413
-0.2128
-0.9316
-0.2425
0.7000
-1.8900
-3.4300
397
491
524
449
413
-0.2186
-0.9277
-0.2284
-1.4000
-3.0800
-3.2200
397
491
524
449
413
-0.2118
-0.9321
-0.2450
3.7100
-4.9000
-3.2900
396
491
524
449
413
-0.2025
-0.9394
-0.1303
5.8100
-3.5000
-4.9000
396
491
524
449
413
-0.2118
-0.9540
-0.2347
1.3300
-3.7100
-2.8000
396
491
524
449
412
-0.2118
-0.9443
-0.2347
3.9200
-4.2000
-4.2000
396
491
524
449
411
-0.2113
-0.9492
-0.2313
1.0500
-4.1300
-4.7600
396
490
524
449
413
-0.2035
-0.9355
-0.2347
1.8200
-4.3400
-3.9900
395
490
524
449
413
-0.2094
-0.9404
-0.2420
-1.6100
-5.3900
-2.8700
396
491
524
449
411
-0.2128
-0.9433
-0.2386
1.5400
-3.0800
-1.3300
396
491
524
450
411
-0.2128
-0.9340
-0.2347
2.5900
-3.5700
-2.9400
396
490
524
449
411
-0.2001
-0.9374
-0.2264
2.8000
-4.2700
-4.3400
396
490
524
449
411
-0.2025
-0.9443
-0.2381
3.4300
-2.9400
-3.6400
396
490
524
449
411
-0.2020
-0.9487
-0.2420
4.3400
-4.2000
-3.5700
396
490
524
449
411
-0.2064
-0.9565
-0.2391
3.1500
-5.5300
-2.5900
396
490
524
449
411
-0.2137
-0.9536
-0.2289
5.6000
-3.2200
-5.0400
397
488
524
447
412
-0.1952
-0.9511
-0.2289
0.6300
-0.2800
-4.4100
396
486
524
445
414
-0.1869
-0.9252
-0.2240
1.6800
-2.9400
-4.6900
394
483
523
443
415
-0.2059
-0.9609
-0.2284
3.4300
-3.6400
-6.5800
381
473
522
442
415
-0.1947
-0.9589
-0.2137
3.8500
-4.4100
-7.7000
360
444
522
441
420
-0.1893
-0.9511
-0.2313
-0.3500
-3.0100
-4.0600
331
401
521
440
423
-0.1928
-0.9609
-0.2416
5.1100
-1.2600
0.0700
294
354
520
440
430
-0.1962
-0.9243
-0.1962
6.7200
-3.5700
1.1200
257
310
519
439
433
-0.1708
-0.9174
-0.1791
16.7300
-2.1700
-1.6800
239
295
519
436
436
-0.1806
-0.9589
-0.1703
7.4200
2.1000
-4.9000
231
288
518
434
433
-0.1957
-0.9501
-0.1635
6.8600
-2.5200
-4.0600
229
285
519
432
433
-0.1737
-0.9516
-0.1850
5.3900
-7.0700
-5.2500
227
283
519
430
446
-0.1645
-0.9765
-0.1771
-5.1100
-9.2400
-6.7200
227
282
519
429
464
-0.1835
-0.9672
-0.1796
2.9400
-8.1200
-6.1600
227
282
518
428
489
-0.1815
-0.9658
-0.1693
-2.5200
-8.3300
-3.4300
226
281
518
427
524
-0.1742
-0.9770
-0.1937
0.9800
-9.3100
-5.8100
225
279
517
425
550
-0.1850
-0.9575
-0.1835
-2.5900
-4.1300
-2.1700
224
280
515
425
571
-0.1976
-0.9477
-0.1913
-3.0800
-2.4500
-6.6500
222
280
513
425
580
-0.1625
-0.9223
-0.1801
-2.0300
-1.0500
1.4700
223
282
512
424
577
-0.1698
-0.9638
-0.1747
1.6800
-3.2200
-2.1000
226
285
513
425
530
-0.1810
-0.9643
-0.1986
1.4000
-3.5700
-3.0100
226
286
513
425
528
-0.1728
-0.9609
-0.1923
2.1700
-3.8500
-3.5000
227
286
513
425
525
-0.1693
-0.9477
-0.1854
-1.6100
-2.1700
-3.7100
228
287
513
425
526
-0.1610
-0.9599
-0.1996
3.5000
-5.1100
-3.9200
229
288
513
424
527
-0.1571
-1.0126
-0.1937
6.7900
-2.9400
-1.4700
229
289
514
424
523
-0.1327
-0.9814
-0.1381
-8.0500
-14.2100
4.6200
229
290
513
424
525
-0.1864
-0.9106
-0.2762
4.4800
-10.5700
3.6400
230
294
514
424
522
-0.2162
-1.0419
-0.1479
-39.4100
-9.5900
4.2700
230
295
513
424
518
-0.2113
-0.8823
-0.3021
-16.1700
-6.7200
21.9100
230
295
513
424
514
-0.2923
-0.8999
-0.2401
0.8400
-3.6400
2.4500
230
295
513
424
512
-0.2845
-0.9048
-0.2918
-6.4400
3.8500
13.9300
230
294
513
424
509
-0.2991
-0.8994
-0.2733
0.7700
4.4800
2.3800
230
292
513
423
505
-0.2635
-0.8677
-0.2611
-8.5400
-14.0000
-5.3900
230
293
513
423
511
-0.3006
-0.9423
-0.3372
4.6900
-7.1400
-11.9700
230
295
513
421
513
-0.2440
-0.9218
-0.3060
-2.5200
-9.5900
3.2900
231
296
513
421
514
-0.2908
-0.8530
-0.2552
6.7200
-9.0300
-3.4300
231
296
512
422
517
-0.3333
-0.8447
-0.1986
11.7600
-3.2900
-8.6100
232
299
512
422
517
-0.2430
-0.9321
-0.2933
21.4200
1.3300
-5.6700
232
302
512
422
515
-0.2552
-0.9526
-0.2098
-3.3600
-0.4900
1.6800
233
305
511
421
515
-0.2752
-0.8711
-0.2806
13.0900
-0.9100
1.4700
238
312
512
422
511
-0.3089
-0.9194
-0.1879
11.2000
-10.5700
-2.8000
247
324
510
425
504
-0.2782
-0.8755
-0.1703
17.7100
-15.1200
6.6500
253
332
507
428
493
-0.3426
-0.9248
-0.1957
19.6000
-3.0100
1.9600
270
362
507
431
484
-0.3006
-0.9233
-0.1527
26.8100
-3.6400
2.7300
299
406
510
434
471
-0.3372
-0.9633
-0.1176
21.4200
-4.3400
-14.4200
333
435
514
437
460
-0.3138
-0.9370
-0.0644
-1.4000
-3.7100
-2.4500
363
457
517
441
457
-0.3440
-0.9155
-0.0561
-1.8200
4.6900
-1.4700
377
473
518
443
448
-0.2884
-0.8906
-0.1308
7.2100
-5.8800
3.0800
382
478
519
444
448
-0.3309
-0.9550
-0.1000
4.6200
-8.6100
-4.3400
386
481
520
445
445
-0.3357
-0.9223
-0.0834
7.4200
-2.7300
-7.4200
391
485
520
446
441
-0.3109
-0.9501
-0.0752
4.6200
-2.8000
-1.8900
394
487
521
446
438
-0.3235
-0.9326
-0.0874
-2.8000
-4.2700
-3.4300
395
488
521
445
434
-0.2991
-0.9150
-0.1327
6.1600
-5.3200
2.3800
399
489
521
445
428
-0.3265
-0.9457
-0.0537
3.5000
-4.3400
-3.3600
404
492
522
446
421
-0.3167
-0.9287
-0.0756
-2.8000
-1.9600
-2.1700
406
493
522
446
421
-0.3030
-0.9150
-0.0864
0.4900
-2.0300
3.5000
407
494
522
446
419
-0.3167
-0.9526
-0.0776
-0.0700
-2.5200
2.0300
410
495
522
446
415
-0.3314
-0.9204
-0.0932
-7.1400
-5.5300
-4.6900
411
496
522
447
410
-0.3089
-0.9389
-0.0820
-0.7000
-1.2600
-1.4700
413
497
523
449
404
-0.3304
-0.9111
-0.1157
13.2300
-3.2900
-1.5400
414
498
523
451
400
-0.3274
-0.9501
-0.0669
8.4000
-3.0100
3.8500
415
498
524
453
397
-0.3357
-0.9418
-0.0644
6.4400
-3.2200
1.8200
416
498
524
454
395
-0.3362
-0.9106
-0.0717
5.1800
-4.2000
-1.4700
417
498
524
455
395
-0.3406
-0.9160
-0.0766
6.5100
-4.9700
-1.4700
417
498
524
455
395
-0.3538
-0.9379
-0.0649
7.3500
-1.6100
-1.1200
417
498
525
455
395
-0.3421
-0.9184
-0.0395
0.0700
-1.5400
-6.0200
418
498
525
455
394
-0.3216
-0.9262
-0.0420
3.4300
-7.8400
-6.0900
418
498
525
455
393
-0.3479
-0.9404
-0.0654
-3.7800
-8.7500
-11.6900
418
498
525
456
392
-0.3421
-0.9233
-0.0659
-4.9700
-4.9000
-5.2500
418
498
525
456
392
-0.3143
-0.9174
-0.0766
-1.8200
-4.6200
-3.0100
417
498
525
456
392
-0.3255
-0.9101
-0.0805
4.2000
-6.6500
3.6400
417
497
525
455
393
-0.3640
-0.9248
-0.0664
1.2600
-4.5500
-5.6700
417
497
525
455
394
-0.3099
-0.9194
-0.0908
1.8900
-8.1200
-8.6100
417
497
525
454
395
-0.3138
-0.9350
-0.0795
10.0800
-5.1100
-5.2500
417
497
525
454
396
-0.2991
-0.9477
-0.0390
-5.5300
-3.2200
-1.1900
417
497
525
454
397
-0.3406
-0.9174
-0.1093
2.0300
-5.1100
-3.3600
417
497
525
454
397
-0.3323
-0.9506
-0.0454
8.3300
-1.7500
-5.2500
417
496
525
454
397
-0.3157
-0.9331
-0.0590
1.8900
-2.9400
-3.7800
416
496
525
453
398
-0.3084
-0.9209
-0.0654
0.3500
-5.8800
-3.6400
416
496
525
452
399
-0.3211
-0.9477
-0.0581
3.2200
-4.3400
-3.7100
416
495
525
452
400
-0.3148
-0.9335
-0.0464
2.7300
-5.5300
-2.3800
416
495
525
451
401
-0.3299
-0.9243
-0.0732
3.6400
-3.7100
-3.6400
416
495
525
451
401
-0.3148
-0.9379
-0.0586
3.7800
-2.8700
-4.5500
415
495
525
450
402
-0.3030
-0.9370
-0.0508
2.5200
-4.2000
-1.2600
415
495
525
450
402
-0.3177
-0.9272
-0.0678
3.7800
-3.5700
-2.8000
415
494
525
450
403
-0.3055
-0.9379
-0.0600
2.9400
-5.2500
-4.4100
415
494
525
449
404
-0.3079
-0.9453
-0.0356
2.6600
-4.2000
-2.3800
415
494
525
449
404
-0.3104
-0.9267
-0.0459
0.4900
-4.8300
-2.3100
415
494
525
448
405
-0.3070
-0.9423
-0.0532
5.7400
-4.6200
-4.6900
414
493
524
448
405
-0.3035
-0.9428
-0.0395
4.8300
-5.7400
-3.2900
414
493
524
448
405
-0.3113
-0.9516
-0.0259
0.0000
-5.0400
-2.8700
414
493
524
448
405
-0.3206
-0.9277
-0.0644
2.5900
-3.5000
-3.7100
414
493
525
447
406
-0.2962
-0.9482
-0.0229
3.2900
-3.5700
-2.2400
414
492
524
447
406
-0.3065
-0.9379
-0.0293
-1.6800
-3.5000
-3.7100
414
492
524
447
404
-0.3045
-0.9321
-0.0659
6.7900
-5.5300
-3.5000
414
492
524
447
406
-0.3133
-0.9540
-0.0200
3.8500
-5.0400
-2.5200
414
492
524
447
406
-0.3109
-0.9350
-0.0361
0.7700
-3.1500
-2.1700
414
492
524
447
407
-0.3138
-0.9326
-0.0566
2.2400
-4.2700
-4.1300
414
492
524
446
407
-0.3065
-0.9394
-0.0171
2.7300
-5.9500
-3.5000
414
492
524
446
407
-0.3026
-0.9394
-0.0303
0.5600
-4.3400
-2.5200
413
492
524
446
408
-0.3226
-0.9335
-0.0454
3.5000
-4.2000
-5.6700
413
492
524
446
408
-0.2996
-0.9404
-0.0088
6.5800
-3.6400
-2.5900
413
492
524
446
408
-0.3104
-0.9472
-0.0307
-5.1800
-4.8300
-2.4500
413
492
524
446
408
-0.3231
-0.9399
-0.0473
2.9400
-3.3600
-5.1100
413
492
524
446
408
-0.2952
-0.9335
-0.0161
0.8400
-3.5700
-2.3100
413
491
524
446
406
-0.2996
-0.9404
-0.0508
1.6100
-4.5500
-2.3100
413
491
524
446
408
-0.3006
-0.9355
-0.0444
7.7700
-6.7200
-2.8000
413
491
524
446
409
-0.3079
-0.9545
-0.0063
3.2200
-5.0400
-1.6800
413
491
524
446
409
-0.3235
-0.9506
-0.0293
-2.5200
-1.9600
-5.3900
413
491
524
446
410
-0.3070
-0.9262
-0.0468
1.6800
-5.6000
-3.2900
413
491
524
446
410
-0.3109
-0.9316
-0.0268
4.8300
-4.5500
-5.4600
413
491
524
446
410
-0.2869
-0.9467
0.0068
0.0700
-5.0400
-0.4200
413
491
524
445
411
-0.3235
-0.9409
-0.0537
-0.8400
-3.3600
-2.8700
413
491
524
445
411
-0.2816
-0.9301
0.0010
4.9000
-3.6400
-3.2200
413
491
524
445
410
-0.3026
-0.9467
-0.0127
-0.8400
-3.0800
-1.8200
413
491
524
444
410
-0.3060
-0.9448
-0.0307
0.1400
-1.6100
-3.9200
413
491
524
444
408
-0.2952
-0.9301
-0.0317
6.8600
-5.8100
-2.2400
413
491
524
443
411
-0.3089
-0.9545
-0.0068
3.5000
-3.7800
-1.6100
412
491
524
443
411
-0.3045
-0.9399
-0.0356
0.2100
-3.5700
-2.0300
412
491
524
443
411
-0.3143
-0.9301
-0.0322
4.6900
-5.3200
-4.1300
412
491
524
442
411
-0.2948
-0.9467
-0.0039
0.6300
-3.6400
-0.5600
412
491
524
442
411
-0.3162
-0.9394
-0.0322
-2.3100
-2.1000
-3.3600
412
491
524
442
411
-0.3084
-0.9355
-0.0400
8.2600
-4.2000
-5.8800
412
491
524
442
412
-0.2908
-0.9560
0.0181
-1.4000
-3.2900
-1.3300
412
491
524
443
410
-0.3128
-0.9233
-0.0303
-0.1400
-3.9900
-2.9400
412
491
524
443
411
-0.3060
-0.9340
-0.0307
3.0100
-4.3400
-5.3900
412
491
524
443
412
-0.2928
-0.9423
-0.0161
3.0100
-4.0600
-2.3100
412
491
524
442
413
-0.3089
-0.9414
-0.0142
-0.9100
-3.6400
-3.2200
412
491
524
442
413
-0.2987
-0.9384
-0.0361
3.9200
-4.3400
-3.8500
412
491
524
442
413
-0.2904
-0.9487
-0.0059
5.6000
-3.3600
-3.1500
412
491
524
441
413
-0.2908
-0.9457
-0.0317
-2.0300
-3.2900
-0.8400
412
491
524
441
413
-0.3060
-0.9321
-0.0425
3.0100
-4.0600
-3.3600
412
490
524
441
411
-0.2923
-0.9467
0.0000
1.9600
-5.2500
-2.1000
412
491
524
441
414
-0.3089
-0.9326
-0.0307
0.2800
-2.8700
-3.4300
411
490
524
441
413
-0.2991
-0.9399
-0.0337
1.6100
-4.5500
-2.8700
411
490
524
441
414
-0.2957
-0.9379
-0.0166
6.2300
-5.8100
-2.4500
411
490
524
441
414
-0.2957
-0.9448
-0.0117
-0.0700
-2.3100
-3.0100
411
490
524
441
414
-0.3006
-0.9321
-0.0342
2.0300
-3.9900
-3.6400
411
490
524
441
414
-0.2991
-0.9457
-0.0063
1.7500
-5.1800
-2.7300
411
490
524
440
414
-0.3001
-0.9443
-0.0171
2.1700
-3.5000
-2.0300
411
490
524
441
413
-0.2996
-0.9370
-0.0400
-2.4500
-4.5500
-3.5000
411
490
524
440
414
-0.3045
-0.9360
-0.0137
4.5500
-5.2500
-4.3400
411
490
524
440
414
-0.2952
-0.9457
-0.0102
-1.1200
-4.1300
-2.9400
411
490
524
440
414
-0.2962
-0.9331
-0.0278
1.8900
-5.8100
-3.2200
411
490
524
440
414
-0.3050
-0.9418
-0.0259
6.4400
-5.1800
-3.4300
411
490
524
440
414
-0.2938
-0.9526
-0.0015
1.6800
-3.7100
-2.6600
411
490
524
440
414
-0.2991
-0.9487
-0.0205
-0.9800
-4.3400
-2.4500
411
490
524
440
414
-0.3035
-0.9365
-0.0268
4.7600
-4.2700
-4.2700
411
490
524
440
415
-0.2835
-0.9506
0.0093
2.2400
-4.4100
-0.7700
411
490
524
440
415
-0.3133
-0.9394
-0.0371
1.6800
-2.5200
-2.8000
411
490
524
440
415
-0.2952
-0.9536
-0.0127
5.1800
-4.2000
-3.0800
411
490
524
440
415
-0.2982
-0.9501
-0.0024
1.5400
-3.5700
-1.8200
411
490
524
440
415
-0.3050
-0.9360
-0.0181
0.0700
-2.3100
-3.8500
411
490
524
440
414
-0.2899
-0.9370
-0.0307
4.6900
-5.5300
-2.8000
411
490
524
440
415
-0.3016
-0.9555
0.0059
3.0100
-3.9900
-2.7300
411
490
524
440
415
-0.3006
-0.9316
-0.0181
0.4900
-2.5900
-2.5900
411
490
524
440
412
-0.2967
-0.9389
-0.0205
2.3800
-3.2200
-2.6600
411
490
524
440
415
-0.2948
-0.9414
0.0000
2.0300
-3.9200
-2.5900
411
490
524
440
415
-0.2987
-0.9335
-0.0137
1.3300
-4.2000
-3.9200
411
490
524
440
415
-0.2957
-0.9360
-0.0146
2.6600
-4.4100
-3.7800
411
490
524
440
415
-0.2884
-0.9501
-0.0059
4.4100
-5.3900
-2.1700
411
490
524
440
415
-0.2952
-0.9365
-0.0142
1.1200
-3.7100
-1.8200
411
490
524
440
415
-0.3026
-0.9428
-0.0190
3.2200
-4.2000
-3.7100
411
490
524
440
415
-0.2996
-0.9355
0.0034
0.4200
-3.7800
-2.8000
410
489
524
440
413
-0.2991
-0.9355
-0.0020
0.7700
-3.2900
-3.7800
410
490
524
440
415
-0.2879
-0.9296
-0.0146
3.2200
-5.8100
-2.1000
411
489
524
440
415
-0.3079
-0.9550
0.0127
0.7000
-3.7100
-4.2700
410
489
524
440
415
-0.2943
-0.9194
-0.0181
3.5000
-3.9900
-3.2200
410
489
524
440
415
-0.2987
-0.9414
-0.0063
0.9800
-3.5700
-3.6400
410
489
524
440
415
-0.2938
-0.9296
-0.0029
2.2400
-4.1300
-1.8900
410
489
524
440
415
-0.3070
-0.9350
-0.0083
-0.7700
-4.4100
-3.7100
410
489
524
439
415
-0.2957
-0.9316
-0.0112
5.0400
-4.2000
-4.3400
410
489
524
439
413
-0.2723
-0.9526
0.0312
-1.4000
-4.1300
-1.0500
410
489
524
439
416
-0.3167
-0.9384
-0.0229
-1.0500
-3.5000
-5.5300
410
489
524
439
416
-0.3040
-0.9453
-0.0215
4.7600
-4.5500
-3.5000
410
489
524
439
416
-0.3011
-0.9531
0.0010
1.0500
-3.7100
-3.1500
410
489
524
439
416
-0.2996
-0.9492
-0.0137
1.0500
-3.3600
-3.6400
410
489
524
439
416
-0.2977
-0.9448
-0.0122
0.4900
-4.1300
-3.3600
410
489
524
440
416
-0.2904
-0.9326
-0.0112
1.6100
-5.6000
-2.7300
410
489
524
440
416
-0.3040
-0.9457
0.0088
1.5400
-3.5000
-2.5900
410
489
524
440
416
-0.2894
-0.9340
-0.0083
-0.5600
-3.5700
-1.9600
410
489
524
440
416
-0.3104
-0.9394
-0.0205
4.0600
-4.4100
-4.4100
410
489
524
440
416
-0.2855
-0.9399
0.0142
4.2700
-4.9700
-3.9900
410
489
524
440
416
-0.2933
-0.9453
-0.0088
0.5600
-2.2400
-1.8200
410
489
524
440
416
-0.2948
-0.9350
-0.0254
2.1700
-4.2700
-3.1500
410
489
524
440
414
-0.2894
-0.9482
0.0112
3.3600
-4.5500
-2.9400
410
489
524
440
416
-0.2938
-0.9457
0.0088
-1.8200
-3.7100
-2.3100
410
489
524
440
417
-0.3099
-0.9277
-0.0181
3.2900
-3.8500
-4.4100
410
489
524
440
416
-0.2894
-0.9433
0.0029
1.1200
-5.1100
-3.5700
410
489
524
440
416
-0.2933
-0.9418
0.0015
1.9600
-4.3400
-2.3800
410
489
524
440
417
-0.3060
-0.9423
-0.0112
0.4900
-3.2900
-3.4300
410
489
524
440
417
-0.2948
-0.9438
-0.0239
7.4200
-6.1600
-2.5200
410
489
524
440
418
-0.2948
-0.9628
0.0107
2.7300
-3.5000
-2.2400
410
489
524
440
415
-0.2913
-0.9394
-0.0049
-0.3500
-3.1500
-2.5200
410
489
524
440
417