-0.2094
-0.9643
-0.0473
1.8200
-4.6200
-3.5700
405
477
512
426
547
-0.2084
-0.9614
-0.0532
2.5900
-4.1300
-2.5900
405
477
513
426
549
-0.2108
-0.9726
-0.0581
2.1700
-3.7100
-2.8700
405
477
512
426
549
-0.2084
-0.9711
-0.0493
2.3800
-3.9900
-2.9400
405
477
512
425
547
-0.2064
-0.9648
-0.0522
3.2200
-4.5500
-3.4300
405
477
513
426
547
-0.2059
-0.9697
-0.0425
1.5400
-4.1300
-3.2200
405
477
512
426
549
-0.2040
-0.9682
-0.0527
2.6600
-4.2000
-2.8700
405
477
512
426
549
-0.2054
-0.9682
-0.0459
1.2600
-3.8500
-2.0300
405
477
512
426
547
-0.2045
-0.9643
-0.0454
1.5400
-4.1300
-2.8000
405
477
513
426
547
-0.2054
-0.9618
-0.0478
2.8000
-3.8500
-2.7300
405
477
513
426
549
-0.2035
-0.9648
-0.0468
1.1900
-3.8500
-2.8000
405
477
513
426
549
-0.2059
-0.9658
-0.0556
1.4700
-3.6400
-2.5200
405
477
513
426
547
-0.2035
-0.9760
-0.0381
1.4700
-4.5500
-2.7300
405
477
512
426
549
-0.2206
-0.9848
-0.0532
2.3800
-1.8200
-3.2900
405
477
513
425
549
-0.1991
-0.9794
-0.0498
-4.0600
0.0000
-1.9600
405
477
513
426
547
-0.2054
-0.9623
-0.0815
-4.2000
1.8900
-0.3500
405
476
512
426
546
-0.2011
-0.9545
-0.0703
-3.0800
-1.4000
2.5200
404
475
512
426
549
-0.2396
-0.9321
-0.1088
-3.9200
2.5200
3.2200
402
468
508
426
549
-0.2313
-0.9487
-0.1020
-6.7900
3.9900
0.8400
394
457
496
426
546
-0.2372
-0.9653
-0.0937
-7.0700
4.5500
-3.0800
381
441
482
427
549
-0.2474
-0.9623
-0.1342
1.1200
6.1600
1.8200
345
403
461
429
549
-0.2098
-0.9594
-0.1200
0.4200
0.7000
-1.6800
303
352
424
435
547
-0.2450
-0.9492
-0.1274
3.9900
-4.0600
2.7300
272
314
372
438
548
-0.2630
-0.9360
-0.1249
0.0000
-3.0800
-3.6400
249
292
326
438
550
-0.2435
-0.9170
-0.1264
-4.8300
-6.3700
-5.6700
228
271
296
437
551
-0.2562
-0.9326
-0.1313
-4.6200
-8.4000
-4.4100
215
259
281
434
548
-0.2689
-0.9370
-0.1630
-3.2200
-7.0700
-7.9100
208
256
278
432
537
-0.2323
-0.9228
-0.1332
8.4700
1.0500
-2.7300
205
257
289
438
496
-0.2313
-0.9740
-0.1254
3.0800
-6.8600
-2.0300
202
257
288
440
445
-0.2333
-0.9277
-0.1566
9.1700
-2.8000
-0.9800
200
257
288
441
432
-0.2694
-0.9721
-0.1440
-3.0100
-10.2200
-0.7000
198
256
288
438
427
-0.2352
-0.9296
-0.1708
-12.6700
-15.6100
-4.9000
197
256
288
429
427
-0.2411
-0.9633
-0.1864
-10.9900
-14.4900
-2.0300
196
258
290
425
423
-0.2538
-0.9404
-0.2186
-9.0300
-10.9200
-0.5600
197
261
292
423
420
-0.2416
-0.9716
-0.1835
-5.4600
-5.2500
-11.9700
198
264
292
422
418
-0.2484
-0.9428
-0.1337
-5.0400
-3.0100
-18.3400
200
266
294
423
417
-0.1937
-0.9170
-0.0542
-0.4200
-9.9400
-8.2600
201
267
295
424
418
-0.2079
-0.8272
-0.1240
6.5800
-20.9300
4.1300
202
268
296
425
418
-0.2752
-0.9062
-0.1547
14.3500
-5.8800
11.3400
203
270
297
426
417
-0.2699
-1.0492
-0.2577
18.4800
13.3700
-5.8800
204
271
298
429
421
-0.1801
-1.0072
-0.1459
-9.8000
7.3500
-10.2200
206
271
299
432
418
-0.1557
-0.9048
-0.2011
6.3700
-4.4800
-0.0700
208
272
301
436
420
-0.2108
-0.9609
-0.1869
13.1600
0.2100
0.1400
208
273
303
436
424
-0.2401
-0.9701
-0.1586
5.7400
4.3400
-6.5100
209
274
303
437
426
-0.2269
-0.9316
-0.1532
2.0300
11.3400
0.2100
209
275
304
437
426
-0.2294
-0.9448
-0.1371
13.5800
1.6100
-3.5700
209
275
304
436
426
-0.1967
-0.9809
-0.1118
11.4100
10.9200
-4.6200
210
276
306
437
431
-0.2045
-0.9653
-0.1108
16.3100
12.3900
-10.0100
210
277
306
437
436
-0.2035
-0.9457
-0.0698
4.9700
0.6300
-6.2300
209
277
306
435
436
-0.1806
-0.9545
-0.0698
6.7900
0.1400
-0.8400
210
277
307
433
436
-0.2011
-0.9462
-0.0625
12.6700
-6.8600
-0.9800
210
277
307
432
440
-0.2113
-0.9828
-0.0532
6.0900
-1.6800
-3.6400
210
277
307
432
439
-0.1928
-0.9706
-0.0556
1.4000
-3.5700
-5.1100
210
277
308
431
445
-0.1937
-0.9784
-0.0805
7.1400
-2.5200
-7.6300
210
277
308
430
446
-0.1825
-0.9760
-0.0659
5.2500
-4.6200
-5.4600
210
277
308
430
448
-0.1825
-0.9745
-0.0542
-4.9700
-6.5100
-4.6200
210
278
308
429
449
-0.1703
-0.9784
-0.0732
-1.1200
-5.6700
-3.6400
215
281
331
432
450
-0.1723
-0.9575
-0.0805
2.3800
-4.2000
-5.4600
227
288
353
436
452
-0.1757
-0.9911
-0.0932
-2.8700
-2.2400
-3.0800
243
299
364
438
454
-0.1606
-0.9721
-0.0952
-6.9300
-4.6200
-1.3300
265
312
387
440
454
-0.1771
-0.9794
-0.1176
-5.4600
-6.7900
-0.7700
291
332
415
441
456
-0.1742
-0.9911
-0.1288
-5.6700
-7.3500
-1.9600
329
371
447
444
454
-0.1596
-0.9692
-0.1240
-8.4700
-5.3200
1.8900
347
390
457
446
456
-0.1976
-0.9765
-0.1635
-5.2500
-2.0300
1.8900
363
423
480
448
452
-0.1820
-0.9443
-0.1576
-1.7500
-4.4100
7.0700
376
452
498
450
451
-0.2045
-0.9604
-0.1244
0.7000
-8.9600
2.5900
387
473
511
453
447
-0.2069
-0.9750
-0.1718
-2.8700
-4.0600
-2.5900
400
484
516
456
444
-0.2035
-0.9350
-0.1893
6.5800
-1.2600
-2.1000
405
490
521
459
440
-0.2274
-0.9555
-0.1601
6.1600
-5.3900
-0.8400
408
493
523
461
437
-0.2137
-0.9692
-0.1366
-0.2800
-7.1400
2.3800
409
493
524
462
437
-0.2186
-0.9443
-0.1440
5.3900
-6.9300
-2.6600
409
492
524
461
437
-0.2386
-0.9545
-0.1283
5.5300
-3.7800
-2.0300
409
491
524
461
437
-0.2167
-0.9594
-0.1293
0.0000
-4.2000
-2.9400
409
491
524
461
435
-0.2333
-0.9438
-0.1371
1.1200
-3.5700
-3.7100
409
491
524
461
438
-0.2435
-0.9570
-0.1488
1.6100
-3.5000
-2.8000
409
491
524
461
435
-0.2328
-0.9550
-0.1318
2.6600
-5.0400
-2.5900
409
491
524
461
438
-0.2333
-0.9506
-0.1425
4.4100
-3.7100
-0.6300
408
490
524
461
438
-0.2362
-0.9536
-0.1254
-1.4000
-1.0500
-2.2400
409
489
523
461
438
-0.2406
-0.9477
-0.1396
-0.4200
-4.6200
-3.2200
409
488
523
460
438
-0.2289
-0.9492
-0.1376
-0.5600
-3.6400
-3.2900
408
487
522
460
439
-0.2323
-0.9311
-0.1474
1.7500
-3.3600
-3.0100
408
486
522
460
439
-0.2377
-0.9496
-0.1401
5.6000
-3.7100
-2.3100
408
484
521
460
440
-0.2391
-0.9506
-0.1425
-0.4200
-3.4300
-3.6400
407
483
520
460
440
-0.2411
-0.9374
-0.1386
4.9000
-2.4500
-4.2000
407
482
519
459
442
-0.2450
-0.9560
-0.1527
6.0200
-2.1000
-7.0700
403
475
513
458
445
-0.2391
-0.9457
-0.1454
8.8900
-0.4900
-8.5400
392
458
495
458
446
-0.2450
-0.9457
-0.1308
4.6900
-1.8200
-2.3800
378
437
474
458
450
-0.2118
-0.9648
-0.1435
8.0500
-3.1500
-2.7300
347
408
449
456
452
-0.2347
-0.9540
-0.1161
4.8300
-5.6000
-1.7500
303
372
439
455
459
-0.2225
-0.9594
-0.1054
1.5400
-5.6700
-2.7300
271
342
417
454
460
-0.2230
-0.9526
-0.1142
-2.6600
-6.3000
-4.9700
242
317
370
450
468
-0.2108
-0.9687
-0.1005
2.8000
-13.7900
-6.5800
214
293
348
445
474
-0.2528
-0.9511
-0.1118
16.8000
-9.1000
-6.3700
202
283
341
443
475
-0.2298
-0.9589
-0.0844
-1.0500
-8.7500
-6.7900
196
277
323
440
476
-0.2142
-0.9628
-0.1137
7.8400
-6.6500
-6.0900
192
270
313
431
475
-0.2035
-0.9448
-0.0478
0.2100
-8.0500
1.8900
188
268
311
418
479
-0.2089
-0.9409
-0.0781
-19.5300
-13.8600
4.9000
187
269
305
406
476
-0.2289
-0.9633
-0.1103
-4.7600
-6.9300
-6.1600
186
270
301
399
478
-0.2181
-0.9531
-0.1142
2.7300
-7.7000
-3.1500
186
270
298
394
479
-0.2045
-0.9711
-0.1215
-1.6100
-5.3900
-2.8000
187
271
298
392
479
-0.2142
-0.9555
-0.1054
1.8900
-4.4100
-1.4700
187
271
298
393
479
-0.2289
-0.9506
-0.1200
5.6700
-5.5300
-3.4300
188
272
299
393
476
-0.2240
-0.9492
-0.0922
-0.9100
-4.4800
-1.8900
189
273
300
393
479
-0.2279
-0.9482
-0.1088
2.0300
-3.9900
-1.3300
190
274
302
393
477
-0.2240
-0.9506
-0.0913
-0.5600
-4.4800
-1.7500
190
274
302
393
479
-0.2274
-0.9462
-0.0991
-0.5600
-3.7800
-2.1700
191
275
303
395
479
-0.2181
-0.9560
-0.1054
2.7300
-3.6400
-1.1200
191
276
304
396
479
-0.2255
-0.9614
-0.1059
0.7700
-4.4100
-2.2400
192
276
305
396
479
-0.2230
-0.9555
-0.0976
2.5900
-4.7600
-3.9900
192
277
306
396
477
-0.2318
-0.9658
-0.1161
2.5900
-4.1300
-3.9200
194
278
306
396
480
-0.2235
-0.9545
-0.1044
2.5900
-4.1300
-2.4500
194
278
307
396
477
-0.2206
-0.9643
-0.0927
2.2400
-5.0400
-0.4900
194
279
307
397
479
-0.2420
-0.9536
-0.0971
-1.8900
-3.1500
-3.7800
195
279
308
396
477
-0.2255
-0.9575
-0.1083
-2.0300
-3.9200
-3.5700
195
279
308
396
479
-0.2230
-0.9443
-0.1118
2.5900
-4.3400
-1.8200
195
279
308
395
480
-0.2269
-0.9531
-0.1015
1.1900
-4.1300
-3.5000
195
279
308
393
480
-0.2015
-0.9687
-0.1064
2.6600
-5.0400
-4.2700
195
280
308
393
480
-0.2201
-0.9672
-0.1074
2.6600
-5.7400
-4.5500
196
280
309
393
477
-0.2206
-0.9584
-0.1098
1.8900
-4.9700
-3.5700
196
280
309
392
480
-0.2186
-0.9677
-0.1113
2.5200
-4.7600
-1.4700
196
280
309
392
478
-0.2289
-0.9589
-0.1093
2.3800
-3.9200
-1.3300
196
280
309
393
481
-0.2162
-0.9633
-0.1054
3.0800
-4.8300
-3.7800
196
281
309
392
481
-0.2216
-0.9575
-0.1049
3.7800
-4.3400
-2.1000
196
281
309
392
481
-0.2255
-0.9672
-0.1025
1.9600
-2.3100
-2.3800
196
281
310
391
481
-0.2113
-0.9584
-0.1049
2.7300
-4.2000
-2.5200
197
281
310
391
481
-0.2133
-0.9711
-0.1039
0.7700
-3.5700
-3.9200
197
281
310
391
481
-0.2142
-0.9658
-0.0971
2.7300
-4.8300
-4.3400
197
282
310
391
478
-0.2230
-0.9667
-0.1078
0.2100
-4.3400
-4.6200
197
282
311
390
481
-0.2123
-0.9633
-0.1025
-1.7500
-6.5100
-2.6600
197
282
311
390
479
-0.2303
-0.9589
-0.1220
2.5200
-4.2000
-3.1500
197
282
311
389
481
-0.2196
-0.9628
-0.1230
2.7300
-3.8500
-3.8500
198
282
312
389
482
-0.2069
-0.9565
-0.1147
-0.6300
-4.3400
-4.6200
199
283
313
393
480
-0.2191
-0.9540
-0.1396
-7.8400
-3.9200
-1.6100
204
290
327
405
474
-0.2220
-0.9921
-0.0913
-1.4700
-8.0500
-17.7100
216
298
352
420
469
-0.1796
-0.9609
-0.1810
-3.9900
-0.7000
3.3600
242
316
381
433
466
-0.2328
-0.9799
-0.1298
-3.1500
0.9100
-3.5700
270
335
407
440
462
-0.2006
-0.9540
-0.1410
2.6600
-6.8600
2.5900
307
385
453
443
462
-0.2240
-0.9287
-0.1430
-0.0700
-5.1100
0.9100
357
434
490
447
458
-0.2435
-0.9448
-0.1645
2.3800
-2.8000
2.6600
375
461
505
450
459
-0.2591
-0.9658
-0.1449
6.7900
-5.8100
3.8500
395
484
514
453
455
-0.2479
-0.9575
-0.1405
1.9600
-4.6200
-0.0700
404
491
519
455
455
-0.2650
-0.9526
-0.1620
0.6300
-1.7500
-4.2000
408
494
522
457
451
-0.2391
-0.9438
-0.1552
1.6100
-4.3400
-0.1400
409
495
523
457
453
-0.2562
-0.9438
-0.1610
4.8300
-4.1300
-1.2600
410
494
523
458
450
-0.2528
-0.9472
-0.1391
4.4100
-3.5700
-2.5900
410
494
523
458
452
-0.2591
-0.9501
-0.1562
0.6300
-3.0100
-2.1000
410
494
523
457
450
-0.2616
-0.9360
-0.1347
2.7300
-4.9700
-1.6100
410
494
523
457
453
-0.2650
-0.9448
-0.1396
4.2700
-5.4600
-2.7300
410
494
523
457
451
-0.2596
-0.9467
-0.1420
-0.5600
-3.4300
-2.6600
409
494
523
457
453
-0.2669
-0.9433
-0.1523
2.1000
-3.3600
-2.5200
409
493
523
457
451
-0.2699
-0.9428
-0.1415
0.4200
-3.0800
-3.2900
409
493
523
456
453
-0.2699
-0.9360
-0.1459
-4.3400
-1.0500
-4.6200
408
492
523
456
451
-0.2679
-0.9448
-0.1659
3.5000
-3.7100
-4.2000
409
493
523
456
453
-0.2645
-0.9457
-0.1693
6.3700
-4.2700
-3.5000
410
493
523
456
454
-0.2640
-0.9477
-0.1625
5.7400
-3.7100
-4.0600
410
493
523
456
454
-0.2621
-0.9345
-0.1513
2.6600
-4.2700
-4.1300
409
491
522
456
454
-0.2625
-0.9409
-0.1869
0.7700
-3.5000
-5.5300
407
486
520
455
455
-0.2567
-0.9423
-0.1527
1.6800
-3.5000
-3.2900
406
483
519
455
455
-0.2582
-0.9457
-0.1796
-0.1400
-3.1500
-1.8900
405
478
517
454
457
-0.2640
-0.9355
-0.1098
-3.0800
-3.9900
-0.8400
403
469
512
452
457
-0.2645
-0.9257
-0.1484
3.9200
-3.2200
-1.5400
401
453
502
450
462
-0.2577
-0.9335
-0.1737
-3.5000
-2.0300
-1.2600
399
441
488
446
465
-0.2669
-0.9409
-0.1488
-2.1700
-3.2900
-2.1700
385
416
466
442
471
-0.2577
-0.9223
-0.2108
4.9000
-4.9700
-3.9900
364
388
448
440
470
-0.2513
-0.9418
-0.1781
9.9400
-0.9800
1.4000
328
337
406
444
473
-0.2577
-0.9335
-0.1479
5.6000
-1.5400
0.6300
300
306
358
445
472
-0.2664
-0.9584
-0.1469
5.3200
-5.3900
-6.7200
275
287
322
445
476
-0.2542
-0.9594
-0.1484
22.6800
-9.6600
-7.7000
249
262
297
442
478
-0.2713
-0.9848
-0.0864
24.2200
-2.9400
-6.0200
234
259
289
433
476
-0.2313
-0.9706
-0.1332
7.7700
-5.3200
-7.4200
224
257
288
421
478
-0.2167
-0.9643
-0.0937
20.4400
-8.1200
-0.2100
222
259
285
420
476
-0.2596
-0.9662
-0.0742
-16.4500
-9.8700
-7.4200
220
261
276
413
479
-0.2352
-0.9467
-0.0766
-4.8300
-8.8200
-2.3800
220
263
268
403
479
-0.2577
-0.9399
-0.1069
-0.3500
-4.5500
-2.8700
220
265
268
402
479
-0.2445
-0.9457
-0.0956
4.2000
-3.9900
-1.0500
219
266
268
399
478
-0.2362
-0.9828
-0.1010
9.8000
-4.3400
-1.4000
219
267
269
399
475
-0.2416
-0.9697
-0.0781
10.1500
-5.5300
-4.2700
219
267
270
400
475
-0.2420
-0.9511
-0.0805
5.2500
-4.6900
-2.6600
220
268
272
401
472
-0.2381
-0.9755
-0.0830
2.3800
-5.8100
-4.2700
220
269
274
403
472
-0.2430
-0.9628
-0.0615
3.8500
-5.9500
-1.9600
221
270
278
405
471
-0.2625
-0.9477
-0.0576
0.7000
-3.6400
-1.7500
221
270
282
406
470
-0.2596
-0.9409
-0.0615
3.9900
-3.1500
-2.3800
222
271
284
407
470
-0.2503
-0.9575
-0.0605
1.9600
-3.4300
-1.8900
223
271
285
407
470
-0.2474
-0.9511
-0.0537
1.9600
-2.8000
-3.8500
223
271
286
408
470
-0.2425
-0.9472
-0.0493
1.9600
-3.5700
-3.5700
224
272
288
409
470
-0.2484
-0.9545
-0.0654
2.6600
-5.6700
-6.4400
225
272
289
409
469
-0.2284
-0.9521
-0.0444
4.6200
-5.5300
-6.5800
225
272
290
410
466
-0.2445
-0.9648
-0.0503
2.5900
-5.1100
-4.6200
226
273
290
410
467
-0.2440
-0.9565
-0.0454
1.6100
-4.9700
-3.4300
226
273
290
411
462
-0.2416
-0.9623
-0.0459
3.8500
-4.2700
-4.5500
226
273
291
411
463
-0.2333
-0.9672
-0.0468
-0.4200
-3.4300
-2.0300
227
274
291
411
459
-0.2269
-0.9521
-0.0483
4.2000
-3.5000
-3.7100
227
274
292
411
461
-0.2274
-0.9618
-0.0449
2.2400
-2.8700
-4.7600
227
275
292
411
458
-0.2313
-0.9638
-0.0434
4.9700
-3.9200
-5.8100
228
275
292
409
461
-0.2357
-0.9623
-0.0361
5.2500
-4.7600
-4.9000
228
275
293
408
460
-0.2338
-0.9706
-0.0425
3.1500
-2.8000
-3.1500
228
275
292
406
462
-0.2318
-0.9701
-0.0459
3.8500
-6.8600
-5.1100
228
276
293
406
460
-0.2235
-0.9682
-0.0444
-0.0700
-3.9200
-3.5700
228
276
293
406
462
-0.2230
-0.9614
-0.0410
1.8200
-5.3200
-5.1800
228
276
294
407
460
-0.2308
-0.9672
-0.0420
-0.8400
-4.4100
-4.1300
229
276
294
408
463
-0.2318
-0.9492
-0.0527
0.0000
-4.5500
-5.3200
230
277
295
409
461
-0.2191
-0.9633
-0.0630
-0.1400
-5.1100
-6.3700
231
278
296
409
464
-0.2259
-0.9555
-0.0625
-1.4700
-2.1000
-4.5500
232
278
298
409
464
-0.2284
-0.9575
-0.0688
-1.3300
-0.5600
-3.0800
233
278
302
410
466
-0.2186
-0.9604
-0.0571
5.0400
1.8200
-4.2700
234
278
307
413
465
-0.2059
-0.9736
-0.0673
-2.1000
1.5400
-0.8400
237
279
316
418
464
-0.2157
-0.9682
-0.0781
-4.3400
2.5900
5.3200
240
279
357
430
463
-0.2264
-0.9516
-0.1039
-0.2100
1.9600
0.1400
247
288
410
443
460
-0.2015
-0.9614
-0.1025
2.8000
2.5900
7.4900
278
307
443
450
456
-0.2406
-0.9682
-0.1005
-3.1500
-3.5000
0.4900
347
373
474
453
453
-0.2308
-0.9457
-0.0859
-6.0900
-2.5900
1.7500
399
433
492
454
449
-0.2284
-0.9594
-0.1103
5.4600
-3.6400
1.0500
407
460
502
454
450
-0.2342
-0.9609
-0.0839
1.8900
-4.5500
0.3500
413
477
509
455
447
-0.2445
-0.9682
-0.0996
-1.0500
-3.7800
0.6300
417
488
517
456
445
-0.2606
-0.9457
-0.1103
0.5600
-5.9500
-3.5000
418
493
523
458
443
-0.2113
-0.9374
-0.0849
1.1200
-5.6700
-1.6100
419
494
524
459
442
-0.2582
-0.9453
-0.1049
4.9000
-4.1300
-0.4200
419
494
525
459
442
-0.2464
-0.9453
-0.1122
9.8000
-4.0600
-2.8700
419
493
525
459
441
-0.2621
-0.9536
-0.0903
-1.1900
-3.7100
-1.9600
418
492
524
459
441
-0.2572
-0.9487
-0.0805
3.7100
-4.0600
-1.9600
418
492
524
458
441
-0.2562
-0.9409
-0.0747
-2.1000
-6.3000
-0.7000
418
491
524
458
441
-0.2747
-0.9472
-0.0917
-2.4500
-2.7300
-3.6400
418
491
524
457
439
-0.2547
-0.9511
-0.0932
5.1800
-3.7100
-3.1500
418
491
524
457
441
-0.2542
-0.9604
-0.1010
4.2000
-4.4100
-3.0100
417
491
524
457
439
-0.2591
-0.9472
-0.0966
2.8000
-3.8500
-2.5900
417
491
523
457
441
-0.2635
-0.9482
-0.0810
3.3600
-4.8300
-3.2200
417
490
523
457
442
-0.2664
-0.9511
-0.1147
3.1500
-3.2200
-3.2200
417
488
522
456
442
-0.2669
-0.9667
-0.1064
4.1300
-4.0600
-2.7300
416
484
519
455
443
-0.2816
-0.9526
-0.0727
-3.3600
-5.5300
-4.0600
407
459
513
455
444
-0.2601
-0.9506
-0.0971
5.3900
-1.1200
-1.5400
402
452
510
455
446
-0.2728
-0.9453
-0.0913
-1.6800
-0.6300
-4.4100
394
441
503
454
448
-0.2625
-0.9345
-0.0898
0.2800
-2.4500
-3.5700
380
425
486
452
451
-0.2660
-0.9492
-0.1181
7.2100
-1.6800
-6.8600
358
398
463
450
453
-0.2635
-0.9257
-0.1044
8.1900
0.9800
-5.4600
321
355
421
449
457
-0.2704
-0.9448
-0.1030
16.1700
-1.8200
-5.1800
293
328
382
449
461
-0.2406
-0.9389
-0.0771
-0.9100
-2.4500
17.5000
272
309
345
449
463
-0.2616
-0.9570
-0.0820
-3.5000
-2.3800
-5.5300
255
292
318
446
466
-0.2640
-0.9697
-0.0942
-20.5100
-3.8500
-8.2600
240
278
303
445
466
-0.2450
-0.9184
-0.1210
1.8900
-0.1400
-7.2100
233
272
299
450
464
-0.2338
-0.9384
-0.1191
-6.0900
-4.9700
-4.6900
227
271
297
453
458
-0.2542
-0.9326
-0.1366
-16.8000
-15.9600
-8.7500
224
269
296
449
454
-0.2821
-0.9633
-0.1688
-17.7100
-12.0400
-7.0000
223
268
295
439
449
-0.2303
-0.9482
-0.1879
6.5100
-6.2300
-4.2000
222
267
294
432
448
-0.2318
-0.9579
-0.1249
-3.7800
-7.5600
-3.9900
221
265
292
424
449
-0.2372
-0.9340
-0.1357
7.8400
-2.5900
-1.4700
221
262
288
421
449
-0.2313
-0.9604
-0.1503
1.3300
-2.5900
-2.5900
222
264
291
421
449
-0.2381
-0.9545
-0.1537
10.6400
-1.7500
-3.6400
222
265
293
420
448
-0.2186
-0.9716
-0.1425
9.2400
-3.0100
-4.6200
222
265
293
420
448
-0.2196
-0.9736
-0.1186
7.2800
-7.2100
-3.0100
222
266
294
417
449
-0.2308
-0.9692
-0.1332
8.8200
-5.5300
-2.4500
222
266
295
415
449
-0.2289
-0.9765
-0.1196
7.2100
-4.8300
-3.5000
223
268
296
415
449
-0.2416
-0.9575
-0.1103
0.0000
-4.0600
-4.2700
224
268
297
415
449
-0.2338
-0.9579
-0.1157
4.0600
-4.1300
-3.2900
225
269
298
415
450
-0.2406
-0.9389
-0.1157
4.4100
-4.4800
-2.5200
225
270
299
415
450
-0.2377
-0.9609
-0.1064
5.1100
-4.9000
-2.4500
225
270
300
415
450
-0.2367
-0.9638
-0.0961
1.5400
-4.0600
-2.9400
225
270
300
415
450
-0.2352
-0.9516
-0.1020
2.3100
-5.3200
-4.0600
226
271
300
414
450
-0.2377
-0.9653
-0.0996
2.9400
-4.2700
-3.0800
226
271
301
414
449
-0.2391
-0.9506
-0.0805
3.7800
-3.9900
-2.8700
226
271
302
414
451
-0.2294
-0.9628
-0.0917
1.0500
-4.6200
-2.5900
227
271
302
414
449
-0.2347
-0.9550
-0.0820
1.6100
-4.6900
-2.9400
227
271
302
414
451
-0.2308
-0.9560
-0.0834
2.9400
-5.1100
-3.8500
227
272
303
414
449
-0.2362
-0.9570
-0.0893
2.8700
-5.2500
-4.4100
227
272
303
414
451
-0.2318
-0.9555
-0.0922
2.8700
-4.4800
-3.2900
227
272
303
414
449
-0.2455
-0.9692
-0.0864
3.4300
-3.0800
-3.8500
227
272
303
414
452
-0.2342
-0.9638
-0.0942
3.2900
-3.1500
-2.8700
228
273
304
414
452
-0.2269
-0.9662
-0.0908
1.3300
-4.2700
-3.5700
228
273
304
413
452
-0.2269
-0.9589
-0.0795
0.1400
-4.2000
-3.4300
228
273
304
413
452
-0.2338
-0.9599
-0.0869
2.5900
-3.9200
-4.9700
228
273
304
413
451
-0.2279
-0.9599
-0.0800
1.8200
-4.4800
-2.9400
229
273
304
413
451
-0.2372
-0.9589
-0.0913
2.4500
-4.4800
-3.4300
229
273
304
413
452
-0.2328
-0.9550
-0.0830
0.3500
-3.0800
-2.6600
229
274
305
413
452
-0.2240
-0.9516
-0.0761
3.4300
-3.7100
-3.9200
229
274
305
412
451
-0.2191
-0.9687
-0.0810
1.9600
-4.1300
-3.4300
229
274
305
412
452
-0.2279
-0.9653
-0.0786
-2.1000
-4.9700
-3.1500
229
274
305
411
452
-0.2259
-0.9506
-0.0820
2.6600
-5.9500
-3.7800
230
274
306
411
453
-0.2294
-0.9682
-0.0747
2.2400
-5.3200
-3.6400
230
275
307
412
453
-0.2225
-0.9633
-0.0717
3.5000
-4.8300
-3.8500
231
276
308
412
453
-0.2172
-0.9692
-0.0644
-0.5600
-3.5700
-2.3800
231
276
309
413
452
-0.2220
-0.9521
-0.0781
-4.3400
-3.9900
-2.3800
233
280
313
414
453
-0.2259
-0.9638
-0.0976
6.4400
-4.6900
-6.9300
237
285
322
415
454
-0.2059
-0.9638
-0.0932
-0.9800
-2.3100
-2.8000
247
296
341
418
457
-0.2084
-0.9677
-0.0878
-2.4500
-5.7400
0.9800
263
308
362
421
458
-0.2235
-0.9579
-0.0874
-2.4500
-3.4300
-0.4900
287
321
382
423
457
-0.2225
-0.9711
-0.0952
4.2700
-1.1200
-0.0700
333
362
428
428
456
-0.2255
-0.9638
-0.1137
-6.7900
-4.6200
0.9100
357
390
449
431
455
-0.2435
-0.9433
-0.1259
-9.1700
-3.0800
0.4200
379
419
475
434
453
-0.2269
-0.9765
-0.1415
3.7100
-0.6300
-3.1500
399
448
495
438
454
-0.2167
-0.9428
-0.0024
6.6500
-7.3500
1.2600
407
465
504
440
453
-0.2440
-0.9662
-0.1171
3.3600
-5.2500
0.2100
413
479
512
442
452
-0.2460
-0.9394
-0.1127
3.0800
-3.5700
-0.6300
414
486
517
445
448
-0.2430
-0.9545
-0.1093
2.7300
-4.6200
-1.5400
415
489
521
447
450
-0.2577
-0.9531
-0.0708
-0.2100
-2.2400
0.2800
414
492
523
449
447
-0.2386
-0.9477
-0.0878
-2.1000
-3.5700
-1.1200
415
494
525
451
447
-0.2625
-0.9467
-0.1064
3.7800
-6.8600
-2.3100
416
496
526
452
445
-0.2586
-0.9418
-0.1113
3.3600
-5.1100
-3.2900
418
497
527
454
446
-0.2557
-0.9526
-0.1093
3.0100
-4.3400
-4.2000
419
497
527
454
444
-0.2499
-0.9262
-0.0991
4.7600
-4.5500
-4.1300
419
497
528
454
446
-0.2562
-0.9418
-0.1000
2.5200
-5.4600
-5.5300
419
497
528
454
446
-0.2474
-0.9467
-0.1108
2.7300
-4.0600
-5.2500
419
497
528
454
446
-0.2455
-0.9560
-0.1030
2.3800
-4.4800
-3.2200
419
497
528
454
446
-0.2552
-0.9443
-0.1098
0.9100
-3.5700
-3.9200
419
497
528
454
445
-0.2533
-0.9496
-0.1137
2.0300
-3.9900
-2.7300
419
496
528
453
446
-0.2582
-0.9331
-0.1064
1.1900
-4.1300
-1.7500
419
496
527
453
446
-0.2557
-0.9409
-0.0976
-0.9800
-2.5900
-2.1700
419
496
527
453
446
-0.2552
-0.9477
-0.1122
1.1900
-3.9200
-3.6400
419
495
527
453
445
-0.2499
-0.9531
-0.1059
-4.7600
-2.7300
-3.0100
418
493
527
452
446
-0.2494
-0.9340
-0.1376
2.2400
-0.9800
0.5600
417
487
525
452
447
-0.2660
-0.9550
-0.1064
-3.0100
5.2500
2.3100
414
476
517
451
449
-0.2460
-0.9282
-0.1728
1.6100
3.4300
0.2800
405
464
504
449
452
-0.2538
-0.9374
-0.1191
0.2800
-0.5600
-1.8200
390
444
487
448
458
-0.2406
-0.9389
-0.1376
3.6400
2.6600
-4.2000
364
421
466
447
458
-0.2660
-0.9340
-0.1161
0.8400
-2.0300
-2.2400
332
392
436
445
461
-0.2772
-0.9867
-0.2450
2.2400
-1.8200
-2.0300
298
360
399
443
460
-0.2752
-0.9394
-0.1405
-1.6800
-5.4600
-5.8800
258
314
343
441
462
-0.2440
-0.9643
-0.1513
-6.7900
-8.9600
-8.1900
239
284
304
439
461
-0.2352
-0.9448
-0.1352
-1.0500
-7.3500
-5.9500
231
271
287
431
464
-0.2303
-0.9526
-0.1503
-6.5800
-8.7500
-8.5400
226
263
278
422
468
-0.2533
-0.9506
-0.1645
1.6100
-5.3200
-2.0300
221
261
276
416
469
-0.2298
-0.9594
-0.1635
6.4400
-3.0100
-1.9600
218
261
277
415
468
-0.2216
-0.9350
-0.1308
9.7300
-7.0000
-4.0600
213
262
277
413
465
-0.2216
-0.9126
-0.1039
-0.9100
-12.8100
-6.7900
211
261
278
411
455
-0.2235
-0.9838
-0.1332
-2.5900
-6.1600
-6.3700
209
259
274
407
448
-0.1893
-0.9711
-0.1391
6.3000
-7.0000
-5.1800
208
258
272
400
443
-0.2074
-0.9628
-0.1518
7.5600
-4.8300
-4.9000
208
258
272
397
442
-0.2172
-0.9540
-0.1279
0.0700
-3.2900
-0.0700
209
259
273
397
442
-0.2123
-0.9350
-0.1283
4.9700
-5.0400
-1.0500
210
260
274
399
441
-0.2064
-0.9672
-0.1288
5.4600
-3.2200
-2.2400
211
261
275
400
441
-0.2098
-0.9716
-0.1113
-0.5600
-4.5500
-0.7000
212
263
277
400
441
-0.2323
-0.9667
-0.1279
3.5000
-2.4500
-2.2400
213
264
278
401
438
-0.2074
-0.9672
-0.1230
3.5000
-2.7300
-3.9200
213
265
279
401
441
-0.2079
-0.9628
-0.1240
-0.3500
-2.5200
-3.9900
214
265
280
402
439
-0.1986
-0.9697
-0.1240
2.2400
-4.9000
-4.2700
214
266
281
403
441
-0.2064
-0.9677
-0.1220
0.4900
-3.7100
-2.8700
215
266
282
403
441
-0.2094
-0.9609
-0.1225
-3.9900
5.2500
-0.9100
215
267
283
404
441
-0.2255
-0.9643
-0.1449
-3.4300
2.4500
-5.3900
215
268
284
405
441
-0.1874
-0.9472
-0.1518
1.5400
-2.2400
-1.7500
216
269
285
406
442
-0.2103
-0.9633
-0.1484
1.8200
-1.6100
-0.2800
216
269
286
406
443
-0.2230
-0.9579
-0.1410
4.2000
-3.6400
-3.0800
217
270
287
407
443
-0.2089
-0.9643
-0.1405
0.7700
-3.2900
-3.7100
217
270
287
407
443
-0.2025
-0.9667
-0.1503
0.8400
-0.6300
-6.9300
217
270
288
407
443
-0.1976
-0.9653
-0.1435
-0.0700
-1.2600
-4.6200
218
271
288
407
443
-0.1815
-0.9570
-0.1474
2.8700
-2.8700
-4.2700
218
271
288
407
442
-0.1771
-0.9682
-0.1488
-0.0700
-0.8400
-2.0300
218
271
289
407
444
-0.1791
-0.9506
-0.1488
1.5400
-0.6300
-3.0800
218
272
289
407
442
-0.1732
-0.9496
-0.1532
2.3100
-4.2700
-2.6600
219
272
289
407
445
-0.1850
-0.9643
-0.1557
1.8200
-4.4100
-3.9900
219
272
290
406
443
-0.1932
-0.9687
-0.1527
2.5900
-4.7600
-2.5900
219
272
290
406
445
-0.1869
-0.9701
-0.1493
4.2000
-4.4100
-3.1500
219
272
290
406
445
-0.1776
-0.9784
-0.1469
2.5200
-3.5700
-2.7300
219
273
291
406
446
-0.1786
-0.9687
-0.1454
2.9400
-4.4100
-3.5700
220
273
291
406
446
-0.1767
-0.9731
-0.1430
3.2900
-5.2500
-4.2700
220
273
291
405
446
-0.1786
-0.9614
-0.1435
1.1200
-5.1100
-3.3600
220
273
292
405
447
-0.1884
-0.9672
-0.1352
2.7300
-4.6200
-2.9400
220
273
292
405
447
-0.1840
-0.9706
-0.1435
2.1000
-5.0400
-3.2200
220
273
292
404
447
-0.1840
-0.9701
-0.1357
1.0500
-5.2500
-5.1100
220
273
292
404
447
-0.1688
-0.9838
-0.1425
-1.5400
-5.8100
-5.5300
222
275
294
404
449
-0.1732
-0.9750
-0.1547
2.6600
-5.1800
-4.2700
223
275
295
404
450
-0.1757
-0.9721
-0.1435
1.1200
-5.6000
-4.1300
224
276
295
404
450
-0.1708
-0.9701
-0.1552
1.3300
-5.6000
-5.1800
226
278
298
405
450
-0.1737
-0.9658
-0.1625
-0.3500
-8.1900
-6.9300
235
285
306
408
450
-0.1825
-0.9555
-0.1566
7.9100
-5.6000
-3.5000
255
300
327
414
449
-0.1732
-0.9697
-0.1230
6.7200
-5.8100
-2.3100
281
319
350
420
449
-0.1742
-0.9599
-0.1322
7.5600
-4.6900
-4.0600
298
336
376
423
449
-0.1610
-0.9706
-0.1337
-3.7800
-4.8300
-4.9000
309
344
391
424
449
-0.1688
-0.9638
-0.1444
-3.4300
-2.9400
-1.8900
327
362
414
427
449
-0.1703
-0.9575
-0.1376
0.0700
-4.1300
-1.4700
348
384
443
431
448
-0.1815
-0.9433
-0.1552
1.3300
-5.1800
-2.0300
373
414
476
434
447
-0.1776
-0.9487
-0.1581
5.3900
-5.1100
0.4900
386
431
490
437
446
-0.1845
-0.9643
-0.1640
2.8700
-6.3700
2.2400
395
449
502
439
444
-0.1820
-0.9823
-0.1332
2.6600
-3.5000
3.6400
397
469
512
442
445
-0.2250
-0.9565
-0.1547
3.7100
-4.0600
1.8200
400
482
519
445
442
-0.2206
-0.9648
-0.1444
4.2000
-5.5300
0.4200
405
491
523
447
443
-0.2108
-0.9492
-0.1581
1.3300
-4.4800
-1.3300
407
495
525
449
441
-0.2113
-0.9750
-0.1557
1.6800
-2.8000
-3.5700
409
497
526
450
440
-0.2020
-0.9575
-0.1542
0.2100
-2.5200
-1.6800
411
498
527
451
440
-0.2186
-0.9565
-0.1547
1.2600
-4.2000
-2.3100
414
498
527
453
438
-0.2162
-0.9672
-0.1537
2.6600
-2.8000
-2.8000
415
498
527
455
438
-0.2089
-0.9633
-0.1557
3.5700
-4.5500
-3.2900
415
498
527
455
438
-0.2084
-0.9677
-0.1488
1.8900
-4.2700
-1.5400
415
498
527
455
438
-0.2225
-0.9443
-0.1357
2.1700
-3.9900
-3.6400
416
498
527
455
435
-0.2211
-0.9501
-0.1430
0.9800
-4.7600
-4.0600
417
499
527
455
438
-0.2128
-0.9482
-0.1488
2.1700
-4.0600
-2.5900
418
499
528
455
437
-0.2142
-0.9496
-0.1503
-1.1900
-4.8300
-3.0800
418
498
527
454
437
-0.2123
-0.9462
-0.1557
2.2400
-4.2700
-3.5000
418
498
527
454
437
-0.2211
-0.9609
-0.1425
2.5200
-3.0800
-1.9600
418
498
527
453
437
-0.2123
-0.9628
-0.1576
3.0100
-4.0600
-3.5000
418
498
527
453
437
-0.2152
-0.9638
-0.1586
3.1500
-3.7100
-3.2200
418
497
527
453
437
-0.2128
-0.9550
-0.1762
4.2700
-2.3100
-3.0800
418
496
526
453
438
-0.2259
-0.9618
-0.1484
-1.6800
-3.9900
-1.1200
418
493
524
452
438
-0.2328
-0.9609
-0.1493
0.5600
-2.4500
-4.4800
417
489
523
452
438
-0.2176
-0.9438
-0.1630
1.9600
-1.8200
-4.2700
416
486
521
451
437
-0.2069
-0.9492
-0.1591
2.0300
-3.8500
-5.0400
416
483
518
449
440
-0.2157
-0.9575
-0.1698
-1.2600
-3.7800
-3.7100
415
477
513
447
439
-0.2235
-0.9496
-0.1674
-2.1000
0.0000
3.8500
412
469
505
445
444
-0.2411
-0.9248
-0.1884
-0.5600
-2.8700
-5.9500
410
463
495
443
447
-0.2206
-0.9467
-0.1767
-0.0700
-2.3100
-1.0500
400
455
489
444
448
-0.2142
-0.9482
-0.1781
-2.5900
3.5700
-2.0300
392
446
476
444
450
-0.2206
-0.9150
-0.1815
-0.0700
-3.4300
-5.8800
374
427
456
444
452
-0.1952
-0.9414
-0.2011
5.6000
-1.8200
-5.0400
354
408
437
443
454
-0.1957
-0.9506
-0.1869
4.7600
-6.3700
-1.7500
339
389
417
440
455
-0.2069
-0.9623
-0.1732
-5.1100
-6.4400
-2.9400
330
363
381
435
460
-0.2118
-0.9228
-0.2074
1.4700
-7.2100
-8.4700
317
342
355
430
462
-0.1986
-0.9482
-0.1835
1.1900
-6.3000
-9.1000
304
326
336
428
461
-0.1986
-0.9565
-0.1796
1.3300
-6.7200
-4.0600
287
311
320
425
464
-0.1981
-0.9589
-0.1884
0.5600
-9.3100
-5.2500
272
302
313
418
465
-0.1913
-0.9316
-0.1532
-2.1000
-8.3300
-2.9400
260
295
309
406
474
-0.2103
-0.9477
-0.2094
3.9200
-2.8000
-9.0300
248
285
304
405
474
-0.1854
-0.9570
-0.1762
10.2900
-3.3600
-5.4600
236
267
293
402
476
-0.1757
-0.9448
-0.1523
6.4400
-7.9100
-3.0800
230
262
286
391
477
-0.1737
-0.9711
-0.1791
-0.0700
-9.5200
-9.1700
226
259
282
384
477
-0.1840
-0.9828
-0.1440
-10.0100
-6.8600
-3.5000
223
257
279
374
476
-0.1674
-0.9658
-0.1840
0.9100
-7.2100
-3.9200
223
257
279
370
471
-0.1771
-0.9511
-0.1869
-1.0500
-4.9700
-3.2900
224
258
281
372
471
-0.1825
-0.9526
-0.1796
1.1200
-4.1300
-1.1200
224
260
283
376
467
-0.1781
-0.9511
-0.1757
2.2400
-2.8700
-0.5600
225
261
284
379
467
-0.1776
-0.9706
-0.1879
10.9200
0.7700
-3.1500
227
263
287
385
461
-0.1674
-0.9819
-0.1610
18.4100
-1.3300
-9.2400
228
265
289
392
454
-0.1332
-0.9838
-0.1342
9.9400
-1.7500
-5.8100
229
267
291
401
449
-0.1552
-0.9750
-0.1220
9.3100
2.2400
-4.4100
230
270
294
413
447
-0.1474
-0.9687
-0.1215
6.0900
-1.5400
-3.7100
232
273
297
422
444
-0.1415
-0.9740
-0.1235
9.1000
-2.3800
-3.5000
233
274
298
427
443
-0.1610
-0.9911
-0.1225
8.7500
-1.2600
-3.5000
234
275
298
429
443
-0.1591
-0.9653
-0.1015
0.0000
-4.2000
-2.3800
234
275
299
430
442
-0.1532
-0.9750
-0.1078
2.1000
-4.6900
-1.8900
235
276
299
430
440
-0.1674
-0.9799
-0.1215
3.0800
-4.4100
-3.6400
235
277
300
429
442
-0.1654
-0.9765
-0.1122
5.4600
-4.2000
-0.9800
235
277
300
428
442
-0.1684
-0.9794
-0.1166
3.4300
-3.2900
-3.0100
235
277
301
428
442
-0.1615
-0.9794
-0.0996
1.4000
-4.0600
-4.2000
236
278
301
429
442
-0.1571
-0.9658
-0.1030
1.4700
-4.2700
-3.7100
236
278
302
429
441
-0.1664
-0.9760
-0.1093
1.5400
-4.4100
-3.1500
237
279
302
429
442
-0.1615
-0.9745
-0.1161
2.5900
-3.7100
-3.0100
237
279
302
429
442
-0.1601
-0.9653
-0.1010
0.0700
-4.2000
-3.0800
237
279
302
429
442
-0.1669
-0.9721
-0.1088
0.2100
-4.2000
-2.3800
237
279
303
429
439
-0.1732
-0.9658
-0.0937
1.8900
-4.0600
-1.5400
238
280
303
429
442
-0.1620
-0.9604
-0.1035
1.6100
-5.3900
-2.7300
238
279
303
427
440
-0.1693
-0.9745
-0.1093
2.4500
-3.4300
-2.5200
238
280
303
426
441
-0.1698
-0.9799
-0.1044
3.1500
-3.2900
-4.8300
238
280
304
427
442
-0.1630
-0.9731
-0.1005
1.6100
-6.8600
-3.9900
239
280
304
428
442
-0.1776
-0.9692
-0.1200
1.8900
-3.9200
-1.6800
239
281
305
429
441
-0.1571
-0.9731
-0.1161
3.5700
-3.7800
-1.2600
239
281
305
430
441
-0.1649
-0.9755
-0.1005
2.1000
-3.3600
-0.7000
240
282
306
430
441
-0.1606
-0.9687
-0.1044
1.9600
-3.7800
-3.5000
240
282
306
430
440
-0.1557
-0.9843
-0.1035
3.2900
-5.5300
-4.5500
240
282
306
431
439
-0.1596
-0.9687
-0.0908
-0.3500
-5.6000
-3.2900
240
282
307
432
433
-0.1547
-0.9745
-0.0966
1.4700
-3.2900
-2.3800
240
282
307
432
435
-0.1581
-0.9716
-0.0996
1.6100
-3.0800
-1.7500
241
283
308
433
432
-0.1688
-0.9745
-0.1059
3.2900
-2.8000
-2.3100
241
283
308
433
435
-0.1488
-0.9814
-0.0952
1.0500
-0.7000
0.4900
242
285
309
434
436
-0.1615
-0.9843
-0.1078
1.2600
-4.6200
-2.8700
244
287
311
433
438
-0.1508
-0.9955
-0.1410
16.3100
-4.6200
-10.9200
247
289
316
433
440
-0.1342
-0.9970
-0.0717
14.1400
-3.2200
-2.6600
253
294
320
432
443
-0.1532
-0.9911
-0.0776
9.1000
-4.5500
-3.0100
262
302
331
433
443
-0.1381
-0.9643
-0.0922
-1.0500
-4.0600
6.1600
290
324
363
437
442
-0.1630
-0.9853
-0.0786
-7.3500
-3.7800
4.4100
332
368
429
442
442
-0.1703
-0.8852
-0.0937
-13.9300
-2.6600
2.5200
359
399
457
445
443
-0.1771
-0.9740
-0.1074
-26.2500
-11.1300
5.3900
372
415
474
445
445
-0.2279
-0.9414
-0.1635
-15.1200
-2.5900
-6.3000
395
440
498
450
444
-0.1889
-0.9360
-0.1845
-1.4700
-4.7600
-1.4700
414
460
512
451
442
-0.2089
-0.9404
-0.1962
11.2700
-5.7400
-0.4900
408
480
519
453
443
-0.2196
-0.9692
-0.1830
1.8200
-3.2200
-1.1900
408
486
521
453
440
-0.2181
-0.9628
-0.1879
1.0500
-4.3400
0.0700
410
488
521
453
442
-0.2235
-0.9409
-0.1713
1.1200
-6.2300
0.6300
411
489
522
452
442
-0.2230
-0.9472
-0.1630
4.2000
-5.7400
-3.3600
411
488
522
452
442
-0.2201
-0.9399
-0.1547
-1.4700
-6.0200
-1.4700
410
486
521
451
442
-0.2137
-0.9311
-0.1571
1.7500
-6.2300
-1.4000
409
485
520
451
441
-0.2357
-0.9482
-0.1508
1.8900
-3.0800
-2.7300
409
484
520
451
441
-0.2225
-0.9399
-0.1620
6.4400
-3.5000
-2.8700
408
484
520
451
441
-0.2318
-0.9623
-0.1537
3.2200
-3.4300
-1.0500
408
483
520
451
442
-0.2352
-0.9448
-0.1576
3.9200
-2.7300
-3.7100
408
483
520
451
439
-0.2259
-0.9614
-0.1640
3.1500
-3.4300
-3.2900
407
483
519
451
441
-0.2269
-0.9575
-0.1649
2.8700
-3.2200
-2.5200
407
482
519
450
439
-0.2298
-0.9550
-0.1581
-0.0700
-3.9200
-2.4500
407
482
519
450
442
-0.2352
-0.9384
-0.1547
3.5000
-3.7100
-2.2400
407
482
519
450
442
-0.2328
-0.9536
-0.1527
1.4000
-2.8700
-3.3600
407
481
518
450
442
-0.2289
-0.9477
-0.1708
2.8000
-1.8900
-3.5000
407
478
516
448
443
-0.2259
-0.9555
-0.1596
0.5600
-2.1700
-2.5900
407
477
516
448
443
-0.2230
-0.9511
-0.1718
3.9200
-2.8000
-3.7800
407
477
515
448
442
-0.2196
-0.9536
-0.1688
1.4000
-3.7100
-3.0100
407
477
515
447
442
-0.2298
-0.9511
-0.1620
-0.7000
-3.2200
-3.2900
407
477
515
448
442
-0.2245
-0.9370
-0.1693
-2.2400
-3.3600
-2.3100
406
478
515
448
442
-0.2196
-0.9438
-0.1649
0.3500
-3.2900
-2.5200
406
478
515
447
442
-0.2220
-0.9360
-0.1625
-1.5400
-4.8300
-2.8700
407
478
516
448
442
-0.2235
-0.9404
-0.1649
1.0500
-3.9200
-3.5000
406
478
515
447
442
-0.2255
-0.9428
-0.1723
3.6400
-4.1300
-3.2200
406
477
515
447
442
-0.2230
-0.9521
-0.1796
0.9100
-3.4300
-3.0100
406
475
513
446
442
-0.2269
-0.9482
-0.1664
-3.0100
-3.5000
-3.2900
405
472
511
444
441
-0.2289
-0.9292
-0.1771
3.0100
-2.4500
0.2100
403
470
509
444
443
-0.2259
-0.9492
-0.1742
1.3300
-3.8500
-3.2200
402
468
508
443
441
-0.2352
-0.9462
-0.1679
0.2100
-3.4300
-4.4100
400
465
505
443
444
-0.2298
-0.9706
-0.1645
1.6100
-2.6600
-5.2500
396
461
494
441
445
-0.2211
-0.9428
-0.1601
-2.2400
-1.5400
-6.5100
384
447
478
439
448
-0.2045
-0.9916
-0.1615
6.0900
-3.7100
-3.7800
367
431
461
437
450
-0.2303
-0.9594
-0.1552
6.0900
0.0000
-8.4000
335
404
441
435
453
-0.2123
-0.9570
-0.1381
4.9700
-5.2500
-5.3200
298
371
408
433
457
-0.2069
-0.9433
-0.1440
4.5500
-4.0600
-2.1700
276
348
378
429
460
-0.2035
-0.9687
-0.1396
1.6800
-3.6400
-4.2700
253
326
345
422
463
-0.2137
-0.9501
-0.1615
5.4600
-5.1800
-1.5400
234
306
317
413
465
-0.2133
-0.9594
-0.1298
2.5200
-4.7600
-2.8700
222
296
303
406
468
-0.2079
-0.9706
-0.1376
9.4500
-7.0700
-6.6500
214
288
294
399
470
-0.1864
-0.9579
-0.1484
7.1400
-7.4900
-6.2300
207
283
291
396
473
-0.2030
-0.9745
-0.0956
9.4500
-3.3600
-1.6800
206
282
293
398
471
-0.1879
-0.9721
-0.0937
13.5100
-2.1000
-5.3200
205
282
294
404
465
-0.1776
-0.9706
-0.0903
2.6600
-3.7800
0.7700
204
282
296
405
466
-0.1869
-0.9833
-0.0883
-7.2100
-2.7300
-3.1500
202
280
296
402
463
-0.1932
-0.9623
-0.1083
1.2600
-3.4300
-3.4300
201
278
296
396
465
-0.1854
-0.9609
-0.1157
3.5000
-5.4600
-5.5300
201
280
297
393
463
-0.1713
-0.9877
-0.0952
-3.6400
-7.6300
-5.6700
202
281
298
393
466
-0.1869
-0.9711
-0.1430
1.4700
-4.5500
-3.3600
203
282
298
390
467
-0.1937
-0.9731
-0.1215
-0.2800
-3.9900
-5.2500
203
283
298
389
467
-0.1908
-0.9716
-0.1225
3.3600
-5.3900
-5.7400
204
284
299
389
467
-0.1742
-0.9809
-0.1244
1.4700
-6.7900
-4.4100
205
285
301
389
467
-0.1879
-0.9740
-0.1283
5.5300
-5.1100
-4.2700
206
286
302
389
467
-0.1806
-0.9682
-0.1225
4.0600
-3.8500
-5.2500
207
288
303
390
468
-0.1737
-0.9662
-0.1166
5.3900
-4.1300
-5.8100
208
288
303
390
468
-0.1659
-0.9706
-0.1157
3.6400
-6.3000
-5.2500
208
288
303
390
468
-0.1767
-0.9638
-0.1259
2.0300
-4.6200
-3.0800
208
289
304
390
468
-0.1815
-0.9697
-0.1322
-1.1200
-1.8900
-2.8700
209
289
304
390
466
-0.1757
-0.9618
-0.1225
-1.0500
-2.1000
-0.7000
209
290
305
391
467
-0.1688
-0.9560
-0.1210
0.7000
-1.2600
-3.1500
209
291
305
393
464
-0.1796
-0.9662
-0.1347
2.8000
-2.3800
-2.9400
210
291
306
397
466
-0.1762
-0.9672
-0.1157
8.4700
-2.0300
-1.8200
210
291
306
404
462
-0.1698
-0.9828
-0.1142
4.4800
-2.2400
-2.3800
211
292
307
410
463
-0.1810
-0.9496
-0.1337
6.6500
-3.5000
-2.3800
212
293
308
413
459
-0.1752
-0.9877
-0.0952
2.1000
-2.7300
-3.4300
213
294
308
415
460
-0.1796
-0.9692
-0.0981
-0.6300
-3.1500
-0.7000
213
295
309
416
459
-0.1908
-0.9604
-0.1108
2.3800
-4.2700
-2.7300
214
295
309
419
458
-0.1742
-0.9862
-0.1088
3.3600
-3.0800
-2.9400
215
296
311
422
457
-0.1859
-0.9667
-0.1069
-1.5400
-4.6200
-2.1000
215
297
311
422
456
-0.1942
-0.9555
-0.1093
3.2200
-4.6900
-1.0500
215
297
311
421
456
-0.1918
-0.9784
-0.0986
0.0000
-5.3200
-0.1400
215
297
311
420
456
-0.2006
-0.9623
-0.1093
1.6800
-3.5700
-3.2200
215
297
311
418
454
-0.1801
-0.9618
-0.1098
2.5200
-4.7600
-3.0800
215
297
312
417
456
-0.1962
-0.9711
-0.1025
0.4900
-3.8500
-4.4800
216
298
312
417
454
-0.1937
-0.9697
-0.1069
-1.5400
-3.0100
-3.0800
216
298
312
416
456
-0.1859
-0.9609
-0.1098
-3.0800
-5.6000
-3.5000
217
298
313
413
454
-0.1864
-0.9780
-0.1157
-10.0800
-7.7700
-1.1900
219
299
315
412
456
-0.1898
-0.9726
-0.1405
-3.6400
-6.0200
-2.3800
236
310
331
418
455
-0.1879
-0.9487
-0.1688
-7.1400
-3.4300
4.6200
254
324
354
422
455
-0.2001
-0.9682
-0.1659
-1.0500
-5.5300
1.6800
281
344
388
426
454
-0.2108
-0.9638
-0.1630
0.0700
-6.0200
0.0700
317
379
433
431
453
-0.2211
-0.9618
-0.1732
5.3200
-4.1300
-1.1900
328
390
444
433
452
-0.2035
-0.9760
-0.1664
3.2900
-4.4100
0.2100
341
403
461
436
451
-0.2152
-0.9697
-0.1591
-3.7100
-4.1300
-0.2800
359
422
480
439
448
-0.2059
-0.9472
-0.1640
1.8200
-5.9500
2.8000
370
434
489
440
450
-0.2377
-0.9648
-0.1679
4.6900
-4.5500
-2.7300
377
441
493
441
447
-0.2328
-0.9589
-0.1649
0.7000
-3.5700
-2.3800
378
442
494
441
449
-0.2230
-0.9555
-0.1801
4.0600
-1.6800
-2.8000
378
442
494
441
448
-0.2269
-0.9555
-0.1854
3.0800
-3.0100
-2.4500
379
444
495
441
450
-0.2347
-0.9374
-0.1786
0.2800
-2.5200
-0.6300
380
444
496
441
450
-0.2274
-0.9584
-0.1596
4.2700
-4.6900
-1.8900
381
445
496
441
450
-0.2338
-0.9526
-0.1732
1.3300
-3.4300
-2.9400
386
455
499
441
450
-0.2308
-0.9311
-0.1654
-0.6300
-4.1300
-0.8400
387
459
499
441
450
-0.2352
-0.9316
-0.1688
4.2000
-6.3000
-2.1000
389
462
501
441
450
-0.2411
-0.9584
-0.1571
0.7000
-4.3400
-1.8900
389
463
501
441
450
-0.2391
-0.9448
-0.1645
1.7500
-3.3600
-3.7800
390
465
502
441
451
-0.2298
-0.9467
-0.1547
1.9600
-5.4600
-4.1300
391
468
504
441
451
-0.2308
-0.9492
-0.1679
4.2700
-3.7100
-4.7600
391
468
504
441
451
-0.2279
-0.9521
-0.1737
2.3100
-5.1100
-3.7100
392
469
505
441
451
-0.2328
-0.9555
-0.1562
2.2400
-4.5500
-3.1500
392
470
505
441
450
-0.2333
-0.9521
-0.1654
1.8900
-4.6900
-2.4500
392
470
505
441
451
-0.2469
-0.9604
-0.1596
4.0600
-4.3400
-1.5400
392
469
505
440
451
-0.2386
-0.9414
-0.1469
4.3400
-3.1500
-0.6300
392
469
505
440
450
-0.2435
-0.9623
-0.1488
1.7500
-3.0800
-4.7600
392
470
505
440
450
-0.2347
-0.9462
-0.1503
-1.5400
-3.8500
-3.5000
392
470
505
440
451
-0.2342
-0.9414
-0.1459
0.0700
-4.4100
-2.1000
393
470
505
440
451
-0.2440
-0.9379
-0.1513
5.4600
-2.9400
-3.9200
392
470
505
439
451
-0.2396
-0.9453
-0.1508
-0.4200
-3.8500
-3.0100
393
470
505
439
451
-0.2411
-0.9326
-0.1542
-9.5200
-1.1200
-0.6300
393
470
505
441
450
-0.2523
-0.9228
-0.1586
0.3500
-3.2200
-3.0100
394
469
505
441
451
-0.2411
-0.9409
-0.1654
4.6200
-4.2000
-2.3100
394
468
505
441
450
-0.2401
-0.9433
-0.1698
2.3100
-4.4800
-3.3600
394
468
505
441
450
-0.2396
-0.9477
-0.1669
4.1300
-4.2000
-2.9400
394
467
505
441
451
-0.2416
-0.9506
-0.1688
2.6600
-4.0600
-1.5400
394
464
502
441
451
-0.2479
-0.9467
-0.1708
8.3300
-1.9600
-5.5300
391
455
494
440
451
-0.2464
-0.9448
-0.1479
6.5800
-1.2600
-1.4700
385
450
482
439
451
-0.2503
-0.9516
-0.1464
-1.1200
-1.4700
-4.3400
376
441
472
438
451
-0.2377
-0.9321
-0.1615
-1.8900
-3.2900
-2.3100
364
431
466
437
451
-0.2464
-0.9370
-0.1552
-11.3400
-4.5500
-6.0200
344
415
461
438
451
-0.2513
-0.9292
-0.1454
-10.0100
-8.7500
-7.2800
314
389
448
436
449
-0.2347
-0.9018
-0.1884
-15.4700
-16.4500
-0.7000
285
359
420
431
452
-0.2650
-0.9584
-0.2533
-7.3500
-8.4700
-4.2000
259
332
380
426
449
-0.2538
-0.9316
-0.2572
-4.6200
-2.7300
-2.8000
240
310
344
423
451
-0.2518
-0.9121
-0.2479
5.6000
-4.0600
-5.1100
228
291
310
422
449
-0.2386
-0.9331
-0.2469
5.2500
-6.1600
-4.2700
221
280
296
415
452
-0.2377
-0.9228
-0.2294
-1.8200
-9.6600
-4.2700
218
272
289
406
451
-0.2479
-0.9418
-0.2518
-8.8900
-13.2300
-6.2300
213
267
286
398
452
-0.2655
-0.8926
-0.2313
1.7500
-5.3200
-4.2000
211
265
285
395
452
-0.2274
-0.9287
-0.2508
4.9700
-2.3100
-6.9300
209
258
278
388
451
-0.2084
-0.9428
-0.2425
8.6800
-6.0200
-3.5000
211
258
278
385
451
-0.2264
-0.9545
-0.2377
3.7800
-6.5100
-6.5100
211
259
280
385
451
-0.2191
-0.9428
-0.2406
4.0600
-6.6500
-3.8500
212
262
283
388
450
-0.2352
-0.9443
-0.2318
3.1500
-6.3700
-6.7200
213
264
286
392
447
-0.2235
-0.9365
-0.2411
7.5600
-5.1800
-8.8200
214
266
290
397
440
-0.2259
-0.9516
-0.2342
10.7800
-2.0300
-10.6400
216
270
295
405
438
-0.2157
-0.9550
-0.2196
11.0600
0.2100
-7.6300
218
273
298
417
437
-0.2089
-0.9501
-0.1952
9.4500
-1.1900
-3.0100
220
276
300
427
436
-0.2098
-0.9711
-0.1835
8.1900
-2.3800
-2.4500
221
278
301
432
436
-0.2108
-0.9628
-0.1835
9.8000
-2.7300
-1.6800
222
279
303
436
436
-0.1957
-0.9628
-0.1810
3.1500
-5.3900
-2.9400
223
280
303
438
434
-0.2103
-0.9604
-0.1723
3.2200
-4.1300
-1.9600
224
282
304
440
436
-0.2172
-0.9531
-0.1737
3.3600
-3.8500
-1.8200
224
282
305
441
436
-0.2064
-0.9550
-0.1620
2.1700
-4.4100
-2.8000
225
283
306
441
435
-0.2152
-0.9555
-0.1523
1.5400
-4.2000
-1.9600
225
283
306
441
435
-0.2147
-0.9448
-0.1586
0.1400
-4.1300
-2.9400
225
284
307
441
435
-0.2211
-0.9540
-0.1693
1.4700
-4.1300
-2.7300
225
284
307
440
434
-0.2118
-0.9545
-0.1708
3.7800
-3.7800
-4.4800
226
284
307
440
434
-0.2176
-0.9643
-0.1698
2.8700
-3.9200
-4.3400
226
284
308
440
434
-0.2079
-0.9496
-0.1684
0.7000
-4.9700
-1.4700
227
285
308
439
431
-0.2264
-0.9536
-0.1679
2.3100
-2.8000
-0.9100
227
285
309
438
434
-0.2318
-0.9472
-0.1703
2.5900
-3.3600
-2.4500
228
285
309
437
434
-0.2137
-0.9506
-0.1601
2.3100
-3.7100
-3.5000
228
285
310
437
434
-0.2118
-0.9575
-0.1630
0.1400
-3.9200
-3.9200
228
286
310
436
434
-0.2035
-0.9516
-0.1679
1.9600
-6.4400
-5.0400
228
286
310
436
434
-0.2162
-0.9594
-0.1630
1.6800
-4.7600
-6.0200
228
286
310
434
434
-0.2142
-0.9462
-0.1654
2.0300
-6.0200
-2.8700
228
286
310
433
432
-0.2294
-0.9492
-0.1669
2.3100
-4.2700
-4.1300
229
287
311
433
434
-0.2137
-0.9374
-0.1967
-8.5400
-5.3900
-4.5500
238
297
329
438
431
-0.2015
-0.9511
-0.1806
2.2400
-2.1700
-0.0700
282
332
393
448
433
-0.2118
-0.9614
-0.1742
4.9700
-7.4200
-3.5000
352
396
456
453
432
-0.2084
-0.9765
-0.1493
-3.9200
-5.7400
2.0300
386
432
483
455
432
-0.2328
-0.9355
-0.2064
-4.4100
-3.5000
-1.1900
402
457
499
455
431
-0.2157
-0.9438
-0.2074
2.5200
-3.7800
0.0000
407
473
508
456
431
-0.2162
-0.9692
-0.2011
3.8500
-5.6000
-1.1900
406
478
511
456
430
-0.2338
-0.9438
-0.1884
2.5200
-4.9000
0.3500
406
477
511
456
430
-0.2430
-0.9618
-0.1801
5.9500
-3.5700
-2.7300
405
476
510
456
431
-0.2328
-0.9472
-0.1976
-0.2100
-2.1000
-2.9400
405
476
510
456
431
-0.2255
-0.9365
-0.1820
-4.5500
-2.9400
-2.0300
405
476
510
456
431
-0.2460
-0.9462
-0.2084
-0.3500
-2.0300
-2.5200
405
477
510
456
430
-0.2396
-0.9296
-0.1918
-1.4000
-3.2200
-1.4700
405
477
510
456
431
-0.2338
-0.9316
-0.1923
0.8400
-4.0600
-2.9400
405
477
510
455
431
-0.2435
-0.9462
-0.2089
-2.9400
-2.7300
-0.3500
405
477
509
455
432
-0.2562
-0.9213
-0.2118
-0.4900
-1.8900
-3.3600
405
477
509
454
431
-0.2464
-0.9409
-0.2172
-1.0500
-2.8000
-2.8000
405
477
509
454
429
-0.2386
-0.9228
-0.2225
1.2600
-4.1300
-1.5400
405
477
509
454
430
-0.2411
-0.9321
-0.2079
0.9800
-3.3600
-1.4000
405
476
509
453
431
-0.2508
-0.9257
-0.2191
0.4900
-2.7300
-0.9800
404
476
508
453
432
-0.2650
-0.9248
-0.2142
0.7000
-1.6100
-0.2800
404
475
508
453
432
-0.2577
-0.9287
-0.2269
2.1700
-1.6800
-0.9100
404
474
508
452
432
-0.2650
-0.9179
-0.2381
4.7600
-1.7500
-1.2600
404
474
507
451
433
-0.2611
-0.9223
-0.2347
5.7400
-2.1700
-2.1700
403
473
508
451
432
-0.2552
-0.9262
-0.2460
11.5500
-3.2900
-0.8400
403
473
507
449
435
-0.2869
-0.9165
-0.2001
5.8800
3.5000
-2.1000
403
472
507
448
433
-0.2625
-0.9184
-0.2255
7.3500
4.2700
-1.3300
403
471
506
446
437
-0.2796
-0.8989
-0.1874
13.6500
2.8000
6.3000
402
469
506
445
438
-0.2908
-0.9272
-0.1362
19.5300
5.4600
-0.8400
402
467
505
445
438
-0.2494
-0.9267
-0.1547
8.4000
2.3100
5.2500
401
466
505
444
438
-0.2772
-0.9248
-0.1581
15.1200
2.7300
0.4200
401
465
505
442
439
-0.2913
-0.9121
-0.1215
20.5800
-1.6100
-4.2700
401
464
503
441
440
-0.2957
-0.9448
-0.0717
26.3200
5.9500
3.6400
400
463
502
440
440
-0.2855
-0.9794
-0.0034
22.1200
3.1500
0.1400
398
461
504
440
439
-0.2650
-0.9106
0.0454
20.0900
0.7700
7.3500
390
455
505
440
437
-0.2923
-0.9209
0.1240
13.7200
19.1800
0.7700
381
449
503
440
443
-0.3128
-0.9594
0.0293
-5.1800
-2.3800
3.0800
363
436
489
437
445
-0.3553
-0.9618
-0.0220
-4.2700
0.4200
3.5700
342
415
467
434
450
-0.3221
-0.9379
-0.0644
-15.8200
10.2200
-1.4700
310
383
436
428
452
-0.3079
-0.9179
-0.0669
-21.3500
-1.9600
0.4900
272
343
384
420
458
-0.3279
-0.9008
-0.1152
-39.1300
-8.9600
1.8200
244
309
339
409
462
-0.3396
-0.8926
-0.1610
-12.6700
-0.1400
-11.7600
228
289
314
402
462
-0.3138
-0.8642
-0.1620
-6.2300
0.5600
-8.9600
221
278
302
400
464
-0.2948
-0.9384
-0.1698
12.8800
0.1400
-13.2300
216
274
296
400
459
-0.2689
-0.9423
-0.1601
8.8200
-4.2000
-9.8700
211
271
293
399
459
-0.2791
-0.9179
-0.1527
0.4200
-4.9000
-0.7700
210
271
294
394
456
-0.2723
-0.9804
-0.1425
1.5400
-9.4500
-3.4300
207
269
294
387
458
-0.2943
-0.9360
-0.1352
18.6900
-13.4400
-9.4500
206
268
295
385
456
-0.2806
-0.9140
-0.1230
-3.2200
-6.5800
-0.3500
207
268
296
384
455
-0.3133
-0.9345
-0.1503
-0.6300
-1.3300
-2.6600
208
269
296
385
454
-0.2972
-0.9140
-0.1069
-0.5600
-1.6800
-5.1100
209
270
297
386
453
-0.2728
-0.9296
-0.1435
1.2600
-1.4000
-6.5800
210
270
298
388
452
-0.2835
-0.9472
-0.1493
8.1900
-3.4300
-4.3400
211
271
299
392
451
-0.2894
-0.9453
-0.1088
0.2800
-5.1800
-3.4300
211
272
300
393
451
-0.2830
-0.9365
-0.1376
0.3500
-4.4800
-4.7600
212
272
300
393
450
-0.2708
-0.9448
-0.1200
2.1700
-5.8100
-3.3600
213
273
301
393
451
-0.2835
-0.9467
-0.1210
4.4800
-5.8800
-3.5700
213
274
302
392
451
-0.2977
-0.9501
-0.1332
3.7800
-5.1100
-5.7400
213
274
302
392
451
-0.2713
-0.9316
-0.1235
0.9100
-5.3900
-1.8900
213
275
303
392
451
-0.2869
-0.9482
-0.1010
3.9900
-3.0800
-3.7800
214
275
303
392
452
-0.2855
-0.9355
-0.1157
1.1900
-2.7300
-2.3100
214
275
303
392
453
-0.2821
-0.9472
-0.1186
2.8000
-3.7800
-5.1100
214
276
303
393
452
-0.2713
-0.9389
-0.0996
-0.4200
-4.2000
-3.5000
215
276
304
392
452
-0.2630
-0.9321
-0.1020
0.4200
-6.2300
-1.8200
215
276
304
392
450
-0.2855
-0.9448
-0.1069
2.1000
-3.6400
-2.8000
215
276
304
393
452
-0.2708
-0.9360
-0.1147
-0.1400
-4.6200
-3.7800
215
276
305
392
450
-0.2669
-0.9340
-0.1157
0.1400
-7.0000
-3.4300
215
276
305
392
453
-0.2718
-0.9521
-0.1000
3.3600
-6.3700
-2.6600
216
277
305
392
451
-0.2694
-0.9345
-0.1210
6.9300
-7.7700
-2.1700
216
277
306
392
454
-0.2689
-0.9531
-0.0869
3.5000
-7.2800
-3.8500
216
278
307
392
452
-0.2586
-0.9438
-0.0844
2.1000
-6.5800
-3.4300
216
278
307
393
454
-0.2689
-0.9457
-0.0917
2.7300
-8.1200
-6.5100
217
278
308
393
452
-0.2455
-0.9492
-0.0703
2.1700
-5.9500
-2.8000
217
278
309
394
455
-0.2611
-0.9521
-0.0756
2.2400
-6.6500
-2.9400
217
279
309
394
455
-0.2645
-0.9414
-0.0727
1.6100
-5.7400
-2.1000
217
279
310
394
455
-0.2679
-0.9545
-0.0800
2.7300
-5.3900
-1.2600
217
279
310
394
455
-0.2660
-0.9496
-0.0917
1.1200
-6.0900
-3.1500
217
279
310
394
456
-0.2625
-0.9355
-0.0864
2.1000
-4.3400
-4.2000
218
280
310
394
456
-0.2591
-0.9618
-0.0766
1.4000
-4.4800
-5.6700
218
280
310
394
457
-0.2591
-0.9409
-0.0752
4.9000
-5.4600
-4.4800
219
280
311
394
457
-0.2538
-0.9614
-0.0766
3.4300
-4.0600
-3.6400
218
280
311
394
458
-0.2557
-0.9511
-0.0717
0.3500
-4.9000
-2.5200
219
281
311
394
458
-0.2635
-0.9575
-0.0834
3.3600
-5.3900
-3.2200
219
281
312
393
458
-0.2625
-0.9560
-0.0781
3.2200
-4.2700
-5.1800
219
281
312
393
458
-0.2542
-0.9575
-0.0703
1.2600
-4.4800
-5.7400
220
282
313
393
458
-0.2469
-0.9536
-0.0815
2.0300
-5.6700
-6.1600
222
284
316
395
458
-0.2499
-0.9570
-0.0712
5.9500
-5.0400
-4.6900
230
291
325
398
457
-0.2416
-0.9638
-0.0722
6.1600
-8.6100
-2.2400
250
309
349
403
456
-0.2450
-0.9609
-0.0712
-1.4000
-6.0200
-1.6800
281
332
386
408
456
-0.2469
-0.9648
-0.0752
1.8200
-1.8200
-6.3700
317
366
422
413
455
-0.2625
-0.9794
-0.0937
1.7500
-4.6900
-2.6600
342
388
444
418
454
-0.2347
-0.9653
-0.0859
1.3300
-2.1000
-2.1700
358
405
459
422
453
-0.2308
-0.9662
-0.0786
4.9700
-7.0700
0.9800
376
419
471
425
452
-0.2445
-0.9706
-0.0766
11.1300
-2.7300
2.1000
390
439
482
428
451
-0.2933
-0.9477
-0.0390
9.8000
0.4200
-0.5600
408
462
496
433
448
-0.2542
-0.9648
-0.0859
3.9900
-5.4600
3.7800
411
477
506
439
445
-0.3026
-0.9550
-0.0420
3.5000
-3.0800
17.8500
412
485
513
443
443
-0.2845
-0.9174
-0.0366
9.1700
-4.2700
-2.3800
412
487
515
444
442
-0.2987
-0.9472
-0.0512
6.4400
-3.5000
-2.5900
413
488
516
444
440
-0.2811
-0.9448
-0.0410
6.0900
-3.6400
-3.7800
413
488
516
445
442
-0.2860
-0.9516
-0.0254
1.2600
-4.7600
-2.3800
413
488
516
445
440
-0.3021
-0.9555
-0.0264
1.9600
-4.4800
-2.5900
413
487
516
444
442
-0.2933
-0.9472
-0.0356
4.9000
-4.9000
-3.5000
413
486
516
444
442
-0.2899
-0.9448
-0.0293
4.4100
-4.4100
-2.8000
412
486
515
443
442
-0.2874
-0.9545
-0.0142
4.9000
-5.8100
-3.0100
412
485
515
442
442
-0.2962
-0.9487
-0.0093
-0.4900
-2.5200
-3.5700
412
484
515
442
442
-0.2918
-0.9423
-0.0259
3.8500
-3.7800
-1.8900
412
484
515
442
442
-0.2894
-0.9453
-0.0142
2.8000
-4.6200
-1.5400
411
483
514
441
442
-0.3094
-0.9433
-0.0156
3.1500
-2.8700
-4.2000
411
482
514
441
442
-0.2840
-0.9482
-0.0142
1.0500
-5.4600
-2.8700
411
482
514
441
440
-0.2791
-0.9418
-0.0117
4.0600
-5.8800
-3.4300
411
481
513
440
442
-0.2957
-0.9579
0.0010
2.1000
-3.7800
-2.0300
411
481
513
440
440
-0.2987
-0.9457
0.0005
0.2100
-3.2200
-2.2400
411
481
512
440
442
-0.2952
-0.9360
-0.0122
2.8700
-3.3600
-2.6600
411
481
512
440
442
-0.2874
-0.9409
0.0020
-1.2600
-3.1500
-2.6600
410
480
512
440
442
-0.2943
-0.9414
-0.0146
-0.3500
-2.6600
-1.1200
410
479
511
440
443
-0.2879
-0.9462
-0.0166
-2.0300
-2.2400
-2.2400
410
477
510
440
443
-0.3016
-0.9448
-0.0127
-2.8000
-2.5200
-3.7800
409
477
509
440
443
-0.2879
-0.9331
-0.0346
-0.7700
-3.2200
-4.0600
409
477
510
440
443
-0.2908
-0.9457
-0.0283
-0.7000
-3.5000
-2.1700
409
477
510
440
443
-0.2977
-0.9457
-0.0268
0.2800
-3.5000
-2.5900
409
478
510
440
443
-0.3099
-0.9511
-0.0371
-3.5700
-2.5900
-3.3600
408
478
510
440
443
-0.3035
-0.9394
-0.0425
-0.7000
-2.9400
-2.7300
409
479
510
440
441
-0.2952
-0.9423
-0.0532
0.9100
-4.5500
-2.3100
409
480
510
440
443
-0.2962
-0.9428
-0.0532
2.8000
-3.9900
-2.6600
409
480
510
440
442
-0.3001
-0.9555
-0.0488
1.6800
-1.8200
-0.2800
408
472
506
440
445
-0.2933
-0.9555
-0.0600
0.9100
1.6100
-0.5600
399
457
500
440
446
-0.3109
-0.9565
-0.0478
3.9900
-0.4900
-8.2600
387
445
491
441
448
-0.2840
-0.9443
-0.0464
-1.0500
-0.3500
-3.2900
362
422
466
439
452
-0.2967
-0.9589
-0.0669
-12.0400
-7.4900
-7.9800
327
379
423
433
456
-0.3128
-0.9418
-0.0795
-4.2700
-8.9600
-5.5300
295
339
389
423
458
-0.2503
-0.9536
-0.1074
6.3000
-2.1700
-8.4000
259
311
347
419
461
-0.2586
-0.9555
-0.0561
-3.0100
-6.3000
-2.9400
237
294
315
411
460
-0.2684
-0.9448
-0.1010
5.2500
-9.8000
-8.1200
229
286
305
405
461
-0.2699
-0.9374
-0.0864
9.5200
-8.1900
-6.3700
225
284
304
404
459
-0.2689
-0.9643
-0.0669
5.1800
-5.9500
-4.0600
222
280
302
403
461
-0.2948
-0.9457
-0.0795
13.0200
-5.4600
-6.4400
219
269
301
396
459
-0.2450
-0.9780
-0.0615
7.0700
-7.2800
-5.0400
220
268
300
391
463
-0.2577
-0.9682
-0.0498
2.8700
-7.0700
-5.8800
221
270
302
389
461
-0.2513
-0.9423
-0.0542
7.0000
-7.7000
-3.9200
221
270
302
386
464
-0.2747
-0.9623
-0.0400
4.4800
-3.6400
-6.3000
221
270
302
384
462
-0.2538
-0.9579
-0.0361
-0.4900
-3.7100
-1.8200
222
271
303
385
464
-0.2606
-0.9418
-0.0376
11.7600
-4.7600
-3.5700
224
272
304
386
465
-0.2621
-0.9589
-0.0254
0.9800
-3.7800
-1.1200
225
272
305
387
464
-0.2567
-0.9653
-0.0283
1.9600
-3.0800
-0.6300
225
273
305
387
464
-0.2577
-0.9472
-0.0405
3.6400
-5.7400
-2.0300
226
274
307
389
463
-0.2884
-0.9570
-0.0425
1.1900
-1.4000
-5.3200
227
275
308
389
463
-0.2362
-0.9877
0.0146
-3.2900
0.0000
1.2600
228
276
309
389
462
-0.2796
-0.9428
-0.0576
1.1900
-1.8200
-1.2600
229
277
310
389
461
-0.2894
-0.9453
-0.0410
0.4900
-3.7800
-4.2700
230
277
311
388
459
-0.2596
-0.9389
-0.0254
-2.8700
0.4900
16.8700
230
277
311
387
457
-0.2806
-0.9296
-0.0200
-7.0000
-1.8200
15.9600
230
277
311
386
455
-0.3196
-0.9321
-0.0615
-7.2800
-1.8900
7.5600
231
277
311
386
454
-0.3270
-0.9511
-0.0581
-11.2700
3.0800
0.7000
231
277
311
386
453
-0.3104
-0.9101
-0.1000
-9.3100
3.6400
-0.2800
232
279
312
390
451
-0.3411
-0.8877
-0.1269
2.1000
-4.7600
-14.3500
234
282
314
401
450
-0.3021
-0.9360
-0.1254
13.2300
-17.9200
-8.6800
237
284
316
413
449
-0.3357
-0.9213
-0.1420
10.0100
-11.3400
-2.2400
239
287
318
421
445
-0.3026
-0.9179
-0.1161
26.1100
1.1900
-2.2400
242
289
320
427
445
-0.3299
-0.9462
-0.0439
3.4300
-9.1700
-2.3100
244
291
321
429
442
-0.3089
-0.9130
-0.0181
6.0900
-9.8700
-4.9700
246
293
324
430
445
-0.3187
-0.9340
-0.0449
3.2200
-7.7700
-5.9500
246
293
324
429
445
-0.3377
-0.9301
-0.0508
3.3600
-2.1700
-1.4000
247
294
325
429
445
-0.3094
-0.9389
-0.0298
-0.9100
2.2400
-5.6000
249
296
326
429
445
-0.3172
-0.9282
-0.0517
-1.4000
-2.9400
-9.4500
248
295
326
428
446
-0.2987
-0.9209
-0.0600
8.1900
-5.1100
2.2400
246
292
324
425
446
-0.3284
-0.9453
-0.0512
-1.1200
-2.4500
-0.9100
246
290
323
420
447
-0.3084
-0.9448
-0.0351
-13.7900
-10.2200
-0.3500
244
288
323
415
450
-0.3231
-0.9389
-0.1132
-10.3600
-5.1100
-8.1900
245
289
323
413
450
-0.2987
-0.9018
-0.0981
-9.3100
-7.9800
-5.1100
246
291
325
412
449
-0.2928
-0.9345
-0.1225
-3.7800
-7.7000
-4.0600
253
296
331
415
450
-0.3475
-0.9457
-0.1449
8.8200
0.4900
-10.8500
268
304
339
416
448
-0.2865
-0.9296
-0.1147
-3.4300
-2.3800
5.7400
287
311
344
415
450
-0.2938
-0.9472
-0.1127
-7.6300
-5.3200
2.3100
311
330
374
417
446
-0.3436
-0.9233
-0.1732
-4.6900
5.6700
-9.1000
335
356
417
422
447
-0.3314
-0.9267
-0.1718
-9.8700
4.6900
-1.3300
347
372
432
427
445
-0.3201
-0.9272
-0.2176
-17.3600
5.7400
5.4600
361
393
455
432
442
-0.3177
-0.9252
-0.2494
5.4600
8.6100
6.3700
381
424
482
441
438
-0.3221
-0.8716
-0.1981
0.8400
12.6000
6.4400
393
437
494
444
435
-0.1898
-0.9340
-0.1537
9.0300
7.3500
7.5600
405
448
502
446
434
-0.3104
-0.8999
-0.2074
2.1000
2.5900
13.0200
412
458
508
447
432
-0.2821
-0.8774
-0.2269
4.9000
0.5600
9.2400
414
462
511
448
432
-0.3806
-0.8691
-0.2386
2.1700
-9.5200
0.4900
415
463
512
448
432
-0.3953
-0.8691
-0.2606
9.2400
-10.4300
-9.9400
417
465
514
448
432
-0.3884
-0.8633
-0.2503
5.3200
-10.2200
-10.4300
417
465
514
449
431
-0.4041
-0.9111
-0.1118
13.3700
-2.8700
-24.7100
417
465
514
449
435
-0.3406
-0.8843
-0.1815
11.3400
1.4700
-19.6000
417
465
514
449
436
-0.3206
-0.8916
-0.2450
3.0100
-2.7300
-5.3900
416
464
514
449
437
-0.3401
-0.9682
-0.1747
12.8800
-1.4000
-7.4200
416
465
514
448
434
-0.3162
-0.9257
-0.2050
-0.6300
-2.3100
-8.5400
417
465
514
448
437
-0.2865
-0.8906
-0.1571
-1.8900
-6.2300
-3.0100
417
466
515
448
435
-0.3284
-0.8862
-0.2211
6.6500
-5.6000
-2.8000
418
468
515
448
437
-0.3289
-0.9345
-0.1703
4.1300
-2.8700
-4.5500
418
470
515
448
437
-0.3172
-0.9204
-0.1869
-2.0300
-1.6100
-3.1500
418
472
515
448
437
-0.3074
-0.8994
-0.1996
7.2800
1.3300
-3.5000
418
474
516
448
437
-0.3377
-0.9282
-0.1654
10.2900
1.3300
-2.5900
418
477
516
448
437
-0.2967
-0.9482
-0.1615
-1.2600
-1.2600
-0.9100
418
478
516
448
437
-0.3152
-0.8872
-0.1723
-7.3500
-2.2400
-1.3300
415
476
512
448
437
-0.2977
-0.9223
-0.1986
3.4300
0.3500
0.2100
413
473
509
448
438
-0.3192
-0.9043
-0.1869
0.0700
2.1000
3.0800
413
467
505
448
436
-0.3148
-0.9165
-0.1801
10.4300
3.5700
-0.3500
412
460
497
448
438
-0.2982
-0.9121
-0.1810
26.4600
2.4500
-1.5400
410
440
477
447
436
-0.3113
-0.9618
-0.1444
12.4600
-8.1200
-5.8800
400
401
442
445
440
-0.3328
-0.9077
-0.1410
27.3700
-1.7500
-2.0300
342
357
422
440
441
-0.3377
-0.9472
-0.1196
-11.9000
-2.3100
0.2800
303
321
397
436
445
-0.2850
-0.9130
-0.0722
-16.2400
-10.8500
3.7800
279
301
374
430
446
-0.2996
-0.8828
-0.0752
-31.9200
-12.8800
-1.5400
256
269
320
424
448
-0.3240
-0.8989
-0.1630
7.0000
-12.8100
-3.6400
249
259
300
412
450
-0.3192
-0.8994
-0.1801
15.1200
-5.3900
-6.8600
248
257
299
402
450
-0.3187
-0.9467
-0.0922
-3.9200
-9.4500
-5.0400
244
251
294
391
452
-0.3240
-0.9238
-0.1742
6.5800
-7.2100
-1.3300
241
247
292
385
451
-0.3318
-0.8911
-0.1240
13.9300
-4.9000
3.3600
244
248
294
387
449
-0.3201
-0.9267
-0.0878
-1.3300
-6.8600
-0.0700
245
249
295
389
448
-0.3343
-0.9165
-0.1166
1.4700
-1.2600
-1.1900
247
252
297
396
444
-0.3211
-0.9287
-0.1249
20.8600
3.6400
-6.3000
251
255
299
408
438
-0.3192
-0.9414
-0.0712
12.1800
1.4700
-5.1100
254
259
302
417
434
-0.3177
-0.9155
-0.0678
4.0600
-0.2800
-3.0100
256
261
303
424
431
-0.3094
-0.9262
-0.0722
3.8500
-0.8400
-2.8700
257
262
303
427
430
-0.3030
-0.9350
-0.0527
6.6500
-2.6600
-3.3600
257
263
304
430
429
-0.3021
-0.9433
-0.0620
0.8400
-4.9700
-1.6100
258
264
305
431
427
-0.3094
-0.9316
-0.0649
1.0500
-5.6000
-1.9600
259
265
306
431
429
-0.3011
-0.9423
-0.0630
-2.5900
-4.7600
-1.8200
259
265
307
431
429
-0.2982
-0.9404
-0.0717
2.3100
-3.6400
-2.6600
259
266
307
430
429
-0.2899
-0.9414
-0.0615
2.5200
-5.4600
-2.5900
259
266
308
430
429
-0.3016
-0.9404
-0.0498
2.8700
-3.7800
-2.6600
259
266
308
429
430
-0.2991
-0.9243
-0.0532
-1.4000
-5.7400
-3.3600
259
267
308
429
430
-0.2982
-0.9350
-0.0669
-1.8200
-5.6000
-1.4700
259
267
309
428
428
-0.3030
-0.9326
-0.0615
-1.1200
-5.1100
-1.2600
259
267
309
427
430
-0.2991
-0.9428
-0.0630
-0.4200
-4.3400
-1.9600
259
267
309
426
428
-0.2991
-0.9296
-0.0610
-0.8400
-4.4100
-1.0500
259
267
309
426
431
-0.2977
-0.9340
-0.0595
-3.8500
-1.7500
-1.9600
259
267
309
425
431
-0.2874
-0.9277
-0.0669
2.0300
-5.0400
-1.2600
260
267
310
425
432
-0.2913
-0.9428
-0.0605
-1.3300
-4.7600
-3.8500
260
268
310
425
431
-0.2943
-0.9287
-0.0737
3.7100
-2.7300
-3.9900
260
268
310
425
432
-0.2928
-0.9570
-0.0556
4.6900
-4.6900
-6.0900
260
268
310
424
432
-0.2884
-0.9501
-0.0688
3.2200
-4.6200
-3.5700
260
268
311
424
430
-0.2918
-0.9374
-0.0561
2.8000
-6.1600
-3.5000
259
266
310
421
434
-0.2840
-0.9472
-0.0551
2.8700
-5.1800
-2.9400
259
265
310
418
434
-0.2782
-0.9418
-0.0498
0.2100
-4.7600
-2.1000
259
265
309
416
434
-0.2782
-0.9394
-0.0542
-1.6800
-5.5300
-2.8700
259
265
309
416
435
-0.2889
-0.9433
-0.0722
-3.0100
-3.1500
-6.0200
259
266
310
416
436
-0.2747
-0.9516
-0.0630
0.7000
-4.4100
-6.9300
260
267
311
416
437
-0.2801
-0.9438
-0.0761
-5.8100
-6.5800
-7.0000
265
272
316
419
437
-0.2664
-0.9511
-0.1030
-23.5900
-3.8500
-0.9100
284
292
342
426
436
-0.2733
-0.9467
-0.1254
-13.0900
-5.1800
-4.9000
301
310
366
430
435
-0.2674
-0.9545
-0.1723
-14.0700
-5.1800
-0.7000
331
345
404
437
434
-0.2801
-0.9599
-0.1957
-18.7600
-4.2700
2.0300
364
409
458
443
431
-0.2464
-0.8755
-0.1015
-6.3000
-5.1800
-0.1400
383
430
483
446
430
-0.2855
-0.8984
-0.1942
7.2800
-4.9000
3.5700
403
459
501
447
429
-0.2948
-0.9438
-0.3309
7.0000
-3.1500
-0.4900
404
482
512
448
428
-0.3006
-0.9248
-0.1898
2.3100
-3.7100
2.3100
407
489
516
449
427
-0.3118
-0.9340
-0.2001
2.1700
-2.2400
-0.7000
408
493
519
450
426
-0.3055
-0.9321
-0.1947
4.7600
-4.8300
-3.9900
410
496
521
452
425
-0.2865
-0.9418
-0.1869
2.5900
-5.5300
-2.2400
411
497
523
453
424
-0.3070
-0.9238
-0.2118
2.8000
-4.9000
-3.8500
411
498
525
454
424
-0.3113
-0.9272
-0.1859
-1.1200
-3.0100
-2.1000
412
499
526
455
421
-0.2943
-0.9760
-0.1620
-7.4900
4.6200
-0.9800
412
500
528
456
423
-0.2884
-0.9306
-0.1947
0.6300
-1.9600
-3.3600
412
500
528
456
423
-0.2889
-0.9223
-0.1879
0.7000
-3.0100
-2.3100
412
500
529
457
423
-0.2884
-0.9179
-0.1937
5.1100
-3.9900
-2.2400
412
500
529
457
423
-0.2923
-0.9296
-0.1771
-0.6300
-4.0600
-1.7500
412
500
529
457
423
-0.3006
-0.9145
-0.1913
-3.4300
-3.2900
-2.5200
411
499
529
457
423
-0.2948
-0.9160
-0.1967
-0.9100
-3.2900
-0.4900
411
499
528
456
421
-0.3006
-0.9184
-0.2045
3.5700
-3.3600
-4.2700
411
499
529
456
423
-0.2918
-0.9306
-0.1952
2.8000
-4.2000
-2.5200
411
499
528
456
423
-0.2938
-0.9248
-0.1942
0.7000
-3.8500
-0.5600
411
499
528
456
423
-0.2782
-0.9204
-0.1815
-2.7300
-5.4600
1.0500
410
498
528
455
424
-0.3216
-0.9306
-0.2133
3.1500
-2.9400
-4.2700
410
497
528
455
422
-0.3104
-0.9340
-0.2015
1.7500
-5.1800
-5.3900
409
496
527
454
424
-0.2879
-0.9106
-0.1767
4.2000
-1.5400
-3.6400
408
491
524
452
425
-0.3094
-0.9296
-0.2045
5.5300
-2.3100
-2.8700
405
483
518
450
428
-0.2962
-0.9087
-0.1991
-3.5000
-2.1000
1.1900
403
473
510
447
430
-0.3109
-0.9101
-0.2167
-0.4900
-4.0600
-4.5500
398
463
499
446
434
-0.3021
-0.9165
-0.1869
1.6100
-2.1700
-5.3900
388
451
484
444
434
-0.2908
-0.9165
-0.1889
12.1100
-2.0300
-3.1500
383
431
467
442
433
-0.3177
-0.9306
-0.2137
19.3200
-7.3500
-5.5300
381
396
447
440
436
-0.2835
-0.9404
-0.1220
12.8100
-1.2600
-5.3900
358
364
427
438
437
-0.2860
-0.9433
-0.1440
7.2100
-3.2900
-3.7800
337
336
398
434
439
-0.3089
-0.9267
-0.2133
6.0200
-1.4700
-5.5300
315
319
361
430
438
-0.3055
-0.9448
-0.1152
-16.3100
-0.6300
-4.3400
292
296
326
423
441
-0.2640
-0.9633
-0.1069
13.3000
-4.6900
1.6100
275
280
302
415
441
-0.2704
-0.9316
-0.1288
7.2800
-4.4800
3.9900
266
270
295
408
444
-0.2733
-0.9321
-0.0952
6.7900
-7.4200
2.3800
258
265
290
404
443
-0.3192
-0.9238
-0.1078
6.5800
-13.0900
-5.7400
251
260
289
413
439
-0.2747
-0.9672
-0.0898
19.6000
-13.8600
-7.4200
245
261
291
425
424
-0.2884
-0.9638
-0.0854
5.2500
0.2800
-3.7100
240
262
292
427
423
-0.2835
-0.9667
-0.0986
5.3900
2.3100
-4.8300
236
261
293
426
423
-0.2669
-0.9536
-0.0795
-0.2800
5.2500
-4.8300
233
260
293
425
423
-0.2699
-0.9199
-0.1113
-4.4100
2.8700
-2.1700
234
261
294
423
423
-0.2538
-0.9506
-0.1132
4.2000
-2.8700
-3.6400
233
261
293
418
422
-0.2830
-0.9340
-0.0996
4.6200
-1.5400
-4.3400
234
262
295
416
425
-0.2899
-0.9399
-0.1044
-1.8900
2.4500
-6.0200
235
264
296
418
425
-0.2889
-0.9287
-0.1132
6.8600
1.5400
-3.7800
237
267
298
424
424
-0.2816
-0.9472
-0.0932
6.0200
-0.1400
-5.8800
240
271
300
432
424
-0.2821
-0.9604
-0.1118
4.6200
1.4700
-3.7100
242
274
300
437
423
-0.2762
-0.9365
-0.1025
6.2300
-6.0900
-3.2900
243
275
301
438
425
-0.2816
-0.9531
-0.0917
4.4800
-5.9500
-4.0600
244
276
301
438
425
-0.2713
-0.9492
-0.0854
1.5400
-3.5700
-4.6200
245
277
302
438
425
-0.2645
-0.9443
-0.1025
4.3400
-6.7200
-6.3700
245
278
303
438
425
-0.2645
-0.9482
-0.0869
1.5400
-7.2800
-5.5300
245
278
303
437
423
-0.2650
-0.9511
-0.0800
7.2100
-6.1600
-4.3400
246
278
303
436
426
-0.2669
-0.9609
-0.0781
-2.3100
-4.0600
-1.1200
246
278
304
435
426
-0.2801
-0.9443
-0.0986
0.6300
-6.7900
-5.5300
246
278
304
435
426
-0.2606
-0.9555
-0.0732
4.4800
-4.7600
-3.8500
246
278
304
435
426
-0.2469
-0.9472
-0.0810
1.8900
-4.9000
-4.1300
246
278
305
435
427
-0.2718
-0.9492
-0.0722
2.6600
-4.1300
-3.6400
246
278
304
434
427
-0.2611
-0.9399
-0.0722
1.5400
-4.1300
-4.9000
246
277
305
433
425
-0.2528
-0.9516
-0.0878
6.7200
-7.4200
-5.3200
244
275
305
429
429
-0.2435
-0.9682
-0.0537
2.5900
-5.9500
-3.2900
244
273
305
425
431
-0.2538
-0.9433
-0.0737
0.0000
-6.7900
-2.2400
243
272
305
422
432
-0.2499
-0.9706
-0.0756
5.7400
-5.2500
-5.1800
242
271
305
418
433
-0.2367
-0.9697
-0.0473
0.5600
-6.8600
-3.8500
241
270
305
416
431
-0.2552
-0.9536
-0.0644
3.2900
-4.7600
-4.6900
240
270
305
412
435
-0.2450
-0.9648
-0.0556
2.3100
-3.5000
-5.6700
239
269
304
410
435
-0.2503
-0.9545
-0.0595
10.2900
-7.8400
-5.9500
240
270
305
410
436
-0.2367
-0.9726
-0.0322
-3.2900
-4.2700
0.7700
244
275
310
416
434
-0.2460
-0.9457
-0.0586
-11.4800
-9.2400
-3.7800
249
280
317
418
433
-0.2372
-0.9374
-0.1025
-22.5400
-9.3100
2.1000
259
291
334
420
433
-0.2528
-0.9453
-0.0581
-9.5900
-4.6200
-4.2000
267
297
358
420
432
-0.2157
-0.9487
-0.1015
-8.8900
-8.0500
-0.5600
297
325
391
422
431
-0.2660
-0.9184
-0.1327
-16.2400
-1.5400
-3.7100
338
371
436
427
431
-0.2723
-0.9228
-0.1396
-11.3400
-2.3800
2.0300
363
408
463
432
430
-0.2367
-0.9077
-0.1127
-6.0200
-7.2800
0.7000
369
416
467
433
429
-0.2616
-0.9282
-0.1776
-10.1500
-1.2600
-0.4200
381
435
483
436
428
-0.2147
-0.9443
-0.2069
3.0100
-7.2800
-1.2600
405
459
503
444
426
-0.2338
-0.9443
-0.2196
4.6200
-4.2000
0.2800
420
471
514
448
425
-0.2664
-0.9311
-0.2040
3.5700
-2.6600
-0.4200
426
478
519
450
423
-0.2865
-0.9882
-0.1240
12.0400
-6.9300
3.0800
417
492
522
449
424
-0.2689
-0.9414
-0.1664
1.4000
-6.2300
-1.8200
415
495
524
450
423
-0.2913
-0.9409
-0.1913
4.2000
-5.9500
-0.9100
415
496
524
450
423
-0.2967
-0.9443
-0.1752
6.0900
-3.1500
-3.6400
417
496
524
449
422
-0.2713
-0.9389
-0.1659
3.9200
-5.7400
-4.5500
418
496
524
448
421
-0.2826
-0.9340
-0.1688
6.3700
-3.9200
-1.6800
419
496
524
448
421
-0.2782
-0.9506
-0.1386
-3.7800
-3.1500
-1.7500
419
496
525
449
421
-0.2796
-0.9238
-0.1601
2.3100
-6.0200
-2.6600
419
496
525
449
421
-0.2855
-0.9379
-0.1508
1.5400
-4.3400
-1.7500
419
495
524
449
421
-0.2786
-0.9262
-0.1576
-3.6400
-3.9200
1.0500
419
495
524
448
421
-0.2943
-0.9404
-0.1820
-3.0800
-4.2000
-5.5300
419
493
523
447
421
-0.2918
-0.9350
-0.1674
-1.4000
-3.0100
-3.9200
419
492
522
447
419
-0.2923
-0.9399
-0.1796
1.6800
-3.8500
-3.5700
419
493
522
447
421
-0.2850
-0.9184
-0.1830
1.8200
-3.6400
-2.4500
419
493
522
447
421
-0.2850
-0.9272
-0.1762
-0.9800
-2.3100
-2.3800
419
492
522
447
421
-0.2830
-0.9155
-0.1732
-5.0400
-4.8300
-4.4100
419
491
522
447
421
-0.2845
-0.9194
-0.1815
-1.2600
-3.9200
-2.8000
418
491
522
447
422
-0.2830
-0.9204
-0.1859
1.4000
-4.8300
-3.6400
418
491
521
447
422
-0.2704
-0.9340
-0.1806
2.1700
-4.2000
-0.8400
418
489
520
447
423
-0.2933
-0.9184
-0.1791
-8.6100
-3.5700
-1.6100
416
479
514
446
425
-0.3006
-0.9292
-0.2347
5.4600
-8.6800
-12.0400
392
420
483
441
427
-0.2889
-0.9399
-0.1674
9.9400
-2.3100
-5.9500
360
368
449
437
429
-0.2621
-0.9174
-0.2172
-2.1700
-5.3200
-1.8900
335
336
412
432
434
-0.2889
-0.9589
-0.1859
0.1400
-3.6400
-3.2200
314
319
376
430
436
-0.2889
-0.9116
-0.1527
9.8000
5.1800
2.9400
293
298
335
433
435
-0.2796
-0.9399
-0.1425
19.6700
1.6100
-0.8400
275
281
305
437
432
-0.2660
-0.9252
-0.1249
18.4100
-1.5400
-0.3500
262
269
291
435
435
-0.2826
-0.9750
-0.1020
2.3100
-1.1200
-5.7400
253
258
282
424
435
-0.2586
-0.9292
-0.1103
5.3900
-0.8400
4.5500
250
251
276
408
438
-0.2601
-0.8550
-0.1210
-0.5600
-9.3100
-2.1700
249
251
279
404
435
-0.2967
-0.9179
-0.0971
3.4300
-3.7800
-0.9800
249
253
283
405
428
-0.2718
-0.9272
-0.0883
9.4500
-2.2400
-3.0100
250
255
285
408
425
-0.2757
-0.9394
-0.0703
11.7600
-6.6500
-5.0400
249
257
287
412
423
-0.2708
-0.9467
-0.0317
4.3400
-7.4900
-1.5400
247
257
288
413
424
-0.2625
-0.9345
-0.0537
1.5400
-5.7400
-1.1200
244
256
288
411
422
-0.2694
-0.9575
-0.0498
1.8200
-4.2000
-3.3600
244
257
289
409
424
-0.2621
-0.9579
-0.0327
4.7600
-5.3900
-1.8200
245
258
290
409
424
-0.2655
-0.9453
-0.0390
0.7000
-5.2500
-2.0300
245
258
290
408
425
-0.2767
-0.9531
-0.0381
3.7800
-4.4800
-6.0200
243
256
291
406
426
-0.2616
-0.9662
-0.0356
4.6900
-6.9300
-4.3400
240
254
290
402
427
-0.2503
-0.9687
-0.0190
1.6800
-7.0000
-3.3600
240
254
290
399
428
-0.2582
-0.9511
-0.0356
3.8500
-8.0500
-2.6600
241
255
291
398
428
-0.2547
-0.9501
-0.0229
1.2600
-5.6000
-2.3100
242
257
291
398
428
-0.2538
-0.9501
-0.0122
3.7100
-5.3200
-1.9600
244
258
292
398
429
-0.2455
-0.9589
-0.0102
-0.6300
-5.1100
-2.1700
244
259
292
397
429
-0.2669
-0.9399
-0.0273
-0.1400
-4.2000
-3.7100
245
260
293
397
430
-0.2616
-0.9531
-0.0293
4.2000
-5.3200
-4.3400
245
261
293
396
430
-0.2542
-0.9565
-0.0259
2.6600
-3.9900
-3.7100
246
261
294
396
430
-0.2542
-0.9536
-0.0278
3.4300
-3.6400
-4.2000
246
261
294
396
428
-0.2464
-0.9584
-0.0171
3.6400
-5.1800
-3.9200
246
262
295
396
431
-0.2513
-0.9658
-0.0195
2.1000
-4.7600
-2.9400
246
262
296
396
431
-0.2489
-0.9545
-0.0200
3.2900
-4.4100
-3.1500
247
263
296
396
431
-0.2606
-0.9736
-0.0224
3.5700
-4.4800
-3.9200
247
263
296
396
431
-0.2582
-0.9501
-0.0083
4.3400
-4.2000
-3.3600
246
262
297
395
431
-0.2484
-0.9501
-0.0117
2.0300
-3.5000
-3.9200
246
262
297
396
433
-0.2420
-0.9623
-0.0102
1.7500
-4.7600
-3.1500
246
262
297
395
433
-0.2460
-0.9643
-0.0215
1.6800
-3.5700
-2.9400
247
263
297
395
433
-0.2489
-0.9716
-0.0137
2.6600
-3.4300
-3.6400
247
263
298
395
433
-0.2572
-0.9555
-0.0156
1.6100
-5.3200
-2.1000
247
264
298
395
433
-0.2538
-0.9638
-0.0166
2.8000
-4.3400
-3.2900
247
264
298
395
432
-0.2523
-0.9672
-0.0122
3.2200
-3.9200
-3.5000
248
264
298
395
433
-0.2523
-0.9662
-0.0098
2.3100
-3.8500
-2.8700
248
264
298
395
433
-0.2503
-0.9643
-0.0088
1.8900
-5.1800
-0.3500
248
265
299
395
430
-0.2596
-0.9775
-0.0088
0.8400
-0.4900
-3.1500
248
265
299
394
433
-0.2494
-0.9433
0.0020
0.2800
-0.1400
-1.1900
248
265
299
394
433
-0.2562
-0.9526
-0.0073
3.1500
-3.5700
-4.4100
248
265
299
394
433
-0.2767
-0.9858
-0.0337
4.7600
-2.9400
-6.8600
248
265
299
394
433
-0.2347
-0.9457
-0.0107
-1.2600
-4.9000
-3.6400
248
266
299
394
432
-0.2499
-0.9570
-0.0132
1.6800
-4.4800
-3.9900
248
266
300
394
433
-0.2611
-0.9643
-0.0098
-1.5400
0.3500
-5.1800
249
266
300
394
430
-0.2513
-0.9418
-0.0332
0.7000
-2.1000
-4.2000
249
266
300
394
432
-0.2411
-0.9516
-0.0171
1.5400
-4.2700
-5.5300
249
266
300
393
432
-0.2386
-0.9584
0.0059
-0.9800
-3.8500
-4.9700
247
265
300
389
432
-0.2435
-0.9604
-0.0459
-0.7000
-5.3200
-3.2900
247
264
300
388
433
-0.2338
-0.9682
-0.0293
-2.7300
-2.5200
-2.7300
249
266
301
392
433
-0.2342
-0.9531
-0.0551
-13.2300
-1.7500
-8.0500
256
274
307
403
431
-0.2328
-0.9604
-0.0756
-10.4300
-2.0300
-7.4900
269
289
323
412
430
-0.2069
-0.9614
-0.0766
-20.3000
-2.6600
-2.8000
293
317
360
422
429
-0.2084
-0.9706
-0.1396
-6.9300
-7.3500
2.1000
322
344
398
427
428
-0.2303
-0.9492
-0.1088
-9.0300
-5.1800
2.9400
345
375
432
430
429
-0.2416
-0.9589
-0.1225
-1.4000
-7.1400
0.4200
362
406
455
433
427
-0.2557
-0.9374
-0.1269
-7.7700
-4.1300
2.5900
374
425
470
435
429
-0.2464
-0.9584
-0.1518
0.9100
-5.6700
0.0000
381
437
480
435
429
-0.2323
-0.9575
-0.1488
-0.9100
-6.8600
-4.2000
389
451
488
437
428
-0.2128
-0.9911
-0.1000
1.4000
-7.9800
0.9800
404
467
502
441
427
-0.2303
-0.9511
-0.1474
5.1800
-5.6700
-1.1200
410
483
512
447
423
-0.2664
-0.9643
-0.1074
8.0500
-8.0500
-3.9900
412
493
518
451
424
-0.2616
-0.9506
-0.1283
4.6900
-6.2300
-2.5200
412
496
522
453
424
-0.2757
-0.9545
-0.1405
9.5900
-5.1100
-3.7800
413
498
524
454
423
-0.2562
-0.9384
-0.1205
3.9900
-3.9900
-3.3600
414
499
526
455
422
-0.2523
-0.9545
-0.1103
-1.3300
-5.1800
-1.1200
414
500
527
456
421
-0.2708
-0.9516
-0.1313
4.4100
-5.1100
-3.5700
414
500
528
457
421
-0.2723
-0.9536
-0.1308
2.7300
-3.0100
-4.1300
414
500
528
457
420
-0.2669
-0.9487
-0.1152
10.6400
-4.4800
-4.1300
414
500
528
457
420
-0.2723
-0.9404
-0.2069
4.6200
-4.6200
-4.6900
414
501
528
457
420
-0.2801
-0.9223
-0.1459
2.8000
-3.1500
-2.6600
414
501
529
457
419
-0.2679
-0.9448
-0.1313
1.2600
-3.9200
-3.9200
414
501
529
457
419
-0.2723
-0.9423
-0.1283
1.6800
-4.0600
-3.9200
414
501
529
457
417
-0.2562
-0.9316
-0.1118
-0.4200
-4.2700
-1.1200
413
500
529
457
419
-0.2694
-0.9516
-0.1435
1.5400
-5.6000
-3.1500
413
500
529
457
419
-0.2679
-0.9379
-0.1376
2.1700
-2.8000
-3.3600
413
500
528
456
420
-0.2562
-0.9409
-0.1244
1.6100
-4.2700
-2.9400
413
500
528
456
420
-0.2689
-0.9526
-0.1308
4.3400
-3.7100
-3.2200
413
499
528
456
418
-0.2664
-0.9472
-0.1303
4.1300
-1.8900
-2.1000
412
498
527
455
421
-0.2669
-0.9457
-0.1254
6.0200
-2.3100
-3.5000
412
497
525
454
421
-0.2586
-0.9467
-0.1303
8.4000
-3.7800
-2.5900
411
494
523
453
421
-0.2650
-0.9570
-0.1318
1.7500
-2.2400
-1.6800
410
491
519
452
422
-0.2640
-0.9506
-0.1078
6.6500
-3.0800
-3.8500
408
484
514
452
420
-0.2635
-0.9609
-0.1118
6.6500
-1.7500
-2.4500
406
476
507
451
424
-0.2606
-0.9584
-0.0952
7.0700
-0.5600
-6.7200
401
466
494
450
425
-0.2494
-0.9594
-0.0917
20.3000
-3.3600
-6.4400
383
440
475
449
426
-0.2362
-0.9609
-0.0825
3.9900
-5.6000
-5.1800
359
400
446
447
426
-0.2347
-0.9745
0.0142
-4.5500
-2.0300
-7.5600
344
359
412
446
427
-0.2406
-0.9814
-0.0620
7.1400
-7.3500
-3.3600
322
334
382
444
427
-0.2425
-0.9506
-0.0771
16.8000
-4.1300
-4.2700
302
313
351
442
425
-0.3738
-0.9609
-0.0634
-0.5600
-0.7000
-2.6600
284
297
324
439
428
-0.2567
-0.9296
-0.0068
15.0500
-5.6700
-3.7100
264
278
299
436
428
-0.2528
-0.9589
-0.0664
14.0000
-9.9400
-5.3900
257
267
286
431
429
-0.2513
-0.9721
-0.0220
9.8700
-6.9300
-6.1600
252
261
279
425
431
-0.2264
-0.9784
-0.0327
11.4100
-5.0400
-7.2100
245
257
273
417
432
-0.2269
-0.9545
0.0278
13.7900
-4.6200
-4.8300
233
250
270
406
433
-0.2269
-0.9589
0.0181
7.4200
-6.3700
-3.5000
230
249
267
399
434
-0.2401
-0.9394
0.0337
-0.2800
-4.6200
-2.1700
229
249
268
396
434
-0.2362
-0.9536
0.0195
-0.9800
-1.3300
-1.1200
229
250
270
397
431
-0.2338
-0.9443
0.0190
2.7300
-3.3600
-2.5900
229
250
272
400
433
-0.2147
-0.9560
0.0278
0.0700
-3.0100
-1.6800
229
252
274
404
432
-0.2298
-0.9745
0.0283
2.7300
-1.2600
-1.6800
229
254
278
408
430
-0.2298
-0.9731
0.0195
12.6000
6.1600
-2.5200
230
256
281
421
427
-0.2416
-0.9682
0.0542
4.1300
6.0200
2.1700
230
260
284
431
423
-0.2240
-0.9389
0.0210
-3.3600
-2.2400
-1.1200
231
262
285
434
425
-0.2528
-0.9775
0.0400
0.7700
-5.3200
-4.2000
232
263
286
434
424
-0.2538
-0.9594
0.0190
3.2200
-3.8500
-2.3100
232
264
287
433
424
-0.2572
-0.9589
0.0312
2.7300
-1.6100
-4.4800
233
265
287
432
424
-0.2494
-0.9614
0.0337
-2.2400
-4.0600
-0.9100
233
265
288
432
423
-0.2650
-0.9516
0.0190
7.1400
-2.6600
-3.3600
234
265
288
432
424
-0.2538
-0.9604
0.0405
3.0800
-4.5500
-2.1000
234
266
289
433
424
-0.2508
-0.9599
0.0190
2.5900
-5.2500
-3.9200
235
267
290
433
421
-0.2625
-0.9579
0.0332
4.0600
-4.6200
-4.6200
236
268
290
433
424
-0.2562
-0.9614
0.0386
1.9600
-2.6600
-4.1300
236
268
291
433
424
-0.2499
-0.9565
0.0425
2.6600
-2.8000
-2.1000
236
269
291
433
424
-0.2484
-0.9531
0.0415
-0.2800
-5.1800
-2.8700
236
269
291
432
424
-0.2747
-0.9506
0.0371
-3.2900
-4.6200
-3.2200
237
269
292
430
422
-0.2547
-0.9526
0.0342
2.7300
-4.2700
-3.5000
237
269
293
429
424
-0.2460
-0.9555
0.0522
1.1900
-3.7100
-3.2900
237
270
293
428
424
-0.2411
-0.9579
0.0342
3.4300
-4.9700
-3.0800
237
270
293
428
424
-0.2425
-0.9701
0.0429
0.9800
-3.5700
-3.9900
237
270
293
427
424
-0.2484
-0.9609
0.0478
0.0700
-4.9700
-3.9200
237
270
294
426
425
-0.2469
-0.9623
0.0415
-4.2700
-5.6000
-5.2500
238
271
295
426
425
-0.2425
-0.9570
0.0298
-0.5600
-4.2700
-6.8600
238
271
296
425
426
-0.2294
-0.9731
0.0327
-2.4500
-6.2300
-7.4900
241
272
298
425
427
-0.2147
-0.9648
0.0176
-10.7100
-5.7400
-6.0900
250
282
307
428
427
-0.2235
-0.9477
-0.0102
-22.8900
-5.5300
-2.7300
274
308
340
433
425
-0.2328
-0.9658
-0.0283
-14.7700
-3.5700
-1.6800
298
330
380
437
425
-0.2172
-0.9536
-0.0542
-12.7400
-2.3100
-0.9800
330
363
420
441
425
-0.2142
-0.9618
-0.0595
-17.1500
-3.5000
-0.4900
357
401
454
444
426
-0.2084
-0.9394
-0.1113
-8.7500
0.9800
-2.1000
375
418
474
445
424
-0.2699
-0.9340
-0.0703
-4.9000
-1.0500
-0.0700
389
435
488
445
426
-0.2128
-0.9858
-0.0825
-17.8500
-4.6200
-3.2200
402
456
502
447
425
-0.2533
-0.9379
-0.1635
-1.9600
-3.8500
0.3500
404
475
511
448
425
-0.2391
-0.9721
-0.1025
1.1200
-3.8500
-1.8900
405
486
517
450
425
-0.2338
-0.9633
-0.1288
0.9800
-6.2300
-2.8000
405
492
521
451
425
-0.2391
-0.9433
-0.1322
-10.1500
-4.0600
-2.5200
406
494
523
452
424
-0.2362
-0.9526
0.0503
2.2400
-3.8500
-2.2400
406
496
525
452
424
-0.2259
-0.9492
-0.1508
-1.9600
-4.5500
-0.3500
406
497
526
453
423
-0.2347
-0.9531
-0.1513
3.7800
-4.5500
-4.0600
406
497
527
453
422
-0.2372
-0.9579
-0.1576
1.8900
-4.3400
-3.1500
406
497
527
453
423
-0.2440
-0.9526
-0.1508
2.6600
-3.9200
-4.0600
406
497
527
453
423
-0.2391
-0.9457
-0.1313
1.1200
-4.3400
-3.9200
406
497
527
453
423
-0.2318
-0.9423
-0.1523
2.5900
-3.7800
-2.6600
406
497
527
453
423
-0.2420
-0.9389
-0.1376
1.5400
-3.2900
-3.0800
406
496
527
453
421
-0.2308
-0.9575
-0.1498
-0.0700
-4.3400
-2.5900
406
496
527
453
423
-0.2484
-0.9448
-0.1435
4.1300
-3.5000
-3.0800
406
496
527
453
423
-0.2416
-0.9555
-0.1405
0.4900
-3.5000
-3.2200
405
496
527
453
423
-0.2420
-0.9492
-0.1440
0.5600
-3.0100
-3.4300
405
496
526
453
423
-0.2289
-0.9555
-0.1405
0.2800
-4.2700
-2.5200
405
496
526
453
421
-0.2479
-0.9414
-0.1454
0.9800
-3.9200
-2.8000
405
496
526
453
423
-0.2425
-0.9521
-0.1420
3.5000
-4.2700
-3.5000
405
495
526
453
423
-0.2328
-0.9492
-0.1493
3.2900
-4.6200
-2.1700
405
495
526
453
423
-0.2416
-0.9648
-0.1405
5.0400
-2.1700
-3.2900
405
494
526
453
423
-0.2338
-0.9453
-0.1191
1.7500
-0.4200
-0.2800
406
488
523
453
424
-0.2289
-0.9418
-0.1332
0.7700
-3.1500
-1.6800
404
478
519
453
425
-0.2347
-0.9662
-0.1415
7.9800
-3.7800
-3.0800
402
469
516
452
426
-0.2503
-0.9501
-0.1186
19.1800
-3.6400
-5.5300
393
457
505
452
427
-0.2381
-0.9740
-0.1078
9.2400
-8.3300
-9.1000
365
424
482
452
429
-0.2284
-0.9999
-0.1444
-3.5000
-4.1300
-11.2000
321
375
429
448
430
-0.1967
-0.9609
-0.1674
10.9900
-5.3900
-9.3100
285
342
382
446
431
-0.2518
-0.9467
-0.0849
7.4900
-5.9500
-5.5300
256
318
339
442
431
-0.2045
-0.8843
-0.0952
14.4200
-4.0600
-1.2600
241
298
312
434
432
-0.2181
-0.9472
-0.0654
12.1800
-7.4200
-3.0800
232
284
299
423
432
-0.2372
-0.9589
-0.0473
9.1700
-2.3100
-1.9600
225
276
293
412
433
-0.2386
-0.9667
-0.0244
8.8900
-8.4000
-2.8000
220
271
291
405
433
-0.2323
-0.9584
-0.0249
4.2000
-5.8800
-2.3100
216
267
291
399
431
-0.2367
-0.9570
-0.0156
6.0900
-5.6000
-1.7500
213
265
290
395
429
-0.2294
-0.9692
-0.0078
5.0400
-8.8200
-0.8400
211
264
290
392
432
-0.2362
-0.9740
0.0000
-5.3900
-8.0500
2.1000
210
265
290
389
428
-0.2640
-0.9409
-0.0151
1.6800
-7.8400
1.6800
213
268
293
394
419
-0.2674
-0.9550
-0.0508
-3.1500
2.8000
1.2600
214
272
295
399
419
-0.2606
-0.9462
-0.0024
7.1400
3.5000
0.7700
216
274
297
406
418
-0.2503
-0.9501
-0.0127
11.4800
4.7600
-0.9100
219
277
299
413
417
-0.2528
-0.9628
0.0176
5.1100
3.8500
4.4100
220
278
299
415
417
-0.2660
-0.9423
0.0195
3.1500
-1.4000
-3.2200
221
278
299
415
416
-0.2430
-0.9536
0.0234
-7.1400
-7.5600
-0.0700
221
279
300
414
416
-0.2645
-0.9565
0.0020
-2.7300
-2.8700
-3.0100
221
279
300
414
415
-0.2650
-0.9623
0.0268
0.6300
-3.0800
-4.1300
222
280
301
413
413
-0.2552
-0.9511
0.0015
-1.1900
-3.9900
-3.3600
222
280
302
414
415
-0.2494
-0.9536
0.0010
-1.8900
-5.5300
-3.0800
222
281
302
415
414
-0.2557
-0.9511
-0.0020
2.5200
-4.6900
-4.1300
223
281
303
415
414
-0.2503
-0.9677
-0.0054
3.9900
-3.9900
-6.1600
224
282
304
416
414
-0.2503
-0.9575
0.0049
3.6400
-5.1100
-6.5100
224
282
304
415
414
-0.2362
-0.9780
-0.0063
1.0500
-5.3200
-5.8100
224
282
304
413
414
-0.2445
-0.9589
0.0034
7.2100
-6.1600
-3.9900
224
282
304
412
414
-0.2342
-0.9711
0.0029
6.5100
-6.5800
-3.4300
224
282
304
411
414
-0.2333
-0.9618
0.0171
1.9600
-10.5000
-4.2000
224
282
304
408
415
-0.2396
-0.9614
0.0332
-1.4700
-3.0100
-2.2400
224
283
304
408
415
-0.2450
-0.9628
0.0010
-1.4000
-4.4800
-2.3800
224
283
305
407
416
-0.2430
-0.9594
-0.0015
3.7100
-4.4800
-6.2300
224
283
306
404
419
-0.2240
-0.9726
0.0254
-2.2400
-4.4100
-5.0400
225
284
307
402
423
-0.2357
-0.9448
-0.0034
-8.9600
-10.5700
-3.1500
232
289
315
405
424
-0.2235
-0.9433
-0.0112
1.0500
-3.2900
0.4200
253
310
337
413
424
-0.2196
-0.9672
0.0283
-4.3400
-7.2100
1.8900
273
327
362
416
423
-0.2054
-0.9365
0.0356
-14.0700
-18.8300
7.3500
301
349
396
418
424
-0.2596
-0.9540
-0.0425
-25.4100
-11.2700
-2.5900
337
382
439
421
422
-0.2826
-0.9306
-0.0405
-38.0100
4.2700
7.1400
379
424
480
434
418
-0.2479
-0.9467
-0.1083
-17.5000
-10.2900
3.9200
401
447
502
442
415
-0.2596
-0.9057
-0.2059
-7.2100
-17.7100
2.7300
397
465
513
444
415
-0.3592
-1.0360
-0.0781
-2.3100
-14.6300
-2.7300
398
476
517
444
413
-0.2982
-0.9804
-0.1449
8.4700
-0.7700
-16.5900
399
478
517
443
412
-0.2274
-0.9331
-0.1415
-18.4800
-2.4500
11.8300
399
483
520
442
411
-0.2533
-0.9306
-0.2225
2.5200
-15.8900
-3.7100
404
489
522
443
410
-0.2933
-0.9301
-0.1664
11.4800
-11.3400
-19.7400
407
492
524
447
410
-0.2015
-0.9306
-0.0698
39.6900
-22.1900
-29.1900
411
494
525
452
413
-0.2616
-0.9043
-0.0752
55.5800
-25.4100
-2.3800
415
495
525
454
414
-0.3050
-1.0067
-0.0268
25.2000
13.3000
-16.1000
416
495
525
455
417
-0.1728
-1.0297
0.0361
3.1500
-4.2000
9.2400
417
495
526
455
420
-0.2162
-0.9819
0.0195
16.6600
-5.6700
-6.6500
417
494
525
456
422
-0.2552
-1.0004
0.0454
3.1500
5.8800
-6.2300
416
494
525
454
425
-0.2289
-0.9858
0.0200
-6.0200
1.5400
-16.8700
415
493
524
453
426
-0.2279
-0.8999
0.0815
-13.5800
14.0700
6.3700
415
493
524
451
426
-0.2089
-0.9355
-0.0342
-2.8700
9.0300
0.4200
414
493
524
448
428
-0.2425
-0.9902
-0.0083
1.4000
14.9800
-1.1200
414
493
524
448
429
-0.2328
-0.9794
-0.0317
3.0800
21.0000
-8.7500
413
492
523
445
433
-0.1874
-0.9130
-0.0410
-3.5000
25.4800
6.3000
412
491
523
443
434
-0.2006
-0.9775
-0.0322
1.8900
22.6800
-3.3600
412
491
522
443
432
-0.2445
-0.9867
-0.0839
-5.1800
8.3300
-8.4700
412
490
522
442
436
-0.2313
-0.9667
-0.0810
-6.0900
5.8800
-8.7500
412
489
521
442
438
-0.1586
-0.9126
-0.0630
-7.4200
-7.2100
-8.2600
412
489
521
443
441
-0.2201
-0.9165
-0.1108
8.8900
-8.6100
-13.9300
412
489
521
442
442
-0.1830
-0.9916
-0.1113
-2.5200
-3.0800
8.2600
411
489
521
448
441
-0.1352
-0.9862
-0.1118
25.4100
-5.4600
-9.5200
411
489
521
450
441
-0.1952
-1.0043
-0.0971
6.5800
-2.1000
2.8000
411
489
521
446
443
-0.1972
-0.9638
-0.1108
5.8100
-4.8300
-7.8400
411
489
521
441
444
-0.2245
-0.9526
-0.2479
7.5600
-4.6900
-2.3100
411
489
521
442
447
0.1781
-0.9716
-0.0805
1.1200
-6.1600
3.0800
410
489
521
439
448
-0.1923
-0.9882
-0.1083
3.9200
-3.5000
-1.2600
410
488
520
439
449
-0.1928
-0.9643
-0.0712
33.6700
-3.0800
-43.1200
411
487
517
438
453
-0.2015
-0.8462
0.0000
-4.2000
19.6700
-8.8900
410
485
514
437
453
-0.2113
-1.0150
-0.0449
3.0100
-1.6100
-4.2700
410
486
517
436
453
-0.0312
-0.9750
-0.0542
-7.9800
7.5600
18.6900
410
486
517
428
453
-0.2406
-0.9404
-0.0703
-9.5200
-6.3000
-1.4000
410
486
517
428
452
-0.2664
-1.0033
-0.0996
-2.3800
-7.4200
-7.4200
410
487
517
427
452
-0.1732
-0.9526
-0.0673
7.5600
-7.4200
-8.8900
410
487
517
423
452
-0.1840
-0.8950
-0.1083
23.6600
-21.4200
-3.2900
409
486
518
426
452
-0.1420
-0.9482
-0.0673
-3.9200
-9.5900
-2.0300
409
486
521
431
453
-0.2367
-0.9599
-0.0917
1.1900
-6.3700
-4.8300
409
487
523
431
453
-0.2377
-0.9872
-0.1020
5.1800
-3.7100
-1.1200
409
487
522
431
453
-0.2069
-0.9867
-0.0756
4.6900
-7.2100
-5.4600
408
486
521
431
452
-0.2128
-0.9565
-0.0834
2.9400
-3.0800
-4.8300
408
486
515
431
452
-0.2025
-0.9804
-0.0869
1.6800
-3.2900
-2.5900
408
486
513
431
452
-0.1830
-0.9404
-0.0971
0.2100
-6.5100
-2.5900
408
485
510
432
451
-0.2059
-0.9867
-0.0224
3.3600
4.1300
1.4700
408
485
505
432
451
-0.1942
-0.9648
-0.0791
-4.2700
-5.3200
-3.4300
408
485
500
432
450
-0.2015
-0.9414
-0.1088
-3.9900
-4.5500
-4.0600
408
485
497
433
450
-0.2113
-0.9584
-0.0859
3.9900
-4.9000
-1.6800
408
485
501
433
449
-0.1903
-0.9565
-0.0903
-0.4900
-7.0700
-1.8200
408
485
509
433
449
-0.1976
-0.9745
-0.0615
7.2800
-0.8400
-1.6800
407
485
510
432
450
-0.1840
-0.9453
-0.0654
-3.4300
-2.1000
0.4900
407
487
512
431
448
-0.2167
-0.9374
-0.1322
-4.6200
-9.6600
3.2900
407
485
512
431
450
-0.2396
-0.9516
-0.1118
2.5200
-3.0800
1.6100
407
485
512
431
448
-0.2211
-0.9365
-0.1059
0.7700
-7.7000
1.6100
407
485
509
431
450
-0.2416
-0.9819
-0.1059
5.3900
-4.2000
-2.7300
407
484
508
431
449
-0.2816
-0.9658
-0.0908
11.6900
-1.6800
1.1200
407
482
506
431
450
-0.2279
-0.9370
-0.0756
2.3800
-6.3700
0.7700
407
482
505
431
449
-0.2347
-0.9897
-0.0854
8.5400
-6.9300
-5.7400
408
480
504
432
450
-0.2596
-0.9506
-0.0947
-3.1500
-6.7900
-4.3400
408
480
507
432
450
-0.2752
-0.9531
-0.1181
1.8200
-5.8800
-3.5700
408
478
508
431
450
-0.2747
-0.9540
-0.1186
5.3200
0.6300
-3.6400
408
478
509
431
449
-0.2435
-0.9599
-0.0966
4.0600
-5.7400
-3.7100
408
476
510
431
449
-0.2704
-0.9565
-0.0971
-2.1700
-5.4600
-3.0800
408
476
511
431
449
-0.2655
-0.9570
-0.0888
3.7800
-4.9700
-1.1200
408
472
511
431
449
-0.2752
-0.9570
-0.0937
1.7500
-6.1600
-3.7100
408
470
511
431
449
-0.2777
-0.9565
-0.0898
2.3800
1.4000
-5.9500
408
467
511
431
449
-0.2542
-0.9487
-0.0776
-1.6800
-4.0600
-5.8100
408
463
510
431
449
-0.2460
-0.9589
-0.0898
5.1800
-6.3700
-3.2900
408
461
509
431
449
-0.2689
-0.9482
-0.1059
-3.6400
-3.7800
-2.1000
408
461
509
431
449
-0.2772
-0.9326
-0.0634
4.2700
-1.8900
-1.8900
408
458
509
431
449
-0.2557
-0.9350
-0.1049
-6.1600
-2.3800
-0.5600
408
472
509
431
449
-0.2269
-0.9399
-0.0854
-8.7500
-8.4000
-10.1500
407
476
511
431
449
-0.2552
-0.9584
-0.0854
-3.7800
-2.4500
-4.9000
407
477
512
431
449
-0.2377
-0.9487
-0.1088
-3.2900
-6.1600
-3.2200
407
477
512
431
450
-0.2645
-0.9555
-0.1210
1.4700
-2.1000
-7.4900
407
477
512
430
450
-0.2367
-0.9575
-0.1059
2.7300
-4.5500
-4.8300
407
478
513
430
450
-0.2142
-0.9687
-0.1161
4.2000
-7.8400
-0.6300
407
478
513
430
451
-0.2450
-0.9536
-0.1157
4.2700
-6.9300
-3.2900
407
478
513
430
451
-0.2342
-0.9487
-0.1025
5.0400
-6.6500
3.1500
407
478
513
430
451
-0.2879
-0.9609
-0.0834
-4.2000
-3.4300
-4.1300
407
478
513
430
449
-0.2577
-0.9326
-0.1357
-6.3700
-4.4800
-6.8600
406
478
513
430
452
-0.2328
-0.9438
-0.1181
7.3500
-5.8100
-1.3300
406
478
513
430
452
-0.2611
-0.9555
-0.1044
3.6400
-3.7100
-4.7600
406
478
512
430
452
-0.2440
-0.9682
-0.0913
4.1300
-3.4300
-4.9000
406
478
512
430
450
-0.2269
-0.9550
-0.1220
-1.1900
-3.5000
-0.4900
406
478
512
430
454
-0.2684
-0.9667
-0.1103
-6.7200
-0.7700
-7.2800
406
478
513
430
451
-0.2499
-0.9482
-0.1088
-3.7800
-5.6000
-7.4900
406
478
513
430
453
-0.2313
-0.9423
-0.1601
-3.9200
-6.0200
-5.2500
406
478
513
430
453
-0.2284
-0.9726
-0.1293
-4.0600
-3.2900
-6.1600
406
478
513
430
453
-0.2054
-0.9311
-0.1488
-6.3000
-4.6900
0.1400
406
478
513
430
453
-0.2406
-0.9550
-0.1566
0.4200
0.2100
-2.8700
406
478
513
430
453
-0.2157
-0.9609
-0.1679
-1.8900
0.6300
-2.3100
406
478
513
429
451
-0.2015
-0.9570
-0.1767
-2.7300
-7.5600
-7.9100
405
479
513
430
453
-0.2118
-0.9311
-0.2089
-0.5600
-11.2700
-7.2100
405
479
513
429
455
-0.2230
-0.9501
-0.1444
6.3000
-9.2400
-4.9700
405
479
513
429
455
-0.2147
-0.9511
-0.2123
-5.6000
-6.4400
-0.3500
405
479
513
429
454
-0.2303
-0.9482
-0.1908
2.8000
1.1200
-1.4000
405
479
513
429
454
-0.1972
-0.9628
-0.1771
-5.0400
0.9100
-3.2900
405
479
513
429
455
-0.1850
-0.9579
-0.1806
-5.7400
-6.9300
-4.9000
405
479
513
429
454
-0.2284
-0.9555
-0.1796
-4.5500
-2.8000
-3.2900
405
479
513
430
454
-0.2020
-0.9257
-0.2142
2.9400
-3.5700
-5.4600
405
479
513
430
454
-0.1967
-0.9472
-0.2064
1.8900
-4.4100
-5.0400
405
479
513
430
454
-0.1854
-0.9555
-0.2059
2.4500
-5.3900
-3.3600
405
479
513
430
454
-0.1996
-0.9384
-0.1986
5.7400
-3.5700
-3.7100
404
479
513
430
455
-0.2020
-0.9589
-0.1913
3.3600
-5.8100
-3.2900
404
479
513
430
455
-0.2001
-0.9531
-0.1981
3.2900
-4.1300
-5.1100
404
479
513
430
455
-0.1913
-0.9565
-0.1762
0.2100
-3.9200
-2.3800
404
479
513
430
455
-0.2103
-0.9462
-0.2050
0.8400
-3.1500
-3.0100
404
479
513
430
456
-0.1996
-0.9467
-0.1928
7.9100
-0.4900
-3.1500
404
479
513
430
455
-0.1928
-0.9667
-0.2001
0.4900
-3.0100
-2.4500
404
478
513
429
456
-0.1913
-0.9462
-0.2035
3.8500
-4.9000
-1.8900
404
478
513
429
456
-0.1986
-0.9536
-0.2030
4.4100
-5.6700
-2.2400
404
478
512
429
457
-0.2050
-0.9550
-0.1767
3.7100
-3.9200
-1.9600
404
478
512
428
459
-0.2089
-0.9536
-0.2006
-0.2100
-2.5900
-0.8400
404
478
512
428
461
-0.2211
-0.9438
-0.1986
2.7300
-2.6600
-3.0100
405
478
512
427
461
-0.1976
-0.9531
-0.2050
2.9400
-5.9500
-1.6100
405
478
512
427
461
-0.2035
-0.9540
-0.1879
3.9200
-5.4600
-1.9600
405
478
512
428
462
-0.2133
-0.9536
-0.1928
0.7000
-5.2500
-2.5200
404
478
512
427
462
-0.2240
-0.9501
-0.1889
1.4000
-4.0600
-3.8500
404
478
512
428
462
-0.2147
-0.9467
-0.1845
-1.8200
-3.1500
-2.6600
404
478
512
428
461
-0.2137
-0.9399
-0.1810
1.0500
-3.4300
-3.1500
404
478
512
428
461
-0.2089
-0.9423
-0.1854
-0.4200
-4.9700
-2.8000
404
478
512
428
447
-0.2147
-0.9482
-0.1884
0.6300
-3.6400
-3.9200
404
478
512
428
444
-0.2089
-0.9418
-0.1913
0.6300
-2.8700
-2.3800
404
478
512
428
443
-0.2064
-0.9448
-0.1937
3.0800
-3.6400
-2.2400
404
478
512
428
442
-0.2054
-0.9492
-0.1815
1.3300
-5.8100
-3.2900
404
478
512
428
442
-0.2186
-0.9399
-0.1903
1.3300
-6.2300
-4.9000
404
477
512
428
442
-0.2108
-0.9531
-0.1762
0.7000
-4.5500
-3.9900
404
478
512
428
442
-0.2103
-0.9443
-0.1942
2.1000
-3.9900
-3.0800
404
478
512
428
442
-0.2079
-0.9457
-0.1864
3.9900
-6.3700
-2.0300
404
477
512
428
440
-0.2186
-0.9545
-0.1879
3.2900
-5.7400
-2.5200
404
477
512
428
442
-0.2167
-0.9477
-0.1874
2.6600
-3.4300
-3.0800
404
477
512
428
439
-0.2147
-0.9433
-0.1864
2.2400
-3.5000
-3.6400
404
477
512
428
442
-0.2181
-0.9438
-0.1815
1.8900
-2.2400
-4.6200
404
477
512
428
441
-0.2045
-0.9433
-0.1810
0.9800
-3.6400
-1.7500
404
477
512
428
441
-0.2069
-0.9531
-0.1898
4.1300
-4.6900
-3.1500
404
477
512
428
440
-0.2201
-0.9570
-0.1806
5.3200
-4.2000
-3.8500
404
477
512
428
441
-0.2089
-0.9496
-0.1742
3.3600
-4.5500
-3.1500
404
477
512
428
441
-0.2137
-0.9531
-0.1859
3.4300
-4.2700
-2.9400
404
477
512
428
441
-0.2191
-0.9516
-0.1810
5.3200
-2.3100
-4.0600
404
477
512
428
441
-0.2069
-0.9453
-0.1679
5.6000
-5.3200
-4.5500
404
477
512
428
439
-0.2001
-0.9765
-0.1410
2.3800
-5.8100
-2.8000
404
477
511
428
441
-0.2113
-0.9414
-0.1610
-0.9800
-5.2500
-2.5200
404
477
511
428
439
-0.2094
-0.9521
-0.1571
2.2400
-5.1800
-2.6600
404
477
511
428
442
-0.2001
-0.9526
-0.1396
5.0400
-4.6900
-1.1200
404
477
511
428
440
-0.2176
-0.9667
-0.1498
1.0500
-4.9700
-2.3800
404
477
511
428
443
-0.2162
-0.9584
-0.1669
4.3400
-3.7100
-2.8700
404
477
511
428
444
-0.2094
-0.9594
-0.1435
0.7700
-5.2500
-1.1900
404
476
511
428
444
-0.2250
-0.9550
-0.1508
0.7000
-3.2900
-3.3600
404
476
511
428
444
-0.2133
-0.9511
-0.1576
2.3800
-3.1500
-2.3800
404
477
511
428
443
-0.2172
-0.9555
-0.1523
2.1000
-3.5700
-2.5900
404
477
511
428
443
-0.2147
-0.9599
-0.1493
5.1100
-3.0100
-2.4500
404
477
511
428
443
-0.2118
-0.9643
-0.1547
2.8000
-3.5000
-2.0300
404
477
511
428
443
-0.2176
-0.9614
-0.1557
3.3600
-4.6200
-2.6600
404
477
511
428
443
-0.2133
-0.9565
-0.1464
2.3800
-4.7600
-1.4700
404
476
511
428
444
-0.2245
-0.9506
-0.1479
1.9600
-3.9200
-2.3800
404
476
511
428
444
-0.2176
-0.9609
-0.1376
2.3100
-3.7100
-2.7300
404
476
511
428
444
-0.2235
-0.9492
-0.1459
0.0000
-3.9900
-3.2200
404
476
511
428
441
-0.2235
-0.9545
-0.1396
3.8500
-4.2700
-2.5200
404
476
510
428
445
-0.2201
-0.9579
-0.1469
2.9400
-3.4300
-2.3800
404
476
510
428
443
-0.2196
-0.9579
-0.1449
1.6100
-3.2200
-2.4500
404
476
511
428
446
-0.2176
-0.9526
-0.1381
-2.3800
-3.2200
-4.1300
403
476
510
428
446
-0.2191
-0.9526
-0.1591
-0.6300
-2.7300
-3.4300
403
476
510
428
446
-0.2098
-0.9487
-0.1576
2.5900
-4.6900
-1.8200
403
476
510
428
447
-0.2181
-0.9570
-0.1469
3.6400
-4.6900
-2.6600
403
476
510
428
448
-0.2303
-0.9618
-0.1435
0.0000
-2.8700
-3.1500
403
476
510
428
447
-0.2172
-0.9570
-0.1440
0.6300
-3.2200
-2.8700
403
476
510
428
446
-0.2181
-0.9677
-0.1566
2.6600
-4.4800
-2.8700
403
476
510
428
446