-0.2157
-0.9618
-0.0556
1.4000
-4.1300
-2.0300
391
456
493
430
469
-0.2191
-0.9643
-0.0512
1.2600
-4.9700
-2.7300
391
457
493
430
469
-0.2157
-0.9677
-0.0556
1.0500
-4.8300
-2.7300
391
456
493
430
469
-0.2216
-0.9653
-0.0571
-1.4700
-3.9200
-1.2600
391
456
493
430
469
-0.2172
-0.9662
-0.0639
1.5400
-5.2500
-2.5900
391
456
493
430
469
-0.2220
-0.9618
-0.0595
0.4200
-3.5700
-3.5000
391
456
493
430
467
-0.2162
-0.9560
-0.0527
4.1300
-5.2500
-2.5200
391
456
493
430
469
-0.2211
-0.9731
-0.0605
2.1000
-5.6000
-2.3800
391
456
493
430
468
-0.2250
-0.9633
-0.0595
2.5900
-4.9000
-3.3600
390
456
493
430
470
-0.2201
-0.9706
-0.0434
2.9400
-5.6000
-2.3100
390
456
493
430
468
-0.2298
-0.9697
-0.0527
2.7300
-4.2000
-3.2900
390
456
493
430
470
-0.2225
-0.9609
-0.0512
0.7000
-3.9200
-3.7800
390
456
493
429
468
-0.2279
-0.9692
-0.0488
-3.8500
-4.1300
-3.2900
390
456
494
429
470
-0.2098
-0.9804
-0.0673
-10.0800
-5.4600
-0.5600
388
458
494
427
470
-0.2328
-0.9575
-0.0976
-5.1800
-6.9300
-2.1700
385
459
494
425
477
-0.2206
-0.9555
-0.1113
-2.0300
-6.2300
2.5900
371
460
495
419
499
-0.2157
-0.9467
-0.1039
-5.9500
-5.4600
18.2700
356
457
494
409
536
-0.2733
-0.9331
-0.1298
-3.5000
-10.3600
7.3500
341
449
491
402
577
-0.2684
-0.9389
-0.1166
0.6300
1.4000
14.8400
321
438
486
395
609
-0.3162
-0.9384
-0.1259
-8.1900
-4.7600
7.5600
304
429
481
385
636
-0.3309
-0.9135
-0.1327
4.8300
-7.5600
1.6800
293
419
479
376
648
-0.3387
-0.9257
-0.1479
2.8700
1.4000
3.4300
291
403
475
357
641
-0.3587
-0.9409
-0.1191
-3.5000
-0.2100
0.5600
290
395
468
335
640
-0.3558
-0.9130
-0.1723
-9.7300
-4.9700
1.6100
286
388
465
315
647
-0.3528
-0.9243
-0.2030
-13.0200
-14.5600
-9.2400
273
373
464
300
646
-0.3675
-0.9057
-0.2098
-2.9400
-11.6200
-13.7200
267
359
462
286
657
-0.3211
-0.9257
-0.2118
0.0700
0.3500
8.3300
267
369
462
278
707
-0.3328
-0.9150
-0.1893
0.4200
-8.3300
1.6100
266
386
462
278
741
-0.3933
-0.9199
-0.2391
-7.8400
-14.0700
-5.1800
259
381
462
274
727
-0.3587
-0.9282
-0.2206
-4.6900
-11.3400
-4.2000
255
373
460
268
730
-0.3821
-0.8730
-0.2455
-6.7900
-12.6700
-1.1200
245
357
454
265
732
-0.3636
-0.8379
-0.2274
-7.5600
-11.4100
0.9800
229
340
443
257
767
-0.3689
-0.8906
-0.2503
-3.2200
-12.1800
-3.2900
217
322
422
242
774
-0.3675
-0.8979
-0.2582
-5.7400
-5.6700
2.9400
215
314
387
229
773
-0.3777
-0.8652
-0.2523
-4.1300
-6.7200
-2.1000
211
307
359
219
797
-0.3987
-0.8603
-0.2528
0.2800
-5.4600
-5.3900
208
303
344
214
800
-0.3831
-0.8794
-0.2835
9.2400
-7.8400
-6.2300
207
300
336
212
812
-0.3777
-0.9062
-0.2572
7.9100
-5.4600
-7.1400
205
295
328
212
821
-0.3762
-0.8838
-0.2391
3.9200
-6.8600
-8.0500
205
292
325
212
825
-0.3787
-0.8901
-0.2313
0.9800
-8.0500
-9.3800
203
291
323
212
829
-0.3660
-0.8755
-0.2201
3.1500
-3.2900
-7.6300
203
291
323
213
833
-0.3601
-0.9048
-0.2362
4.4100
-11.4800
-30.9400
202
290
322
213
836
-0.3045
-0.8789
-0.2342
0.7700
-1.3300
-3.9200
202
291
323
214
832
-0.3231
-0.8984
-0.2342
5.2500
-4.6900
-2.7300
203
291
323
214
831
-0.3323
-0.9130
-0.2225
1.6800
-4.5500
-2.8000
203
292
324
215
827
-0.3401
-0.9135
-0.2147
2.6600
-2.8000
-2.9400
203
292
325
215
827
-0.3143
-0.9038
-0.2279
1.6100
-3.9900
-3.0800
204
293
326
216
825
-0.3235
-0.9013
-0.2216
0.3500
-0.6300
-3.8500
204
294
327
217
825
-0.3240
-0.9116
-0.2250
2.1000
-0.8400
-2.3100
204
294
328
217
822
-0.3128
-0.8950
-0.2225
2.4500
-3.2200
-1.3300
205
295
329
218
826
-0.3294
-0.9008
-0.2313
4.4100
-3.1500
-2.4500
205
296
329
218
827
-0.3260
-0.9023
-0.2381
4.6200
-3.3600
-3.0800
205
296
330
219
827
-0.3338
-0.8882
-0.2191
3.0100
-3.4300
-1.9600
205
296
330
219
827
-0.3284
-0.9013
-0.2328
2.4500
-4.5500
-2.3800
206
297
331
219
825
-0.3318
-0.9008
-0.2245
1.4000
-4.6900
-2.8000
206
297
331
220
824
-0.3279
-0.9096
-0.2235
2.1000
-4.5500
-1.7500
206
298
332
220
824
-0.3387
-0.8955
-0.2264
1.3300
-4.3400
-3.2200
207
298
333
220
822
-0.3240
-0.8994
-0.2289
1.4700
-4.3400
-2.3100
207
298
333
221
817
-0.3309
-0.8989
-0.2411
0.7700
-4.3400
-2.7300
207
299
333
221
818
-0.3260
-0.9111
-0.2308
1.7500
-4.6200
-2.6600
208
299
334
221
815
-0.3299
-0.9033
-0.2259
0.9100
-3.6400
-2.6600
208
299
334
222
816
-0.3343
-0.9018
-0.2333
3.6400
-3.8500
-3.6400
208
299
335
222
815
-0.3192
-0.8906
-0.2342
3.2200
-4.5500
-0.7000
208
300
335
222
814
-0.3357
-0.9126
-0.2367
1.4700
-3.6400
-3.4300
208
300
336
222
811
-0.3426
-0.9023
-0.2386
3.3600
-3.2900
-3.3600
209
300
336
222
811
-0.3314
-0.8994
-0.2362
2.5200
-3.7800
-2.4500
209
301
336
223
811
-0.3274
-0.9072
-0.2259
2.8000
-3.9900
-1.8200
209
301
336
223
810
-0.3362
-0.9018
-0.2284
0.9800
-3.5700
-3.9200
209
301
337
223
809
-0.3343
-0.9028
-0.2235
0.7000
-2.7300
-2.5900
210
302
337
224
805
-0.3318
-0.8945
-0.2294
-0.7000
-2.6600
-0.4900
210
303
338
224
800
-0.3392
-0.8955
-0.2308
0.8400
-2.2400
-2.6600
211
304
340
225
794
-0.3328
-0.9008
-0.2240
0.2100
-1.1900
-2.4500
212
305
341
226
790
-0.3309
-0.8960
-0.2323
2.0300
-2.7300
-2.8700
212
307
342
226
786
-0.3367
-0.9018
-0.2352
0.0000
-3.2900
-1.8900
213
308
344
227
782
-0.3387
-0.8926
-0.2328
3.2900
-4.2700
-0.4900
215
310
348
228
781
-0.3396
-0.9013
-0.2391
5.0400
-0.4900
3.4300
219
315
354
230
796
-0.3450
-0.8945
-0.2538
11.4100
-0.6300
3.7800
225
322
362
231
803
-0.3680
-0.8935
-0.2250
2.3800
-0.2800
2.2400
233
331
371
236
823
-0.3792
-0.8833
-0.2196
3.8500
0.4200
-4.9700
242
345
385
247
809
-0.3460
-0.9111
-0.2469
4.9000
2.2400
-3.2200
256
366
411
278
766
-0.3626
-0.8672
-0.2533
-0.1400
0.8400
-1.3300
269
383
434
304
742
-0.3353
-0.8696
-0.2469
7.3500
-0.4900
-2.6600
284
401
454
330
702
-0.3689
-0.8843
-0.2220
17.2200
9.4500
-3.5700
327
417
470
352
631
-0.3465
-0.8886
-0.2181
22.0500
1.5400
-6.1600
343
430
478
366
612
-0.3309
-0.9248
-0.1649
19.0400
0.5600
-8.1900
356
439
485
380
583
-0.3460
-0.8852
-0.1488
24.9200
3.0100
-12.5300
372
449
494
395
546
-0.3074
-0.9365
-0.1215
17.2200
2.1700
-10.9200
379
457
500
411
525
-0.3074
-0.9204
-0.1010
15.9600
-0.6300
-7.7000
384
462
504
425
510
-0.3060
-0.9238
-0.0908
12.1800
1.1200
-5.4600
390
468
509
434
495
-0.2850
-0.9106
-0.0678
13.7200
4.9700
-3.9200
393
473
512
443
482
-0.2962
-0.9311
-0.0566
5.6700
3.7800
-7.6300
397
478
516
450
470
-0.2830
-0.9272
-0.0795
13.8600
-0.1400
-5.5300
401
483
519
455
462
-0.2616
-0.9697
-0.0268
4.4100
-0.2800
-3.9900
404
485
520
458
455
-0.2826
-0.9492
-0.0586
8.2600
-2.1700
-3.0100
407
487
521
459
452
-0.2679
-0.9604
-0.0415
7.2100
-3.6400
-4.8300
409
488
521
460
450
-0.2713
-0.9457
-0.0439
1.8900
-1.1200
-4.6200
409
489
521
460
450
-0.2650
-0.9389
-0.0390
6.3000
-0.5600
-2.9400
409
489
522
460
450
-0.2704
-0.9511
-0.0327
-1.0500
-0.2800
-5.8100
409
488
521
459
451
-0.2523
-0.9501
-0.0151
4.9000
-1.8900
-3.9900
408
488
521
458
451
-0.2445
-0.9506
-0.0493
4.6900
-5.0400
-1.0500
408
488
521
458
451
-0.2796
-0.9511
-0.0317
3.3600
-4.2700
-1.2600
407
488
521
457
453
-0.2650
-0.9579
-0.0244
2.8000
-1.1200
-3.0800
407
487
521
457
454
-0.2645
-0.9618
-0.0273
-0.6300
-2.2400
-5.7400
406
487
521
456
455
-0.2586
-0.9360
-0.0429
-2.7300
-1.8200
-0.0700
406
487
521
455
457
-0.2621
-0.9516
-0.0561
-5.3900
-5.3900
0.6300
402
486
521
454
464
-0.2811
-0.9360
-0.0952
0.3500
-1.1900
-1.3300
398
486
521
450
473
-0.2884
-0.9682
-0.0200
13.7900
-7.0700
-5.5300
396
486
522
447
477
-0.2464
-0.9501
-0.0190
0.4900
-8.4000
2.5900
393
486
522
445
482
-0.2908
-0.9501
-0.0405
4.1300
-4.6900
-3.0800
392
485
522
441
492
-0.2542
-0.9706
-0.0259
3.2200
-6.3700
-0.5600
388
485
522
436
495
-0.2694
-0.9560
-0.0098
10.2200
-10.2900
-5.2500
380
483
522
432
502
-0.2586
-0.9555
0.0176
-4.6200
-4.7600
-0.5600
376
483
522
426
518
-0.2669
-0.9877
0.0137
-7.7000
-13.3700
-3.0100
365
478
520
421
541
-0.2913
-0.9809
-0.0317
15.1900
-14.3500
-7.7000
361
473
519
425
554
-0.2650
-0.9794
0.0156
16.8000
-6.4400
5.1100
359
472
519
426
575
-0.2503
-0.9677
0.0210
2.3100
-8.5400
2.1700
354
469
518
424
591
-0.2538
-0.9350
0.0332
4.1300
-5.4600
0.5600
356
470
518
411
609
-0.2860
-0.9316
0.1264
3.0800
25.0600
19.1100
361
470
515
395
631
-0.2982
-0.9360
0.0205
1.4700
-6.4400
-2.3100
360
470
516
381
652
-0.3109
-0.9272
0.0034
-6.0200
-5.4600
6.2300
352
470
517
359
653
-0.3284
-0.9867
-0.0220
-8.3300
-6.2300
-1.1900
344
470
515
342
693
-0.3518
-0.9350
-0.0327
1.6800
1.1900
0.0000
332
474
513
327
726
-0.3143
-0.9130
-0.0371
4.2700
-7.6300
3.5700
317
478
505
315
741
-0.3070
-0.8901
0.0054
-18.6900
-9.9400
6.7900
304
470
483
296
799
-0.3855
-0.9355
-0.0205
-25.7600
-8.3300
0.2100
289
438
460
275
862
-0.3704
-0.9389
-0.0869
-16.8000
-5.5300
1.6100
283
405
447
263
899
-0.3528
-0.9018
-0.1044
-14.5600
-3.9200
-4.7600
283
378
442
261
906
-0.3631
-0.9252
-0.1210
-7.2100
-12.1800
-5.6700
281
357
430
259
908
-0.3221
-0.9257
-0.1308
-9.0300
-20.3000
0.1400
277
348
423
256
906
-0.3509
-0.9389
-0.1527
-16.3800
-16.0300
-3.9200
270
339
407
250
915
-0.3645
-0.9296
-0.2113
-11.1300
-5.3200
-3.9200
264
330
378
240
937
-0.3606
-0.9018
-0.2025
-10.7100
-3.8500
-4.4800
261
322
357
232
937
-0.3577
-0.8979
-0.2264
-8.0500
-6.5800
-6.1600
255
315
344
225
939
-0.3680
-0.9292
-0.2596
-13.7200
-2.1000
-7.4200
251
311
338
223
954
-0.3245
-0.8652
-0.2577
-8.8900
0.0700
-7.0000
249
308
336
224
967
-0.3221
-0.8725
-0.2489
-4.9700
2.1000
-13.5100
248
305
334
224
972
-0.3070
-0.8525
-0.2372
-5.0400
-0.5600
-6.1600
247
303
334
224
971
-0.3133
-0.8345
-0.2782
0.4200
-0.9800
-8.6800
247
304
334
225
974
-0.2835
-0.8896
-0.2987
4.9700
-3.2200
-3.3600
247
305
335
225
973
-0.2938
-0.9165
-0.2987
2.6600
-2.0300
-5.3200
248
306
336
226
971
-0.2845
-0.9155
-0.2879
2.5900
0.9100
-3.8500
247
306
337
227
966
-0.2757
-0.9008
-0.3045
2.1700
-0.9800
-4.8300
248
307
338
228
956
-0.2718
-0.8886
-0.2923
3.7100
-2.6600
-4.6200
248
308
339
228
953
-0.2650
-0.9062
-0.3006
2.7300
-3.3600
-2.1700
247
308
340
229
952
-0.2557
-0.9043
-0.3094
1.6800
-3.1500
-4.5500
247
309
340
230
949
-0.2552
-0.8896
-0.3118
4.8300
-4.4800
-2.2400
247
309
341
230
947
-0.2591
-0.9243
-0.2928
5.1100
-4.2000
-2.4500
248
310
342
231
941
-0.2723
-0.9130
-0.2977
1.9600
-3.7100
-4.1300
248
310
342
231
939
-0.2630
-0.8999
-0.2918
4.4800
-4.2000
-3.7100
248
311
343
232
941
-0.2582
-0.9160
-0.2733
5.8100
-5.1100
-3.6400
248
311
343
232
941
-0.2572
-0.9228
-0.2786
2.8000
-4.9700
-3.5000
248
311
343
232
940
-0.2635
-0.9106
-0.2840
3.4300
-4.8300
-3.5700
249
312
344
233
937
-0.2630
-0.9267
-0.2728
2.5900
-4.7600
-3.0800
249
312
344
233
934
-0.2679
-0.8999
-0.2865
3.5000
-5.0400
-3.5700
249
313
344
234
937
-0.2704
-0.9150
-0.2655
3.3600
-4.9000
-1.8200
249
313
344
234
935
-0.2650
-0.9277
-0.2625
0.5600
-3.0800
-3.6400
249
313
345
234
933
-0.2616
-0.9140
-0.2743
2.1000
-3.3600
-3.9200
249
313
345
235
934
-0.2704
-0.9204
-0.2606
2.9400
-3.1500
-3.5700
250
312
343
235
936
-0.2542
-0.9243
-0.2738
2.5900
-4.3400
-2.7300
250
312
344
235
934
-0.2660
-0.9223
-0.2684
2.4500
-3.9200
-3.3600
250
313
344
235
932
-0.2611
-0.9174
-0.2669
3.1500
-4.9000
-3.5000
250
313
344
235
932
-0.2586
-0.9155
-0.2567
2.1000
-4.2700
-3.5700
250
312
343
235
939
-0.2557
-0.9130
-0.2542
4.4800
-5.8800
-2.9400
251
310
341
235
940
-0.2596
-0.9233
-0.2621
2.8000
-5.5300
-2.5900
251
311
341
235
937
-0.2640
-0.9257
-0.2660
2.1700
-2.8700
-3.9200
251
311
341
235
936
-0.2528
-0.9179
-0.2425
0.7000
-4.9000
-1.6800
251
311
341
235
934
-0.2611
-0.9126
-0.2508
-7.3500
-4.9000
4.9700
250
315
345
236
917
-0.2762
-0.9101
-0.2743
-0.3500
-2.2400
0.4200
251
322
351
239
897
-0.2796
-0.9082
-0.2904
3.6400
-1.4700
0.2100
255
329
361
245
892
-0.2733
-0.9121
-0.2943
6.9300
-1.8200
-6.0200
262
340
378
258
864
-0.2845
-0.9155
-0.2718
0.0700
-2.2400
-5.6000
274
361
400
282
832
-0.2508
-0.9008
-0.2679
-6.7200
6.0200
-3.2200
284
381
418
304
799
-0.2738
-0.8760
-0.2918
10.6400
-3.5000
-2.3800
302
396
435
325
741
-0.2611
-0.8999
-0.2733
3.5000
-3.5700
-3.9200
308
406
448
339
721
-0.2723
-0.9067
-0.2640
13.3000
-5.3200
-8.1900
345
418
461
355
624
-0.2542
-0.9145
-0.2235
4.3400
-9.5900
-8.4000
360
426
476
367
586
-0.2406
-0.9414
-0.2489
4.4100
-2.5900
-7.7000
384
440
491
381
549
-0.2440
-0.9209
-0.2386
12.8800
2.5200
-5.3200
398
454
503
400
520
-0.2577
-0.9018
-0.2040
18.9000
1.4000
-3.6400
407
465
511
424
507
-0.2411
-0.9433
-0.1825
13.8600
-0.5600
-0.1400
412
473
515
437
493
-0.2323
-0.9648
-0.1830
9.5200
-1.1900
-0.2800
415
478
518
445
482
-0.2508
-0.9609
-0.1659
4.6200
-2.6600
-2.8700
415
478
518
446
484
-0.2420
-0.9462
-0.1786
1.6100
-4.6900
-0.4200
414
477
518
445
482
-0.2557
-0.9467
-0.1747
3.2200
-4.0600
-1.5400
414
476
518
444
485
-0.2645
-0.9370
-0.1625
6.0900
-3.9200
-3.9200
413
476
517
443
486
-0.2533
-0.9614
-0.1606
0.7000
-3.5000
-4.7600
413
476
517
443
484
-0.2533
-0.9389
-0.1713
-0.0700
-3.3600
-2.3800
413
476
517
442
487
-0.2494
-0.9438
-0.1708
4.6200
-3.2900
-2.8000
413
476
517
442
486
-0.2460
-0.9438
-0.1679
6.1600
-2.8000
-3.0100
412
475
517
440
489
-0.2460
-0.9604
-0.1664
0.5600
-2.9400
-4.7600
412
475
517
439
490
-0.2372
-0.9389
-0.1552
2.2400
-4.1300
-2.5900
412
475
516
439
491
-0.2489
-0.9536
-0.1635
2.9400
-3.5700
-3.1500
412
476
516
438
492
-0.2494
-0.9584
-0.1747
3.2900
-2.8000
-3.6400
412
476
516
438
490
-0.2411
-0.9428
-0.1669
1.4700
-3.5000
-3.0100
413
476
516
437
493
-0.2386
-0.9428
-0.1566
2.0300
-3.7800
-2.5900
413
476
516
437
494
-0.2420
-0.9433
-0.1659
1.3300
-3.7800
-2.8700
413
476
516
436
494
-0.2547
-0.9448
-0.1679
0.8400
-1.0500
-3.9900
413
476
516
436
495
-0.2347
-0.9604
-0.1659
2.1700
-4.1300
-3.8500
412
477
516
436
493
-0.2386
-0.9570
-0.1732
3.3600
-5.4600
-3.7800
412
478
516
436
495
-0.2518
-0.9516
-0.1625
1.6800
-3.8500
-3.7800
412
478
516
436
495
-0.2352
-0.9443
-0.1654
2.3100
-4.6200
-2.9400
412
478
516
435
497
-0.2460
-0.9545
-0.1776
-5.1100
-5.4600
-1.4000
409
473
509
426
502
-0.2430
-0.9389
-0.1693
6.6500
-6.1600
-1.9600
405
473
507
421
517
-0.2557
-0.9589
-0.1747
2.5900
-3.1500
-0.7000
405
475
508
420
539
-0.2469
-0.9453
-0.1659
-0.4900
-10.8500
-6.7900
404
476
508
416
556
-0.2381
-0.9765
-0.1825
-5.5300
-13.3700
-5.5300
399
476
507
407
574
-0.2435
-0.9536
-0.1825
1.7500
-8.4000
-8.1200
395
479
507
400
592
-0.2255
-0.9692
-0.1552
5.8800
-6.3700
-5.0400
385
480
508
394
606
-0.2352
-0.9506
-0.1918
9.8000
-4.8300
-0.4900
376
480
509
389
609
-0.2381
-0.9911
-0.1362
-1.1900
-5.9500
3.9900
372
481
509
379
616
-0.2396
-0.9638
-0.1225
11.0600
7.9800
12.7400
367
483
509
369
650
-0.3011
-0.9384
-0.1132
54.6700
8.2600
0.3500
370
484
508
352
661
-0.2752
-0.9282
-0.0322
8.7500
-1.1200
0.4200
391
481
506
344
670
-0.2977
-0.9433
-0.0566
-9.1700
-8.4700
-2.8700
392
478
502
331
689
-0.2830
-0.9048
-0.0483
-13.4400
-17.2200
-1.2600
387
472
492
310
689
-0.2850
-0.9257
-0.0815
-17.0800
-13.9300
3.3600
376
451
474
290
703
-0.2943
-0.9111
-0.1108
-14.2800
-15.4700
-4.2700
366
424
457
272
739
-0.3216
-0.9501
-0.1484
-16.2400
-14.0000
-1.5400
350
390
433
251
812
-0.3206
-0.9262
-0.1537
-3.9200
-8.7500
-1.9600
336
363
408
241
849
-0.3026
-0.9184
-0.1557
-7.0000
-8.9600
-0.0700
321
347
393
236
874
-0.3011
-0.9130
-0.1718
-8.8900
-8.6100
-4.6200
304
327
367
229
894
-0.3187
-0.9257
-0.1835
-6.7900
-5.1800
-2.1000
288
313
342
225
911
-0.2923
-0.9204
-0.1767
-1.8900
-7.1400
-1.8900
276
308
333
224
916
-0.3050
-0.9135
-0.2103
0.2100
-6.0900
-2.5200
266
303
330
224
919
-0.3250
-0.9087
-0.1708
3.7100
-5.5300
-4.2000
260
301
328
224
921
-0.3187
-0.9277
-0.1928
0.7700
-3.7800
-5.2500
257
301
328
225
923
-0.2933
-0.9140
-0.1810
1.6100
-8.0500
0.0700
255
301
328
226
924
-0.3265
-0.9057
-0.1757
2.2400
-3.7100
-2.9400
254
301
329
226
921
-0.3030
-0.9389
-0.1659
-2.8000
-2.1700
-1.1900
253
302
330
227
922
-0.3104
-0.8862
-0.1928
-0.4200
-3.9200
-2.9400
252
302
330
228
921
-0.3099
-0.9311
-0.1762
-0.9800
-3.0100
-3.4300
253
304
332
229
917
-0.3152
-0.9087
-0.1908
1.3300
-4.1300
-1.5400
253
305
333
229
910
-0.3128
-0.9145
-0.1947
-0.4200
-3.2900
-2.3100
254
305
334
229
907
-0.3128
-0.9033
-0.1884
0.6300
-7.1400
-0.7700
254
307
335
230
904
-0.3152
-0.9121
-0.2054
2.1000
-4.9700
0.7000
255
308
336
231
900
-0.3284
-0.9311
-0.1806
0.4200
-3.5000
-3.2200
256
309
337
232
900
-0.3187
-0.9082
-0.1986
-1.0500
-3.3600
-3.0100
256
309
338
232
898
-0.3309
-0.9165
-0.1957
-0.3500
-2.1000
-4.2000
257
310
338
232
893
-0.3192
-0.9062
-0.2079
0.3500
-2.3100
-3.0100
257
310
338
232
894
-0.3123
-0.9106
-0.2079
1.8900
-4.2700
-2.9400
257
310
339
233
892
-0.3274
-0.9087
-0.2084
2.4500
-4.8300
-3.7100
257
311
339
233
889
-0.3260
-0.9160
-0.2113
1.3300
-2.1000
-3.1500
257
311
340
233
889
-0.3157
-0.9052
-0.2201
2.5200
-3.7100
-2.9400
257
311
340
234
887
-0.3250
-0.9155
-0.2074
2.7300
-5.1800
-3.7800
258
312
341
234
884
-0.3240
-0.9204
-0.2133
0.9800
-2.8000
-5.1800
258
312
341
234
883
-0.3148
-0.9121
-0.2084
3.0800
-4.9700
-2.4500
258
312
342
235
881
-0.3231
-0.9179
-0.1947
0.8400
-4.4800
-3.9900
258
313
342
235
882
-0.3279
-0.9170
-0.2098
0.3500
-3.8500
-3.7100
259
313
342
236
881
-0.3074
-0.9155
-0.2074
-0.1400
-3.5000
-3.5700
259
314
343
236
878
-0.3167
-0.9116
-0.2050
1.1200
-3.0100
-3.5700
259
314
343
236
879
-0.3128
-0.9130
-0.2133
0.9800
-4.4100
-3.7100
259
314
343
236
879
-0.3113
-0.9121
-0.2152
0.9800
-3.9200
-3.6400
259
314
343
237
876
-0.3216
-0.9101
-0.2133
1.7500
-3.4300
-3.4300
259
314
343
236
877
-0.3172
-0.9087
-0.2084
0.2800
-3.2900
-4.9700
260
315
344
237
875
-0.3055
-0.9057
-0.2313
1.8200
-3.5700
-1.7500
260
315
344
237
877
-0.3113
-0.9043
-0.2225
3.6400
-3.4300
-3.2900
260
315
344
237
877
-0.3177
-0.9116
-0.2137
3.2200
-3.6400
-3.7800
260
315
344
238
876
-0.2982
-0.9218
-0.1991
10.1500
-7.4900
-3.7100
260
315
344
238
882
-0.3245
-0.9384
-0.1864
0.2100
-3.7100
-1.2600
259
315
344
238
882
-0.3260
-0.9140
-0.2025
2.1700
-0.0700
-2.9400
260
315
344
238
877
-0.3152
-0.9150
-0.2054
-4.0600
-0.6300
-1.7500
259
316
345
238
876
-0.3221
-0.9101
-0.2152
0.6300
4.2700
-1.1900
261
320
351
240
874
-0.3123
-0.9155
-0.2323
3.0800
-1.4000
-6.5800
264
325
359
243
883
-0.3016
-0.9409
-0.1376
-13.5800
8.1900
-2.1000
275
337
373
256
859
-0.3279
-0.8926
-0.2728
0.6300
4.3400
-7.9800
290
351
401
280
815
-0.2796
-0.9228
-0.2689
8.2600
-4.4800
-6.1600
305
367
422
303
779
-0.2957
-0.9384
-0.2523
7.2800
-0.2100
-5.4600
316
381
434
321
756
-0.2991
-0.9033
-0.2406
12.8800
1.8900
-10.0800
322
391
445
335
741
-0.2704
-0.9204
-0.2001
7.8400
-3.3600
-7.9100
331
402
453
346
727
-0.2547
-0.9326
-0.2216
4.9000
-1.4700
-7.2800
339
408
458
353
662
-0.2137
-0.9506
-0.1928
11.8300
-0.8400
-8.6800
355
415
468
366
598
-0.2425
-0.9345
-0.2152
6.8600
5.9500
-8.4700
373
430
483
381
569
-0.2318
-0.9457
-0.2001
10.5000
-17.5000
-4.4100
391
444
495
400
539
-0.2450
-0.9682
-0.1854
9.1000
6.0900
-0.4200
400
456
506
416
516
-0.2269
-0.9604
-0.1688
3.7800
1.1900
3.1500
404
466
512
430
506
-0.2552
-0.9526
-0.1513
3.0800
-5.1800
-0.3500
407
474
517
440
499
-0.2523
-0.9316
-0.1518
-0.2100
-3.8500
0.7700
409
479
519
448
492
-0.2494
-0.9409
-0.1869
7.0000
-3.7800
-1.7500
410
481
521
450
493
-0.2640
-0.9550
-0.1669
6.4400
-4.6900
-4.9000
411
481
521
450
494
-0.2494
-0.9536
-0.1552
2.7300
-4.4800
-2.9400
411
480
521
450
496
-0.2508
-0.9404
-0.1557
2.2400
-4.3400
-4.8300
411
480
520
450
496
-0.2494
-0.9521
-0.1435
2.4500
-0.7000
-3.5700
411
480
520
450
494
-0.2416
-0.9457
-0.1469
3.9900
-4.3400
-3.0100
411
479
520
449
497
-0.2533
-0.9521
-0.1469
5.3200
-3.5000
-4.1300
411
479
520
449
495
-0.2523
-0.9370
-0.1420
3.8500
-3.8500
-3.5700
411
478
520
448
499
-0.2420
-0.9531
-0.1405
2.3100
-3.4300
-2.8000
411
478
520
448
499
-0.2469
-0.9360
-0.1425
2.3100
-4.1300
-2.5200
412
478
519
448
497
-0.2435
-0.9448
-0.1313
-3.9900
-4.8300
-3.8500
412
478
519
448
501
-0.2445
-0.9457
-0.1464
0.0700
-4.1300
-3.6400
413
478
519
448
501
-0.2430
-0.9492
-0.1503
0.4200
-2.8700
-2.5900
413
477
519
448
499
-0.2386
-0.9428
-0.1484
1.0500
-5.3200
-3.7800
413
477
519
447
504
-0.2489
-0.9428
-0.1586
2.2400
-5.1100
-3.9900
413
477
519
446
505
-0.2445
-0.9506
-0.1562
4.5500
-3.2200
-6.8600
413
478
519
444
507
-0.2338
-0.9638
-0.1776
1.5400
-6.0900
-11.3400
412
481
519
443
510
-0.2084
-0.9448
-0.1401
0.9100
-4.2700
-3.7100
410
482
519
441
513
-0.2074
-0.9594
-0.1566
6.0200
-7.0000
3.9900
409
483
518
432
530
-0.2391
-0.9599
-0.1493
3.3600
-11.5500
3.3600
407
483
517
426
557
-0.2518
-0.9672
-0.1449
-4.6200
-21.6300
-1.5400
403
482
515
416
593
-0.2684
-0.9594
-0.1425
11.4100
-15.9600
0.4900
398
480
512
403
637
-0.2704
-0.9311
-0.1469
27.8600
-0.7000
-1.9600
389
479
510
392
651
-0.2508
-0.9872
-0.0888
21.8400
0.5600
-3.3600
382
480
510
388
658
-0.2377
-0.9423
-0.0581
4.3400
0.9800
1.7500
378
481
510
386
661
-0.2181
-0.9238
-0.0620
2.4500
6.7900
9.0300
391
484
510
378
682
-0.2025
-0.9970
-0.0927
5.1800
-3.5000
-1.5400
384
486
508
365
694
-0.3148
-0.9316
-0.0947
-2.0300
-4.8300
1.3300
379
486
506
352
705
-0.3187
-0.9433
-0.0996
-5.4600
-4.4100
3.0100
376
482
497
335
707
-0.3157
-0.9262
-0.1127
-18.8300
-7.9100
2.1700
372
461
482
312
713
-0.3616
-0.9087
-0.1025
2.8000
-7.3500
-0.2100
362
412
457
292
729
-0.3509
-0.9848
-0.1186
-7.7700
-4.4100
-2.5900
351
380
434
267
758
-0.3411
-0.8926
-0.1615
5.4600
-4.6200
0.7700
339
357
405
246
806
-0.3348
-0.9389
-0.1254
5.0400
-8.4000
1.1900
327
340
379
234
822
-0.3450
-0.9160
-0.1176
1.6100
-6.3700
-3.0100
311
320
355
227
835
-0.3470
-0.9272
-0.1205
2.5200
-4.3400
-2.8700
297
308
338
225
846
-0.3572
-0.9296
-0.1288
-0.7700
-2.6600
-3.2200
290
304
334
225
844
-0.3445
-0.9209
-0.1283
-1.1900
-3.3600
-3.2900
287
305
335
227
837
-0.3445
-0.9209
-0.1342
-0.8400
-3.2900
-1.7500
288
307
337
229
834
-0.3392
-0.9233
-0.1440
-1.1200
-5.5300
-2.1000
288
309
339
230
829
-0.3538
-0.9233
-0.1366
-1.8900
-4.6200
-3.4300
289
310
341
231
829
-0.3421
-0.9057
-0.1327
2.0300
-4.6200
-2.9400
289
311
342
232
826
-0.3436
-0.9091
-0.1401
-3.2200
-3.5700
-2.8700
289
312
343
233
827
-0.3587
-0.9145
-0.1562
-3.7100
-1.4700
-4.6900
289
312
344
233
826
-0.3338
-0.9252
-0.1566
-2.8000
-2.6600
-3.3600
283
310
341
233
836
-0.3499
-0.8965
-0.1918
-3.6400
-2.6600
-2.8700
278
307
337
233
833
-0.3348
-0.9135
-0.1562
-1.0500
-3.6400
-3.1500
276
307
337
234
834
-0.3304
-0.9077
-0.1767
-1.1900
-2.0300
-4.6900
274
307
337
234
833
-0.3187
-0.9199
-0.1923
-2.5200
-2.4500
-2.1700
274
307
338
234
830
-0.3070
-0.8896
-0.1918
2.9400
-7.4900
-1.3300
275
308
339
235
830
-0.3606
-0.9023
-0.1942
6.7200
-3.7800
-1.4700
274
308
339
235
831
-0.3528
-0.9101
-0.1806
1.4700
-0.2800
-4.9700
274
308
340
236
829
-0.3240
-0.9331
-0.1928
-2.4500
-0.2100
-5.0400
274
308
340
236
830
-0.3084
-0.8882
-0.2040
2.5200
-3.0100
-3.9200
275
308
341
236
827
-0.3152
-0.9213
-0.1845
4.8300
-6.7900
-1.4700
275
309
341
237
829
-0.3367
-0.8950
-0.1942
3.2900
-4.3400
-2.3100
275
309
342
237
826
-0.3289
-0.9130
-0.1820
0.9800
-4.3400
-4.2000
276
310
342
237
828
-0.3231
-0.8999
-0.1845
4.7600
-5.9500
-3.3600
276
310
343
238
825
-0.3343
-0.9082
-0.1972
7.9100
-5.8800
-2.1700
277
311
343
239
825
-0.3382
-0.9272
-0.1864
3.6400
-2.1700
-3.2200
277
312
344
239
823
-0.3172
-0.9550
-0.1362
-0.3500
-4.4800
-3.6400
277
312
345
239
824
-0.3255
-0.8979
-0.1864
-1.0500
-6.5800
-3.0100
278
312
345
240
820
-0.3440
-0.9160
-0.1786
2.4500
-4.0600
-3.9200
278
312
345
240
822
-0.3314
-0.9140
-0.1845
-0.9100
-0.9100
-3.0800
278
313
345
240
821
-0.3157
-0.9101
-0.1820
0.9800
-4.6200
-3.5000
278
313
345
240
820
-0.3216
-0.9155
-0.1850
-0.0700
-4.8300
-3.3600
278
313
346
240
820
-0.3250
-0.9072
-0.1801
0.6300
-4.6200
-3.8500
278
313
346
240
819
-0.3177
-0.9204
-0.1879
-0.4900
-4.4100
-3.7100
279
313
346
240
819
-0.3235
-0.9057
-0.1981
0.3500
-3.8500
-3.0800
279
313
346
240
819
-0.3167
-0.9096
-0.1908
0.5600
-4.2000
-4.0600
279
313
346
241
819
-0.3284
-0.9096
-0.1967
2.0300
-4.6200
-3.5700
279
313
346
241
820
-0.3250
-0.9165
-0.2084
2.2400
-4.5500
-3.5700
278
313
346
241
823
-0.3192
-0.9145
-0.1889
0.1400
-4.2700
-1.6800
276
312
346
241
823
-0.3177
-0.9170
-0.1932
-0.0700
-3.8500
-3.6400
275
311
345
241
828
-0.3196
-0.9160
-0.2059
2.1000
-3.9900
-3.3600
273
311
345
241
827
-0.3177
-0.9111
-0.1996
2.3100
-4.8300
-5.6700
270
307
342
241
835
-0.3157
-0.9096
-0.1976
2.3100
-4.2000
-5.0400
269
305
341
241
831
-0.3182
-0.9130
-0.1986
-2.2400
-3.9200
-2.4500
271
307
342
241
824
-0.3074
-0.9184
-0.2259
-3.1500
-0.9800
-1.9600
275
313
346
242
807
-0.3196
-0.9194
-0.2118
-0.8400
-2.3800
-4.1300
283
321
353
246
819
-0.3040
-0.9091
-0.2313
0.0000
-1.9600
-4.9700
296
339
368
259
793
-0.2913
-0.9223
-0.2338
0.4200
-0.5600
-2.6600
311
367
405
292
759
-0.3079
-0.9262
-0.2255
2.5900
-2.7300
-5.3900
321
386
430
319
746
-0.3001
-0.9223
-0.2342
0.1400
-3.8500
-6.5800
330
398
444
335
740
-0.2850
-0.9487
-0.2294
8.6100
-17.3600
-10.1500
341
410
455
348
725
-0.2913
-0.9252
-0.2298
7.4900
-0.3500
-15.0500
360
419
465
360
619
-0.2611
-0.9067
-0.1835
6.2300
2.6600
-6.9300
381
429
476
376
593
-0.2542
-0.9360
-0.2181
6.7200
4.6900
-6.6500
394
439
487
391
572
-0.2391
-0.9492
-0.2015
5.3900
-0.6300
-3.9200
401
450
498
405
550
-0.2508
-0.9467
-0.2059
7.3500
1.3300
0.0000
406
458
507
423
535
-0.2562
-0.9633
-0.1781
-0.2100
-3.0800
0.6300
409
467
513
438
520
-0.2508
-0.9306
-0.1835
1.4000
-2.8700
-1.2600
411
473
516
445
510
-0.2518
-0.9384
-0.1874
6.2300
0.5600
-3.9900
414
478
518
448
506
-0.2552
-0.9472
-0.1645
3.5000
-1.8200
-4.9700
417
482
521
450
503
-0.2523
-0.9350
-0.1932
2.5900
-2.8000
-3.5000
418
484
522
452
499
-0.2430
-0.9365
-0.2035
6.0200
-2.6600
0.9800
419
484
522
453
502
-0.2611
-0.9575
-0.1835
6.0200
-3.1500
-3.0800
419
484
522
453
499
-0.2533
-0.9433
-0.1801
4.6900
-3.8500
-2.5900
419
483
522
452
502
-0.2518
-0.9433
-0.1762
5.6700
-5.0400
-3.8500
419
483
522
452
502
-0.2596
-0.9365
-0.1610
2.5200
-4.4800
-2.3100
418
482
522
451
500
-0.2606
-0.9487
-0.1640
0.2800
-2.6600
-2.4500
418
482
522
451
503
-0.2621
-0.9301
-0.1703
0.7700
-3.9900
-2.1000
418
482
521
451
504
-0.2572
-0.9335
-0.1684
1.3300
-2.8000
-1.4000
418
482
521
451
508
-0.2664
-0.9394
-0.1762
2.3100
-1.4700
-2.8700
417
481
521
450
509
-0.2552
-0.9433
-0.1693
1.1900
-3.7800
-2.4500
417
481
520
450
508
-0.2557
-0.9331
-0.1728
4.2700
-4.0600
-2.2400
417
481
520
449
515
-0.2645
-0.9531
-0.1786
1.6800
-3.7800
-2.9400
417
480
520
448
525
-0.2689
-0.9443
-0.1693
-4.6900
-10.2200
-5.5300
414
478
519
444
533
-0.2674
-0.9277
-0.1810
0.2800
-6.9300
-1.7500
412
477
518
441
539
-0.2674
-0.9418
-0.1752
2.2400
-5.6000
-0.2100
411
477
518
440
546
-0.2621
-0.9355
-0.1762
4.0600
-3.9900
-1.6100
410
476
517
439
549
-0.2708
-0.9428
-0.1923
2.1000
-3.1500
-2.0300
410
476
517
437
546
-0.2616
-0.9384
-0.1859
2.5900
-6.2300
0.5600
411
476
517
434
546
-0.2806
-0.9301
-0.1708
-0.2800
-7.9800
-2.3800
412
476
515
428
549
-0.2694
-0.9404
-0.1825
-8.5400
-13.5100
0.5600
409
473
512
413
566
-0.2708
-0.9575
-0.2240
-7.2800
-15.4000
3.2900
402
470
507
371
582
-0.2948
-0.9453
-0.2142
-4.7600
-8.4700
-5.5300
395
465
504
358
598
-0.2933
-0.9292
-0.2484
6.3000
-6.0200
-11.3400
388
458
502
347
593
-0.2625
-0.9687
-0.1972
9.5900
-5.9500
-3.2900
383
455
503
342
596
-0.2884
-0.8979
-0.2240
2.8700
1.3300
7.7700
375
459
503
337
626
-0.3026
-0.9306
-0.2142
7.2100
1.3300
1.3300
364
459
502
330
661
-0.3118
-0.9145
-0.2089
-1.2600
-8.3300
-1.1200
351
445
500
323
668
-0.3079
-0.9457
-0.2323
-7.9800
-8.7500
-9.0300
331
418
496
316
667
-0.3450
-0.8818
-0.2152
-9.3100
-6.4400
-1.1900
308
399
484
304
671
-0.3006
-0.8882
-0.2367
-6.2300
-6.7200
8.6100
270
367
464
285
695
-0.3377
-0.8847
-0.2523
-6.0900
-10.5000
2.0300
258
347
439
268
733
-0.3514
-0.8818
-0.2586
-2.7300
-11.8300
-4.2700
244
329
406
253
773
-0.3396
-0.8891
-0.2743
-6.3000
-8.7500
-3.1500
233
315
371
239
779
-0.3348
-0.8755
-0.2708
-2.2400
-7.0700
-3.2200
225
307
346
233
771
-0.3426
-0.8882
-0.2879
-0.0700
-7.0000
-5.9500
221
303
335
229
767
-0.3484
-0.8833
-0.2728
-0.0700
0.2100
-2.8000
216
300
330
229
766
-0.3460
-0.8799
-0.2826
3.0800
-6.9300
-3.3600
213
297
327
229
767
-0.3528
-0.8721
-0.2689
-0.2100
-5.6700
-3.7800
211
294
324
230
769
-0.3489
-0.8594
-0.2650
-1.6100
-2.6600
-3.8500
210
291
321
230
773
-0.3362
-0.8911
-0.2850
2.4500
-5.1800
-3.2900
210
291
320
231
773
-0.3323
-0.8862
-0.2821
2.3100
-4.6900
-2.7300
210
291
321
232
773
-0.3309
-0.8877
-0.2762
-1.0500
-4.2700
-2.4500
211
292
322
233
774
-0.3455
-0.8789
-0.2913
-0.6300
-3.6400
-2.5900
211
293
323
233
771
-0.3367
-0.8818
-0.2889
-0.4200
-3.6400
-1.7500
212
294
325
234
769
-0.3406
-0.8813
-0.2801
0.3500
-4.4100
-2.2400
213
295
326
235
768
-0.3436
-0.8789
-0.2889
2.2400
-3.6400
-2.8700
214
297
328
236
766
-0.3436
-0.8750
-0.2816
3.1500
-4.4800
-0.4200
214
297
329
236
766
-0.3504
-0.8735
-0.2791
2.0300
-3.7800
-2.5200
215
298
330
237
766
-0.3440
-0.8789
-0.2821
1.0500
-3.9200
-2.4500
216
299
331
237
764
-0.3494
-0.8667
-0.2904
1.9600
-4.2000
-2.4500
216
300
332
238
764
-0.3440
-0.8838
-0.2801
1.1900
-4.2000
-2.4500
217
301
333
238
763
-0.3504
-0.8769
-0.2723
0.8400
-4.1300
-4.1300
217
301
334
238
762
-0.3499
-0.8730
-0.2879
2.1700
-3.9900
-4.2000
218
302
334
239
761
-0.3396
-0.8716
-0.2967
3.2900
-3.9200
-2.3800
218
302
335
239
761
-0.3528
-0.8896
-0.2821
2.6600
-3.0100
-3.1500
219
303
335
240
761
-0.3411
-0.8877
-0.2806
1.6800
-4.4100
-2.3800
219
303
336
240
760
-0.3509
-0.8657
-0.2830
3.5700
-4.4100
-3.2200
219
303
336
240
760
-0.3494
-0.8828
-0.2904
2.1000
-4.1300
-3.8500
220
303
336
241
760
-0.3431
-0.8823
-0.2850
2.8000
-4.4100
-1.6100
220
304
337
241
760
-0.3416
-0.8945
-0.2786
2.4500
-5.1800
-2.0300
220
304
337
241
759
-0.3640
-0.8779
-0.2904
0.1400
-4.2000
-1.8900
220
304
338
241
759
-0.3523
-0.8828
-0.2733
0.8400
-3.5700
-2.9400
221
305
338
242
758
-0.3465
-0.8750
-0.2791
-0.2800
-3.9900
-2.2400
221
305
339
242
757
-0.3592
-0.8769
-0.2860
0.4200
-3.7800
-2.5200
221
306
339
242
756
-0.3553
-0.8740
-0.2899
0.9100
-3.1500
-5.0400
222
307
342
243
759
-0.3479
-0.8740
-0.2943
0.3500
0.4900
-4.2700
227
313
347
247
798
-0.3260
-0.8774
-0.2889
3.7800
0.9800
-3.8500
240
326
364
260
793
-0.3475
-0.8945
-0.2957
1.7500
-2.3100
-9.5200
263
348
395
289
752
-0.3675
-0.8974
-0.3055
-0.9800
-1.8200
-5.7400
282
372
420
315
725
-0.3201
-0.8867
-0.3167
3.6400
-4.5500
-5.6700
296
387
437
329
711
-0.3270
-0.8872
-0.2962
-0.2100
-5.4600
-5.6000
303
395
447
338
702
-0.3245
-0.8808
-0.3094
4.9700
-4.6900
-10.9900
336
409
459
351
617
-0.3338
-0.9038
-0.2762
13.2300
0.9800
-8.8200
362
421
473
366
566
-0.2879
-0.9292
-0.2845
8.6100
-1.3300
-3.7800
377
436
487
385
536
-0.2869
-0.9057
-0.2782
8.1900
-3.8500
-2.4500
384
447
496
397
527
-0.2938
-0.9121
-0.2552
8.4700
-5.3900
-2.0300
389
452
501
405
520
-0.2952
-0.9106
-0.2533
0.8400
-2.0300
-2.5200
395
456
505
412
512
-0.2962
-0.8930
-0.2786
1.1200
-3.0800
-2.6600
396
457
506
415
511
-0.3070
-0.9072
-0.2450
8.4000
1.0500
-5.3900
399
460
507
420
505
-0.2791
-0.9296
-0.2577
-1.2600
-0.0700
-5.5300
409
473
512
425
504
-0.2708
-0.9067
-0.2684
3.1500
-4.9000
-5.4600
414
481
516
430
499
-0.2821
-0.9062
-0.2513
6.9300
-3.4300
-2.6600
416
483
518
434
494
-0.2879
-0.9189
-0.2625
3.2900
-4.5500
-1.9600
417
484
519
437
494
-0.2884
-0.9116
-0.2582
4.1300
-5.1800
-2.2400
417
486
520
439
493
-0.2899
-0.9267
-0.2406
4.3400
-5.7400
-4.6200
417
489
521
440
493
-0.2933
-0.9043
-0.2435
3.4300
-4.7600
-3.0800
418
491
522
441
492
-0.2894
-0.9111
-0.2425
1.5400
-4.6200
-3.8500
419
492
523
442
489
-0.2821
-0.9155
-0.2313
2.5900
-3.9900
-4.1300
420
492
524
442
490
-0.2918
-0.9165
-0.2606
3.2200
-3.7800
-3.6400
421
492
524
442
490
-0.2826
-0.9150
-0.2460
2.9400
-2.5900
-1.8900
421
492
524
442
490
-0.2806
-0.9170
-0.2294
2.9400
-6.0200
-1.6100
422
492
524
442
490
-0.2840
-0.9262
-0.2381
2.3100
-5.1100
-3.7800
422
492
524
442
488
-0.2957
-0.9062
-0.2318
0.0700
-4.0600
-0.6300
422
492
524
441
491
-0.3011
-0.9150
-0.2411
2.6600
-3.5000
-2.0300
422
492
524
441
489
-0.2908
-0.9101
-0.2240
-0.9800
-3.0100
-2.2400
422
492
524
441
491
-0.2865
-0.9072
-0.2391
1.4700
-2.7300
-2.7300
422
491
524
440
491
-0.2957
-0.9130
-0.2391
3.5000
-1.7500
-2.5200
422
491
524
440
489
-0.2879
-0.9028
-0.2455
1.4000
-4.5500
-2.9400
423
490
524
440
491
-0.2982
-0.9145
-0.2469
2.3100
-4.5500
-3.9200
422
489
524
439
489
-0.2767
-0.9140
-0.2318
0.8400
-4.0600
-4.2000
422
488
524
439
493
-0.2845
-0.9145
-0.2391
2.8000
-4.8300
-3.5700
423
487
524
438
493
-0.2845
-0.9184
-0.2430
1.3300
-4.8300
-3.0800
422
487
524
437
493
-0.2713
-0.9179
-0.2396
-3.9200
-4.9700
-0.4200
421
485
523
435
499
-0.2821
-0.9233
-0.2577
5.0400
-0.2800
2.3100
419
485
523
425
504
-0.3094
-0.9301
-0.2420
6.3700
-0.2800
-7.1400
418
485
523
418
526
-0.3016
-0.9106
-0.2347
2.8000
-3.1500
-4.2700
414
484
523
412
545
-0.2786
-0.9145
-0.2235
6.1600
-2.3800
-8.1200
411
486
524
404
556
-0.2816
-0.9414
-0.2147
9.3800
-1.8900
-4.6900
408
486
524
401
575
-0.2733
-0.9248
-0.2860
11.2700
-7.7700
0.0700
401
484
524
394
592
-0.2928
-0.9365
-0.2450
4.3400
-17.4300
3.5700
397
482
524
388
605
-0.2640
-0.9077
-0.1952
7.3500
1.1900
2.4500
394
482
523
383
634
-0.3016
-0.9292
-0.1728
6.0200
3.8500
-4.4100
394
483
523
376
672
-0.2918
-0.9062
-0.1810
2.4500
3.4300
5.4600
392
483
522
370
679
-0.3079
-0.9126
-0.1928
1.4700
-2.0300
-7.2100
396
483
522
365
673
-0.2889
-0.9199
-0.1576
-8.9600
14.0000
21.0700
380
480
520
350
687
-0.3499
-0.8999
-0.2094
-1.0500
-2.9400
-1.0500
379
479
518
340
687
-0.3011
-0.9360
-0.2308
-10.5000
-4.7600
-2.0300
377
469
508
326
701
-0.2835
-0.9257
-0.2582
-8.4000
-5.1800
-7.4200
372
451
488
311
716
-0.3021
-0.9101
-0.2630
-15.5400
-6.1600
-5.3900
365
416
470
296
738
-0.3123
-0.8921
-0.2894
-21.6300
-9.3100
-9.1000
344
374
442
275
771
-0.2904
-0.8891
-0.3070
-12.3900
-4.4800
-1.7500
322
344
416
257
806
-0.3035
-0.8808
-0.3333
-7.4200
-2.2400
1.4000
294
322
379
242
835
-0.3089
-0.8662
-0.3806
5.6700
6.3000
-3.0100
262
300
345
233
836
-0.3001
-0.8901
-0.3528
20.0900
23.1000
-12.9500
244
291
330
229
837
-0.2684
-0.8862
-0.3201
8.1900
9.3100
-7.2100
238
288
327
230
838
-0.2567
-0.8740
-0.3289
2.9400
6.9300
-1.8200
234
287
325
231
838
-0.2713
-0.8730
-0.3196
3.1500
1.8900
-2.9400
233
286
325
232
843
-0.2533
-0.9018
-0.3035
0.4200
0.2800
-4.7600
232
286
325
233
850
-0.2416
-0.9135
-0.3416
7.8400
3.6400
-7.8400
233
286
326
233
850
-0.2499
-0.9004
-0.3177
2.3100
-0.4200
-5.1800
233
287
327
234
847
-0.2264
-0.9038
-0.3348
2.9400
-5.3900
-2.5900
233
288
328
235
845
-0.2323
-0.9150
-0.2933
5.0400
-6.7200
-4.2000
234
289
329
236
844
-0.2416
-0.9135
-0.3109
3.2900
-5.8100
-2.5900
235
290
330
237
844
-0.2396
-0.8989
-0.2991
5.1100
-3.8500
-3.2900
235
290
331
238
843
-0.2225
-0.9218
-0.2845
2.6600
-4.1300
-1.2600
235
291
332
238
841
-0.2342
-0.9082
-0.3099
1.5400
-2.3800
-2.1700
236
292
332
239
840
-0.2411
-0.9287
-0.3011
2.5900
-0.3500
-5.8800
236
292
333
239
835
-0.2259
-0.9204
-0.2913
4.1300
-3.2900
-4.4100
236
293
334
240
833
-0.2259
-0.9438
-0.2860
3.5700
-3.0100
-4.7600
236
293
335
240
833
-0.2152
-0.9296
-0.2977
4.3400
-5.0400
-5.3900
236
293
335
240
831
-0.2289
-0.9145
-0.2977
3.3600
-3.6400
-3.8500
237
294
335
240
830
-0.2201
-0.9316
-0.2884
1.0500
-4.6200
-4.5500
237
294
336
240
829
-0.2059
-0.9150
-0.2850
3.9900
-4.8300
-3.1500
237
295
336
241
828
-0.2191
-0.9331
-0.2762
-0.7000
-3.0100
-2.9400
237
295
337
241
828
-0.2181
-0.9174
-0.2918
-1.5400
-2.3100
-4.0600
237
295
337
241
827
-0.1991
-0.9179
-0.3094
2.5200
-6.5100
-2.4500
238
295
337
241
827
-0.2172
-0.9189
-0.3045
3.3600
-5.2500
-2.3100
238
296
338
242
826
-0.2089
-0.9272
-0.2899
0.8400
-7.8400
-2.5200
238
297
338
242
826
-0.2108
-0.9243
-0.3074
1.6800
-4.9000
-2.8700
238
298
339
242
826
-0.2157
-0.9233
-0.2933
0.8400
-3.5700
-3.0100
239
298
339
243
825
-0.2103
-0.9204
-0.2991
1.0500
-3.3600
-3.2200
239
298
340
243
825
-0.2133
-0.9238
-0.2967
1.4700
-2.8700
-4.1300
239
299
340
243
825
-0.2103
-0.9306
-0.3021
2.3800
-3.9900
-4.0600
239
299
340
243
825
-0.2162
-0.9218
-0.3011
3.2200
-3.7100
-4.2000
239
299
340
243
826
-0.2142
-0.9292
-0.3011
1.3300
-3.8500
-3.5000
239
299
340
243
827
-0.2108
-0.9257
-0.2943
2.3100
-5.9500
-3.8500
239
299
341
243
827
-0.2191
-0.9292
-0.2957
-0.0700
-2.8700
-2.3800
240
299
341
243
823
-0.2137
-0.9170
-0.3016
2.2400
-2.8700
-3.8500
240
299
341
244
827
-0.2025
-0.9199
-0.2952
1.8200
-4.2000
-3.0100
240
299
341
244
825
-0.2147
-0.9292
-0.2987
2.1700
-3.2900
-3.4300
240
299
341
244
828
-0.2084
-0.9257
-0.2928
2.3800
-4.2700
-1.1200
240
299
341
244
828
-0.2059
-0.9179
-0.2884
-2.8000
-5.0400
0.4900
240
300
341
244
826
-0.2147
-0.9111
-0.3006
-6.5100
-1.8900
0.7000
243
304
345
246
828
-0.2259
-0.9091
-0.3470
1.8200
0.7000
-0.8400
249
314
355
253
845
-0.2342
-0.9121
-0.3201
11.2000
3.9900
-3.0100
265
332
376
271
802
-0.1903
-0.8969
-0.2879
5.3900
-6.2300
-7.0000
290
358
400
293
756
-0.2118
-0.9140
-0.3099
8.1200
-4.3400
-8.4000
311
379
422
313
733
-0.1976
-0.9355
-0.2889
3.9900
-5.1800
-10.9200
326
392
436
327
722
-0.1986
-0.9399
-0.2977
3.1500
-5.0400
-9.2400
337
405
452
337
713
-0.1810
-0.9414
-0.2806
7.8400
3.7800
-10.4300
382
419
467
356
627
-0.1654
-0.9467
-0.2782
4.9700
-0.4200
-2.1000
396
435
484
375
599
-0.1810
-0.9667
-0.2786
7.3500
2.8700
-0.0700
403
450
497
391
579
-0.1737
-0.9545
-0.2830
1.0500
-2.7300
0.1400
407
461
505
406
563
-0.1864
-0.9501
-0.2655
1.8200
-2.6600
0.9100
409
471
512
421
551
-0.1669
-0.9482
-0.2547
6.7200
-2.0300
-4.3400
411
475
516
430
548
-0.1728
-0.9487
-0.2469
5.6700
-0.7700
-0.9800
411
476
516
432
546
-0.1869
-0.9467
-0.2743
-1.8200
-2.5200
-4.6200
412
476
517
432
543
-0.1757
-0.9438
-0.2684
2.9400
-1.1900
-4.7600
411
476
516
431
543
-0.1552
-0.9472
-0.2674
-2.0300
-3.4300
-5.5300
411
475
516
430
545
-0.1591
-0.9340
-0.2826
2.9400
-1.3300
-2.5900
411
475
516
430
545
-0.1586
-0.9389
-0.2660
-0.7700
-3.5700
-3.9200
410
474
516
429
543
-0.1576
-0.9311
-0.2699
6.1600
-4.6200
-3.0800
410
474
516
429
543
-0.1625
-0.9467
-0.2708
4.4100
-4.7600
-3.9900
410
473
515
429
546
-0.1615
-0.9501
-0.2704
2.2400
-3.0100
-4.6900
410
473
515
428
546
-0.1537
-0.9350
-0.2664
1.8200
-4.5500
-2.7300
410
472
515
427
544
-0.1606
-0.9545
-0.2664
0.4200
-2.7300
-3.1500
410
472
515
426
546
-0.1518
-0.9365
-0.2669
2.2400
-3.8500
-1.6100
410
472
514
426
546
-0.1596
-0.9521
-0.2596
2.1000
-3.9200
-3.3600
409
471
514
425
546
-0.1732
-0.9472
-0.2718
-0.1400
-1.6100
-2.3100
409
470
513
424
544
-0.1596
-0.9272
-0.2733
-0.3500
-1.8200
-3.2900
408
470
513
424
545
-0.1576
-0.9316
-0.2708
3.1500
-2.2400
-2.7300
408
469
512
423
548
-0.1571
-0.9306
-0.2879
3.0800
-1.1900
1.7500
406
468
512
421
548
-0.1728
-0.9404
-0.2908
5.0400
-2.3100
5.3900
404
467
511
420
547
-0.1810
-0.9511
-0.2713
5.2500
-2.1700
2.3800
400
466
508
418
552
-0.1893
-0.9833
-0.2801
-2.5200
-1.6100
1.6800
394
460
496
417
554
-0.1976
-0.9267
-0.2655
7.3500
4.4100
2.9400
391
459
493
417
552
-0.2054
-0.9023
-0.2625
18.4800
1.4700
11.4100
391
459
492
418
551
-0.2211
-0.9882
-0.1928
18.7600
11.6900
9.1000
390
458
492
418
551
-0.2294
-0.9618
-0.2259
4.6900
19.1800
14.0700
390
455
488
416
554
-0.2538
-0.9204
-0.2679
6.3700
20.6500
11.9000
389
452
485
414
553
-0.2557
-0.9404
-0.2201
12.3900
24.9900
4.0600
390
451
485
412
553
-0.2338
-0.9165
-0.2425
19.8100
28.4200
-1.6800
394
455
488
412
549
-0.2503
-0.8804
-0.2089
17.4300
14.2800
-3.2200
401
463
499
415
548
-0.2255
-0.9267
-0.2054
9.1700
-1.9600
-2.8700
407
471
507
416
548
-0.2445
-0.9570
-0.1771
10.4300
-3.9200
-10.3600
411
475
512
417
546
-0.2303
-0.9374
-0.1820
3.2900
-5.9500
-5.6700
413
476
514
418
545
-0.2284
-0.9306
-0.1947
6.0200
-6.2300
-6.3000
413
476
515
419
543
-0.2396
-0.9545
-0.1649
3.2200
-3.5700
0.2800
413
475
515
419
544
-0.2411
-0.9604
-0.1649
4.8300
-1.4000
-5.8100
412
476
514
419
545
-0.2089
-0.9599
-0.1625
12.3200
1.8900
-6.7900
413
480
515
418
545
-0.2040
-0.9414
-0.1464
1.7500
0.6300
-5.0400
409
482
516
417
544
-0.2196
-0.9467
-0.1674
0.6300
0.1400
-1.1900
397
481
515
417
551
-0.2094
-0.9614
-0.1606
12.5300
-1.4000
-1.8200
382
475
515
417
567
-0.2040
-0.9618
-0.1479
7.7000
-5.7400
-2.6600
367
469
514
413
593
-0.2167
-0.9745
-0.1386
6.2300
-6.9300
-1.4700
351
465
513
400
611
-0.2420
-0.9838
-0.1552
19.9500
-5.3200
-4.4800
336
458
511
387
626
-0.2279
-1.0009
-0.1127
15.5400
-5.2500
-2.5200
327
448
509
379
640
-0.2284
-0.9853
-0.0864
21.1400
-2.9400
0.0000
328
442
506
371
649
-0.2469
-0.9345
-0.0864
5.1800
1.2600
3.0100
329
443
504
359
668
-0.2547
-0.9736
-0.1108
3.9900
-6.3000
1.8200
334
449
500
346
696
-0.2494
-0.9745
-0.1293
3.7100
-6.8600
-1.9600
330
457
498
334
723
-0.2538
-0.9277
-0.1078
-19.8100
-10.3600
0.2100
323
458
492
320
747
-0.2733
-0.8891
-0.1005
-23.9400
-7.9800
5.1800
308
438
472
300
793
-0.2518
-0.9209
-0.1200
-29.3300
1.9600
14.9800
285
383
440
268
831
-0.2845
-0.9233
-0.1986
-38.5700
-3.0800
0.4900
272
338
395
249
850
-0.2630
-0.8965
-0.2850
-22.0500
5.0400
-2.8000
259
314
361
237
855
-0.2948
-0.8935
-0.2752
-8.2600
-7.3500
-0.7000
249
296
338
230
857
-0.3079
-0.8838
-0.2762
-5.2500
-5.5300
-5.3200
240
286
325
228
867
-0.2840
-0.9155
-0.2786
-1.6100
-8.1200
-4.2000
236
283
320
230
874
-0.2938
-0.9150
-0.2894
-0.3500
-4.2700
-5.0400
234
282
318
230
875
-0.2679
-0.9023
-0.2923
3.8500
-5.3200
-3.1500
232
282
318
232
881
-0.2977
-0.9121
-0.2689
5.5300
-5.3200
-4.0600
231
282
318
233
883
-0.2933
-0.8960
-0.2762
2.9400
-4.4800
-4.0600
231
282
319
233
886
-0.2894
-0.8930
-0.2660
-1.0500
-4.1300
-4.8300
231
283
320
233
885
-0.2752
-0.9067
-0.2845
-1.2600
-5.0400
-3.5700
232
284
321
234
881
-0.2830
-0.9116
-0.2860
-0.8400
-3.9900
-5.6000
232
284
321
235
885
-0.2860
-0.8984
-0.2806
0.6300
-4.5500
-4.9000
232
284
322
234
885
-0.2772
-0.9028
-0.2865
2.0300
-3.9200
-4.9700
233
285
322
235
880
-0.2728
-0.8974
-0.2801
1.4000
-4.4800
-3.5700
233
286
323
236
881
-0.2806
-0.9033
-0.2660
0.2800
-3.7800
-3.8500
234
287
324
236
874
-0.2684
-0.9023
-0.2821
2.2400
-4.1300
-3.7800
234
288
325
237
875
-0.2782
-0.8979
-0.2860
2.1000
-3.7100
-4.9000
235
288
325
237
872
-0.2699
-0.9077
-0.2821
0.9800
-4.6900
-3.9200
235
289
326
238
867
-0.2611
-0.9072
-0.2772
0.9800
-5.9500
-2.8000
235
290
327
238
867
-0.2791
-0.9004
-0.2811
0.6300
-3.8500
-2.5900
236
290
328
238
863
-0.2630
-0.9077
-0.2884
0.9100
-3.7800
-3.8500
236
291
328
239
863
-0.2743
-0.8999
-0.2835
3.5700
-4.8300
-3.2200
237
292
329
239
861
-0.2708
-0.9121
-0.2894
2.3100
-3.9200
-3.0100
237
292
330
239
860
-0.2664
-0.9116
-0.2826
1.3300
-4.5500
-2.9400
238
293
331
240
858
-0.2689
-0.8950
-0.2816
2.6600
-5.1800
-3.6400
238
293
331
240
853
-0.2674
-0.9091
-0.2874
1.3300
-4.4800
-3.5000
238
294
331
240
855
-0.2664
-0.9057
-0.2777
1.2600
-4.9000
-3.2200
238
294
332
241
852
-0.2674
-0.8984
-0.2699
1.4700
-5.1100
-4.4800
239
295
332
241
853
-0.2606
-0.9052
-0.2889
3.9200
-5.9500
-3.1500
239
295
332
242
849
-0.2679
-0.9189
-0.2772
3.6400
-4.1300
-3.7100
239
296
333
242
850
-0.2738
-0.9111
-0.2699
3.3600
-1.6100
-2.9400
239
296
333
242
850
-0.2577
-0.9048
-0.2826
1.2600
-5.1800
-2.5900
240
297
333
243
849
-0.2674
-0.9184
-0.2635
0.4900
-4.4100
-2.7300
239
297
334
243
848
-0.2660
-0.9087
-0.2826
1.1900
-4.7600
-3.8500
239
297
334
243
848
-0.2645
-0.9184
-0.2762
2.6600
-3.2200
-3.2900
239
297
334
243
847
-0.2660
-0.9204
-0.2762
1.8200
-4.3400
-3.1500
239
298
334
243
845
-0.2674
-0.9087
-0.2811
1.3300
-4.1300
-3.5000
240
298
334
244
846
-0.2669
-0.9170
-0.2733
1.9600
-3.3600
-3.0800
240
298
334
244
845
-0.2645
-0.9140
-0.2645
0.7000
-4.0600
-2.7300
240
298
334
244
847
-0.2577
-0.9111
-0.2816
1.9600
-2.9400
-3.7100
240
299
335
244
840
-0.2562
-0.9399
-0.3113
5.1100
4.8300
-3.7100
245
309
343
247
831
-0.2991
-0.8257
-0.2821
0.8400
3.1500
-7.0000
255
321
360
255
828
-0.2357
-0.8764
-0.2664
1.6800
-0.9100
-2.8000
278
342
386
276
799
-0.2499
-0.9160
-0.2987
3.2200
-3.5000
-11.4800
302
373
415
303
749
-0.2235
-0.9384
-0.2650
10.4300
-4.7600
-14.7700
324
401
445
329
700
-0.1581
-0.9614
-0.2816
-6.5100
16.0300
-12.1100
370
422
465
352
595
-0.1884
-0.9023
-0.2538
-4.5500
-2.5900
-2.4500
393
437
481
371
554
-0.2069
-0.9467
-0.2982
0.4200
-3.9900
-0.7000
403
453
496
388
537
-0.2157
-0.8984
-0.2806
14.5600
-5.1100
5.4600
406
465
507
409
508
-0.1967
-0.9579
-0.2279
12.0400
-2.1000
2.8000
410
477
515
426
491
-0.2142
-0.9340
-0.2718
7.8400
-1.6100
-3.4300
411
482
518
435
477
-0.2201
-0.9321
-0.2538
-7.9100
2.1000
2.1000
414
487
521
443
463
-0.2250
-0.9496
-0.2640
5.6700
1.6100
-0.7000
417
490
524
447
455
-0.2328
-0.9370
-0.2289
7.7000
-0.3500
-2.7300
417
492
524
449
453
-0.2196
-0.9399
-0.2435
2.3800
-2.5200
-1.4700
418
492
525
450
453
-0.2235
-0.9321
-0.2533
7.7700
-1.8900
-4.0600
418
492
525
449
454
-0.2142
-0.9477
-0.2308
2.3800
-2.8000
-3.7800
418
491
525
448
456
-0.2230
-0.9404
-0.2640
1.4000
-3.5700
-4.7600
418
492
525
448
456
-0.2108
-0.9287
-0.2372
1.3300
-3.8500
-4.3400
418
491
525
448
457
-0.2147
-0.9296
-0.2582
4.8300
-3.5000
-5.4600
418
491
525
448
458
-0.2172
-0.9379
-0.2445
0.4900
-3.1500
-5.7400
418
491
525
447
463
-0.2225
-0.9433
-0.2538
-4.7600
-3.7800
-5.8100
417
489
525
445
467
-0.2059
-0.9262
-0.2694
0.9800
-4.4100
-3.0800
417
488
525
443
469
-0.1932
-0.9374
-0.2533
-0.4900
-5.2500
-4.2000
417
488
524
442
470
-0.2020
-0.9233
-0.2635
3.6400
-4.3400
-4.1300
417
487
524
441
473
-0.2011
-0.9414
-0.2611
3.2900
-5.1100
-3.0100
417
487
524
440
472
-0.2054
-0.9404
-0.2606
1.6100
-3.7800
-3.7800
416
487
524
439
476
-0.2074
-0.9204
-0.2518
3.5700
-3.5700
-4.2000
416
487
523
438
475
-0.1932
-0.9370
-0.2518
3.6400
-5.6700
-3.2200
416
487
523
437
478
-0.2069
-0.9399
-0.2445
4.6200
-5.2500
-1.4700
416
486
523
436
480
-0.2108
-0.9399
-0.2489
-2.9400
-6.3700
-1.4700
411
484
522
435
483
-0.2054
-0.9316
-0.2630
5.4600
-5.6700
-3.5700
405
482
521
435
487
-0.1830
-0.9418
-0.2225
10.4300
-3.7800
-1.8200
401
481
521
434
489
-0.2006
-0.9584
-0.2216
3.8500
-4.8300
-3.2200
398
481
521
432
494
-0.2108
-0.9438
-0.2279
-1.1200
-2.7300
-1.4000
397
481
521
430
496
-0.2001
-0.9174
-0.2181
-0.3500
-3.5700
-1.2600
397
480
520
429
498
-0.2157
-0.9482
-0.2196
-0.2800
-3.0800
0.8400
394
479
520
427
504
-0.2040
-0.9277
-0.2264
0.0000
-6.9300
5.6000
378
478
518
424
508
-0.2347
-0.9033
-0.2386
16.1700
-5.6000
-2.1700
364
476
516
418
522
-0.2323
-0.9243
-0.1850
14.9800
0.0700
8.7500
351
472
513
412
533
-0.2347
-0.9379
-0.1630
30.6600
-11.4800
-0.4200
341
470
507
400
537
-0.2650
-0.9374
-0.1435
12.4600
-5.6000
-1.4000
337
471
505
393
555
-0.2869
-0.9521
-0.1493
-1.1200
2.1000
5.1800
333
474
504
384
579
-0.2782
-0.9272
-0.1586
-5.6000
-0.6300
4.8300
330
476
501
374
604
-0.3001
-0.9394
-0.1806
-12.1800
-1.8200
4.4100
325
477
499
361
636
-0.3026
-0.8886
-0.1957
-9.1000
-2.3800
0.0700
326
478
497
348
659
-0.3187
-0.8935
-0.2084
-4.9000
-2.0300
1.6800
326
479
495
341
664
-0.3162
-0.9072
-0.1976
-21.4200
-7.3500
0.3500
314
479
493
330
720
-0.3196
-0.9218
-0.2708
-19.1100
-1.8200
-4.5500
294
475
488
319
739
-0.3396
-0.8628
-0.2747
-22.8200
-3.8500
2.4500
281
470
482
310
763
-0.3152
-0.8950
-0.3123
-20.6500
-7.6300
5.6000
264
462
475
297
807
-0.3460
-0.8111
-0.2996
-20.0900
-9.9400
3.9200
254
441
464
284
841
-0.3543
-0.8355
-0.3196
-11.5500
-5.3200
-2.3800
250
403
450
273
876
-0.3450
-0.8916
-0.3226
-4.9700
-3.8500
-3.2900
249
364
430
262
909
-0.3577
-0.8242
-0.3445
-1.1900
-8.2600
-1.5400
248
341
399
253
918
-0.3509
-0.8477
-0.3431
-5.2500
-10.3600
-3.9900
246
321
368
246
927
-0.3719
-0.8423
-0.3548
-5.8100
-10.2200
-5.3200
241
300
340
244
927
-0.3465
-0.8267
-0.3416
0.6300
-8.1900
-5.3200
236
296
327
243
936
-0.3436
-0.8525
-0.3284
0.1400
-8.6100
-5.8800
234
292
323
243
949
-0.3426
-0.8516
-0.3518
-1.8900
-9.5200
-7.6300
234
292
323
243
949
-0.3460
-0.8560
-0.3436
1.3300
-6.5800
-3.7800
235
294
325
245
943
-0.3572
-0.8569
-0.3465
3.0100
-5.4600
-4.0600
237
297
328
246
938
-0.3499
-0.8691
-0.3367
4.0600
-2.9400
-5.4600
238
300
330
247
934
-0.3455
-0.8677
-0.3367
0.5600
-3.1500
-5.6700
238
301
331
247
930
-0.3377
-0.8745
-0.3475
0.4900
-3.7100
-3.4300
239
301
332
247
927
-0.3533
-0.8491
-0.3533
4.3400
-4.0600
-5.8100
239
301
332
248
929
-0.3382
-0.8672
-0.3377
2.1000
-4.5500
-3.7100
239
301
333
248
929
-0.3372
-0.8652
-0.3372
0.4200
-4.4800
-4.4100
239
301
333
248
928
-0.3338
-0.8725
-0.3523
3.0800
-4.9700
-3.7100
239
302
333
249
924
-0.3450
-0.8628
-0.3406
3.4300
-3.2900
-3.3600
239
302
334
249
925
-0.3372
-0.8564
-0.3387
2.1700
-4.6900
-2.0300
239
302
334
250
925
-0.3396
-0.8701
-0.3406
1.4000
-3.5000
-1.6100
239
303
334
250
923
-0.3294
-0.8569
-0.3387
1.1200
-3.0100
-2.3100
239
303
335
250
920
-0.3362
-0.8618
-0.3387
0.0700
-4.2000
-0.8400
240
303
336
251
921
-0.3431
-0.8603
-0.3475
-0.7000
-4.0600
-2.2400
240
304
336
251
916
-0.3333
-0.8667
-0.3338
0.4200
-4.6200
-3.3600
240
304
336
252
911
-0.3362
-0.8545
-0.3489
2.1700
-3.6400
-3.5000
240
304
337
252
909
-0.3367
-0.8545
-0.3353
1.1200
-4.6200
-1.3300
240
304
337
253
907
-0.3416
-0.8608
-0.3440
-3.0800
-5.3900
-2.1700
241
305
338
254
902
-0.3411
-0.8560
-0.3504
1.8200
-2.5900
-2.5900
241
306
339
254
894
-0.3431
-0.8691
-0.3558
1.8200
-2.8000
-2.6600
240
306
339
255
892
-0.3367
-0.8599
-0.3406
0.9100
-3.7100
-3.1500
241
307
340
255
890
-0.3343
-0.8613
-0.3548
3.2900
-3.5700
-4.3400
241
310
342
256
877
-0.3426
-0.8657
-0.3465
1.2600
-2.5200
-7.4900
243
316
347
258
861
-0.3060
-0.7505
-0.3377
5.4600
-2.2400
-7.7700
249
329
356
263
832
-0.3128
-0.8599
-0.3528
-4.9000
16.8000
-10.5000
267
347
376
280
795
-0.3201
-0.8779
-0.3514
2.3800
0.9800
-11.8300
280
367
396
299
737
-0.3782
-0.8813
-0.3382
7.6300
0.7700
-10.3600
304
386
418
321
710
-0.3162
-0.9062
-0.3421
16.1000
1.6100
-8.7500
343
413
442
344
627
-0.3274
-0.9165
-0.3182
19.9500
-2.3100
-8.2600
377
427
468
363
572
-0.2528
-0.8872
-0.2894
15.5400
-3.7100
-5.8800
392
443
493
383
550
-0.2381
-0.9082
-0.2655
8.2600
1.9600
-7.0700
398
455
506
404
529
-0.2196
-0.9233
-0.2904
9.7300
0.4200
-4.5500
402
466
513
419
515
-0.2176
-0.9101
-0.2928
8.1900
1.8200
-2.0300
406
476
518
429
507
-0.2230
-0.9335
-0.2821
15.7500
-1.1200
-2.0300
408
479
519
432
504
-0.2323
-0.9321
-0.2245
7.9100
-2.8000
-0.2100
408
479
520
432
502
-0.2245
-0.9467
-0.2630
-0.4900
-6.3000
-0.9800
407
477
519
431
504
-0.2455
-0.9345
-0.2660
1.1200
-2.8700
-4.7600
407
477
519
430
502
-0.2328
-0.9194
-0.2552
1.8900
-2.5200
-2.6600
407
477
519
430
505
-0.2342
-0.9257
-0.2577
2.9400
-3.4300
-3.7800
406
476
518
429
506
-0.2347
-0.9335
-0.2489
8.4700
-1.6100
-5.7400
406
476
518
428
506
-0.2225
-0.9404
-0.2523
2.2400
-4.2000
-4.4100
405
475
517
427
508
-0.2225
-0.9272
-0.2469
0.7000
-3.8500
-4.6200
405
475
517
427
509
-0.2328
-0.9321
-0.2518
-2.6600
-3.0800
-4.5500
404
475
517
426
507
-0.2186
-0.9282
-0.2684
1.0500
-2.3800
-2.8700
404
475
517
426
510
-0.2211
-0.9301
-0.2611
1.8200
-2.7300
-1.9600
403
474
517
425
511
-0.2328
-0.9248
-0.2655
-1.2600
-2.8700
-1.1900
400
471
515
425
510
-0.2269
-0.9170
-0.2752
0.8400
-3.5000
-2.7300
399
469
513
425
512
-0.2186
-0.9213
-0.2660
1.0500
-4.0600
-2.7300
398
467
511
425
513
-0.2308
-0.9233
-0.2708
3.8500
-4.1300
-3.5000
398
467
511
425
511
-0.2230
-0.9238
-0.2718
1.8900
-5.2500
-2.4500
398
467
511
425
514
-0.2259
-0.9296
-0.2664
-0.9800
-3.7100
-2.5200
397
467
510
424
514
-0.2313
-0.9257
-0.2704
0.7700
-4.2000
-2.1000
397
467
510
424
512
-0.2333
-0.9194
-0.2616
0.1400
-3.7800
-2.1000
397
467
510
424
515
-0.2367
-0.9179
-0.2743
3.1500
-3.5000
-1.9600
397
467
510
424
515
-0.2308
-0.9277
-0.2674
1.7500
-4.1300
-2.5900
396
467
510
424
513
-0.2303
-0.9252
-0.2694
3.5700
-3.9900
-2.0300
396
467
510
423
515
-0.2347
-0.9248
-0.2591
3.1500
-6.0900
-1.4000
396
467
510
423
513
-0.2338
-0.9243
-0.2611
3.5700
-6.0900
-0.9100
396
466
510
423
516
-0.2494
-0.9296
-0.2601
2.4500
-4.7600
-0.7000
395
466
510
422
516
-0.2460
-0.9311
-0.2586
1.7500
-5.6000
-1.4700
394
466
510
422
514
-0.2518
-0.9238
-0.2567
2.3800
-5.1100
-1.5400
394
466
509
422
516
-0.2542
-0.9262
-0.2586
4.1300
-5.0400
-2.1700
394
466
509
421
516
-0.2611
-0.9199
-0.2499
2.7300
-3.3600
-4.1300
394
466
509
420
514
-0.2474
-0.9048
-0.2513
1.5400
-3.1500
-0.9800
394
465
509
420
516
-0.2528
-0.9184
-0.2518
-2.8000
-3.4300
-1.1900
394
465
508
420
517
-0.2625
-0.9321
-0.2547
-1.0500
-2.2400
-3.7800
392
465
508
420
515
-0.2572
-0.9077
-0.2547
-0.0700
-2.6600
-4.2000
392
465
508
420
517
-0.2494
-0.9145
-0.2591
-0.2100
-1.7500
-2.5900
392
465
507
420
518
-0.2664
-0.9345
-0.2796
7.4900
-2.7300
-9.8000
397
465
508
420
516
-0.2474
-0.9170
-0.2499
4.4800
-2.8000
-5.7400
400
468
508
420
516
-0.2318
-0.9243
-0.2577
-0.3500
-3.8500
-3.0100
403
469
508
420
519
-0.2460
-0.9306
-0.2664
0.8400
-3.1500
-1.0500
405
469
509
420
517
-0.2411
-0.9174
-0.2591
-1.9600
-2.9400
-1.1200
405
469
509
420
518
-0.2494
-0.9292
-0.2679
0.8400
-2.3100
-1.1200
404
468
508
419
522
-0.2406
-0.9199
-0.2635
-9.9400
-5.6000
2.1000
400
463
504
418
527
-0.2650
-0.9150
-0.3021
2.2400
-3.0800
-2.5900
383
455
500
416
534
-0.2513
-0.9243
-0.2796
14.0700
-2.2400
-1.8200
375
451
499
412
545
-0.2669
-0.9277
-0.2611
14.3500
-5.9500
-2.8700
372
453
498
404
561
-0.2542
-0.9150
-0.1913
2.8700
-2.0300
-0.7700
371
459
499
392
583
-0.2577
-0.8813
-0.2284
12.1100
-11.6900
-14.2100
372
467
498
371
601
-0.2103
-0.9545
-0.2167
-8.3300
-3.9200
3.4300
366
472
498
361
629
-0.2572
-0.9174
-0.2118
-12.0400
12.6700
12.0400
354
477
497
344
685
-0.3318
-0.9213
-0.2230
2.1700
-7.9100
2.0300
352
481
497
330
698
-0.2747
-0.8882
-0.2206
-13.2300
-11.9700
4.1300
344
479
493
315
717
-0.2977
-0.9048
-0.2694
-15.2600
-8.0500
4.1300
333
470
489
304
759
-0.3030
-0.9038
-0.2806
-1.6800
-8.3300
6.0900
314
444
472
288
813
-0.3465
-0.8882
-0.3045
-3.3600
-6.3000
2.3800
299
411
462
277
849
-0.3089
-0.8901
-0.3152
1.8200
0.2800
-5.6000
292
377
441
268
875
-0.3338
-0.8750
-0.3411
8.0500
-2.5900
-6.0900
279
348
404
255
920
-0.3065
-0.9618
-0.3431
-3.6400
-4.6900
-2.5200
262
311
359
246
925
-0.3250
-0.9101
-0.3284
9.5200
-2.5200
-6.0900
254
298
336
243
912
-0.2899
-0.8799
-0.3030
-6.1600
-7.5600
-4.8300
249
286
325
244
919
-0.3274
-0.8823
-0.3026
6.1600
-7.9100
-5.1800
243
279
318
245
935
-0.3289
-0.8862
-0.2811
1.8200
-7.8400
-3.8500
241
278
317
244
947
-0.3201
-0.8896
-0.3001
-2.3100
-6.0900
-6.5800
240
278
317
244
948
-0.3143
-0.8872
-0.3001
-2.3100
-3.5700
-3.4300
240
279
319
244
943
-0.3099
-0.8882
-0.3079
1.3300
-5.3200
-4.1300
241
280
320
245
941
-0.3045
-0.8882
-0.3070
0.8400
-3.5700
-3.8500
241
281
321
245
941
-0.2977
-0.8935
-0.3148
2.3100
-2.7300
-6.5100
241
282
322
245
938
-0.2972
-0.8989
-0.3094
-0.1400
-2.9400
-4.5500
242
284
323
246
934
-0.2923
-0.8838
-0.3026
-0.7700
-2.2400
-5.1100
242
284
324
246
928
-0.2982
-0.8891
-0.3152
2.2400
-5.1100
-4.9700
242
285
325
246
924
-0.2913
-0.8940
-0.3304
2.1000
-4.3400
-3.5700
243
286
326
247
923
-0.2830
-0.8921
-0.3192
2.1700
-5.2500
-4.4100
243
287
327
247
921
-0.2894
-0.8926
-0.3279
4.0600
-6.3000
-2.5900
244
288
328
248
917
-0.3011
-0.8930
-0.3104
2.2400
-4.0600
-3.9900
244
288
328
248
919
-0.2835
-0.8799
-0.3235
4.7600
-4.9000
-3.1500
244
289
329
249
918
-0.2791
-0.9087
-0.3006
1.2600
-4.4100
-2.3100
245
289
330
250
913
-0.2723
-0.8882
-0.3123
0.4900
-5.1100
-1.7500
245
290
330
251
909
-0.2943
-0.8926
-0.3089
2.5200
-4.1300
-3.2900
245
291
331
252
910
-0.2952
-0.9018
-0.3016
0.0700
-2.5900
-2.3800
246
292
332
252
908
-0.2913
-0.9018
-0.3123
-2.3800
-2.5200
-3.4300
246
292
332
252
902
-0.2826
-0.8725
-0.3123
-0.6300
-2.9400
-3.9200
246
293
333
252
903
-0.2777
-0.8847
-0.3094
3.0100
-4.9700
-2.7300
246
293
333
252
900
-0.2938
-0.9023
-0.3192
2.3800
-3.5000
-3.6400
246
293
334
253
899
-0.2899
-0.8872
-0.3113
2.3800
-3.7100
-2.8000
247
294
334
253
899
-0.2874
-0.8896
-0.3099
0.4200
-5.1100
-3.2200
247
294
335
253
898
-0.2879
-0.8911
-0.3148
2.8700
-3.8500
-3.4300
247
294
335
254
895
-0.2811
-0.8950
-0.3196
1.7500
-4.4100
-0.2100
247
295
335
254
896
-0.2913
-0.8955
-0.3118
1.9600
-2.3800
-3.0100
248
295
336
254
895
-0.2728
-0.8989
-0.3118
1.6100
-4.3400
-1.0500
248
296
337
254
892
-0.2918
-0.8945
-0.3172
1.5400
-3.1500
-3.3600
248
296
337
254
893
-0.2791
-0.8891
-0.3123
2.0300
-4.0600
-3.3600
248
297
338
255
892
-0.2796
-0.8911
-0.3157
1.8900
-3.9200
-3.0100
248
297
338
255
890
-0.2835
-0.8965
-0.3113
2.6600
-3.8500
-2.8000
249
298
339
255
891
-0.2860
-0.8940
-0.3060
2.5200
-4.2700
-2.3100
249
299
339
255
890
-0.2894
-0.8862
-0.3182
2.1000
-3.0800
-2.3800
249
299
340
256
887
-0.2757
-0.8935
-0.3055
2.8000
-4.4100
-2.1000
249
299
340
256
889
-0.2967
-0.9018
-0.3104
1.1200
-2.5900
-3.1500
249
299
340
256
886
-0.2757
-0.9018
-0.3050
2.5200
-2.9400
-2.8000
250
300
340
256
886
-0.2743
-0.8867
-0.3123
4.2000
3.7100
-5.4600
256
312
346
259
868
-0.2826
-0.9160
-0.4026
17.4300
12.2500
-6.0200
286
348
378
283
786
-0.2991
-0.8965
-0.2869
3.5700
-5.4600
-8.8900
324
392
431
325
686
-0.2318
-0.8213
-0.3201
14.9800
10.0800
-8.3300
382
432
476
364
542
-0.2733
-0.9340
-0.2279
18.7600
8.9600
-4.9000
408
461
506
398
492
-0.2128
-0.9292
-0.3758
4.6900
30.2400
6.7900
417
480
519
430
464
-0.2767
-0.8984
-0.2733
-3.3600
-0.3500
5.8800
422
488
523
442
455
-0.2503
-0.9233
-0.2586
-0.7700
1.4000
-1.0500
423
490
525
446
445
-0.2430
-0.9170
-0.2689
-3.0100
-2.8000
-8.0500
424
491
525
447
445
-0.2157
-0.9204
-0.2772
3.5700
-11.0600
-7.3500
424
491
525
447
443
-0.2499
-0.9277
-0.2762
-0.0700
-5.8100
-8.7500
424
492
525
449
446
-0.2460
-0.9321
-0.2660
-5.9500
-1.8900
-9.0300
424
491
526
449
447
-0.2206
-0.8935
-0.2991
-27.4400
-6.5100
-8.3300
423
490
525
450
455
-0.1737
-0.9511
-0.2869
6.0200
-5.2500
-9.3100
423
489
525
452
455
-0.1244
-0.9819
-0.3719
-7.8400
-13.0900
-17.7100
423
488
524
451
459
-0.1728
-0.8974
-0.3074
-16.7300
-6.3000
-18.2700
423
488
524
451
460
-0.1562
-0.8550
-0.2518
-3.5000
-11.8300
-11.8300
423
487
524
450
462
-0.1713
-0.8506
-0.3611
8.4700
-14.9800
-0.2100
422
487
523
450
466
-0.1386
-0.9536
-0.3611
12.1800
-18.4100
5.0400
422
487
523
449
467
-0.2006
-0.9814
-0.3226
1.4700
-5.6700
-7.2800
422
486
523
448
467
-0.1957
-0.9189
-0.3094
0.7000
1.4700
-2.3100
422
486
523
445
468
-0.1283
-0.9077
-0.3460
10.7800
-5.6000
0.8400
422
486
522
444
468
-0.1728
-0.9560
-0.3070
8.8900
-6.0900
-1.0500
421
485
522
444
469
-0.1830
-0.9414
-0.3079
4.9700
-0.3500
-1.9600
421
486
522
442
470
-0.1781
-0.9355
-0.2777
3.7100
0.8400
-5.7400
421
486
522
440
471
-0.1713
-0.9233
-0.3040
1.3300
-1.0500
-1.4700
421
486
522
439
470
-0.1713
-0.9267
-0.2860
-3.3600
-0.8400
-1.4700
421
486
522
438
471
-0.1596
-0.9262
-0.3167
-1.7500
1.5400
4.4800
420
485
521
437
471
-0.1962
-0.9243
-0.3187
1.0500
0.7700
-2.3100
419
484
521
436
475
-0.1820
-0.9204
-0.3099
9.8000
7.9100
-7.9800
419
485
521
435
476
-0.1576
-0.9326
-0.3006
10.0100
7.9800
-7.4200
420
485
521
431
484
-0.1586
-0.9467
-0.2694
10.9200
13.2300
-5.1800
420
486
520
428
495
-0.1786
-0.9331
-0.2708
6.2300
1.2600
-6.6500
416
486
520
424
508
-0.1161
-0.9487
-0.2811
8.0500
0.6300
-6.2300
410
487
521
423
531
-0.1415
-0.9179
-0.1884
17.0100
-1.2600
5.8800
403
489
523
421
574
-0.1679
-0.9555
-0.2396
20.1600
-2.1000
-2.5200
390
489
523
414
631
-0.1469
-0.9726
-0.1879
73.3600
-4.4100
-14.4200
374
488
523
409
665
-0.1069
-0.9887
-0.1791
14.7700
-4.6200
-8.8900
365
489
522
405
671
-0.0976
-0.9960
-0.1523
-2.4500
-8.6100
-6.8600
362
490
519
395
678
-0.1274
-0.9926
-0.1484
-15.8200
-0.2800
4.9000
358
491
519
384
691
-0.1147
-0.9292
-0.2089
-7.6300
-4.8300
4.6900
357
492
518
369
705
-0.1332
-0.9570
-0.2172
-12.9500
-10.2200
4.8300
352
489
517
352
722
-0.1220
-0.9941
-0.2469
-11.9000
-7.2100
-1.8900
342
478
506
338
740
-0.0917
-0.9872
-0.2733
-24.3600
-7.2800
-1.8200
325
442
473
313
765
-0.1688
-0.9667
-0.2298
-27.7200
-8.0500
0.7000
310
377
426
290
793
-0.1664
-0.9365
-0.3767
-16.7300
-6.8600
1.6100
300
339
375
270
809
-0.1796
-0.8969
-0.4094
-5.5300
-0.5600
-3.7100
283
303
339
259
830
-0.1747
-0.8901
-0.3631
11.9000
7.4900
-4.5500
271
284
323
255
827
-0.1557
-0.9209
-0.3802
7.1400
2.4500
-6.8600
262
276
318
256
830
-0.1874
-0.9340
-0.3577
-1.4000
3.2200
-6.2300
255
271
312
258
835
-0.1576
-0.9018
-0.3616
5.8800
3.0800
-6.7900
251
270
312
260
835
-0.1479
-0.9121
-0.3470
5.2500
-1.5400
-5.2500
250
271
314
262
836
-0.1586
-0.9111
-0.3416
4.1300
-2.6600
-5.6000
251
273
316
263
834
-0.1396
-0.9043
-0.3587
5.1100
0.1400
-5.8800
251
275
317
264
833
-0.1293
-0.9101
-0.3514
7.2100
-2.9400
-4.3400
251
276
318
265
832
-0.1347
-0.9301
-0.3250
5.3200
-1.1900
-4.3400
251
277
320
267
829
-0.1176
-0.9335
-0.3401
6.5100
-5.3200
-5.3900
252
278
321
267
828
-0.1293
-0.9301
-0.3357
3.5700
-3.6400
-4.4800
252
279
321
267
826
-0.1308
-0.9189
-0.3240
3.2200
-4.9700
-3.5700
253
280
322
268
825
-0.1244
-0.9316
-0.3270
1.2600
-4.9000
-3.9900
254
280
323
268
824
-0.1254
-0.9213
-0.3318
2.9400
-4.8300
-3.3600
254
281
324
267
823
-0.1205
-0.9174
-0.3226
2.4500
-4.6900
-3.2900
254
282
324
268
822
-0.1142
-0.9248
-0.3167
1.1900
-6.1600
-2.5900
255
282
325
268
821
-0.1308
-0.9243
-0.3265
3.5000
-4.5500
-2.5900
255
283
325
269
820
-0.1235
-0.9213
-0.3196
3.2900
-3.6400
-2.4500
255
284
326
269
819
-0.1220
-0.9379
-0.3084
2.5200
-5.5300
-3.5000
256
284
326
270
816
-0.1386
-0.9296
-0.3123
4.1300
-4.9700
-2.7300
256
285
327
270
817
-0.1220
-0.9311
-0.3104
2.6600
-3.9200
-3.3600
257
285
327
270
817
-0.1288
-0.9414
-0.3099
3.2900
-3.0800
-3.0800
257
286
327
271
816
-0.1264
-0.9360
-0.3109
4.2000
-4.6900
-2.5200
257
286
328
271
815
-0.1288
-0.9355
-0.3113
2.3800
-3.0100
-3.2200
257
286
328
271
815
-0.1200
-0.9360
-0.3001
2.5900
-5.1800
-2.5900
257
286
328
271
814
-0.1244
-0.9360
-0.3030
3.2200
-3.5700
-2.3800
257
287
328
272
813
-0.1220
-0.9331
-0.3055
1.4700
-4.4800
-1.6800
258
287
329
272
813
-0.1322
-0.9340
-0.3109
-0.8400
-5.6700
-3.0100
258
287
329
272
810
-0.1303
-0.9296
-0.3118
1.6800
-4.0600
-2.9400
258
287
330
273
812
-0.1293
-0.9301
-0.3104
2.4500
-5.3200
-2.8000
258
288
330
273
811
-0.1249
-0.9404
-0.3143
1.5400
-4.7600
-3.6400
259
289
330
273
810
-0.1240
-0.9335
-0.3162
3.3600
-4.4800
-3.5700
259
289
331
274
810
-0.1337
-0.9389
-0.3182
3.5700
-2.6600
-2.5200
260
290
331
274
809
-0.1274
-0.9335
-0.3138
5.6000
-3.8500
-2.9400
260
290
331
274
810
-0.1308
-0.9448
-0.3177
2.1700
-2.8000
-4.2000
261
292
332
274
811
-0.1181
-0.9482
-0.3040
0.9800
-5.7400
-4.6900
265
296
333
275
819
-0.1215
-0.9262
-0.3099
-3.9200
-9.9400
-11.4800
279
306
337
278
805
-0.1254
-0.9209
-0.3016
-0.4900
-5.7400
-8.9600
302
328
352
290
771
-0.1342
-0.9130
-0.2938
-8.3300
-7.9100
-9.5900
322
365
397
317
740
-0.0888
-0.9326
-0.3211
7.1400
-4.9700
-22.4700
358
405
448
346
602
-0.1020
-0.9638
-0.1679
2.8700
2.0300
-11.2700
395
429
476
380
551
-0.0322
-0.9545
-0.3006
-5.0400
1.6800
1.7500
405
451
499
406
517
-0.0273
-0.9394
-0.2772
8.1200
1.8900
0.1400
411
468
512
425
498
-0.0425
-0.9477
-0.2884
2.1000
0.3500
4.3400
413
478
518
436
480
-0.0444
-0.9575
-0.2957
2.8700
-2.8000
1.6800
415
483
521
443
466
-0.0522
-0.9701
-0.2757
5.1100
-1.4700
-3.2200
419
489
524
448
447
-0.0722
-0.9443
-0.2689
5.2500
3.2200
5.8800
420
491
525
452
441
-0.0561
-0.9540
-0.2455
7.0000
-5.4600
0.7700
422
493
526
454
434
-0.0639
-0.9501
-0.2435
13.7900
-0.7000
-2.1700
424
495
527
455
430
-0.0571
-0.9653
-0.2303
5.8800
-3.0100
-1.4000
424
495
527
455
429
-0.0600
-0.9892
-0.2474
6.7200
-2.7300
-6.0900
425
496
527
455
429
-0.0722
-0.9628
-0.2264
3.0100
-2.6600
-3.5700
426
496
527
455
429
-0.0644
-0.9736
-0.2167
4.2700
-1.0500
-3.7800
427
497
527
455
428
-0.0644
-0.9726
-0.2264
4.3400
-3.8500
-1.2600
428
497
528
455
428
-0.0610
-0.9809
-0.2035
1.5400
-5.4600
-2.8000
428
497
527
455
428
-0.0634
-0.9584
-0.2235
2.3800
-3.5700
-2.9400
428
497
527
455
429
-0.0537
-0.9540
-0.2113
4.2000
-5.5300
-3.0100
428
497
528
455
429
-0.0556
-0.9706
-0.2059
3.1500
-4.4100
-4.0600
428
497
527
454
427
-0.0532
-0.9721
-0.1996
3.7100
-4.7600
-3.2900
428
497
527
454
430
-0.0590
-0.9799
-0.2059
6.4400
-4.9000
-3.2200
428
497
527
454
431
-0.0654
-0.9711
-0.1991
2.6600
-4.5500
-3.2900
428
497
528
453
431
-0.0595
-0.9697
-0.1923
4.8300
-3.5000
-2.1700
428
496
527
453
431
-0.0683
-0.9643
-0.1840
2.1000
-5.2500
1.4000
427
496
527
453
434
-0.0503
-0.9867
-0.2035
3.1500
-5.6700
-2.3800
426
496
527
452
440
-0.0859
-0.9784
-0.1874
2.4500
-4.2700
-4.9700
426
496
527
451
438
-0.0761
-0.9745
-0.1728
0.6300
-3.5000
-2.7300
426
496
527
451
440
-0.0747
-0.9765
-0.1932
0.2800
-4.1300
-3.2200
426
496
526
450
441
-0.0698
-0.9667
-0.1918
3.7100
-4.5500
-3.4300
425
496
526
449
441
-0.0771
-0.9750
-0.1962
-1.6100
-5.1800
-4.6200
425
496
526
448
442
-0.0673
-0.9628
-0.1937
1.8200
-5.3900
-2.1000
424
496
526
447
443
-0.0805
-0.9843
-0.2030
1.4000
-5.8100
-1.6800
424
495
526
446
444
-0.0805
-0.9780
-0.2054
5.3200
-6.8600
-2.6600
423
495
526
446
445
-0.0698
-0.9628
-0.1810
2.8700
-6.2300
-2.1700
421
494
526
445
446
-0.0776
-0.9828
-0.1913
0.1400
-2.6600
-1.9600
421
494
525
444
445
-0.0761
-0.9740
-0.1898
4.8300
-1.8900
-0.9100
421
494
525
442
451
-0.0712
-0.9804
-0.1884
-1.3300
-6.4400
0.4900
419
493
525
442
461
-0.0942
-0.9643
-0.1903
2.0300
-10.1500
-7.9800
411
492
524
440
474
-0.0830
-0.9623
-0.1991
2.7300
-8.1900
0.2800
406
492
524
439
491
-0.0810
-0.9853
-0.1962
6.4400
-5.0400
-1.5400
401
491
524
439
513
-0.0942
-0.9721
-0.1854
5.8100
-3.5700
-7.7000
390
490
524
438
525
-0.0659
-0.9882
-0.1430
3.2200
-14.9800
-2.3100
378
490
524
439
529
-0.0576
-0.9506
-0.1493
-0.3500
-14.5600
1.1900
372
489
523
440
541
-0.1015
-0.9848
-0.1688
-5.8800
-4.6900
4.0600
368
487
523
437
581
-0.1020
-0.9809
-0.1654
18.3400
0.7700
-3.2900
368
482
523
433
625
-0.1025
-1.0165
-0.1015
-1.7500
-11.6200
-1.0500
364
477
523
423
655
-0.1352
-0.9213
0.0264
26.1100
-18.0600
-1.7500
359
476
521
413
666
-0.1796
-0.9970
-0.1381
-0.9100
-3.7100
-4.7600
370
476
519
403
665
-0.1435
-0.9721
-0.1859
-2.2400
-4.9700
1.4700
376
479
516
394
684
-0.1454
-1.0141
-0.1606
7.7700
-0.4900
2.1700
374
479
515
382
698
-0.1537
-1.0043
-0.1220
-12.0400
-0.9100
-3.0800
376
479
513
375
709
-0.1186
-0.9697
-0.1688
-19.3200
-4.4100
-4.6900
377
475
510
366
716
-0.1444
-0.9579
-0.1893
-21.7000
-4.2700
4.7600
367
438
493
350
722
-0.1601
-0.9726
-0.2216
-34.5800
-1.6100
6.1600
348
404
465
326
736
-0.1469
-0.9189
-0.2747
-22.5400
-10.5700
2.1000
334
381
422
304
749
-0.1635
-0.9321
-0.3489
-12.8100
-10.9200
-1.8200
326
355
378
290
779
-0.1796
-0.9121
-0.3387
-4.4100
-10.9200
-0.9800
319
326
357
284
805
-0.2001
-0.9140
-0.3616
-11.2700
-6.5800
-2.8700
300
306
344
284
810
-0.1928
-0.9087
-0.3753
-4.2700
-6.5800
-6.4400
285
294
332
283
818
-0.1991
-0.8999
-0.3587
0.6300
-14.0000
-3.2900
274
283
319
283
839
-0.2025
-0.9072
-0.3894
3.0100
-8.8200
-5.7400
269
279
316
282
850
-0.1820
-0.8994
-0.3806
7.9100
-14.1400
-11.2000
264
276
313
280
874
-0.1889
-0.9233
-0.3675
-2.3100
-8.3300
-6.0900
262
277
312
281
875
-0.2006
-0.8965
-0.3655
2.0300
-2.6600
-6.6500
260
277
312
280
871
-0.1771
-0.9023
-0.3553
-1.5400
-4.9000
-4.7600
260
277
313
280
873
-0.1952
-0.8886
-0.2513
-2.4500
-3.6400
-4.7600
260
277
313
280
872
-0.1728
-0.8994
-0.3875
3.5000
-5.6000
-4.2700
260
278
313
280
871
-0.1806
-0.9008
-0.3670
0.7000
-4.4800
-3.2200
261
279
315
281
868
-0.1835
-0.8950
-0.3699
1.6100
-2.0300
-2.8700
262
280
316
282
861
-0.1757
-0.8969
-0.3787
0.4200
-2.7300
-5.1100
262
281
317
282
861
-0.1713
-0.9067
-0.3655
0.9800
-6.5800
-2.8000
263
282
318
283
857
-0.1879
-0.8994
-0.3675
2.8000
-3.5000
-2.3800
263
282
318
284
857
-0.1747
-0.8969
-0.3684
1.8200
-5.8100
-4.3400
264
283
319
285
855
-0.1728
-0.8994
-0.3816
2.9400
-4.9700
-4.5500
264
284
320
285
854
-0.1732
-0.9072
-0.3758
0.7000
-4.9000
-4.7600
265
284
321
286
852
-0.1757
-0.9072
-0.3733
2.5200
-6.0900
-4.2700
265
285
321
286
852
-0.1757
-0.9008
-0.3772
4.6900
-4.2700
-3.0800
265
285
322
287
851
-0.1732
-0.9048
-0.3543
4.2000
-5.1100
-3.7100
266
286
322
287
846
-0.1786
-0.9033
-0.3748
2.3100
-3.7100
-3.6400
266
286
323
288
847
-0.1659
-0.9067
-0.3548
1.6100
-4.3400
-3.4300
266
287
323
288
843
-0.1850
-0.9121
-0.3655
3.0100
-3.9900
-3.6400
267
287
324
288
844
-0.1728
-0.9135
-0.3636
2.5200
-4.5500
-3.9900
267
288
324
289
840
-0.1684
-0.9038
-0.3606
3.4300
-4.9700
-2.4500
267
288
324
289
841
-0.1776
-0.9072
-0.3645
3.3600
-4.6900
-5.6700
268
288
325
289
838
-0.1669
-0.9111
-0.3606
1.5400
-5.0400
-2.9400
268
288
325
289
839
-0.1850
-0.9106
-0.3621
2.6600
-2.9400
-3.0800
268
289
325
289
837
-0.1674
-0.9121
-0.3650
3.8500
-5.2500
-3.6400
268
289
326
290
838
-0.1708
-0.9130
-0.3587
2.8700
-4.1300
-4.3400
269
289
326
290
835
-0.1728
-0.9130
-0.3567
2.2400
-4.4800
-3.6400
269
290
326
290
837
-0.1781
-0.9189
-0.3504
1.0500
-2.7300
-2.8000
269
290
327
291
834
-0.1693
-0.9072
-0.3621
2.4500
-3.8500
-3.3600
269
290
327
291
835
-0.1659
-0.9111
-0.3577
1.8900
-4.9700
-2.5200
270
291
328
291
833
-0.1820
-0.9013
-0.3587
2.5900
-3.3600
-2.3100
270
291
328
291
834
-0.1645
-0.9126
-0.3621
3.7100
-3.8500
-3.3600
270
291
328
291
832
-0.1737
-0.9194
-0.3558
1.5400
-3.7100
-3.4300
271
292
328
291
834
-0.1708
-0.9165
-0.3611
1.3300
-4.5500
-2.8000
271
292
329
292
831
-0.1713
-0.9052
-0.3597
1.1900
-3.8500
-2.3100
271
292
329
292
833
-0.1669
-0.9165
-0.3572
3.0100
-4.4100
-3.7800
271
292
329
292
830
-0.1688
-0.9126
-0.3567
1.6100
-4.2700
-3.5000
271
293
329
292
832
-0.1693
-0.9135
-0.3518
3.2200
-3.7800
-2.9400
271
293
330
292
830
-0.1669
-0.9082
-0.3543
2.3100
-5.6000
-3.0800
272
293
330
293
831
-0.1693
-0.9160
-0.3582
1.1900
-5.8800
-3.9900
272
293
330
292
828
-0.1845
-0.9072
-0.3543
2.1700
-4.4800
-2.5200
272
293
330
293
831
-0.1693
-0.9140
-0.3567
2.1000
-3.9200
-3.1500
272
294
330
293
828
-0.1674
-0.8989
-0.3465
3.1500
-6.0200
-2.4500
272
295
332
294
830
-0.1781
-0.9130
-0.3802
0.2100
-1.8200
-5.7400
285
306
343
300
825
-0.1781
-0.9252
-0.3767
15.6800
-1.8200
-6.7900
321
347
400
321
779
-0.1591
-0.9399
-0.3518
5.8100
-3.2900
-11.3400
349
398
447
347
752
-0.1562
-0.9218
-0.3406
0.9100
-2.5200
-5.4600
363
422
463
361
735
-0.1532
-0.9428
-0.3733
9.0300
10.6400
-6.1600
401
433
481
376
584
-0.1479
-0.9140
-0.3089
-5.9500
-2.1000
-2.5200
408
447
495
389
547
-0.1396
-0.9223
-0.3089
-0.8400
-3.0100
0.9800
412
459
506
404
515
-0.1371
-0.9306
-0.3079
13.3700
1.8900
-3.7800
415
469
515
418
496
-0.1220
-0.9536
-0.3338
2.3100
1.5400
-2.2400
417
475
518
429
482
-0.1332
-0.9414
-0.3323
5.8100
7.0000
-1.6100
418
480
521
436
471
-0.1288
-0.9443
-0.3226
8.1900
4.2700
-4.2700
418
483
522
440
469
-0.1113
-0.9409
-0.3187
10.4300
3.6400
-4.4100
419
485
523
442
465
-0.1049
-0.9213
-0.2991
4.1300
-1.2600
-1.6100
420
485
523
443
467
-0.1054
-0.9540
-0.3006
2.7300
-4.3400
-3.9900
420
485
523
443
465
-0.1181
-0.9360
-0.2982
5.0400
-2.5200
-4.6200
419
485
523
442
468
-0.0981
-0.9409
-0.3094
3.4300
-3.8500
-4.2700
419
485
523
442
466
-0.0903
-0.9428
-0.2918
2.3100
-2.2400
-4.2000
419
484
523
442
469
-0.1010
-0.9384
-0.3118
3.2200
-2.9400
-3.0100
419
484
523
441
469
-0.1015
-0.9472
-0.2991
4.9000
-3.5700
-3.5000
419
484
523
441
470
-0.1064
-0.9496
-0.3001
-0.2800
-4.7600
-3.9900
419
483
523
440
471
-0.0996
-0.9482
-0.3138
2.1000
-4.6200
-2.6600
418
483
522
439
473
-0.1020
-0.9374
-0.3030
0.2800
-4.6200
-5.2500
417
483
522
439
473
-0.0937
-0.9379
-0.3026
1.2600
-4.2000
-4.1300
417
482
522
438
474
-0.0913
-0.9331
-0.3026
1.4700
-3.9900
-3.2900
417
482
522
438
475
-0.0961
-0.9404
-0.2996
-0.9800
-3.6400
-2.6600
416
482
521
437
473
-0.0952
-0.9418
-0.3157
3.5700
-2.6600
-3.3600
414
477
520
437
477
-0.0937
-0.9487
-0.3113
0.2800
-4.9700
-1.7500
413
475
519
436
476
-0.0971
-0.9487
-0.3089
0.1400
-2.5900
-2.8000
412
475
518
436
479
-0.0981
-0.9389
-0.3157
2.8000
-0.0700
-3.3600
412
475
518
436
478
-0.0883
-0.9448
-0.2977
2.7300
-2.0300
-2.5900
412
475
518
435
486
-0.0932
-0.9331
-0.2991
-10.5700
-9.4500
-0.2800
407
474
516
434
497
-0.1005
-0.9335
-0.3250
3.2900
-2.2400
-3.2200
403
474
515
432
505
-0.1039
-0.9374
-0.3040
-3.5000
-0.0700
-1.6100
394
475
514
428
519
-0.1030
-0.9296
-0.3382
-2.8700
1.6800
-2.3800
383
475
513
419
525
-0.0937
-0.9360
-0.3148
2.8700
0.2100
-3.9200
374
474
513
413
526
-0.0810
-0.9389
-0.3201
0.6300
-5.1800
-4.1300
362
473
513
408
535
-0.0752
-0.9213
-0.3118
2.8700
-10.8500
-3.4300
354
473
511
398
547
-0.0854
-0.9638
-0.3279
7.4900
-3.1500
-1.5400
346
473
510
393
558
-0.0927
-0.9418
-0.3206
7.2800
-6.0200
1.3300
349
475
508
386
578
-0.1010
-0.9472
-0.3118
8.4000
0.9100
0.4200
348
478
507
380
602
-0.1103
-0.9394
-0.2860
-4.9000
-5.6700
1.4700
344
481
505
377
642
-0.1210
-0.9379
-0.3201
-1.6100
-4.1300
-1.5400
341
482
504
370
665
-0.1118
-0.9609
-0.3157
-3.8500
-7.1400
-3.5700
338
482
502
363
671
-0.1113
-0.9414
-0.3372
-6.9300
-7.5600
7.7000
331
480
493
343
677
-0.1371
-0.9379
-0.3338
-23.3800
-13.4400
5.4600
320
465
481
335
699
-0.1352
-0.8989
-0.3680
-9.9400
-8.4000
5.6700
307
443
462
319
727
-0.1537
-0.8769
-0.3670
-10.8500
-11.6200
3.6400
293
402
435
303
761
-0.1815
-0.9145
-0.3802
-5.6000
-9.3100
0.0000
286
366
412
294
778
-0.1806
-0.8789
-0.4011
-5.6000
-7.3500
0.2100
282
349
399
291
800
-0.1791
-0.8989
-0.3992
-2.0300
-8.2600
-1.4700
275
335
380
289
812
-0.1962
-0.8877
-0.3987
-2.6600
-12.3200
-5.3900
266
311
353
287
821
-0.1928
-0.9018
-0.4119
-0.2100
-7.9100
-5.1100
258
292
328
287
827
-0.1991
-0.8843
-0.4055
1.5400
-4.1300
-4.2000
253
286
320
287
833
-0.1859
-0.8784
-0.4065
3.6400
-4.6200
-3.9900
251
284
317
287
835
-0.1898
-0.8774
-0.4002
0.0700
-4.0600
-2.8700
251
286
319
287
835
-0.2001
-0.8818
-0.4011
0.3500
-3.7100
-3.5700
251
287
320
287
834
-0.1864
-0.8808
-0.4138
1.8200
-4.2700
-4.3400
251
286
320
288
834
-0.1845
-0.8843
-0.4050
3.4300
-3.0100
-4.5500
250
286
320
288
837
-0.1898
-0.8994
-0.4172
0.3500
-0.5600
-4.1300
249
285
320
288
839
-0.1776
-0.8808
-0.4104
0.4900
-3.2200
-4.2700
249
285
320
289
840
-0.1825
-0.8808
-0.4153
3.5000
-5.1800
-2.5900
250
286
321
289
838
-0.1679
-0.8935
-0.4060
2.5900
-5.3200
-3.2200
251
288
322
290
835
-0.1879
-0.8891
-0.4148
1.2600
-3.7800
-3.8500
251
288
323
290
833
-0.1693
-0.8886
-0.4046
1.7500
-4.3400
-3.6400
252
289
324
291
832
-0.1796
-0.8804
-0.4070
3.0800
-5.5300
-3.6400
252
290
325
291
831
-0.1791
-0.8857
-0.4031
2.0300
-4.0600
-3.2200
253
291
326
291
830
-0.1728
-0.8965
-0.4006
1.3300
-4.6200
-3.5000
253
291
327
292
828
-0.1674
-0.8916
-0.4011
2.5200
-5.3200
-3.9200
254
292
327
292
827
-0.1806
-0.8965
-0.4041
1.6100
-4.2000
-3.3600
254
293
328
292
826
-0.1747
-0.8828
-0.4031
1.6800
-3.7800
-4.6900
254
293
328
292
825
-0.1728
-0.8906
-0.4060
3.0100
-4.7600
-4.0600
255
294
329
293
823
-0.1728
-0.8940
-0.3987
3.7100
-3.8500
-3.4300
256
295
330
293
820
-0.1728
-0.8921
-0.4021
3.1500
-4.6200
-3.3600
256
295
331
293
821
-0.1776
-0.9004
-0.4021
2.5200
-3.8500
-3.2200
256
296
331
293
817
-0.1723
-0.9018
-0.3977
1.8900
-3.7100
-3.5000
257
297
332
294
817
-0.1713
-0.8857
-0.4041
1.6800
-4.6200
-3.3600
257
297
332
294
815
-0.1762
-0.8906
-0.4109
2.7300
-2.8700
-3.1500
258
298
332
294
816
-0.1713
-0.8969
-0.3963
1.7500
-4.6200
-3.0800
258
298
332
295
814
-0.1752
-0.8921
-0.4016
2.4500
-4.2700
-2.9400
258
298
333
295
814
-0.1708
-0.8911
-0.4046
2.6600
-4.6200
-2.4500
258
298
333
295
813
-0.1747
-0.8945
-0.3967
1.4700
-4.7600
-2.6600
258
299
333
295
811
-0.1669
-0.9043
-0.3953
1.4000
-4.0600
-2.8700
259
299
334
295
812
-0.1781
-0.8911
-0.4006
2.3100
-3.6400
-3.2200
259
300
334
296
811
-0.1635
-0.8930
-0.4026
1.9600
-4.1300
-3.1500
259
300
335
296
811
-0.1610
-0.8940
-0.4016
2.1700
-4.3400
-3.1500
260
301
335
296
810
-0.1747
-0.9023
-0.3977
-0.2100
-3.4300
-3.7100
260
302
336
297
809
-0.1703
-0.8808
-0.4075
2.2400
-3.0800
-2.8700
260
302
336
297
809
-0.1737
-0.8901
-0.4075
1.8200
-2.5200
-3.1500
261
302
336
297
808
-0.1664
-0.8974
-0.4041
0.7000
-3.3600
-2.8000
261
303
336
297
808
-0.1664
-0.8901
-0.4138
1.7500
-1.7500
-3.0100
261
305
337
298
807
-0.1742
-0.8774
-0.3967
-3.2200
-3.5700
-2.1700
264
312
342
301
811
-0.1732
-0.8804
-0.4177
1.1900
-1.6800
-1.1900
274
333
357
308
790
-0.1698
-0.8823
-0.4343
11.2700
4.5500
-5.3200
291
360
397
329
735
-0.1552
-0.9057
-0.3792
3.3600
8.4700
-10.2900
316
388
434
354
695
-0.1318
-0.9004
-0.3958
8.7500
0.7000
-6.2300
332
405
451
367
678
-0.1264
-0.8843
-0.3689
11.3400
-1.1200
-6.5100
369
415
462
376
636
-0.1425
-0.8891
-0.3553
3.2900
0.7700
-4.5500
384
420
471
383
602
-0.1093
-0.9004
-0.3509
4.7600
-8.6100
-0.6300
394
431
484
393
577
-0.1186
-0.9296
-0.3582
16.5900
-2.7300
-8.4000
400
445
499
406
549
-0.0932
-0.9423
-0.3333
5.4600
-3.3600
-1.8200
405
457
510
422
530
-0.1005
-0.9204
-0.3450
6.8600
0.1400
-2.5200
408
468
516
434
508
-0.1205
-0.9418
-0.3304
9.7300
0.9800
-3.6400
410
475
520
440
496
-0.1098
-0.9394
-0.3021
7.2100
2.2400
-0.2800
412
479
522
444
481
-0.1044
-0.9487
-0.3099
5.6000
0.8400
1.0500
413
482
523
446
475
-0.1015
-0.9457
-0.3138
7.9800
-2.3100
0.4200
414
483
524
446
470
-0.1210
-0.9477
-0.3133
4.9700
-3.0800
-2.1000
414
484
524
446
472
-0.1220
-0.9550
-0.3026
4.0600
-1.8200
-4.7600
414
484
524
446
471
-0.1176
-0.9453
-0.3118
2.1000
0.0700
-3.2200
414
484
524
446
471
-0.1147
-0.9433
-0.3070
2.1700
0.2100
-2.5200
414
484
524
446
471
-0.1083
-0.9433
-0.3026
3.0800
-3.0100
-3.5000
416
486
524
446
470
-0.1074
-0.9370
-0.3084
2.8700
-1.8200
-3.5700
416
487
524
446
469
-0.1039
-0.9389
-0.3065
3.1500
-2.1000
-3.5700
418
487
525
447
468
-0.1010
-0.9399
-0.3065
3.3600
-4.4100
-3.0100
419
487
525
447
468
-0.1093
-0.9389
-0.3026
4.5500
-4.1300
-3.1500
419
488
525
447
469
-0.1025
-0.9389
-0.2899
4.9700
-5.6700
-3.2900
420
488
525
446
469
-0.1132
-0.9384
-0.2996
0.7700
-4.7600
-3.0100
420
488
525
446
469
-0.1020
-0.9370
-0.2869
3.5000
-6.3000
-3.0100
421
488
525
446
470
-0.1122
-0.9496
-0.2982
3.7100
-3.5000
-3.3600
421
489
525
446
470
-0.1039
-0.9516
-0.2889
2.0300
-4.5500
-2.6600
421
488
525
446
470
-0.1103
-0.9384
-0.2801
1.6100
-3.9200
-2.4500
421
488
525
446
468
-0.1049
-0.9443
-0.2757
2.8700
-2.6600
-4.0600
421
488
525
445
471
-0.1005
-0.9438
-0.2913
-1.4700
-4.4800
-3.2200
421
488
525
445
470
-0.1103
-0.9370
-0.2821
3.0100
-5.1100
-3.5000
420
488
524
445
472
-0.1015
-0.9374
-0.2791
4.4800
-5.2500
-3.2200
420
488
524
444
471
-0.1074
-0.9506
-0.2850
2.4500
-3.9200
-4.2700
420
488
524
444
475
-0.0942
-0.9282
-0.2738
0.7700
-8.2600
-2.5200
415
487
524
444
480
-0.1083
-0.9399
-0.2987
5.7400
-6.7200
-1.2600
411
487
523
444
487
-0.1186
-0.9516
-0.2752
2.4500
-5.0400
-0.1400
408
486
523
444
491
-0.1118
-0.9453
-0.2679
7.6300
-1.7500
-2.3800
405
486
523
443
500
-0.1142
-0.9545
-0.2767
7.0000
-0.9800
1.6100
399
486
522
442
519
-0.1127
-0.9780
-0.2557
4.2700
-4.9700
3.8500
388
486
522
439
542
-0.1254
-0.9555
-0.2899
0.7000
3.6400
11.7600
375
486
522
436
570
-0.1508
-0.9667
-0.2323
7.2800
-0.4200
-0.5600
355
485
522
433
602
-0.1288
-1.0019
-0.2113
7.0000
-5.1800
16.0300
335
483
521
428
623
-0.1249
-0.9721
-0.2425
17.7100
-0.4900
-2.8000
327
482
521
423
639
-0.1244
-0.9516
-0.2025
8.1200
2.3800
-2.1700
335
481
521
417
647
-0.1337
-0.9814
-0.2176
1.6100
6.5100
5.5300
338
480
519
407
653
-0.1474
-0.9867
-0.2279
-3.2200
-8.3300
-1.8900
345
475
514
391
661
-0.1986
-0.9394
-0.1552
-20.7900
-9.4500
-2.0300
354
466
507
374
668
-0.1571
-0.9223
-0.2499
-9.8000
-12.1800
-3.6400
358
460
498
357
677
-0.1757
-0.9365
-0.2826
-12.1100
-13.8600
1.1900
348
440
485
344
683
-0.1771
-0.9814
-0.3260
-17.0800
-6.4400
2.0300
330
416
471
331
703
-0.1874
-0.9223
-0.3089
-13.1600
-3.2200
0.7700
320
395
444
317
719
-0.1937
-0.9048
-0.3309
-11.6200
-9.2400
-2.5200
310
373
414
306
741
-0.2118
-0.8974
-0.3562
-19.6000
-9.9400
4.2700
294
347
380
301
771
-0.2362
-0.8716
-0.3772
-19.1100
-3.5700
3.2900
273
316
353
302
763
-0.2552
-0.8613
-0.4153
-11.4100
-3.7100
-3.8500
257
293
333
302
762
-0.2074
-0.8774
-0.4182
-2.3800
-5.6700
-5.2500
251
281
321
302
767
-0.2255
-0.8794
-0.3982
-8.2600
-2.1000
-6.2300
247
277
318
302
769
-0.2108
-0.8408
-0.4348
1.0500
-2.8700
-4.7600
246
276
317
302
774
-0.1937
-0.8579
-0.4226
2.3100
-6.5800
-5.1800
244
275
317
301
777
-0.2084
-0.8857
-0.4343
-0.7000
-3.2900
-4.6200
244
276
318
301
777
-0.1986
-0.8608
-0.4421
1.8900
-4.4800
-4.9700
244
277
319
301
777
-0.1967
-0.8711
-0.4299
3.2200
-3.5000
-5.5300
244
278
320
301
778
-0.1932
-0.8804
-0.4197
0.5600
-4.6200
-4.3400
244
279
321
301
777
-0.1947
-0.8608
-0.4363
4.1300
-2.8700
-4.6200
244
280
322
301
777
-0.1830
-0.8740
-0.4231
2.8700
-3.9900
-4.6900
244
280
322
301
777
-0.1820
-0.8857
-0.4431
3.4300
-4.4800
-4.9000
245
281
323
300
776
-0.1796
-0.8823
-0.4397
3.7100
-6.5800
-6.9300
245
282
324
301
777
-0.1791
-0.8721
-0.4290
3.9200
-6.3700
-5.3900
245
282
324
301
777
-0.1762
-0.8813
-0.4099
4.0600
-5.2500
-6.3000
245
282
324
301
778
-0.1693
-0.8882
-0.4207
3.2900
-4.7600
-4.9000
246
283
325
301
779
-0.1684
-0.8935
-0.4124
4.8300
-5.7400
-5.4600
246
284
326
302
779
-0.1713
-0.8911
-0.4055
5.4600
-8.4000
-3.7800
247
285
326
303
780
-0.1810
-0.8994
-0.4031
3.8500
-6.3000
-3.6400
247
286
327
303
779
-0.1791
-0.8969
-0.3938
3.7100
-4.9700
-4.2700
247
286
328
304
778
-0.1596
-0.8882
-0.3826
2.9400
-6.7200
-3.7100
248
287
329
304
777
-0.1737
-0.8969
-0.3943
1.6800
-3.2200
-4.9700
248
288
329
304
777
-0.1596
-0.8843
-0.3924
3.2900
-4.4800
-2.5900
248
288
330
304
777
-0.1664
-0.8984
-0.3914
3.5000
-4.2000
-3.7800
248
288
330
304
778
-0.1737
-0.8965
-0.3914
2.7300
-3.7800
-4.2000
249
288
330
304
777
-0.1625
-0.9057
-0.3894
3.1500
-4.8300
-3.7800
248
288
330
303
782
-0.1674
-0.9013
-0.3909
2.9400
-3.5000
-3.0800
248
288
330
303
783
-0.1630
-0.9028
-0.3836
1.7500
-4.9000
-4.0600
248
288
330
303
783
-0.1635
-0.8989
-0.4006
3.6400
-5.6000
-7.7000
248
288
330
302
785
-0.1591
-0.9096
-0.3889
4.4800
-4.9000
-4.8300
248
287
328
301
788
-0.1684
-0.9052
-0.3909
0.5600
-3.9200
-3.2900
247
287
328
301
790
-0.1649
-0.8838
-0.4011
4.9700
-5.2500
-3.6400
247
287
328
301
791
-0.1669
-0.9165
-0.3928
2.3100
-3.7100
-2.5900
247
287
328
301
792
-0.1601
-0.9048
-0.3738
1.1900
-4.4100
-2.9400
248
288
328
301
791
-0.1557
-0.9052
-0.3811
-0.9100
-3.8500
-2.4500
248
288
329
302
786
-0.1615
-0.8935
-0.3924
-2.6600
-1.1200
-2.5900
250
291
332
303
772
-0.1513
-0.8911
-0.4329
9.7300
2.2400
-5.2500
257
301
338
307
781
-0.1415
-0.9048
-0.3919
8.8900
2.8700
3.3600
273
324
354
318
776
-0.1649
-0.9140
-0.3528
9.6600
0.0700
-0.4900
294
358
396
336
727
-0.1415
-0.8833
-0.3611
2.5200
-3.5000
-1.6800
326
393
431
355
698
-0.1698
-0.8901
-0.3558
7.6300
-6.3000
-8.8200
343
417
451
367
686
-0.1718
-0.8891
-0.3626
3.9900
-1.1900
-12.9500
366
428
463
374
644
-0.1244
-0.9018
-0.3065
12.1100
-3.1500
-14.2800
395
433
476
382
605
-0.1186
-0.9272
-0.3650
-2.4500
-3.2200
-1.1200
402
442
487
390
579
-0.1366
-0.9199
-0.3772
7.4900
1.4700
-0.9100
404
446
494
401
559
-0.1352
-0.9199
-0.3626
2.7300
0.3500
-5.7400
405
453
503
412
542
-0.1313
-0.9443
-0.3699
9.3800
3.9900
-8.6800
407
464
513
425
527
-0.1166
-0.9243
-0.3436
6.4400
6.2300
-5.1100
409
472
518
433
517
-0.1059
-0.9311
-0.3475
8.7500
2.4500
-7.4900
411
478
521
440
496
-0.1059
-0.9384
-0.3250
5.5300
0.0000
-5.5300
412
482
522
443
481
-0.1039
-0.9374
-0.3299
6.0900
-1.7500
-5.3900
413
484
523
445
469
-0.0791
-0.9345
-0.3323
-0.5600
-3.3600
-3.3600
413
484
524
446
460
-0.0893
-0.9335
-0.3333
1.9600
-3.2200
-3.6400
413
485
524
446
453
-0.0834
-0.9433
-0.3284
-1.2600
-3.1500
-7.4200
413
485
524
447
445
-0.0615
-0.9350
-0.3231
-0.2800
-5.4600
-6.7200
414
485
524
447
439
-0.0576
-0.9331
-0.3348
-1.3300
-7.6300
-6.4400
413
485
524
447
433
-0.0566
-0.9321
-0.3387
-0.7000
-4.4100
-4.6200
413
485
524
446
430
-0.0439
-0.9262
-0.3445
1.6100
-5.9500
-5.8800
413
485
524
446
428
-0.0512
-0.9379
-0.3465
4.2000
-5.0400
-3.2900
413
485
524
446
428
-0.0532
-0.9409
-0.3494
2.3100
-3.0100
-4.6200
413
485
524
446
428
-0.0410
-0.9360
-0.3343
2.8700
-4.5500
-2.6600
413
485
524
446
426
-0.0508
-0.9394
-0.3465
5.1100
-2.7300
-3.5000
414
485
524
446
429
-0.0444
-0.9374
-0.3265
2.3800
-4.9000
-4.7600
414
485
524
446
430
-0.0473
-0.9379
-0.3294
3.4300
-4.6900
-4.6900
414
484
524
446
430
-0.0488
-0.9414
-0.3309
2.9400
-4.9000
-3.3600
414
484
524
446
431
-0.0429
-0.9453
-0.3353
2.7300
-4.9000
-3.9900
415
484
524
446
428
-0.0483
-0.9467
-0.3338
3.2200
-3.2200
-2.4500
415
484
524
446
431
-0.0429
-0.9428
-0.3333
1.6100
-4.0600
-2.3100
414
484
524
445
432
-0.0547
-0.9340
-0.3411
3.9900
-1.6100
-1.9600
414
484
524
446
432
-0.0400
-0.9404
-0.3172
1.1900
-3.9900
-3.4300
414
484
524
445
433
-0.0473
-0.9438
-0.3362
1.3300
-3.1500
-3.3600
414
484
524
445
433
-0.0410
-0.9350
-0.3323
7.7700
-6.6500
-7.1400
414
484
523
445
437
-0.0444
-0.9511
-0.3182
4.4100
-3.5700
-4.5500
415
484
523
445
443
-0.0337
-0.9457
-0.3294
5.9500
-4.3400
-1.8200
416
484
523
444
460
-0.0400
-0.9404
-0.3231
4.0600
-2.2400
1.1900
415
484
522
444
481
-0.0473
-0.9472
-0.3070
6.8600
-3.7800
-0.3500
413
483
521
441
510
-0.0298
-0.9482
-0.3323
11.5500
-6.1600
-7.7700
409
483
521
437
530
-0.0683
-0.9501
-0.1889
23.5900
-9.8000
-0.4900
402
487
522
430
542
-0.0283
-0.9716
-0.2713
10.9200
-9.3800
0.5600
400
489
523
424
561
-0.0795
-0.9428
-0.2557
-45.1500
-15.1900
1.8200
393
490
521
415
597
-0.0600
-0.9467
-0.2284
8.0500
-9.1700
2.5200
383
490
520
411
620
-0.0878
-0.9697
-0.2484
6.5800
-8.9600
-1.0500
376
490
519
408
645
-0.1005
-0.9506
-0.2367
10.1500
-5.3200
-5.1800
367
490
518
403
654
-0.0966
-0.9677
-0.2191
3.0800
-2.0300
-1.0500
374
491
517
400
650
-0.0874
-0.9545
-0.2167
-9.5200
-2.8700
5.3900
372
493
516
394
665
-0.0942
-0.9638
-0.2704
1.1200
-2.1000
0.8400
370
492
516
388
665
-0.0996
-0.9789
-0.2884
-9.6600
-3.2900
-2.8700
367
489
514
378
673
-0.1088
-0.9511
-0.2928
-6.5100
-5.5300
-9.9400
361
467
503
366
685
-0.0937
-0.9511
-0.3260
-11.7600
-7.5600
-6.3000
353
431
482
354
697
-0.0942
-0.9618
-0.3260
-10.1500
-8.1200
-9.1700
342
390
458
340
718
-0.0859
-0.9370
-0.3333
-13.3700
-14.2800
-1.9600
327
360
420
326
734
-0.1044
-0.9379
-0.3797
-13.3700
-12.3200
-3.8500
311
337
377
320
752
-0.1074
-0.8965
-0.3914
-5.5300
-12.4600
-5.6000
298
320
348
318
772
-0.1298
-0.9111
-0.3875
4.8300
-7.7700
-12.6700
290
306
337
314
776
-0.0996
-0.9321
-0.3494
1.6800
-9.1000
-10.0100
285
297
328
313
781
-0.1030
-0.8960
-0.3928
3.5000
-7.9100
-9.2400
279
288
320
311
788
-0.1025
-0.9048
-0.3689
8.6100
-7.7000
-4.2000
275
285
315
311
791
-0.0956
-0.9389
-0.3484
2.8000
-6.9300
-4.4100
274
284
314
310
789
-0.1049
-0.9179
-0.3611
4.4800
-7.1400
-9.2400
272
284
315
308
791
-0.0732
-0.9301
-0.3748
6.5100
-11.3400
-5.0400
272
285
318
309
793
-0.1088
-0.9170
-0.3479
2.3800
-4.4800
-0.8400
272
287
320
310
791
-0.1035
-0.9282
-0.3572
7.0000
-2.6600
-2.6600
273
288
321
310
790
-0.0786
-0.9301
-0.3270
0.5600
-8.9600
-2.3800
274
289
322
312
789
-0.1259
-0.9316
-0.3460
0.2100
-3.1500
-3.7100
274
291
323
312
789
-0.0844
-0.9340
-0.3387
0.2800
-5.3900
-2.6600
274
291
324
312
787
-0.1430
-0.9267
-0.3494
4.8300
-1.6800
-7.0000
274
292
324
312
787
-0.0678
-0.9399
-0.3577
1.6800
-6.9300
-3.2900
275
292
325
311
787
-0.1108
-0.9213
-0.3436
2.2400
-4.1300
-2.9400
275
293
325
311
787
-0.1025
-0.9233
-0.3396
0.3500
-2.8000
-1.4000
276
293
326
312
784
-0.1015
-0.9194
-0.3455
0.5600
-5.0400
-3.1500
276
294
327
312
783
-0.1059
-0.9326
-0.3465
4.2000
-3.5000
-3.3600
276
294
327
311
784
-0.0898
-0.9209
-0.3450
1.8200
-4.6900
-3.0800
276
295
327
311
785
-0.0922
-0.9267
-0.3479
3.7800
-5.2500
-2.7300
276
295
327
310
785
-0.1054
-0.9223
-0.3460
0.5600
-5.2500
-3.7100
276
295
328
310
786
-0.1064
-0.9272
-0.3558
1.6100
-2.1700
-1.4000
276
295
328
309
787
-0.0771
-0.9311
-0.3304
1.4700
-2.5200
-2.8000
276
295
328
308
787
-0.0771
-0.9374
-0.3333
-3.6400
-4.6900
-3.9900
276
295
328
309
787
-0.0859
-0.9165
-0.3582
-1.5400
-8.1200
-4.2700
277
296
328
309
786
-0.0908
-0.9170
-0.3631
0.7000
-5.3200
-2.3100
277
296
329
309
787
-0.0966
-0.9072
-0.3592
2.5900
-4.6200
-3.3600
276
295
328
309
788
-0.0893
-0.9306
-0.3611
0.8400
-4.4100
-3.7100
277
296
329
310
782
-0.0810
-0.9282
-0.3767
-3.5000
-3.0800
-5.0400
280
300
331
311
778
-0.0834
-0.9228
-0.3899
-9.3100
-1.1900
-5.8800
289
311
338
318
780
-0.0654
-0.9160
-0.3963
-2.1700
-1.0500
-5.1800
304
334
363
333
749
-0.0703
-0.9135
-0.3802
-3.2200
0.0000
-1.2600
314
364
404
352
725
-0.0703
-0.9140
-0.4006
5.6700
3.1500
-0.0700
324
387
429
368
712
-0.0913
-0.8823
-0.3826
4.6900
0.2100
-4.3400
330
396
440
376
707
-0.0625
-0.9052
-0.4290
7.4200
2.6600
-4.6200
337
406
450
386
661
-0.0791
-0.9321
-0.3826
4.0600
7.2800
-5.9500
347
415
460
395
606
-0.0332
-0.9101
-0.3738
2.5200
7.0700
-3.5000
352
417
468
399
584
-0.0166
-0.9257
-0.3772
7.9100
-0.2800
-1.7500
358
422
478
405
569
-0.0678
-0.9462
-0.3626
2.4500
2.1000
-7.0700
360
423
481
411
558
-0.0234
-0.9184
-0.3548
-1.4700
-0.9800
-1.8900
363
424
483
414
556
-0.0190
-0.9174
-0.3967
-4.0600
-6.7200
-0.7700
364
425
484
417
553
-0.0361
-0.8916
-0.3831
-7.1400
-4.0600
4.2000
365
430
489
421
570
-0.0239
-0.8896
-0.3884
2.9400
-5.6700
-0.4200
368
434
494
425
580
-0.0298
-0.9155
-0.3909
-1.5400
-11.6900
1.7500
370
436
495
435
600
-0.0176
-0.8672
-0.4421
4.1300
-5.3200
5.8100
370
437
496
444
576
-0.0712
-0.9179
-0.3972
4.2700
-10.5000
-1.5400
370
438
497
450
570
-0.1015
-0.9570
-0.3967
2.5200
-6.5100
0.9100
370
438
497
452
565
-0.0888
-0.9013
-0.3938
0.2100
-12.6000
2.5200
370
438
497
452
554
-0.0810
-0.9062
-0.2557
-1.6100
-9.8700
1.2600
370
439
497
453
552
-0.1181
-0.9184
-0.3558
0.9100
-5.0400
-0.2800
370
440
498
452
553
-0.1078
-0.9218
-0.3733
4.9000
-6.8600
-5.2500
371
443
498
452
553
-0.1127
-0.8520
-0.3714
0.5600
-5.1800
4.6200
372
444
499
450
550
-0.1186
-0.9365
-0.3636
3.0800
-10.2200
-4.4800
372
444
499
446
549
-0.1630
-0.9189
-0.3640
1.1200
-2.5900
-1.1900
372
444
499
441
550
-0.0864
-0.8818
-0.3972
9.3800
-15.2600
4.8300
372
444
499
435
551
-0.1606
-0.9614
-0.3484
7.7700
-7.8400
1.4000
372
445
499
434
548
-0.1596
-0.9209
-0.3582
0.7000
-3.7800
-9.3100
372
445
499
434
548
-0.1435
-0.9243
-0.3899
-0.6300
11.4100
-1.8900
373
445
499
421
548
-0.1479
-0.9106
-0.3582
-1.6800
9.2400
-9.9400
374
445
499
414
547
-0.0654
-0.9038
-0.3572
-3.2200
0.3500
-5.4600
374
445
499
414
557
-0.0922
-0.8930
-0.3948
-7.8400
-5.4600
0.5600
373
444
497
404
573
-0.1005
-0.9126
-0.3967
-3.7800
-2.5200
-4.4100
372
443
496
399
597
-0.1137
-0.8916
-0.4534
1.5400
-2.8700
-3.7100
366
443
495
394
629
-0.1039
-0.9052
-0.4211
3.9200
-4.0600
-8.0500
359
441
493
379
666
-0.0839
-0.9048
-0.4046
0.1400
-8.4000
-13.3000
355
440
492
369
678
-0.0795
-0.8989
-0.4226
14.6300
-8.5400
-15.4700
356
444
493
358
677
-0.0712
-0.9082
-0.3680
23.4500
-4.2000
0.2100
356
458
493
347
674
-0.0561
-0.9658
-0.3680
15.9600
2.1700
2.0300
354
469
493
332
678
-0.0815
-0.9345
-0.3260
3.0100
-0.7000
-0.2100
350
473
490
320
685
-0.0903
-0.9414
-0.3367
-1.8900
-3.0100
-0.2100
344
469
480
308
700
-0.0791
-0.9394
-0.3499
2.8000
-5.3200
-1.4700
336
453
474
299
718
-0.0908
-0.9433
-0.3426
-2.1700
-6.3700
0.1400
330
429
469
293
737
-0.0986
-0.9077
-0.3616
6.5100
-4.1300
0.4200
325
403
456
277
754
-0.0908
-0.9501
-0.3475
2.9400
-4.7600
-2.4500
318
371
442
263
783
-0.1064
-0.9316
-0.3621
1.8900
-7.7700
-2.1000
306
345
417
252
816
-0.1196
-0.9252
-0.3597
6.0900
-3.2200
0.2800
298
331
401
249
830
-0.1030
-0.9209
-0.3426
4.2700
-3.5700
0.2100
288
319
385
245
835
-0.1210
-0.9204
-0.3367
4.6200
-7.7700
-0.0700
279
306
361
236
843
-0.1332
-0.9189
-0.3382
3.6400
-7.7700
-3.9900
271
291
340
230
841
-0.1308
-0.9209
-0.3265
2.8700
-3.8500
-0.5600
264
281
330
227
836
-0.1352
-0.9374
-0.3328
2.4500
-3.0800
-2.3800
260
276
324
227
837
-0.1279
-0.9194
-0.3314
2.8000
-4.2000
-3.0800
257
273
321
227
848
-0.1215
-0.9355
-0.3245
5.1800
-7.1400
-3.5700
254
271
320
228
859
-0.1327
-0.9277
-0.3328
4.9700
-7.3500
-3.2900
253
271
319
228
865
-0.1327
-0.9414
-0.3255
7.4900
-6.5800
-5.3200
250
270
318
228
873
-0.1200
-0.9472
-0.3055
2.5900
-7.0000
-3.7800
248
270
318
228
878
-0.1240
-0.9379
-0.3123
3.5700
-8.1200
-3.0800
249
271
317
229
885
-0.1322
-0.9374
-0.3255
5.4600
-5.3900
-3.8500
250
271
317
228
886
-0.1225
-0.9487
-0.2938
0.7000
-6.0200
-3.2200
251
272
317
229
884
-0.1371
-0.9316
-0.3070
1.6800
-3.9900
-4.7600
251
272
317
229
885
-0.1176
-0.9355
-0.2991
0.5600
-4.6900
-3.5000
251
272
318
230
882
-0.1191
-0.9350
-0.3118
1.4700
-6.2300
-3.5700
252
273
319
230
877
-0.1225
-0.9384
-0.3084
0.9800
-4.7600
-3.2900
252
274
320
231
874
-0.1259
-0.9374
-0.3206
0.1400
-4.6900
-2.7300
252
275
321
231
866
-0.1308
-0.9252
-0.3104
1.0500
-2.6600
-2.9400
251
276
322
233
854
-0.1132
-0.9462
-0.3289
-0.4900
-1.4000
-2.2400
249
277
323
235
836
-0.1283
-0.9438
-0.3382
0.4900
-1.0500
-2.3800
246
279
325
237
815
-0.1166
-0.9262
-0.3343
-4.8300
-4.0600
-4.3400
239
282
327
239
796
-0.1230
-0.9130
-0.3304
-3.3600
-1.9600
-0.1400
237
285
329
240
785
-0.1244
-0.9365
-0.3465
-5.6000
-3.7800
-3.9900
238
288
331
241
781
-0.1415
-0.9067
-0.3650
-3.9200
-3.7800
-2.3100
241
291
333
242
778
-0.1366
-0.9282
-0.3562
-8.5400
-5.6000
-2.1700
242
292
334
243
781
-0.1298
-0.8950
-0.3733
-2.1000
-5.6000
-1.2600
242
292
335
244
779
-0.1396
-0.9140
-0.3987
-2.1700
-5.1800
-4.0600
243
293
336
245
778
-0.1508
-0.8974
-0.3889
0.0700
-4.2700
-1.1200
243
293
337
245
777
-0.1586
-0.9028
-0.4002
-1.4700
0.9100
2.1700
254
300
344
248
783
-0.1732
-0.8804
-0.3821
4.6900
7.5600
-0.1400
259
306
355
255
791
-0.1357
-0.8965
-0.3802
6.3000
2.1700
-6.0900
274
327
380
275
760
-0.1352
-0.9013
-0.3743
10.5700
-4.7600
-7.8400
296
358
408
300
738
-0.1279
-0.9326
-0.3645
5.5300
-0.8400
-12.0400
314
385
435
327
714
-0.1074
-0.9057
-0.3431
5.6700
-3.5700
-6.1600
334
405
456
352
631
-0.0386
-0.9477
-0.3714
23.5200
3.5000
-6.8600
345
415
470
371
529
-0.0991
-0.9404
-0.3333
-1.1200
7.5600
-6.3000
367
431
487
391
504
-0.1005
-0.9345
-0.3099
5.4600
9.1700
-6.0200
385
448
501
406
487
-0.0756
-0.9292
-0.3460
16.2400
7.6300
-0.8400
397
461
511
422
479
-0.0683
-0.9418
-0.2991
17.8500
4.5500
0.4900
403
471
517
435
466
-0.0825
-0.9638
-0.2733
8.2600
1.1900
-2.6600
407
478
521
444
461
-0.0703
-0.9531
-0.2782
10.7100
0.3500
-3.8500
410
483
522
450
455
-0.0639
-0.9794
-0.2635
11.2000
0.0700
-5.3200
412
487
524
454
448
-0.0639
-0.9706
-0.2455
18.2700
0.8400
-4.0600
416
491
526
457
433
-0.0337
-0.9550
-0.2123
15.1200
-5.1100
0.1400
419
494
527
459
428
-0.0678
-0.9872
-0.2118
5.8100
-5.4600
-0.7700
421
495
528
460
425
-0.0786
-0.9545
-0.1908
0.5600
-3.9900
-5.1100
421
495
528
460
423
-0.0654
-0.9828
-0.2079
3.7800
-3.2200
-3.7100
421
496
528
460
423
-0.0595
-0.9799
-0.2030
5.8100
-3.9900
-4.1300
421
496
528
461
423
-0.0620
-0.9550
-0.1928
2.3100
-6.6500
-2.8700
421
496
528
461
423
-0.0620
-0.9794
-0.1913
2.3100
-5.7400
-2.9400
421
496
528
461
424
-0.0791
-0.9819
-0.1967
0.7000
-4.4800
-5.8800
421
495
528
461
423
-0.0556
-0.9731
-0.2059
2.4500
-3.8500
-4.6900
421
496
528
462
423
-0.0483
-0.9740
-0.1781
1.1900
-8.8900
-5.1100
421
495
528
461
424
-0.0644
-0.9711
-0.2015
-2.1700
-6.7900
-3.7100
421
495
528
461
424
-0.0605
-0.9594
-0.2113
2.5900
-3.5000
-3.5000
421
495
528
461
422
-0.0420
-0.9740
-0.1972
7.6300
-6.1600
-3.9200
421
495
528
461
425
-0.0454
-0.9799
-0.1923
2.2400
-6.9300
-2.6600
421
495
528
462
425
-0.0586
-0.9848
-0.1918
0.4900
-4.0600
-4.9700
421
494
528
461
425
-0.0454
-0.9804
-0.1923
3.2200
-2.9400
-4.1300
421
494
528
461
425
-0.0459
-0.9672
-0.1762
9.2400
-4.6200
-7.3500
421
495
528
460
423
-0.0483
-0.9823
-0.1840
-0.8400
-3.9900
-5.6700
421
494
528
460
424
-0.0542
-0.9653
-0.1942
0.5600
-2.5900
-4.3400
421
494
528
459
425
-0.0307
-0.9560
-0.2001
0.9100
-6.4400
0.2100
421
494
528
459
426