-0.1586
-0.9770
0.0034
1.1200
-4.2000
-3.0100
410
473
509
431
565
-0.1649
-0.9780
0.0059
0.5600
-4.0600
-2.8700
410
473
509
431
563
-0.1654
-0.9804
0.0015
0.9800
-4.1300
-2.6600
410
472
509
431
565
-0.1659
-0.9823
-0.0005
-0.6300
-3.1500
-3.2900
410
472
509
430
566
-0.1693
-0.9784
-0.0029
-0.5600
-4.4800
-1.5400
410
472
509
430
566
-0.1635
-0.9862
-0.0039
-1.4000
-3.9900
-3.3600
410
472
509
429
565
-0.1610
-0.9682
-0.0195
-4.7600
-3.5700
-1.8900
410
471
509
429
566
-0.1713
-0.9789
-0.0142
-4.9700
-0.8400
-1.5400
409
471
510
428
568
-0.1635
-0.9936
-0.0351
-10.0100
2.0300
-1.6800
409
470
512
428
572
-0.1615
-0.9882
-0.0644
-10.0800
2.3100
5.2500
406
469
515
428
573
-0.1752
-0.9672
-0.0727
-13.7200
7.2100
13.0900
401
468
517
429
577
-0.2298
-0.9604
-0.1035
-10.0800
5.1800
8.7500
390
466
519
429
583
-0.2211
-0.9579
-0.1283
-12.8800
-0.9100
-0.7700
373
447
519
430
588
-0.2362
-0.9262
-0.1606
-6.5100
-4.4800
-0.1400
343
417
519
430
593
-0.2377
-0.9584
-0.1762
-3.6400
-5.3200
-1.4700
296
361
519
429
591
-0.2474
-0.9311
-0.1693
4.6200
-6.2300
-1.7500
246
315
518
429
583
-0.2503
-0.9316
-0.1669
7.7000
-8.0500
-3.5000
224
298
517
427
573
-0.2445
-0.9550
-0.1366
-1.8200
-13.7200
-5.9500
216
293
515
423
567
-0.2128
-0.9492
-0.1484
-19.5300
-10.5000
-3.6400
213
289
513
420
563
-0.2547
-0.9287
-0.1967
-33.8100
-21.0700
-4.4800
211
286
511
409
565
-0.2577
-0.9467
-0.2377
-30.8700
-16.9400
-5.1100
211
288
510
396
569
-0.2367
-0.8994
-0.2991
-24.7100
-15.1900
-4.6900
211
289
509
388
579
-0.2474
-0.9252
-0.3265
-17.2200
-15.5400
-8.4000
212
291
509
383
608
-0.2533
-0.8813
-0.3719
-11.2700
-9.2400
0.0000
214
294
510
377
636
-0.2440
-0.8911
-0.3587
-6.8600
-0.9100
2.7300
216
297
510
372
680
-0.2679
-0.8769
-0.3733
-5.8800
-8.6100
1.2600
217
299
510
362
693
-0.2728
-0.8262
-0.3938
-13.3700
-3.3600
-7.9100
219
299
509
346
698
-0.3475
-0.8394
-0.4133
-14.4200
-6.7200
-2.5900
220
297
506
331
701
-0.2948
-0.8462
-0.4260
-10.7100
-4.4800
-6.2300
221
296
492
312
703
-0.2791
-0.8306
-0.4343
-7.7000
-3.9900
-4.0600
222
295
472
294
709
-0.2694
-0.7842
-0.4773
-4.3400
-10.9900
-5.8800
223
296
411
260
726
-0.2865
-0.8330
-0.5119
1.8200
-1.0500
-9.1000
224
298
353
228
748
-0.2806
-0.8472
-0.4646
2.5900
0.6300
-5.3200
224
298
322
215
750
-0.2557
-0.8408
-0.4690
-0.6300
-4.4100
-4.3400
224
297
306
210
736
-0.2381
-0.8457
-0.4724
-1.8900
-0.4900
-6.3700
225
296
301
208
716
-0.2562
-0.8233
-0.4978
-3.5000
-3.8500
-7.7000
225
296
300
208
707
-0.2264
-0.8257
-0.4592
-1.1200
-3.9200
-5.3200
225
296
301
209
704
-0.2167
-0.8447
-0.5270
-2.6600
-6.6500
-7.4200
225
295
304
210
703
-0.2264
-0.8369
-0.6046
-1.9600
-9.7300
-7.9100
226
294
306
211
704
-0.2328
-0.8838
-0.5378
-6.5100
0.4200
-7.2100
226
292
307
212
705
-0.2128
-0.8340
-0.4319
-14.5600
4.4800
-6.6500
226
285
309
214
706
-0.2128
-0.7310
-0.3372
-1.6800
-5.3200
-20.3700
226
285
310
214
708
-0.2606
-0.7588
-0.4529
18.6200
-1.2600
-6.4400
226
289
311
215
713
-0.1840
-0.8794
-0.4826
4.8300
9.5900
6.8600
227
290
312
216
710
-0.1684
-0.8472
-0.5549
4.4100
11.2700
4.8300
227
291
313
217
707
-0.1376
-0.8452
-0.5046
2.3800
-6.9300
1.6100
227
291
314
217
706
-0.1796
-0.8423
-0.5290
2.0300
-7.2800
-2.7300
227
291
315
218
707
-0.1957
-0.8320
-0.4885
3.0100
-5.2500
-1.0500
228
291
316
218
707
-0.1815
-0.8359
-0.5046
4.2700
-7.2800
-1.8900
228
291
317
219
708
-0.1996
-0.8398
-0.5061
4.3400
-6.7900
-1.9600
228
292
318
220
707
-0.1898
-0.8296
-0.5285
2.7300
-4.7600
0.6300
229
293
318
220
706
-0.2035
-0.8384
-0.4904
1.6800
-3.2200
-1.1900
229
293
319
220
705
-0.1815
-0.8335
-0.4821
5.3200
-3.2900
-3.5000
229
294
320
221
706
-0.2064
-0.8413
-0.4880
4.7600
-1.7500
0.1400
229
294
320
221
705
-0.1967
-0.8433
-0.4670
4.6200
-3.2900
-0.7000
230
295
321
222
705
-0.1708
-0.8438
-0.4900
2.8700
-7.2800
-2.5200
230
295
321
222
708
-0.2289
-0.8599
-0.4904
0.5600
-4.1300
-2.8000
230
296
322
222
705
-0.1864
-0.8711
-0.4846
3.1500
-5.1800
-6.2300
230
296
322
223
705
-0.1947
-0.8223
-0.4860
7.9800
-10.7800
-9.3100
230
296
323
223
707
-0.2030
-0.8550
-0.4675
6.2300
-7.0700
-3.5000
230
297
323
223
707
-0.1976
-0.8428
-0.4665
6.8600
-6.5100
-4.6200
230
299
323
224
707
-0.2128
-0.8608
-0.4294
6.1600
-4.4100
-1.8200
230
300
324
224
709
-0.2181
-0.8550
-0.4548
1.7500
-1.1900
0.2100
231
301
324
224
706
-0.2694
-0.8589
-0.4626
6.0200
11.2700
-3.0100
231
299
325
225
704
-0.1688
-0.8804
-0.4446
5.4600
10.0800
-6.5800
231
295
325
225
703
-0.0698
-0.8682
-0.4270
-0.9800
-20.0200
-6.1600
231
297
325
226
704
-0.2474
-0.8901
-0.4470
2.7300
-3.0100
-8.3300
231
298
326
226
704
-0.1806
-0.8603
-0.4290
3.8500
-5.0400
-5.3200
231
299
326
226
707
-0.1610
-0.8872
-0.4343
3.0800
-7.6300
-1.4700
231
299
326
227
706
-0.2147
-0.8852
-0.4246
-2.1000
-3.5700
-6.2300
232
299
327
227
706
-0.1781
-0.8823
-0.4524
-0.2800
-4.5500
-3.2200
232
300
327
227
704
-0.1532
-0.8613
-0.4338
-3.3600
-2.5200
-3.0800
232
300
327
228
673
-0.1859
-0.8701
-0.4455
0.5600
-5.5300
1.6800
232
300
327
228
672
-0.2069
-0.8642
-0.4807
-2.6600
5.0400
-2.1700
235
302
335
232
706
-0.1684
-0.8496
-0.4651
8.8200
4.7600
-2.2400
244
312
357
246
707
-0.1893
-0.8594
-0.4558
10.3600
7.5600
-0.2800
257
324
401
280
682
-0.1928
-0.7979
-0.4202
15.7500
2.8000
-6.1600
270
333
428
304
663
-0.1527
-0.8930
-0.4182
6.3000
2.4500
-8.1200
285
342
443
321
645
-0.1708
-0.8721
-0.4085
10.5700
1.7500
-4.4800
303
357
457
341
631
-0.1923
-0.9379
-0.3909
25.6900
13.7200
-7.0700
324
386
478
369
562
-0.1547
-0.8638
-0.3401
25.1300
5.9500
-7.0000
354
423
494
386
537
-0.1928
-0.8877
-0.3030
12.6000
3.3600
1.8200
378
448
503
405
516
-0.1225
-0.9409
-0.3065
18.3400
6.0900
-9.5200
391
467
509
420
505
-0.0913
-0.9350
-0.3055
13.3000
-0.9100
4.6200
398
477
514
434
499
-0.1122
-0.8960
-0.2933
13.1600
-2.7300
1.5400
403
483
519
445
491
-0.1298
-0.9311
-0.2840
17.2900
-0.5600
-0.3500
406
486
522
452
485
-0.1425
-0.9780
-0.2499
15.7500
4.1300
-2.1700
407
488
524
459
479
-0.1308
-0.9374
-0.2503
11.5500
-2.6600
0.9100
409
489
526
462
473
-0.1405
-0.9604
-0.2289
2.8000
-5.8800
-6.3000
410
489
526
462
474
-0.1440
-0.9511
-0.2401
0.9800
-4.2700
-3.4300
410
489
526
462
472
-0.1264
-0.9560
-0.2406
5.4600
-6.5800
-2.8700
410
489
526
462
474
-0.1430
-0.9404
-0.2255
3.5700
-4.3400
-2.8700
410
489
526
462
474
-0.1498
-0.9560
-0.2157
5.6700
-4.0600
-5.5300
410
489
527
462
474
-0.1376
-0.9653
-0.2240
3.7800
-5.4600
-5.6000
410
489
526
462
475
-0.1308
-0.9570
-0.2264
1.4000
-5.5300
-4.1300
409
489
526
461
476
-0.1425
-0.9482
-0.2152
0.5600
-5.0400
-5.3200
409
489
526
460
477
-0.1396
-0.9555
-0.2294
7.1400
-2.5200
-3.9200
408
485
526
460
477
-0.1508
-0.9575
-0.2045
8.5400
-4.4100
-3.7100
406
478
526
458
483
-0.1240
-0.9770
-0.2015
1.4000
-1.4700
-2.2400
404
472
526
457
486
-0.1288
-0.9599
-0.2108
-6.0200
0.4200
6.8600
402
465
526
456
495
-0.1479
-0.9638
-0.2313
1.7500
-1.1900
4.3400
390
453
526
454
509
-0.1606
-0.9287
-0.2289
4.5500
-1.2600
3.8500
369
415
525
453
522
-0.1825
-0.9545
-0.2699
8.4000
-3.6400
-2.0300
318
337
524
451
531
-0.2167
-0.9853
-0.2040
3.7100
-2.0300
-3.0800
313
305
523
450
542
-0.1557
-0.9296
-0.2225
0.7700
-5.3200
-3.5000
283
299
521
448
546
-0.1513
-0.9326
-0.2137
3.7100
-6.8600
-0.5600
267
294
519
446
551
-0.1674
-0.9848
-0.2186
2.3100
-4.6900
-1.6800
259
291
516
442
546
-0.1874
-0.9321
-0.2206
-1.2600
-8.2600
-3.9900
253
291
513
436
548
-0.2162
-0.9575
-0.2259
-5.1100
-41.2300
2.8000
250
293
512
421
568
-0.2084
-0.9653
-0.2167
-18.4800
-11.4800
-0.9800
249
292
510
404
608
-0.1864
-0.9331
-0.2445
-14.8400
-10.5700
-2.6600
247
289
509
392
631
-0.1937
-0.9223
-0.2552
-30.5900
-15.2600
-7.4200
244
286
504
376
651
-0.1810
-0.9423
-0.3177
-19.9500
-13.1600
0.3500
243
287
495
364
657
-0.2108
-1.0219
-0.3743
-21.2800
-10.8500
-7.9800
241
288
486
348
657
-0.1737
-0.9213
-0.3948
-10.7100
-3.8500
-12.4600
242
288
475
329
659
0.0527
-0.9165
-0.3972
-8.6100
-7.1400
-8.7500
243
287
457
308
662
-0.1479
-0.9170
-0.4006
-1.6100
-9.9400
-4.9700
244
288
442
291
671
-0.1684
-0.9082
-0.3967
-3.7800
-9.3100
-6.2300
244
288
401
262
703
-0.1576
-0.8862
-0.3821
1.5400
-3.2900
-4.4100
244
287
351
235
734
-0.1488
-0.9062
-0.3953
1.3300
-6.7200
-4.9700
244
286
327
223
737
-0.1542
-0.8867
-0.3982
1.7500
-1.4700
-2.2400
244
286
312
218
734
-0.1591
-0.9101
-0.4075
3.4300
-3.9900
-4.0600
245
284
303
217
731
-0.1659
-0.9033
-0.3933
6.3000
-5.2500
-4.2700
245
284
301
217
728
-0.1513
-0.9170
-0.3826
1.8900
-4.7600
-5.3200
245
283
300
218
725
-0.1430
-0.8867
-0.3821
2.5200
-3.2200
-2.7300
245
282
299
218
720
-0.1518
-0.9008
-0.3797
0.2100
-2.8700
-3.2200
246
282
300
219
719
-0.1571
-0.9101
-0.3933
4.3400
-3.3600
-4.6200
246
281
300
220
717
-0.1415
-0.8989
-0.3899
3.0800
-4.2000
-3.2900
246
281
301
221
715
-0.1513
-0.9043
-0.3782
2.2400
-5.6000
-4.1300
246
282
302
222
717
-0.1532
-0.9033
-0.3826
1.8900
-4.2000
-3.2900
246
282
303
223
713
-0.1410
-0.9018
-0.3850
1.9600
-4.6200
-1.9600
247
282
304
224
712
-0.1430
-0.9121
-0.3845
2.8000
-4.7600
-2.8700
247
283
305
224
711
-0.1542
-0.9038
-0.3875
2.3800
-2.9400
-3.6400
247
283
306
225
710
-0.1484
-0.9067
-0.3816
2.1700
-3.7100
-4.0600
247
283
307
226
709
-0.1484
-0.9072
-0.3816
1.9600
-3.0800
-4.1300
248
283
307
226
711
-0.1425
-0.8969
-0.3894
2.1000
-4.1300
-2.2400
248
283
308
227
710
-0.1435
-0.8994
-0.3782
3.0800
-3.4300
-1.4700
248
283
308
227
711
-0.1454
-0.9135
-0.3753
0.2100
-3.7100
-3.5000
248
282
309
227
712
-0.1420
-0.8926
-0.3821
2.3100
-3.9900
-3.4300
248
283
309
228
712
-0.1449
-0.9116
-0.3836
3.2900
-5.0400
-3.8500
248
283
309
228
713
-0.1371
-0.9096
-0.3787
2.4500
-5.2500
-3.3600
248
283
310
229
713
-0.1498
-0.9106
-0.3831
1.1900
-4.2700
-3.5700
248
283
311
229
714
-0.1440
-0.9018
-0.3777
0.1400
-5.0400
-3.0100
248
283
311
229
716
-0.1518
-0.9130
-0.3806
1.8200
-4.2700
-3.7100
248
283
311
229
717
-0.1440
-0.9082
-0.3870
2.6600
-4.8300
-7.3500
248
284
311
230
717
-0.1440
-0.9140
-0.3831
1.6100
-4.4100
-3.7100
248
284
311
230
722
-0.1401
-0.9096
-0.3787
3.5000
-4.9700
-4.2700
248
284
311
230
721
-0.1464
-0.9111
-0.3792
-0.6300
-4.9000
-2.7300
248
284
311
230
718
-0.1435
-0.8994
-0.3748
-3.0800
-3.9900
-1.4000
249
284
312
231
713
-0.1440
-0.8950
-0.3816
-4.6200
-2.7300
-2.5200
250
285
318
233
710
-0.1430
-0.8969
-0.4011
-2.1700
-0.6300
-1.8200
254
287
329
237
730
-0.1425
-0.8926
-0.4138
-0.2100
0.9100
-0.2800
260
289
345
246
725
-0.1454
-0.8945
-0.4094
-2.6600
1.1900
0.4200
271
294
372
267
691
-0.1352
-0.8857
-0.4119
3.5700
-2.8700
-3.8500
292
307
412
300
657
-0.1454
-0.9008
-0.4226
6.3700
0.3500
-9.3100
306
317
431
320
639
-0.1249
-0.8896
-0.3987
11.5500
-0.9800
-7.3500
315
328
440
330
631
-0.1205
-0.8950
-0.3904
6.0900
0.0700
-6.0900
320
335
448
339
626
-0.1147
-0.9023
-0.3924
9.2400
4.8300
-2.6600
326
346
457
351
618
-0.1137
-0.8916
-0.3924
12.6000
1.9600
-3.9900
334
359
469
363
591
-0.1405
-0.9067
-0.3577
10.4300
3.5000
-2.0300
340
369
478
376
585
-0.1010
-0.9443
-0.3533
15.6100
4.2000
-6.7200
359
396
491
389
565
-0.0883
-0.9428
-0.3797
21.2100
0.0700
-0.8400
388
439
505
408
528
-0.0981
-0.9496
-0.2996
14.7000
0.4900
2.9400
401
470
513
432
506
-0.0898
-0.9667
-0.3079
13.5800
-5.4600
6.2300
411
484
520
449
479
-0.1225
-0.9370
-0.2562
13.9300
-1.5400
-3.6400
414
488
523
456
462
-0.1283
-0.9389
-0.2508
4.5500
-2.2400
-1.4000
415
491
524
458
451
-0.1274
-0.9618
-0.2630
6.7200
-1.2600
-3.6400
417
493
525
460
438
-0.1132
-0.9496
-0.2157
4.3400
-3.2900
-3.5700
418
495
526
461
436
-0.1279
-0.9545
-0.2313
-0.0700
-2.7300
-3.7100
419
495
526
461
433
-0.1186
-0.9399
-0.2362
6.8600
-5.0400
-4.2000
420
496
527
462
432
-0.1093
-0.9755
-0.2279
2.3100
-3.7800
-3.2200
420
496
527
462
432
-0.1249
-0.9550
-0.2333
1.9600
-3.0800
-2.3800
420
496
527
462
432
-0.1093
-0.9565
-0.2264
0.7700
-4.9700
-4.2000
420
496
527
462
432
-0.1083
-0.9628
-0.2308
3.9900
-3.9200
-3.8500
421
496
527
462
430
-0.1039
-0.9760
-0.2230
1.7500
-3.6400
-4.4800
421
496
527
462
432
-0.1044
-0.9409
-0.2386
2.5900
-3.9200
-4.9700
420
496
527
462
433
-0.1054
-0.9589
-0.2259
2.3100
-5.4600
-5.3900
420
495
527
461
433
-0.0942
-0.9599
-0.2313
0.7700
-4.3400
-4.5500
420
495
527
461
434
-0.1039
-0.9609
-0.2318
3.0800
-4.5500
-3.4300
420
495
527
461
434
-0.1098
-0.9672
-0.2298
2.1000
-4.2700
-3.5000
420
494
527
459
435
-0.1083
-0.9575
-0.2328
2.6600
-4.6200
-5.8800
419
493
527
459
434
-0.1054
-0.9643
-0.2191
3.7800
-0.3500
-5.6700
419
492
527
458
438
-0.0825
-0.9579
-0.2245
4.1300
-3.5000
-6.8600
417
488
526
456
441
-0.0776
-0.9672
-0.2430
3.5700
-0.9800
-4.1300
416
480
526
453
448
-0.1176
-0.9516
-0.2069
2.7300
0.5600
-5.9500
414
460
525
451
457
-0.0654
-0.9745
-0.2313
9.3800
1.2600
-2.8700
405
452
524
449
470
-0.0898
-0.9701
-0.2015
-2.5900
-1.6100
6.3000
401
447
524
446
483
-0.1259
-0.9692
-0.2386
5.0400
6.8600
3.0800
378
434
523
444
500
-0.0952
-0.9614
-0.2059
1.4700
9.5900
10.9900
348
403
522
442
512
-0.0747
-0.9389
-0.2474
-1.6100
-2.2400
8.0500
290
357
521
439
523
-0.1425
-0.9453
-0.2235
11.3400
1.1200
-1.8200
249
313
520
435
526
-0.1391
-0.9604
-0.1601
5.7400
-4.9000
-6.8600
234
296
518
428
533
-0.1103
-0.9628
-0.2001
8.6800
-8.1900
-5.9500
230
293
515
420
545
-0.1469
-0.9448
-0.1469
-1.8900
-25.4800
-0.8400
226
295
517
405
597
-0.1415
-0.9721
-0.2269
-31.2200
-18.2700
-7.4200
224
294
516
389
623
-0.1537
-0.9418
-0.3060
-28.2800
-13.3000
-6.5800
225
295
514
377
638
-0.1430
-0.9628
-0.3221
-18.5500
-13.7900
-11.2000
225
294
510
368
649
-0.1440
-0.9409
-0.3748
-11.1300
-13.5100
-16.3100
224
295
494
351
657
-0.1444
-0.9809
-0.3855
2.2400
-13.0900
-14.1400
223
293
472
322
662
-0.1225
-0.9418
-0.4109
8.1900
-10.3600
-10.7100
223
293
444
291
681
-0.1474
-0.9199
-0.3694
10.5000
-9.0300
-3.9200
224
294
409
264
727
-0.1596
-0.9062
-0.3504
1.9600
-8.6100
-0.0700
224
295
364
241
746
-0.1771
-0.9101
-0.3426
-1.6100
-3.2900
-2.4500
226
297
329
227
739
-0.1620
-0.9248
-0.3499
3.8500
-3.2200
-3.5700
226
296
312
221
731
-0.1469
-0.9228
-0.3460
5.2500
-4.4800
-3.7100
225
296
310
222
732
-0.1664
-0.9233
-0.3445
9.3100
-5.4600
-6.2300
225
296
309
222
730
-0.1566
-0.9257
-0.3304
3.0800
-2.5900
-1.0500
226
297
312
224
725
-0.1606
-0.9355
-0.3318
1.4700
-3.5000
-1.9600
227
297
316
227
721
-0.1498
-0.9155
-0.3421
-0.7000
-4.9000
-4.6200
227
297
318
228
719
-0.1571
-0.9170
-0.3387
1.9600
-2.8000
-4.4100
228
298
320
230
717
-0.1566
-0.9170
-0.3406
3.8500
-3.2900
-4.6900
228
298
320
230
716
-0.1557
-0.9311
-0.3362
3.6400
-4.3400
-3.2200
228
299
322
231
716
-0.1586
-0.9096
-0.3401
3.5700
-4.2000
-3.4300
228
299
323
232
715
-0.1557
-0.9321
-0.3450
2.7300
-4.2700
-3.0100
229
299
323
233
715
-0.1537
-0.9267
-0.3348
2.8700
-1.7500
-1.7500
229
299
324
233
714
-0.1566
-0.9311
-0.3421
0.2800
-3.5000
-4.5500
229
300
326
234
714
-0.1508
-0.9282
-0.3299
1.2600
-4.2700
-2.4500
230
300
327
235
713
-0.1566
-0.9179
-0.3338
0.0700
-3.7800
-2.3800
230
300
327
235
715
-0.1532
-0.9272
-0.3401
1.0500
-3.7100
-2.6600
230
301
328
236
713
-0.1542
-0.9218
-0.3343
3.3600
-5.6000
-2.5900
230
301
329
237
712
-0.1625
-0.9267
-0.3372
1.2600
-2.8000
-2.5900
230
302
329
237
711
-0.1435
-0.9213
-0.3279
1.6100
-5.0400
-2.8000
231
302
329
237
712
-0.1576
-0.9233
-0.3260
-0.0700
-3.9900
-1.8200
231
302
330
237
712
-0.1571
-0.9189
-0.3367
1.2600
-2.7300
-1.6800
231
302
330
238
711
-0.1591
-0.9223
-0.3318
0.5600
-1.8200
-2.6600
231
302
330
238
711
-0.1381
-0.9189
-0.3172
-1.2600
-6.5800
-2.1700
231
302
331
239
710
-0.1728
-0.9043
-0.3436
1.1200
-2.8700
-2.0300
232
303
333
239
708
-0.1669
-0.9111
-0.3538
-0.4900
-1.5400
-8.6800
233
302
341
242
722
-0.1498
-0.9155
-0.3338
10.9900
1.8900
-7.2100
242
311
362
253
714
-0.1298
-0.8901
-0.3470
22.8900
12.1100
-11.2000
270
333
421
301
671
-0.1396
-0.9238
-0.2596
13.4400
5.1800
-7.7000
300
363
462
344
632
-0.1157
-0.9428
-0.2948
23.1000
4.3400
-3.7100
327
393
481
370
551
-0.1030
-0.9433
-0.2694
29.3300
8.4700
0.7000
349
416
492
393
521
-0.1161
-0.9008
-0.2552
18.9000
17.5700
9.3800
379
447
506
411
501
-0.0664
-0.9496
-0.1293
22.9600
9.3800
14.7000
394
468
515
432
482
-0.1264
-0.9926
-0.1571
11.0600
-5.9500
8.0500
403
481
520
448
467
-0.1449
-0.9614
-0.1757
11.4100
-3.2900
0.2100
407
486
522
454
453
-0.1269
-0.9853
-0.1347
-2.8000
-3.0100
-0.7700
409
489
524
456
450
-0.1405
-0.9858
-0.1684
-10.8500
-2.7300
-1.9600
409
489
524
456
449
-0.1459
-0.9521
-0.1771
-0.7700
-3.7800
-2.7300
408
489
524
456
449
-0.1293
-0.9623
-0.1684
-1.6100
-4.9000
-2.1700
408
487
524
456
449
-0.1308
-0.9677
-0.1820
-2.5900
-3.0100
-2.5900
407
487
524
456
449
-0.1376
-0.9697
-0.1869
2.7300
-3.8500
-2.1700
408
487
524
455
449
-0.1498
-0.9643
-0.1898
2.7300
-3.1500
-4.2000
407
487
524
455
449
-0.1249
-0.9667
-0.1845
2.4500
-4.5500
-2.0300
407
486
524
455
450
-0.1479
-0.9623
-0.1859
1.8900
-3.5000
-2.2400
407
486
524
454
450
-0.1464
-0.9721
-0.1791
-1.1900
-6.5100
-4.9700
406
485
524
453
450
-0.1454
-0.9633
-0.1986
-2.8000
-5.3200
-3.3600
406
484
524
453
450
-0.1430
-0.9672
-0.1957
2.0300
-5.3900
-4.6200
405
484
524
452
450
-0.1376
-0.9575
-0.2040
-1.4700
-3.6400
-3.5700
405
483
524
452
451
-0.1371
-0.9584
-0.1962
3.5700
-3.3600
-5.1100
405
483
524
452
451
-0.1308
-0.9623
-0.1947
1.8200
-4.3400
-3.2200
404
483
523
451
452
-0.1313
-0.9701
-0.2079
2.5200
-4.4800
-4.6900
404
483
523
450
452
-0.1283
-0.9599
-0.2128
5.0400
-4.5500
-3.2900
404
483
523
450
453
-0.1342
-0.9648
-0.1845
1.8900
-5.0400
-3.1500
404
483
523
449
453
-0.1381
-0.9667
-0.1972
-1.8200
-3.9200
-3.7800
402
482
523
449
454
-0.1313
-0.9623
-0.2050
-4.9700
-4.4100
-1.1200
393
474
522
447
456
-0.1503
-0.9633
-0.2181
2.5200
-3.5000
-2.1000
373
456
521
447
458
-0.1430
-0.9462
-0.2064
2.3800
-2.1000
-1.7500
353
437
521
446
460
-0.1532
-0.9565
-0.1869
2.4500
-4.3400
-1.2600
340
429
521
445
461
-0.1444
-0.9653
-0.2108
3.1500
-1.6800
-2.1700
326
411
521
445
464
-0.1347
-0.9584
-0.1972
4.1300
-4.3400
-2.8700
308
369
520
444
469
-0.1357
-0.9614
-0.1976
-5.2500
-4.4100
-0.5600
280
333
520
443
472
-0.1508
-0.9594
-0.2289
-0.3500
-3.5700
-3.8500
253
310
518
442
474
-0.1318
-0.9677
-0.2342
0.7700
-1.9600
-4.2700
239
301
515
440
483
-0.1308
-0.9540
-0.2186
1.1200
-2.1700
-5.0400
229
292
505
437
491
-0.1415
-0.9433
-0.2206
-1.4000
-7.6300
-6.0200
225
287
502
431
508
-0.1249
-0.9477
-0.2943
-10.2200
-9.1700
-1.6100
224
286
501
422
523
-0.1298
-0.9340
-0.2503
-13.7900
-12.0400
1.4700
224
288
501
413
547
-0.1371
-0.9355
-0.2621
-18.3400
-16.3800
-1.8200
225
292
501
403
578
-0.1698
-0.9077
-0.3050
-17.2900
-15.1200
-5.6700
225
295
501
392
605
-0.1703
-0.9023
-0.3323
-14.2100
-12.7400
-5.1100
225
295
501
381
622
-0.1918
-0.8979
-0.3255
-3.4300
-19.8100
-4.6900
224
294
497
371
627
-0.1596
-0.8804
-0.4324
-15.6100
-21.9100
-7.0700
224
295
491
360
621
-0.1703
-0.9033
-0.4182
2.6600
-18.7600
-0.4900
225
296
478
337
616
-0.2054
-0.9116
-0.3538
3.9200
-14.5600
-3.9900
226
297
464
313
621
-0.2015
-0.9213
-0.3436
5.2500
-5.1800
-1.3300
226
298
441
290
636
-0.2054
-0.9004
-0.3367
-9.3100
-6.0900
-3.5000
227
298
398
262
666
-0.2045
-0.8872
-0.3689
-3.7800
-3.3600
-3.2200
227
298
355
242
680
-0.1972
-0.8989
-0.3587
0.7000
-3.7100
-1.6100
227
298
328
229
680
-0.1928
-0.8979
-0.3494
1.2600
7.2100
-1.2600
228
297
311
225
679
-0.1820
-0.8760
-0.3587
3.5000
-5.0400
-4.1300
227
296
304
224
677
-0.1850
-0.9052
-0.3621
3.1500
-4.9700
-3.5700
227
296
302
224
677
-0.1786
-0.9062
-0.3611
3.8500
-4.6200
-2.4500
227
296
302
224
676
-0.1859
-0.9048
-0.3514
1.3300
-3.6400
-1.8200
228
296
304
227
674
-0.1771
-0.9096
-0.3606
0.7700
-3.4300
-2.3100
228
297
306
228
673
-0.1757
-0.9057
-0.3543
4.5500
-4.2700
-4.2700
228
297
307
229
673
-0.1737
-0.9013
-0.3631
-0.2800
-2.5900
-3.2900
228
297
308
230
673
-0.1781
-0.9008
-0.3621
3.1500
-3.7100
-3.3600
228
297
309
231
674
-0.1713
-0.9013
-0.3528
2.7300
-4.9700
-3.5000
229
298
310
232
674
-0.1762
-0.9106
-0.3562
0.4900
-3.4300
-3.8500
229
298
310
232
673
-0.1669
-0.9116
-0.3738
2.1000
-3.7100
-3.8500
229
298
311
233
670
-0.1693
-0.9018
-0.3670
3.0800
-4.4100
-2.8700
229
298
311
234
671
-0.1728
-0.9091
-0.3684
3.3600
-4.7600
-3.2200
229
299
312
234
671
-0.1864
-0.9072
-0.3587
-2.1000
-1.8200
-0.8400
230
299
312
235
671
-0.1737
-0.8921
-0.3655
2.5900
-5.1100
-3.5000
230
299
313
235
671
-0.1806
-0.9087
-0.3640
2.1000
-3.7100
-3.2200
230
300
313
235
672
-0.1674
-0.9106
-0.3601
3.0100
-4.4800
-2.2400
230
299
314
236
672
-0.1762
-0.9038
-0.3587
2.0300
-4.8300
-2.3800
230
300
314
236
671
-0.1737
-0.9077
-0.3587
0.9100
-2.7300
-2.8700
230
300
314
236
672
-0.1757
-0.9057
-0.3597
1.7500
-4.2700
-2.8000
230
300
314
236
672
-0.1723
-0.9052
-0.3655
2.3800
-4.5500
-2.1700
230
300
315
237
672
-0.1786
-0.9033
-0.3640
2.1000
-3.9200
-2.8700
230
300
315
237
672
-0.1781
-0.9018
-0.3640
1.8900
-4.7600
-2.1000
230
300
314
237
674
-0.1796
-0.9087
-0.3587
2.2400
-3.8500
-2.8000
230
300
314
237
674
-0.1713
-0.9077
-0.3597
1.8900
-5.0400
-2.4500
230
300
315
238
674
-0.1752
-0.9126
-0.3572
1.1900
-4.0600
-2.6600
230
301
315
238
671
-0.1752
-0.9106
-0.3675
0.6300
-3.5000
-2.8000
231
301
316
239
670
-0.1718
-0.9111
-0.3655
2.6600
-4.0600
-2.8000
231
301
316
239
670
-0.1732
-0.9130
-0.3709
3.4300
-3.1500
-3.4300
231
301
316
239
671
-0.1703
-0.9052
-0.3655
2.7300
-4.1300
-3.5000
231
301
315
239
673
-0.1728
-0.9096
-0.3592
2.8700
-3.8500
-3.2200
231
301
315
240
672
-0.1718
-0.9170
-0.3636
1.3300
-4.2700
-2.8000
231
301
315
240
669
-0.1669
-0.9033
-0.3714
-1.6100
-1.8200
-3.9900
231
302
318
241
666
-0.1649
-0.9043
-0.3758
-0.7000
0.2800
-0.6300
233
303
321
243
669
-0.1728
-0.9111
-0.3733
0.5600
1.4000
1.6800
236
305
326
245
682
-0.1664
-0.9043
-0.3621
1.9600
4.1300
-0.1400
243
312
344
255
685
-0.1610
-0.8921
-0.3826
0.3500
4.0600
4.1300
256
323
383
285
660
-0.1767
-0.8965
-0.3694
2.1000
2.1700
-6.0200
271
336
417
315
642
-0.1591
-0.9179
-0.3836
7.7000
7.9800
-4.9000
287
348
454
346
617
-0.1347
-0.9301
-0.3504
18.9000
18.2700
1.4000
288
345
498
384
579
-0.1430
-0.9140
-0.3431
10.9900
7.3500
-1.0500
288
347
509
412
573
-0.1566
-0.9043
-0.3157
18.3400
5.4600
-8.6800
290
349
511
423
556
-0.1308
-1.1029
-0.2913
19.7400
9.3100
-4.2700
299
362
511
426
531
-0.1342
-0.9433
-0.2762
6.3000
0.6300
-5.8800
318
402
512
429
514
-0.1127
-0.9252
-0.2747
3.9200
-2.0300
-5.8800
359
434
514
432
495
-0.0917
-0.9326
-0.2689
-1.6800
-5.9500
-0.9100
385
458
517
436
485
-0.1235
-0.9423
-0.2616
-0.9800
-6.7200
0.2800
399
474
518
439
474
-0.1210
-0.9531
-0.3001
-2.4500
-7.9100
0.4900
405
483
520
442
468
-0.1122
-0.9570
-0.2835
0.1400
-7.2100
-1.4000
413
489
522
445
457
-0.1171
-0.9209
-0.2830
-1.9600
-3.3600
-1.9600
416
492
524
446
451
-0.1308
-0.9394
-0.3104
7.0000
-4.5500
3.6400
418
494
525
448
446
-0.1459
-0.9379
-0.2791
2.1700
-3.7800
2.3800
419
494
525
448
448
-0.1596
-0.9409
-0.2747
1.1900
-4.2000
0.1400
418
493
525
448
446
-0.1703
-0.9326
-0.2772
5.3200
-5.1800
-3.5700
418
493
525
447
449
-0.1571
-0.9482
-0.2826
3.0800
-4.3400
-2.9400
418
492
525
446
450
-0.1630
-0.9360
-0.2908
1.0500
-3.7100
-1.8900
417
491
525
445
451
-0.1718
-0.9213
-0.2899
0.4900
-3.7800
-1.1900
416
491
524
444
451
-0.1664
-0.9355
-0.2806
3.7100
-4.4100
-3.0800
416
490
524
443
452
-0.1635
-0.9457
-0.2869
1.0500
-4.9000
-3.5700
416
489
524
443
453
-0.1649
-0.9248
-0.2811
3.0100
-5.7400
-2.0300
415
489
524
442
454
-0.1708
-0.9370
-0.2874
2.8700
-5.2500
-2.2400
415
489
524
441
454
-0.1703
-0.9399
-0.2767
1.2600
-3.4300
-3.0100
415
488
524
441
455
-0.1654
-0.9394
-0.2845
3.0800
-3.4300
-2.8000
414
488
524
440
455
-0.1688
-0.9335
-0.2733
-1.4000
-4.7600
-3.7800
414
487
524
440
455
-0.1669
-0.9209
-0.2894
3.2900
-2.8000
-2.1700
413
487
523
439
455
-0.1645
-0.9448
-0.2660
0.4900
-4.9700
-4.0600
413
487
523
439
455
-0.1693
-0.9218
-0.2952
-1.8900
-6.1600
-3.3600
413
486
523
438
456
-0.1796
-0.9257
-0.2826
3.4300
-3.5700
-4.2000
413
486
523
438
457
-0.1669
-0.9350
-0.2738
0.4200
-4.2700
-4.8300
413
486
523
437
457
-0.1679
-0.9360
-0.3030
6.2300
-5.3900
-2.2400
412
485
522
436
459
-0.1884
-0.9316
-0.3065
-0.8400
-2.0300
-1.9600
412
484
522
435
458
-0.1830
-0.9409
-0.2865
4.1300
0.8400
-3.8500
412
484
522
434
459
-0.1601
-0.9316
-0.2962
-0.3500
-3.4300
-1.4700
412
484
522
434
457
-0.1654
-0.9316
-0.2757
2.8000
-4.9000
-0.8400
412
483
522
433
460
-0.1825
-0.9306
-0.3021
3.7100
-2.9400
-2.5900
412
483
522
433
458
-0.1688
-0.9301
-0.2850
-2.9400
-3.3600
-1.7500
412
483
522
433
460
-0.1791
-0.9277
-0.3021
-1.4700
-2.5900
-1.8900
411
483
521
433
458
-0.1781
-0.9194
-0.3016
-0.6300
-2.5900
-3.9200
411
483
521
433
461
-0.1723
-0.9262
-0.3011
0.4200
-2.3100
-2.2400
411
483
521
432
459
-0.1723
-0.9194
-0.3001
0.5600
-2.5200
-1.5400
411
482
521
432
462
-0.1742
-0.9282
-0.3050
1.2600
-1.5400
-1.1900
411
482
521
432
461
-0.1640
-0.9282
-0.3070
0.3500
-2.1700
-1.1900
411
481
521
431
466
-0.1606
-0.9252
-0.3011
1.8900
-3.5000
-1.6800
410
477
521
431
469
-0.1840
-0.9282
-0.2860
8.5400
0.6300
-3.5700
404
471
520
431
473
-0.1771
-0.9301
-0.2948
3.5700
-0.0700
-0.0700
402
468
520
430
476
-0.1771
-0.9301
-0.3065
3.6400
-1.1900
-0.8400
395
457
520
430
480
-0.1708
-0.9194
-0.2879
3.6400
-1.1200
-2.4500
384
433
520
430
485
-0.2035
-0.9116
-0.3113
8.8900
-12.3200
-1.8200
353
355
520
430
488
-0.1884
-0.9457
-0.2728
7.5600
-4.2700
-1.1900
330
298
519
429
495
-0.1850
-0.9111
-0.2689
15.0500
-7.7000
-0.8400
313
287
517
425
503
-0.1986
-0.9306
-0.2430
-12.1800
-13.5100
-3.8500
301
282
514
413
515
-0.1884
-0.9399
-0.2957
-17.7100
-10.6400
-2.8000
291
280
512
403
529
-0.1957
-0.9194
-0.3040
-13.6500
-10.2900
-1.6800
289
282
511
395
558
-0.1898
-0.9033
-0.3353
-14.4200
-10.5700
-3.3600
288
285
511
388
586
-0.2001
-0.8926
-0.3294
-16.9400
-11.9700
-5.1800
287
288
510
381
607
-0.2128
-0.8686
-0.4934
-18.8300
-19.9500
-9.8000
285
289
506
370
622
-0.1932
-0.8369
-0.4216
-6.3000
-20.0200
-10.2200
285
291
492
355
621
-0.2489
-0.8564
-0.4153
3.0800
-11.1300
-14.2800
286
292
476
334
628
-0.1942
-0.8984
-0.4441
-2.7300
-9.5200
-10.2900
287
293
456
314
639
-0.2030
-0.8833
-0.4265
-0.5600
-5.2500
-7.6300
287
293
431
295
653
-0.1830
-0.8764
-0.4143
3.0100
-3.4300
-3.8500
287
293
401
276
672
-0.1923
-0.8965
-0.4309
2.7300
-3.1500
-4.8300
288
293
365
257
693
-0.1864
-0.8740
-0.4089
-2.8700
-5.8100
-2.8000
288
293
340
246
700
-0.1947
-0.8779
-0.4280
3.7100
-5.6700
-4.9000
288
293
321
239
699
-0.1952
-0.8760
-0.4133
3.2900
-3.5700
-3.0800
288
292
311
238
695
-0.1991
-0.8696
-0.4099
4.6900
-4.6200
-3.7800
288
290
304
237
695
-0.1942
-0.8882
-0.4128
4.5500
-3.5000
-2.3100
287
289
302
236
693
-0.2040
-0.8921
-0.4109
3.2200
-4.2000
-2.6600
288
290
303
237
692
-0.1913
-0.8872
-0.4119
3.1500
-4.7600
-2.9400
288
290
304
238
691
-0.1898
-0.8784
-0.4046
3.4300
-4.6200
-2.1700
288
290
305
239
689
-0.1908
-0.8950
-0.4085
2.5200
-3.7100
-3.9900
288
291
307
240
689
-0.1918
-0.8774
-0.4002
2.5200
-3.7800
-3.4300
288
291
307
241
691
-0.1889
-0.8886
-0.3943
1.1900
-3.5700
-3.3600
289
291
308
242
688
-0.1903
-0.8886
-0.4026
1.1200
-4.6200
-3.2200
289
291
308
242
688
-0.1976
-0.8891
-0.3997
1.7500
-3.2900
-2.4500
289
292
309
243
687
-0.1893
-0.8823
-0.3875
1.9600
-4.6200
-2.9400
289
292
309
243
686
-0.1937
-0.8935
-0.4041
2.3100
-5.3200
-3.1500
289
292
310
244
685
-0.1859
-0.8857
-0.3972
2.2400
-4.4800
-3.6400
289
292
311
244
684
-0.1903
-0.8994
-0.4050
0.2800
-5.2500
-3.2900
289
293
311
245
684
-0.1864
-0.8867
-0.4031
1.4700
-3.5000
-2.8700
289
293
312
245
684
-0.1903
-0.8886
-0.3982
1.0500
-4.4800
-3.4300
289
293
312
246
685
-0.1932
-0.8896
-0.4021
1.5400
-3.2900
-2.8000
289
294
313
246
685
-0.1879
-0.8843
-0.3972
2.1000
-4.5500
-2.8000
289
294
313
246
683
-0.1981
-0.8911
-0.4046
1.6800
-3.4300
-3.0800
289
294
314
247
682
-0.1932
-0.8843
-0.4041
2.2400
-4.4800
-3.0800
290
294
314
247
682
-0.1981
-0.8969
-0.3938
0.9100
-3.0800
-3.0100
290
295
315
247
681
-0.1845
-0.8769
-0.4011
1.6100
-4.8300
-3.4300
290
295
316
248
681
-0.1942
-0.8808
-0.3997
1.4700
-3.7800
-2.7300
290
295
316
248
681
-0.1835
-0.8886
-0.4041
1.7500
-3.4300
-2.5900
290
295
316
248
680
-0.1928
-0.8779
-0.3953
1.1200
-4.2700
-2.9400
290
295
317
248
680
-0.1962
-0.8813
-0.3953
1.2600
-4.6200
-3.0800
290
295
317
249
680
-0.1923
-0.8813
-0.3967
2.5200
-3.5000
-4.1300
290
296
318
249
682
-0.1893
-0.8789
-0.4021
0.8400
-3.4300
-2.5200
291
296
318
249
681
-0.1913
-0.8828
-0.3997
1.8900
-3.7100
-2.8700
291
296
318
249
679
-0.1952
-0.8877
-0.3992
1.6100
-2.9400
-3.5700
291
296
319
250
679
-0.1893
-0.8916
-0.3982
1.8900
-4.2000
-2.5200
291
296
319
250
679
-0.1957
-0.8833
-0.4055
2.2400
-3.3600
-2.9400
291
296
319
250
678
-0.1893
-0.8818
-0.3982
1.9600
-4.2000
-3.0100
291
296
320
250
678
-0.1864
-0.8789
-0.3997
1.4700
-3.0100
-3.5000
291
297
320
250
678
-0.1869
-0.8886
-0.4031
3.0800
-3.9900
-4.2700
292
297
320
251
678
-0.1859
-0.8969
-0.3987
0.2800
-3.6400
-4.1300
292
297
321
251
677
-0.1845
-0.8838
-0.4021
1.8200
-4.0600
-4.2700
292
297
321
251
677
-0.1893
-0.8906
-0.3943
2.3100
-4.4800
-3.0800
292
297
321
251
677
-0.1928
-0.8891
-0.4046
1.6800
-3.3600
-3.5000
292
297
322
252
679
-0.1869
-0.8906
-0.4065
2.5900
-3.9900
-3.6400
292
297
322
252
679
-0.1898
-0.8950
-0.4050
1.2600
-0.7700
-3.5700
293
297
324
252
675
-0.1762
-0.8857
-0.4065
-2.6600
-1.2600
-2.0300
294
298
327
254
686
-0.1728
-0.8847
-0.4285
-4.0600
3.3600
0.3500
299
301
339
259
716
-0.1796
-0.8764
-0.4607
1.4700
8.5400
-0.5600
317
323
372
283
675
-0.1674
-0.8755
-0.4216
13.5800
11.2000
-11.2000
340
353
424
333
622
-0.1752
-0.9004
-0.3592
11.9700
-0.9100
-3.5000
358
387
464
371
533
-0.1606
-0.8794
-0.3470
21.3500
0.1400
-1.9600
375
421
487
397
514
-0.1362
-0.8984
-0.3192
17.6400
-0.2800
-1.1200
388
441
499
410
503
-0.1288
-0.9160
-0.2943
10.5000
-3.9900
1.1200
393
458
506
419
490
-0.1279
-0.9365
-0.3372
10.8500
-5.1100
1.2600
396
466
510
424
488
-0.1547
-0.9389
-0.3231
2.2400
-3.2900
-1.7500
396
467
510
426
486
-0.1391
-0.9384
-0.3226
2.8000
-3.0800
-1.1200
396
467
510
425
486
-0.1415
-0.9409
-0.3235
1.1900
-2.3100
0.3500
396
466
510
425
486
-0.1532
-0.9428
-0.3284
-1.8200
-3.0100
-0.1400
396
466
510
424
484
-0.1523
-0.9287
-0.3250
0.0700
-4.5500
-2.7300
396
467
510
424
486
-0.1601
-0.9306
-0.3270
-0.0700
-3.0800
-3.2200
395
468
510
424
486
-0.1527
-0.9379
-0.3328
-1.6800
-3.5000
-3.2200
396
469
510
425
486
-0.1518
-0.8774
-0.3133
0.7000
-3.8500
-3.0100
396
471
511
425
486
-0.1527
-0.9248
-0.3470
0.9100
-1.4700
-2.7300
397
475
512
426
483
-0.1352
-0.9223
-0.3157
-1.5400
-3.1500
-2.4500
399
478
514
428
485
-0.1527
-0.9145
-0.3387
1.8900
-3.2200
-0.4200
400
480
516
432
482
-0.1435
-0.9233
-0.3509
3.3600
-3.9900
1.4700
400
481
517
437
484
-0.1698
-0.9301
-0.3411
1.7500
-3.1500
-2.6600
401
483
518
438
484
-0.1537
-0.9165
-0.3353
2.1000
-3.6400
-3.5700
401
483
518
438
484
-0.1527
-0.9038
-0.3382
3.2200
-2.7300
-3.5700
402
483
518
438
484
-0.1566
-0.9135
-0.3479
3.0800
-1.4700
-3.7800
402
483
518
438
482
-0.1498
-0.9199
-0.3426
1.8200
-3.0100
-2.1700
403
482
518
438
484
-0.1601
-0.9184
-0.3572
1.8200
-2.5900
-2.9400
402
480
518
437
482
-0.1537
-0.9243
-0.3455
0.8400
-3.1500
-3.9200
402
475
517
437
484
-0.1518
-0.9126
-0.3460
4.2700
-2.5900
-4.0600
402
470
517
437
485
-0.1523
-0.9223
-0.3387
1.3300
-2.7300
-3.5000
402
468
516
436
483
-0.1640
-0.9140
-0.3450
-0.4900
-2.3800
-5.3900
402
461
516
436
486
-0.1508
-0.8984
-0.3616
2.0300
-3.0100
-0.8400
402
458
516
436
484
-0.1576
-0.9282
-0.3704
6.2300
-1.4700
0.1400
393
446
516
436
487
-0.1527
-0.9277
-0.3528
6.0900
-3.3600
-2.9400
373
410
516
435
488
-0.1537
-0.9233
-0.3582
8.1200
-3.7800
-3.5000
352
368
516
435
490
-0.1557
-0.9174
-0.3504
4.9000
-1.0500
-3.0100
306
319
513
435
493
-0.1430
-0.9077
-0.3152
6.0200
-2.9400
-1.5400
273
301
509
435
490
-0.1684
-0.9204
-0.3226
4.4800
-5.6000
-2.9400
256
293
503
434
495
-0.1620
-0.9296
-0.3162
-3.6400
-7.4900
-4.3400
248
286
500
431
503
-0.1591
-0.9374
-0.3440
-2.9400
-8.3300
-4.4100
244
282
498
422
520
-0.1532
-0.9267
-0.3362
-14.0000
-11.6900
-1.9600
243
279
497
411
546
-0.1566
-0.8989
-0.3821
-13.0200
-14.0700
-4.6900
246
282
498
400
570
-0.1640
-0.9135
-0.3894
-10.6400
-13.1600
-3.5000
247
286
499
391
589
-0.1810
-0.9091
-0.4177
-3.5000
-9.2400
-2.5200
248
289
498
382
605
-0.1762
-0.8950
-0.4124
-1.4000
-9.9400
-2.5900
248
290
495
372
614
-0.2250
-0.8867
-0.3553
-2.9400
-9.6600
-3.5000
250
292
485
366
619
-0.1728
-0.8696
-0.4299
-0.4200
-10.5700
-3.2900
250
293
461
346
631
-0.1835
-0.8877
-0.3933
-3.8500
-7.2800
-4.7600
251
294
418
312
650
-0.1718
-0.8594
-0.4529
-9.5200
-9.5900
-4.4800
250
295
374
282
680
-0.1801
-0.8613
-0.4431
-1.8900
-7.4200
-2.1700
251
295
347
266
705
-0.1962
-0.8633
-0.4475
1.7500
-6.0200
-5.8800
251
296
327
256
713
-0.1815
-0.8642
-0.4392
3.2200
-4.4800
-4.5500
251
295
314
249
707
-0.1918
-0.8657
-0.4524
5.0400
-4.2700
-3.6400
251
294
310
248
699
-0.1830
-0.8735
-0.4451
1.9600
-4.3400
-3.5000
252
294
309
248
693
-0.1859
-0.8677
-0.4431
2.3800
-3.6400
-2.8700
252
294
309
249
691
-0.1698
-0.7505
-0.4363
3.7100
-3.7800
-6.5800
252
294
309
249
684
-0.1771
-0.8755
-0.4499
2.6600
-4.4100
-2.8000
253
294
310
250
682
-0.1810
-0.8779
-0.4436
2.1000
-3.5000
-1.7500
253
295
311
251
681
-0.1752
-0.8725
-0.4294
2.4500
-4.8300
-2.8700
253
295
311
252
679
-0.1820
-0.8730
-0.4397
2.3800
-3.6400
-2.9400
253
295
312
253
677
-0.1684
-0.8755
-0.4372
2.1700
-5.0400
-3.2900
253
295
313
254
676
-0.1859
-0.8701
-0.4387
2.1700
-3.9200
-2.9400
253
296
314
254
675
-0.1835
-0.8711
-0.4319
2.8000
-4.4100
-2.7300
254
296
314
255
674
-0.1889
-0.8745
-0.4475
3.1500
-3.9900
-2.5200
254
296
315
256
673
-0.1786
-0.8740
-0.4387
2.3800
-4.2000
-2.3800
254
296
316
256
673
-0.1820
-0.8764
-0.4397
2.3800
-4.6200
-3.3600
254
296
317
257
673
-0.1830
-0.8672
-0.4368
1.8200
-3.7100
-2.6600
254
296
317
257
675
-0.1791
-0.8794
-0.4363
2.6600
-4.6900
-3.0800
255
297
318
258
674
-0.1825
-0.8769
-0.4299
1.1900
-3.6400
-2.8700
255
297
318
259
672
-0.1752
-0.8730
-0.4270
1.1900
-4.5500
-3.2900
255
297
319
259
672
-0.1801
-0.8711
-0.4363
3.0800
-3.6400
-3.2900
255
297
319
259
671
-0.1830
-0.8706
-0.4329
2.1700
-4.7600
-3.0800
255
297
320
260
671
-0.1791
-0.8813
-0.4329
1.1200
-4.8300
-3.0800
256
298
320
260
671
-0.1830
-0.7525
-0.4255
2.3100
-4.3400
-2.8000
256
298
321
260
670
-0.1854
-0.8764
-0.4363
3.1500
-3.3600
-3.5700
256
298
321
261
670
-0.1840
-0.8735
-0.4294
1.4700
-3.7800
-2.5200
256
298
321
261
669
-0.1869
-0.7525
-0.4363
2.7300
-4.2000
-3.2200
256
299
321
261
669
-0.1815
-0.8804
-0.4329
2.5200
-4.8300
-2.3800
256
299
322
261
669
-0.1874
-0.7501
-0.4324
2.6600
-4.2000
-2.8000
256
299
322
261
668
-0.1854
-0.8774
-0.4255
2.5900
-4.7600
-2.6600
256
299
322
262
668
-0.1859
-0.8760
-0.4294
1.4700
-3.7800
-2.3800
256
299
323
263
668
-0.1830
-0.8725
-0.4285
1.7500
-3.6400
-2.9400
256
299
323
263
670
-0.1869
-0.8740
-0.4333
2.1700
-3.5000
-2.5900
256
299
323
263
670
-0.1869
-0.8779
-0.4294
1.6800
-3.7100
-2.3100
256
299
324
263
669
-0.1913
-0.8725
-0.4382
2.0300
-3.4300
-2.8700
256
300
324
264
667
-0.1786
-0.8740
-0.4319
2.6600
-4.3400
-2.8000
256
300
324
264
667
-0.1864
-0.8784
-0.4280
2.3800
-3.9200
-2.6600
257
300
324
264
666
-0.1854
-0.8774
-0.4333
1.8200
-4.1300
-2.9400
257
300
324
264
666
-0.1889
-0.8745
-0.4260
1.9600
-4.0600
-2.9400
257
300
325
264
666
-0.1835
-0.8730
-0.4241
1.6800
-3.5700
-2.7300
257
300
325
264
665
-0.1815
-0.8691
-0.4294
1.6800
-2.9400
-2.8700
257
300
325
264
666
-0.1801
-0.8755
-0.4304
2.3800
-3.9900
-2.7300
257
300
325
265
667
-0.1850
-0.8735
-0.4319
2.7300
-2.3100
-3.6400
257
300
325
265
668
-0.1825
-0.8721
-0.4265
2.3100
-4.5500
-2.7300
257
300
325
265
668
-0.1864
-0.8862
-0.4177
1.8900
-3.8500
-2.5900
257
301
325
265
667
-0.1771
-0.8764
-0.4338
1.7500
-3.8500
-2.4500
257
301
325
265
666
-0.1810
-0.8764
-0.4290
2.3800
-3.9200
-2.9400
257
301
326
265
666
-0.1854
-0.8784
-0.4216
1.4700
-3.3600
-2.8700
257
301
326
265
668
-0.1815
-0.8813
-0.4304
1.8900
-3.7100
-2.8700
258
301
326
265
668
-0.1781
-0.8725
-0.4246
0.4200
-4.4100
-2.5200
258
301
327
266
668
-0.1840
-0.8755
-0.4324
0.9800
-1.6800
-2.8000
258
301
327
266
669
-0.1854
-0.8755
-0.4285
-0.7700
-0.0700
1.7500
259
301
330
267
698
-0.1903
-0.8701
-0.4426
1.8200
4.4100
1.1200
261
301
345
273
720
-0.1937
-0.8574
-0.4494
7.2100
1.1200
-3.8500
268
306
376
294
686
-0.1962
-0.8584
-0.4177
9.1000
1.3300
-3.2900
273
311
428
335
644
-0.1742
-0.8306
-0.4441
15.3300
4.7600
-5.7400
276
312
472
375
615
-0.1484
-0.8911
-0.4797
18.8300
7.5600
-6.7900
281
315
490
398
562
-0.1435
-0.8935
-0.4573
-0.3500
4.2700
-5.1100
295
335
497
410
537
-0.1493
-0.9072
-0.3670
10.9900
1.1900
-4.2700
313
359
500
415
527
-0.1161
-0.9087
-0.3528
7.0000
-5.2500
0.8400
342
392
502
418
516
-0.1420
-0.9287
-0.3489
2.9400
-12.2500
0.7700
372
424
506
424
505
-0.1557
-0.9062
-0.3187
6.8600
-10.7800
-0.5600
390
449
512
429
498
-0.1664
-0.9321
-0.3226
3.9900
-10.4300
-5.1800
397
466
515
434
490
-0.1581
-0.9199
-0.3348
3.6400
-3.4300
-1.4700
402
476
517
437
489
-0.1674
-0.9165
-0.3416
5.8100
-2.3800
-3.6400
405
481
519
440
486
-0.1596
-0.9335
-0.3323
1.9600
-1.7500
-1.2600
406
482
520
441
485
-0.1606
-0.9077
-0.3284
2.7300
-4.4100
-3.6400
406
483
520
441
484
-0.1606
-0.9174
-0.3333
3.2900
-3.2200
-0.7000
406
484
520
441
482
-0.1693
-0.9262
-0.3299
1.8200
-3.2200
-2.8000
407
484
521
441
483
-0.1713
-0.9213
-0.3265
4.0600
-3.2200
-4.1300
407
485
521
441
481
-0.1625
-0.9296
-0.3333
0.3500
-3.2900
-3.7100
409
487
521
441
483
-0.1679
-0.9218
-0.3343
3.6400
-2.0300
-1.8900
410
489
521
441
483
-0.1688
-0.9204
-0.3309
0.0000
-3.0800
-2.2400
411
490
521
441
482
-0.1596
-0.9174
-0.3279
1.0500
-2.8000
-2.4500
412
492
522
441
482
-0.1610
-0.9082
-0.3245
3.0100
-3.8500
-2.5200
412
493
522
442
482
-0.1703
-0.9213
-0.3221
0.8400
-3.7800
-2.3100
413
493
522
441
482
-0.1654
-0.9140
-0.3143
2.1700
-3.8500
-3.0100
413
493
522
441
479
-0.1698
-0.9218
-0.3221
-1.8200
-2.9400
-3.1500
413
493
522
441
482
-0.1630
-0.9145
-0.3172
-0.9800
-2.3100
-2.6600
413
493
522
441
482
-0.1601
-0.9170
-0.3265
0.9800
-2.0300
-3.2200
413
492
522
441
481
-0.1625
-0.9228
-0.3289
-0.1400
-2.4500
-2.8700
413
487
522
441
482
-0.1552
-0.9140
-0.3270
0.4200
-3.5700
-3.7800
414
485
522
440
480
-0.1488
-0.9243
-0.3318
2.5200
-3.5000
-2.9400
415
481
522
440
483
-0.1562
-0.9321
-0.3304
2.5900
-2.3100
-3.6400
415
477
522
440
481
-0.1606
-0.9243
-0.3353
1.4700
-2.9400
-2.3800
414
471
521
440
483
-0.1601
-0.9272
-0.3182
0.1400
-3.6400
-1.2600
410
464
521
440
484
-0.1679
-0.9316
-0.3245
2.9400
-3.6400
-4.3400
403
453
521
439
484
-0.1581
-0.9262
-0.3338
2.1700
-2.8000
-1.6800
397
432
521
439
485
-0.1635
-0.9267
-0.3235
3.4300
-1.6800
-2.7300
381
403
521
439
484
-0.1625
-0.9409
-0.3465
4.1300
-4.0600
-2.1700
362
367
521
439
488
-0.1518
-0.9467
-0.3314
8.0500
-3.6400
-1.3300
345
324
520
439
486
-0.1684
-0.9345
-0.3196
4.7600
-0.0700
-1.6800
324
299
519
439
492
-0.1474
-0.9218
-0.2869
2.8700
-4.2000
-1.9600
301
292
517
439
499
-0.1547
-0.9091
-0.2967
6.7200
-3.9200
3.2200
288
294
516
438
512
-0.1728
-0.9218
-0.2860
-1.6800
-1.2600
-2.4500
276
290
514
433
528
-0.1737
-0.9360
-0.2952
-3.2200
-5.3900
-3.8500
268
285
511
426
538
-0.1615
-0.9223
-0.3079
-7.5600
-11.3400
0.7700
266
283
510
419
554
-0.1684
-0.9414
-0.3226
-7.6300
-5.7400
-1.9600
267
284
509
408
581
-0.1884
-0.9174
-0.3216
-6.8600
-8.0500
-3.5000
266
287
509
397
600
-0.1752
-0.9199
-0.3377
-5.3900
-9.6600
-3.2200
264
288
508
390
612
-0.1693
-0.9067
-0.3650
-2.6600
-10.0800
-7.2800
258
290
507
381
617
-0.1845
-0.9028
-0.3353
-4.9000
-9.5900
-2.5200
260
292
502
369
620
-0.2118
-0.9101
-0.3797
-3.6400
-7.9800
-4.4100
261
293
498
351
622
-0.2011
-0.8935
-0.3894
-2.8700
-4.7600
-6.4400
262
295
481
332
626
-0.1830
-0.8774
-0.3733
-3.9900
-8.1200
-5.7400
262
296
461
312
637
-0.1708
-0.8828
-0.4046
-0.2100
-7.0000
-5.1800
263
297
432
292
646
-0.1893
-0.8882
-0.4036
-17.5700
-5.0400
-3.2200
263
298
400
274
662
-0.1801
-0.9087
-0.3914
-0.6300
-5.5300
-2.2400
263
299
370
261
685
-0.1732
-0.8872
-0.3948
2.1000
-5.0400
-2.3800
263
299
346
252
703
-0.1845
-0.8960
-0.4006
2.8000
-4.9700
-2.4500
264
299
331
249
704
-0.1830
-0.8930
-0.4021
2.3800
-4.9700
-3.1500
264
299
324
249
705
-0.1825
-0.8945
-0.3884
3.5000
-4.9700
-3.3600
264
298
321
250
706
-0.1747
-0.9004
-0.3977
1.4700
-5.6000
-3.4300
265
299
319
250
704
-0.1767
-0.8906
-0.3870
2.7300
-4.4800
-3.2900
265
299
318
250
702
-0.1840
-0.8979
-0.3914
1.6100
-3.5700
-3.7800
265
299
318
251
699
-0.1830
-0.8999
-0.3860
2.3800
-3.5700
-2.3100
265
299
319
252
698
-0.1791
-0.9028
-0.3889
3.3600
-4.6200
-1.4700
266
299
320
253
697
-0.1972
-0.9067
-0.3841
2.4500
-2.9400
-4.1300
267
299
320
253
695
-0.1771
-0.8965
-0.3948
2.2400
-5.3900
-2.5200
267
299
321
254
696
-0.1913
-0.8965
-0.3919
1.8900
-3.5000
-3.2900
267
300
321
255
693
-0.1825
-0.8926
-0.3797
2.3100
-4.8300
-2.4500
267
300
321
255
692
-0.1825
-0.8979
-0.3924
2.1000
-3.9200
-3.0100
267
299
320
255
692
-0.1801
-0.8969
-0.3904
2.2400
-3.8500
-3.0100
267
299
319
256
690
-0.1806
-0.8984
-0.3850
2.1000
-5.7400
-2.4500
268
299
320
256
689
-0.1908
-0.8901
-0.3889
1.3300
-4.3400
-3.5700
268
300
321
257
688
-0.1854
-0.8950
-0.3928
1.8900
-5.1800
-2.5200
268
300
322
257
688
-0.1923
-0.8945
-0.3855
1.6800
-3.4300
-3.7100
268
301
323
258
688
-0.1796
-0.9008
-0.3889
0.1400
-4.4100
-3.5700
269
301
323
258
688
-0.1825
-0.8882
-0.3880
2.7300
-4.2700
-3.2900
269
301
324
259
686
-0.1884
-0.9067
-0.3880
1.6800
-3.0800
-2.9400
269
301
325
259
685
-0.1801
-0.8989
-0.3811
1.6800
-4.4100
-3.2200
269
301
325
260
685
-0.1903
-0.8994
-0.3831
0.6300
-3.6400
-3.3600
269
302
325
260
684
-0.1815
-0.8901
-0.3884
2.3100
-4.6900
-3.1500
269
302
326
260
684
-0.1898
-0.8955
-0.3909
2.7300
-4.6200
-3.0100
270
302
326
261
684
-0.1903
-0.8974
-0.3777
1.8200
-3.6400
-2.5200
270
302
327
261
683
-0.1854
-0.8926
-0.3909
2.8700
-4.6200
-2.5200
270
302
327
261
683
-0.1942
-0.8974
-0.3831
1.4700
-3.9900
-2.8000
270
302
327
262
686
-0.1879
-0.8955
-0.3899
2.6600
-3.1500
-2.8700
270
302
328
262
685
-0.1903
-0.8960
-0.3884
1.9600
-3.9900
-2.5200
270
302
328
262
683
-0.1889
-0.8960
-0.3884
2.0300
-3.4300
-2.9400
270
303
328
262
683
-0.1854
-0.8926
-0.3870
2.1000
-3.7800
-2.8000
270
303
328
263
682
-0.1864
-0.8974
-0.3909
2.1000
-4.0600
-3.0800
271
303
329
263
682
-0.1898
-0.8930
-0.3831
2.3800
-4.5500
-3.0800
271
303
329
263
682
-0.1879
-0.8896
-0.3821
2.0300
-3.8500
-2.5900
271
303
329
263
682
-0.1879
-0.8950
-0.3782
1.3300
-3.2200
-2.4500
271
303
329
263
682
-0.1864
-0.9023
-0.3782
-0.3500
-3.2200
-2.8000
271
303
329
263
681
-0.1908
-0.8896
-0.3914
0.1400
-2.7300
-4.6200
271
303
329
263
681
-0.1820
-0.8862
-0.3875
1.8900
-3.5000
-3.9900
271
303
329
263
683
-0.1820
-0.8843
-0.3787
1.6800
-4.2700
-3.2200
271
303
329
263
683
-0.1830
-0.8867
-0.3875
1.1900
-2.9400
-2.6600
271
303
330
264
679
-0.1815
-0.8935
-0.3826
-4.1300
-0.9100
-6.2300
271
303
331
264
680
-0.1762
-0.8877
-0.4080
0.7000
2.4500
-4.3400
272
303
336
266
696
-0.1630
-0.8789
-0.3938
0.3500
-0.9800
-2.7300
272
303
343
269
710
-0.1630
-0.8862
-0.4241
1.5400
-1.4000
-0.4200
273
302
365
282
697
-0.1771
-0.8672
-0.3987
3.7800
-3.4300
-1.4700
280
307
403
309
660
-0.1962
-0.8711
-0.4163
9.1000
-2.3800
-3.6400
285
314
432
336
634
-0.1825
-0.9252
-0.3660
14.9800
0.0000
-10.7800
291
323
469
377
573
-0.0937
-0.8916
-0.3592
13.0200
-0.7700
-5.6700
295
323
488
403
555
-0.1606
-0.8813
-0.3709
17.9900
-1.8900
-3.5700
298
330
495
415
539
-0.1791
-0.9335
-0.3660
19.0400
3.1500
-6.7200
314
362
500
424
527
-0.1820
-0.8984
-0.3426
14.0000
-1.2600
-1.3300
338
387
501
429
521
-0.1728
-0.9248
-0.3094
9.8000
-2.4500
-1.9600
364
415
505
433
509
-0.1513
-0.9296
-0.2948
11.0600
-5.3900
-1.0500
390
448
512
436
503
-0.1610
-0.9365
-0.2938
6.0200
-5.9500
1.4700
399
465
515
439
499
-0.1791
-0.9257
-0.2772
3.4300
-5.6000
0.4900
405
476
518
441
495
-0.1937
-0.9272
-0.2835
2.5200
-4.6200
-0.8400
408
482
519
443
492
-0.1893
-0.9252
-0.2645
-1.5400
-4.0600
-1.7500
410
485
521
444
488
-0.1864
-0.9209
-0.2806
-1.3300
-1.9600
-3.3600
411
488
522
446
488
-0.1898
-0.9218
-0.2948
3.9200
-1.7500
-1.8200
412
490
523
448
486
-0.1976
-0.9267
-0.2791
0.7700
-4.2700
-1.5400
412
490
523
448
485
-0.1864
-0.9321
-0.2845
2.2400
-3.4300
-2.3800
412
491
524
449
485
-0.1840
-0.9189
-0.2850
4.4100
-3.6400
-2.1000
412
491
524
449
482
-0.1913
-0.9296
-0.2772
2.8700
-3.4300
-2.1000
412
490
524
447
485
-0.1923
-0.9365
-0.2821
2.3100
-3.2200
-2.0300
412
490
524
447
482
-0.1972
-0.9238
-0.2796
1.2600
-3.9900
-3.5000
412
489
524
446
485
-0.1859
-0.9296
-0.2757
-0.2800
-3.2200
-2.8000
412
489
524
446
485
-0.1928
-0.9267
-0.2826
-0.3500
-3.4300
-2.8700
411
489
524
445
482
-0.1854
-0.9316
-0.2923
3.0800
-4.2700
-2.5200
411
489
524
445
485
-0.1903
-0.9370
-0.2918
2.1000
-3.5000
-3.3600
411
489
524
445
483
-0.1903
-0.9233
-0.2821
0.9100
-3.9200
-3.0100
411
488
524
445
485
-0.1893
-0.9306
-0.2767
1.0500
-3.5700
-3.1500
411
488
524
445
485
-0.1791
-0.9306
-0.2704
2.4500
-4.0600
-3.5000
411
488
524
444
485
-0.1776
-0.9316
-0.2738
1.6800
-3.9200
-1.6100
410
487
523
444
485
-0.1903
-0.9301
-0.2777
1.1200
-2.8000
-3.5000
410
488
523
444
483
-0.1776
-0.9306
-0.2899
3.5700
-3.8500
-2.1000
410
487
523
444
485
-0.1898
-0.9438
-0.2957
2.8000
-3.4300
-3.4300
410
487
523
444
483
-0.1781
-0.9370
-0.2840
3.2200
-4.4100
-2.6600
410
487
523
443
485
-0.1835
-0.9277
-0.2684
1.7500
-4.4100
-2.7300
410
487
523
443
486
-0.1850
-0.9379
-0.2908
2.1700
-4.2700
-2.4500
410
486
523
443
486
-0.1791
-0.9248
-0.2772
0.7700
-3.9900
-2.6600
410
486
523
442
487
-0.1898
-0.9262
-0.2874
2.5200
-3.2200
-4.7600
410
485
523
442
485
-0.1781
-0.9331
-0.3021
4.9700
-4.0600
-3.9900
410
481
523
442
488
-0.1889
-0.9365
-0.2796
1.4700
-3.0800
-3.6400
410
475
523
441
486
-0.1830
-0.9345
-0.2830
0.0000
-5.6700
-4.6900
409
467
522
441
490
-0.1830
-0.9238
-0.3050
2.6600
-4.9000
-4.6200
403
453
522
440
492
-0.1830
-0.9404
-0.2889
1.0500
-2.5900
-2.7300
391
432
522
440
494
-0.1830
-0.9316
-0.2782
6.7900
0.9800
-5.9500
363
350
521
439
495
-0.1845
-0.9374
-0.2752
14.2800
-2.9400
-1.4000
334
306
519
438
495
-0.1747
-0.9379
-0.2503
11.5500
-3.9200
-4.7600
310
293
517
436
497
-0.1581
-0.9628
-0.2147
10.0100
-3.7800
-6.0900
293
287
514
434
500
-0.1654
-0.9438
-0.2191
2.3800
-6.0200
-6.3700
284
284
513
431
502
-0.1557
-0.9365
-0.2333
1.2600
-6.1600
-4.6200
281
281
511
426
513
-0.1571
-0.9521
-0.2054
-10.0800
-7.9100
-3.2200
279
282
510
417
529
-0.1552
-0.9618
-0.2391
-15.6100
-13.0200
-0.8400
278
281
509
409
560
-0.1850
-0.9550
-0.2884
-15.5400
-11.4800
-3.8500
276
284
508
399
593
-0.1586
-0.9228
-0.3001
-7.9100
-9.4500
-1.8200
276
288
507
393
608
-0.1830
-0.9160
-0.3011
-7.2100
-7.2100
-6.0200
276
290
506
386
612
-0.1703
-0.9057
-0.2982
-0.6300
-5.5300
-6.5800
276
295
496
370
613
-0.1596
-0.9238
-0.3323
-4.4800
-5.3200
-4.3400
276
297
473
349
616
-0.1737
-0.9267
-0.3382
-6.0200
-5.6700
-3.3600
276
298
442
325
632
-0.1654
-0.9199
-0.3323
-6.1600
-4.1300
-6.7900
277
299
400
298
657
-0.1581
-0.9770
-0.3484
-4.0600
-0.8400
-5.5300
278
299
346
271
686
-0.1703
-0.9033
-0.3157
-0.9100
-8.9600
-1.8900
278
299
320
258
690
-0.1630
-0.9150
-0.3509
1.6800
-4.9700
-3.5000
278
299
311
254
687
-0.1537
-0.9204
-0.3314
0.9800
-6.1600
0.4200
278
299
308
253
682
-0.1679
-0.9165
-0.3387
2.3800
-5.8800
-2.6600
280
299
306
253
677
-0.1664
-0.9223
-0.3406
0.7700
-4.8300
-2.4500
282
298
304
253
675
-0.1547
-0.9087
-0.3372
2.5900
-5.6700
-2.5200
283
297
304
254
674
-0.1523
-0.9199
-0.3416
2.5200
-5.3200
-2.3100
283
297
305
255
672
-0.1654
-0.9082
-0.3436
0.7000
-5.0400
-2.3100
283
298
307
256
670
-0.1723
-0.9160
-0.3465
1.6100
-3.2900
-2.1700
284
299
309
258
668
-0.1576
-0.9165
-0.3484
3.6400
-5.3200
-3.9900
284
299
310
259
667
-0.1732
-0.9096
-0.3372
0.8400
-4.0600
-2.6600
284
299
311
259
667
-0.1708
-0.9243
-0.3470
2.3800
-3.9900
-3.1500
284
299
312
260
667
-0.1679
-0.9179
-0.3533
3.5000
-3.3600
-2.6600
285
300
312
261
667
-0.1645
-0.9233
-0.3436
1.8900
-4.4800
-3.4300
285
300
313
261
668
-0.1654
-0.9165
-0.3372
1.4000
-5.3200
-2.0300
285
300
313
262
667
-0.1654
-0.9150
-0.3416
2.1700
-2.8700
-3.2200
285
301
314
263
666
-0.1728
-0.9077
-0.3357
0.7000
-5.2500
-2.3100
285
301
315
263
666
-0.1684
-0.9199
-0.3436
1.8900
-3.5000
-3.3600
285
301
315
264
668
-0.1723
-0.9155
-0.3318
2.4500
-4.1300
-2.9400
285
301
316
264
668
-0.1742
-0.9174
-0.3479
2.1000
-3.7100
-2.8000
285
301
316
265
668
-0.1625
-0.9199
-0.3440
3.0100
-5.2500
-2.5900
285
301
316
265
669
-0.1669
-0.9194
-0.3416
1.0500
-3.5000
-3.6400
286
302
317
265
666
-0.1620
-0.9170
-0.3406
2.8000
-3.7800
-3.3600
286
302
317
266
667
-0.1679
-0.9165
-0.3377
1.9600
-4.3400
-3.7100
286
302
318
266
667
-0.1718
-0.9267
-0.3416
1.6100
-3.8500
-3.2900
286
302
318
266
666
-0.1762
-0.9257
-0.3416
1.8900
-3.8500
-3.0100
286
302
319
267
666
-0.1737
-0.9199
-0.3470
1.9600
-2.6600
-3.9200
287
302
319
267
665
-0.1728
-0.9126
-0.3328
1.2600
-3.3600
-3.6400
286
302
319
267
665
-0.1728
-0.9160
-0.3367
1.8900
-3.9200
-2.9400
287
302
320
268
664
-0.1684
-0.9184
-0.3440
1.4000
-3.9200
-2.1700
287
303
320
268
663
-0.1791
-0.9248
-0.3392
0.7700
-3.0800
-2.8000
287
303
320
268
663
-0.1640
-0.9145
-0.3353
1.1200
-3.4300
-3.4300
287
303
321
268
663
-0.1684
-0.9257
-0.3377
1.6100
-4.0600
-3.0100
288
303
321
268
662
-0.1659
-0.9155
-0.3421
1.7500
-3.2900
-2.9400
288
303
321
268
662
-0.1645
-0.9150
-0.3436
2.3100
-3.7100
-3.9200
288
303
321
268
662
-0.1713
-0.9145
-0.3445
2.8000
-2.9400
-3.8500
288
303
322
269
662
-0.1679
-0.9248
-0.3543
2.3100
0.1400
-4.4100
287
303
323
269
667
-0.1664
-0.9248
-0.3621
5.5300
-0.2100
-0.0700
287
303
326
270
667
-0.1654
-0.9209
-0.3489
4.2700
-0.6300
-2.6600
288
303
329
272
679
-0.1640
-0.9184
-0.3436
-2.3800
-1.6100
4.3400
289
302
337
276
702
-0.1791
-0.9174
-0.3621
-0.0700
-0.2800
0.4900
294
306
364
291
696
-0.1874
-0.9077
-0.3348
-0.4900
-2.8700
3.3600
298
310
411
318
662
-0.1952
-0.9048
-0.3411
3.9200
1.3300
-5.6700
301
311
456
346
639
-0.1762
-0.9550
-0.3387
0.4200
1.4700
-6.3700
305
313
487
355
619
-0.1342
-0.9370
-0.3231
3.6400
0.0000
-5.1800
311
323
494
368
595
-0.1659
-0.8911
-0.3489
14.8400
3.5000
-4.7600
323
351
495
378
572
-0.1488
-0.9199
-0.3475
7.2800
-0.7000
-2.5200
338
381
496
385
555
-0.1518
-0.9174
-0.3074
4.4800
-3.7800
-4.4800
356
409
497
391
547
-0.1557
-0.9335
-0.3157
5.8800
-1.5400
-3.3600
377
436
502
398
542
-0.1645
-0.9316
-0.3192
8.6100
-3.9900
-2.1700
395
456
507
404
531
-0.1464
-0.9492
-0.2948
14.4200
-5.7400
-2.8700
401
470
511
408
524
-0.1635
-0.9565
-0.2821
4.6900
-8.6800
-3.8500
405
478
513
414
519
-0.1547
-0.9423
-0.2752
6.4400
-6.3000
-6.9300
410
483
516
419
518
-0.1401
-0.9150
-0.2689
1.0500
-7.4900
-5.1100
413
486
517
421
517
-0.1635
-0.9282
-0.2767
1.5400
-5.2500
-5.3900
416
488
519
422
513
-0.1527
-0.9433
-0.2089
-2.9400
-4.6200
-3.2900
419
490
520
424
514
-0.1474
-0.9848
-0.2406
0.3500
-4.2000
-1.8900
420
493
522
427
513
-0.1503
-0.9335
-0.2713
3.5000
-6.2300
-2.3800
422
496
523
429
511
-0.1576
-0.9448
-0.2294
2.7300
-5.1100
-3.2200
423
498
524
431
513
-0.1523
-0.9326
-0.2723
3.0100
-2.1000
-3.0100
424
499
525
432
510
-0.1440
-0.9384
-0.2679
1.1200
-3.6400
-1.9600
424
499
525
432
512
-0.1493
-0.9394
-0.2630
0.8400
-1.6800
0.4200
424
499
525
432
512
-0.1591
-0.9374
-0.2655
4.1300
-2.8000
-1.6800
424
499
525
431
510
-0.1591
-0.9482
-0.2621
0.9800
-2.8000
-3.1500
424
499
525
431
513
-0.1503
-0.9287
-0.2474
-3.1500
-3.4300
-0.9100
424
496
525
431
513
-0.1615
-0.9467
-0.2821
1.3300
-1.3300
-4.6200
423
494
525
431
511
-0.1508
-0.9316
-0.2801
2.9400
-2.1700
-3.2200
423
494
525
431
513
-0.1401
-0.9428
-0.2640
2.7300
-1.8200
-5.4600
423
492
525
430
513
-0.1444
-0.9433
-0.2791
2.1000
-1.9600
-4.1300
423
492
524
430
511
-0.1332
-0.9360
-0.2806
2.5200
-4.2000
0.2100
422
491
524
429
514
-0.1503
-0.9472
-0.2660
2.4500
-3.6400
-0.7700
422
490
524
428
514
-0.1518
-0.9536
-0.2621
2.7300
-3.1500
-2.9400
421
489
524
428
512
-0.1469
-0.9418
-0.2782
2.7300
-3.9200
-2.6600
421
488
524
427
515
-0.1615
-0.9496
-0.2772
2.8700
-2.3800
-3.0100
420
486
524
426
515
-0.1464
-0.9457
-0.2655
-0.2100
-3.0800
-2.3800
420
485
524
426
513
-0.1337
-0.9428
-0.2738
1.6800
-1.7500
-2.4500
418
481
524
425
516
-0.1493
-0.9482
-0.2821
1.9600
-2.9400
-2.3100
415
477
524
425
518
-0.1493
-0.9526
-0.2723
2.1000
-3.8500
-2.6600
410
473
523
424
518
-0.1659
-0.9550
-0.2952
0.9800
-1.3300
-2.5200
407
471
523
424
521
-0.1547
-0.9238
-0.2811
1.2600
-4.0600
-3.2200
404
468
523
424
521
-0.1566
-0.9501
-0.2801
-1.3300
-2.5200
-3.9900
398
461
522
423
522
-0.1576
-0.9321
-0.2865
1.0500
-0.9100
-4.3400
383
448
522
422
525
-0.1435
-0.9477
-0.2967
2.7300
-4.1300
-3.0100
357
406
522
422
527
-0.1488
-0.9326
-0.3045
6.3000
-2.4500
1.1200
332
336
521
420
529
-0.1742
-0.9394
-0.2791
-4.8300
-1.8200
-1.6100
305
313
520
416
534
-0.1444
-0.9526
-0.2752
3.7800
-4.0600
-3.8500
285
308
519
414
542
-0.1508
-0.9438
-0.2718
3.5700
-0.7000
-0.7700
274
304
518
412
544
-0.1537
-0.9370
-0.2660
1.6800
-2.4500
-0.3500
267
300
516
406
555
-0.1679
-0.9321
-0.2811
-8.1900
-6.5100
-0.9100
263
298
513
393
581
-0.1659
-0.9321
-0.3094
-6.9300
-7.7700
-2.7300
259
298
510
384
610
-0.1796
-0.9360
-0.2972
-9.2400
-8.7500
-2.8700
257
298
507
374
622
-0.1513
-0.9292
-0.3192
-5.4600
-9.2400
-4.2000
257
299
499
361
628
-0.1620
-0.8804
-0.2513
0.2800
-12.3200
-8.5400
258
302
487
345
631
-0.1547
-0.9135
-0.3475
0.2800
-4.4800
-6.5100
258
303
472
330
637
-0.1786
-0.9096
-0.3558
6.5100
-8.8200
1.9600
259
304
454
312
651
-0.1747
-0.9438
-0.3245
-8.0500
-10.2200
-0.4200
259
305
435
299
665
-0.1976
-0.9023
-0.3421
2.3100
-7.5600
0.6300
260
305
402
285
690
-0.1850
-0.9155
-0.3338
3.2200
-7.2100
-3.5000
260
306
369
275
717
-0.1801
-0.9204
-0.3192
0.8400
-6.6500
-5.4600
260
304
336
266
722
-0.1923
-0.9179
-0.3309
3.2900
-5.1800
-5.4600
260
301
319
264
723
-0.1796
-0.9228
-0.3284
3.7800
-5.1800
-4.2700
259
299
314
263
725
-0.1840
-0.9126
-0.3226
1.1200
-5.4600
-2.5900
260
297
311
264
722
-0.1972
-0.9233
-0.3211
0.4900
-3.1500
-3.4300
260
295
310
264
720
-0.1757
-0.9008
-0.3304
3.7100
-6.3000
-2.2400
260
295
311
265
719
-0.1923
-0.9282
-0.3221
1.3300
-4.3400
-3.6400
260
296
313
266
718
-0.1791
-0.9150
-0.3221
0.8400
-3.9900
-3.0800
260
295
313
267
719
-0.1859
-0.9243
-0.3323
1.2600
-4.4800
-3.1500
260
295
313
267
715
-0.1825
-0.9160
-0.3216
1.8900
-3.7100
-3.2200
261
295
313
268
715
-0.1815
-0.9204
-0.3260
1.8900
-4.2700
-3.1500
261
295
314
268
713
-0.1840
-0.9233
-0.3314
1.3300
-3.7800
-2.8700
261
295
314
268
712
-0.1786
-0.9204
-0.3255
2.6600
-5.2500
-2.9400
261
295
316
269
713
-0.1908
-0.9145
-0.3133
3.2900
-4.6200
-2.8700
261
296
316
270
710
-0.1893
-0.9238
-0.3231
2.1700
-4.9000
-3.5700
262
296
318
270
709
-0.1893
-0.9155
-0.3162
1.4000
-4.6200
-2.5900
263
297
319
271
708
-0.1879
-0.9228
-0.3231
2.4500
-3.9200
-2.3100
263
297
320
271
707
-0.1889
-0.9140
-0.3201
1.6800
-3.7800
-3.2200
263
297
320
272
707
-0.1850
-0.9189
-0.3182
2.8000
-4.6200
-3.0800
263
297
321
272
709
-0.1874
-0.9209
-0.3187
2.6600
-3.9200
-2.5900
264
298
321
272
707
-0.1845
-0.9209
-0.3206
2.3100
-3.9200
-2.5900
264
298
322
273
707
-0.1869
-0.9267
-0.3187
1.3300
-4.4800
-3.0800
264
299
322
273
706
-0.1942
-0.9165
-0.3118
0.3500
-3.0800
-3.4300
264
299
323
273
706
-0.1850
-0.9248
-0.3187
1.7500
-4.8300
-3.2200
265
299
323
274
705
-0.1996
-0.9223
-0.3221
2.8700
-3.2200
-2.7300
265
300
324
274
707
-0.1850
-0.9277
-0.3196
2.1000
-4.8300
-2.6600
265
300
324
274
705
-0.1908
-0.9213
-0.3157
1.9600
-3.9900
-3.2900
265
300
325
275
705
-0.1874
-0.9243
-0.3177
2.4500
-4.5500
-3.0100
265
300
325
275
704
-0.1913
-0.9170
-0.3143
1.3300
-4.7600
-2.8000
265
300
325
275
704
-0.1957
-0.9228
-0.3201
1.9600
-3.2200
-3.0100
265
301
326
275
704
-0.1825
-0.9228
-0.3187
3.4300
-3.7800
-2.3800
266
301
326
276
704
-0.1864
-0.9243
-0.3157
3.7800
-3.8500
-4.4800
266
301
327
276
706
-0.1869
-0.9248
-0.3157
1.3300
-3.3600
-3.2900
266
301
327
276
703
-0.1889
-0.9174
-0.3074
1.9600
-4.6900
-2.7300
266
301
328
276
703
-0.1874
-0.9233
-0.3094
1.4700
-3.9900
-2.4500
266
301
328
277
703
-0.1869
-0.9179
-0.3104
1.0500
-3.3600
-2.6600
266
301
328
276
703
-0.1874
-0.9140
-0.3187
2.1000
-3.6400
-2.4500
266
302
328
277
703
-0.1786
-0.9267
-0.3118
1.4700
-4.0600
-2.5900
267
302
329
277
705
-0.1972
-0.9223
-0.3084
1.0500
-3.0800
-3.3600
267
302
329
277
703
-0.1752
-0.9199
-0.3206
2.5900
-4.5500
-2.9400
267
302
330
277
703
-0.1879
-0.9228
-0.3157
3.0100
-3.5700
-3.1500
267
302
330
277
703
-0.1869
-0.9277
-0.3099
1.8200
-3.5000
-2.8700
267
302
330
277
703
-0.1884
-0.9257
-0.3079
1.6800
-4.3400
-2.3100
267
302
331
277
703
-0.1830
-0.9262
-0.3084
2.3800
-4.4100
-2.3100
267
302
331
277
703
-0.1889
-0.9179
-0.3211
1.1900
-3.3600
-3.1500
267
302
331
278
702
-0.1781
-0.9282
-0.3109
1.6100
-4.4100
-2.5200
267
302
331
278
702
-0.1869
-0.9228
-0.3099
2.1700
-3.7100
-2.4500
268
303
332
278
702
-0.1879
-0.9218
-0.3118
1.6100
-3.5700
-2.5900
268
302
332
278
702
-0.1840
-0.9238
-0.3109
2.1700
-4.8300
-3.8500
268
303
332
278
702
-0.1879
-0.9238
-0.3045
2.5900
-3.2200
-1.8200
268
303
332
278
703
-0.1806
-0.9209
-0.3055
1.1900
-4.6900
-2.9400
268
303
332
278
705
-0.2011
-0.9257
-0.3143
1.4700
-3.7800
-2.9400
268
303
332
279
703
-0.1864
-0.9189
-0.3128
2.5900
-4.4100
-2.3100
268
303
333
279
703
-0.1972
-0.9233
-0.3123
2.4500
-3.7800
-2.6600
268
303
333
279
703
-0.1874
-0.9213
-0.3118
2.1000
-3.7800
-2.5200
268
303
333
279
703
-0.1884
-0.9189
-0.3138
1.7500
-3.9900
-3.4300
268
303
333
279
703
-0.1893
-0.9194
-0.3128
2.2400
-4.4800
-4.5500
268
303
333
279
705
-0.1830
-0.9301
-0.3118
0.6300
-3.6400
-1.3300
268
303
333
279
701
-0.1908
-0.9277
-0.3177
-0.6300
-2.4500
-2.6600
269
304
334
279
699
-0.1889
-0.9145
-0.3167
0.7000
-3.0800
-3.0800
269
304
338
280
701
-0.1913
-0.9189
-0.3187
0.2100
-1.8200
0.3500
270
305
346
283
713
-0.1972
-0.9228
-0.3177
-2.0300
1.1200
-6.2300
272
308
360
288
719
-0.1913
-0.9165
-0.3226
-2.3100
-1.8200
-6.5100
277
315
387
301
702
-0.1718
-0.9189
-0.3484
-5.1100
-2.0300
-8.4000
289
327
420
322
665
-0.1591
-0.9248
-0.3680
0.0000
-2.6600
-8.8200
304
341
450
342
639
-0.1591
-0.9292
-0.3445
3.5000
-1.2600
-9.8700
323
359
468
358
624
-0.1469
-0.9209
-0.3035
12.3200
6.7900
-5.4600
344
388
488
375
559
-0.1523
-0.9150
-0.3401
33.5300
12.3200
-13.1600
372
426
504
392
527
-0.1015
-0.9228
-0.2503
15.4000
3.9200
-2.8700
397
457
511
405
505
-0.1210
-0.9609
-0.2240
15.0500
5.0400
0.7000
408
479
517
417
492
-0.1093
-0.9677
-0.2445
5.5300
4.0600
3.8500
413
487
521
430
477
-0.1113
-0.9897
-0.2181
2.6600
-2.0300
4.2700
416
489
524
439
470
-0.1269
-0.9662
-0.2411
0.6300
-0.9800
-2.1000
418
493
525
443
465
-0.1142
-0.9526
-0.2386
3.0100
-1.3300
-3.9900
419
495
526
446
461
-0.1157
-0.9594
-0.2460
1.6100
1.4000
-4.7600
421
497
527
448
461
-0.1215
-0.9604
-0.2347
4.9700
-2.1700
-4.1300
422
498
528
449
461
-0.1083
-0.9550
-0.2250
0.0000
-3.5700
-1.3300
422
498
528
449
461
-0.1225
-0.9511
-0.2342
4.2000
-3.7800
-2.3100
422
498
528
449
461
-0.1098
-0.9579
-0.2342
3.6400
-3.8500
-3.0800
422
498
528
449
462
-0.1147
-0.9653
-0.2445
3.3600
-4.2700
-3.9900
422
498
528
449
462
-0.1059
-0.9648
-0.2377
3.9200
-4.4100
-3.0800
422
498
528
448
463
-0.1078
-0.9687
-0.2269
1.0500
-4.4100
-3.7800
422
498
528
448
464
-0.1069
-0.9540
-0.2206
1.4000
-4.7600
-2.3100
422
498
528
447
466
-0.1118
-0.9560
-0.2294
3.0100
-3.5700
-3.4300
422
496
528
446
468
-0.1186
-0.9579
-0.2181
3.2900
-5.3200
-7.2100
421
490
527
443
472
-0.1122
-0.9565
-0.2377
1.4700
-4.4100
-5.6700
421
486
526
440
473
-0.1147
-0.9682
-0.2191
4.2700
-3.5000
-4.3400
421
484
526
439
474
-0.1078
-0.9633
-0.2245
6.1600
-3.1500
-3.1500
421
483
526
438
474
-0.1088
-0.9633
-0.2157
3.8500
-2.9400
-4.0600
421
482
525
436
478
-0.0996
-0.9711
-0.2289
1.8900
-1.8200
-3.2900
420
479
525
432
483
-0.1098
-0.9740
-0.2445
-11.8300
-14.0000
-5.7400
398
455
514
418
503
-0.0996
-0.9492
-0.2274
-13.8600
-16.0300
5.3900
347
422
504
402
526
-0.1210
-0.9731
-0.2630
-6.6500
-6.5100
3.8500
307
394
502
394
546
-0.1069
-0.9579
-0.2738
1.5400
-4.4100
0.9800
284
372
501
389
554
-0.1488
-0.9516
-0.2669
7.3500
-4.2000
-2.5200
270
359
500
385
569
-0.1376
-0.9667
-0.2664
-0.3500
-6.7200
-1.1200
259
344
501
380
587
-0.1523
-0.9550
-0.2669
-4.6200
-7.0700
-3.0800
254
340
500
375
594
-0.1542
-0.9482
-0.2684
-10.7100
-10.2900
-4.3400
248
336
499
368
602
-0.1532
-0.9277
-0.3016
-13.1600
-13.8600
-4.0600
243
334
494
355
599
-0.1401
-0.9296
-0.3084
1.1200
-8.6800
-4.4800
241
335
484
335
599
-0.1454
-0.9096
-0.2957
0.7000
-16.3100
-0.4200
242
337
470
313
606
-0.1796
-0.9287
-0.3348
2.3800
-11.1300
-8.4000
245
343
442
293
617
-0.1620
-0.9379
-0.3113
-3.9200
-4.2700
-9.8700
260
350
402
279
628
-0.1464
-0.9360
-0.3167
3.9900
-4.2000
-7.8400
283
370
367
271
630
-0.1449
-0.9306
-0.3148
6.6500
-6.9300
-5.1100
283
361
327
261
640
-0.1391
-0.9414
-0.3045
-3.5700
-10.6400
-2.5900
260
344
310
258
654
-0.1513
-0.9350
-0.3348
-1.6800
-5.6700
-5.4600
256
342
302
258
665
-0.1615
-0.9394
-0.3499
9.4500
-5.6700
-5.2500
258
341
296
258
677
-0.1430
-0.9472
-0.3094
2.8000
-5.5300
-4.7600
251
330
294
258
677
-0.1474
-0.9326
-0.3133
1.2600
-7.6300
-2.4500
243
325
296
259
675
-0.1537
-0.9374
-0.3211
1.4700
-6.8600
-2.5200
242
324
298
260
676
-0.1547
-0.9370
-0.3157
3.5700
-4.4100
-4.1300
241
323
299
260
678
-0.1435
-0.9282
-0.3094
1.1200
-5.8100
-2.2400
240
322
300
261
678
-0.1610
-0.9409
-0.3235
2.1000
-4.6900
-2.5900
240
322
301
262
678
-0.1654
-0.9272
-0.3177
3.6400
-5.3900
-2.4500
240
321
302
262
677
-0.1708
-0.9350
-0.3074
1.4700
-4.8300
-3.2200
240
321
303
263
677
-0.1654
-0.9267
-0.3162
1.4700
-5.3900
-3.0100
240
323
304
264
676
-0.1645
-0.9252
-0.3167
2.3100
-4.6200
-2.6600
241
324
305
265
678
-0.1615
-0.9301
-0.3074
1.7500
-4.4100
-2.3100
241
324
306
265
677
-0.1688
-0.9277
-0.3070
0.4900
-2.7300
-2.1700
241
325
307
265
677
-0.1654
-0.9292
-0.2996
0.3500
-3.4300
-1.9600
242
325
309
266
674
-0.1698
-0.9287
-0.3109
3.0800
-3.2900
-3.0800
242
325
309
266
674
-0.1659
-0.9306
-0.3187
2.8000
-3.2200
-2.3100
242
326
310
267
673
-0.1645
-0.9321
-0.3011
0.7700
-3.7800
-3.2200
242
326
310
267
673
-0.1610
-0.9189
-0.3201
2.3100
-3.2200
-3.0800
243
326
311
267
673
-0.1596
-0.9252
-0.3045
3.2200
-3.9900
-2.5900
243
327
312
268
673
-0.1581
-0.9316
-0.3079
1.2600
-4.4100
-2.5900
243
327
312
268
672
-0.1732
-0.9170
-0.3235
1.9600
-4.6900
-2.9400
243
327
313
268
672
-0.1723
-0.9233
-0.3104
2.3100
-2.3100
-2.5900
244
328
313
268
671
-0.1571
-0.9257
-0.3074
2.3100
-3.2900
-2.5200
244
328
314
269
671
-0.1615
-0.9296
-0.3182
1.2600
-4.9700
-2.3800
244
328
314
269
671
-0.1718
-0.9174
-0.3104
3.5000
-3.9200
-3.5700
244
328
315
269
673
-0.1669
-0.9326
-0.3016
2.6600
-3.8500
-2.8700
245
329
315
270
673
-0.1615
-0.9350
-0.3089
1.2600
-3.2900
-2.8700
245
329
315
270
672
-0.1557
-0.9282
-0.3138
1.8200
-4.6900
-2.5200
245
329
316
270
672
-0.1713
-0.9238
-0.3089
0.8400
-3.2900
-3.3600
245
330
316
270
671
-0.1625
-0.9262
-0.3138
2.0300
-2.6600
-3.7100
246
330
317
270
671
-0.1615
-0.9301
-0.3138
2.1000
-4.0600
-3.2200
246
330
317
270
671
-0.1562
-0.9277
-0.3123
3.9200
-4.2000
-3.3600
246
330
317
271
671
-0.1645
-0.9340
-0.3001
1.8900
-3.9200
-2.2400
246
330
318
271
671
-0.1532
-0.9296
-0.3089
1.1200
-4.5500
-2.3800
246
331
318
271
671
-0.1718
-0.9252
-0.3104
2.2400
-4.4800
-2.8000
247
331
318
271
671
-0.1718
-0.9321
-0.3089
2.3800
-3.0800
-2.7300
246
331
318
271
671
-0.1606
-0.9272
-0.3079
2.1000
-3.6400
-2.8700
247
331
319
271
671
-0.1688
-0.9252
-0.3157
2.5900
-3.5700
-3.8500
247
331
319
272
671
-0.1586
-0.9311
-0.2952
3.3600
-3.9900
-2.5200
247
331
319
272
674
-0.1659
-0.9321
-0.3026
1.1900
-3.5700
-3.2200
246
331
319
272
674
-0.1566
-0.9189
-0.3113
-2.4500
-4.0600
-3.8500
247
331
319
272
671
-0.1664
-0.9409
-0.3401
-1.7500
5.5300
-3.5000
249
333
325
275
686
-0.1606
-0.9331
-0.3021
-7.1400
-1.6800
-1.6100
255
338
345
286
698
-0.1713
-0.9111
-0.3597
-6.7900
0.0700
-1.7500
274
358
403
318
657
-0.1537
-0.9174
-0.3509
8.7500
3.1500
4.2000
292
376
457
352
629
-0.1566
-0.9257
-0.3538
25.5500
7.9100
-4.5500
310
392
482
388
583
-0.1693
-0.8594
-0.1825
5.6000
16.4500
-8.5400
335
403
497
421
546
-0.1425
-0.9516
-0.2684
-0.6300
0.4200
1.2600
368
433
508
436
524
-0.1259
-0.9370
-0.2752
5.8100
-1.3300
-1.1900
392
456
515
442
502
-0.1362
-0.9394
-0.2211
7.9800
-3.6400
-2.8700
405
474
519
445
488
-0.1127
-0.9555
-0.2411
2.1000
-3.7100
-2.5900
412
484
522
448
478
-0.1293
-0.9540
-0.2572
1.7500
-3.5700
-3.2900
418
490
524
450
462
-0.1157
-0.9496
-0.2362
6.3700
-2.3100
0.0000
419
493
525
452
450
-0.1244
-0.9633
-0.2323
3.2200
-2.6600
-5.0400
420
495
526
453
444
-0.1025
-0.9653
-0.2469
6.0900
-3.5700
-3.6400
421
496
527
453
439
-0.1210
-0.9643
-0.2352
-0.7700
-3.9900
-2.7300
421
496
527
453
442
-0.1127
-0.9579
-0.2245
0.7700
-3.2900
-3.2200
421
496
527
453
439
-0.1127
-0.9516
-0.2416
2.5200
-4.0600
-0.8400
421
495
527
452
442
-0.1200
-0.9584
-0.2333
4.5500
-3.0100
-3.8500
420
495
527
452
440
-0.1015
-0.9623
-0.2123
0.5600
-4.7600
-0.7000
420
495
527
452
443
-0.1142
-0.9560
-0.2396
1.9600
-4.1300
-2.3800
420
495
527
451
443
-0.1093
-0.9492
-0.2308
2.2400
-3.9200
-3.9900
420
494
527
451
443
-0.1142
-0.9560
-0.2255
2.4500
-2.4500
-3.7100
419
493
527
451
443
-0.1098
-0.9550
-0.2308
3.6400
-3.9200
-3.3600
419
492
526
450
443
-0.1025
-0.9745
-0.2220
1.9600
-4.1300
-2.3800
419
492
526
449
444
-0.1044
-0.9662
-0.2240
2.9400
-5.8100
-2.5900
419
491
526
448
445
-0.1113
-0.9609
-0.2274
0.1400
-4.7600
-2.1700
418
490
526
448
446
-0.1181
-0.9575
-0.2303
0.6300
-3.9900
-3.8500
418
490
526
448
447
-0.1181
-0.9457
-0.2484
3.3600
-4.7600
-3.1500
417
489
526
447
448
-0.1049
-0.9618
-0.2274
3.9200
-4.3400
-3.6400
415
488
525
446
448
-0.1074
-0.9638
-0.2137
5.6700
-4.7600
-3.0100
414
486
525
445
452
-0.1064
-0.9711
-0.2186
0.9800
-2.7300
-2.8000
414
484
525
444
452
-0.1205
-0.9584
-0.2245
1.8900
-2.1700
-2.6600
412
480
524
442
458
-0.1210
-0.9614
-0.2230
0.4200
-4.1300
-3.0800
409
476
524
441
461
-0.1181
-0.9623
-0.2235
4.9000
-3.9900
-5.0400
407
472
523
438
470
-0.0903
-0.9589
-0.1981
1.6800
1.1200
10.4300
406
471
523
437
486
-0.1410
-0.9648
-0.2186
7.9800
2.4500
-1.1200
405
472
523
434
500
-0.1303
-0.9599
-0.2113
3.9200
-0.2800
0.2800
399
468
523
428
513
-0.1381
-0.9667
-0.2059
4.6900
-1.1900
-1.8200
390
455
523
421
529
-0.1479
-0.9697
-0.2045
5.5300
-5.6700
-3.5000
377
434
522
413
551
-0.1371
-0.9540
-0.1840
-0.4900
-9.0300
-1.7500
360
412
521
402
568
-0.1357
-0.9145
-0.2225
13.2300
-6.0200
7.7000
330
384
516
384
580
-0.1405
-0.9477
-0.1825
1.5400
-11.1300
-0.4200
309
367
513
378
595
-0.1835
-0.9414
-0.1942
-17.2900
-7.9100
0.0000
285
351
511
366
609
-0.1996
-0.9467
-0.2308
-11.3400
-14.2100
-0.0700
264
338
508
353
614
-0.2040
-0.9540
-0.2630
2.9400
-10.5700
-7.9100
252
330
500
338
618
-0.1688
-0.9682
-0.2640
4.7600
-8.9600
1.6100
248
329
480
320
629
-0.2094
-0.9536
-0.1967
-14.9800
-12.6000
1.3300
247
327
437
299
645
-0.2362
-0.9145
-0.2455
-15.9600
-12.1100
-4.7600
248
330
390
282
666
-0.2181
-0.9218
-0.3065
-7.2800
-7.8400
-11.3400
254
326
329
265
683
-0.2015
-0.9345
-0.2669
0.7700
-3.4300
-9.6600
256
319
303
260
684
-0.1723
-0.9321
-0.2567
-1.1900
-1.1900
-8.8900
294
309
299
258
687
-0.1864
-0.9409
-0.2738
4.2000
-1.9600
-7.2100
292
308
297
258
686
-0.1723
-0.9257
-0.2655
1.6100
-4.2700
-5.1100
290
305
294
257
694
-0.1547
-0.9340
-0.2689
3.4300
-7.9800
-3.0800
287
304
294
257
694
-0.1601
-0.9335
-0.2669
2.6600
-5.9500
-4.0600
285
303
295
258
696
-0.1649
-0.9296
-0.2630
2.6600
-5.9500
-4.6900
284
302
295
258
697
-0.1693
-0.9448
-0.2611
2.8700
-5.4600
-4.6200
283
302
297
259
698
-0.1552
-0.9496
-0.2669
2.8700
-5.8800
-4.3400
282
302
298
259
696
-0.1620
-0.9370
-0.2660
1.4000
-5.3900
-1.8900
280
303
299
260
695
-0.1596
-0.9472
-0.2562
2.9400
-3.9200
-2.5200
280
304
301
261
694
-0.1640
-0.9423
-0.2728
1.1200
-4.3400
-2.3100
280
305
302
262
692
-0.1659
-0.9389
-0.2664
1.8900
-4.9000
-2.2400
280
306
303
262
690
-0.1742
-0.9433
-0.2601
3.7100
-4.6900
-2.1700
280
307
304
263
690
-0.1752
-0.9335
-0.2679
2.9400
-3.9900
-1.5400
280
308
305
264
691
-0.1669
-0.9438
-0.2694
2.7300
-4.7600
-2.8700
280
308
306
264
691
-0.1732
-0.9423
-0.2625
1.7500
-3.4300
-2.6600
280
309
307
265
688
-0.1659
-0.9526
-0.2538
2.6600
-3.5000
-3.2900
281
309
307
265
688
-0.1757
-0.9394
-0.2699
1.3300
-3.2900
-3.7800
281
309
308
266
687
-0.1703
-0.9374
-0.2640
4.1300
-4.2000
-3.0800
281
309
308
266
687
-0.1606
-0.9506
-0.2523
0.8400
-4.1300
-3.0800
281
310
309
267
686
-0.1645
-0.9384
-0.2660
2.3100
-5.6000
-1.8200
281
310
310
267
685
-0.1791
-0.9428
-0.2655
1.1900
-3.6400
-2.7300
281
311
310
267
685
-0.1664
-0.9472
-0.2547
1.4000
-3.7100
-2.4500
281
311
311
268
687
-0.1693
-0.9418
-0.2611
1.0500
-4.4800
-2.2400
282
312
312
268
686
-0.1767
-0.9414
-0.2655
2.1700
-2.8000
-3.2200
282
312
312
268
684
-0.1601
-0.9418
-0.2728
2.9400
-3.9900
-2.6600
282
312
313
269
683
-0.1679
-0.9462
-0.2591
2.5900
-3.9200
-3.2900
282
313
313
269
683
-0.1649
-0.9409
-0.2518
2.5200
-3.9900
-3.1500
282
313
313
269
683
-0.1693
-0.9482
-0.2562
2.4500
-4.0600
-3.5700
282
313
313
269
684
-0.1630
-0.9467
-0.2562
3.7800
-3.9900
-3.5700
282
313
314
269
685
-0.1649
-0.9448
-0.2601
1.4000
-3.9900
-3.5700
282
313
314
269
686
-0.1615
-0.9389
-0.2635
3.7100
-4.6900
-4.7600
281
313
314
269
687
-0.1649
-0.9467
-0.2523
3.9900
-4.9700
-3.9200
281
313
314
269
691
-0.1586
-0.9482
-0.2396
-0.5600
-3.7800
-4.0600
282
314
314
269
683
-0.1537
-0.9282
-0.2821
-23.5900
0.9100
0.2100
286
317
320
274
697
-0.1679
-0.9355
-0.3065
-17.0800
8.6100
0.4200
298
327
347
290
679
-0.1532
-0.9189
-0.3211
-1.1200
5.4600
-0.2100
317
341
415
325
642
-0.1444
-0.9013
-0.3299
3.0100
-1.6100
2.5900
334
359
474
367
607
-0.1103
-0.9760
-0.3421
13.2300
9.1700
-10.5000
356
392
495
396
537
-0.1240
-0.8984
-0.2845
-4.5500
-4.6900
-6.0200
380
426
506
412
517
-0.1264
-0.9379
-0.3123
14.3500
-3.0800
-3.7100
397
452
512
425
498
-0.1337
-0.9526
-0.2952
5.7400
-2.9400
-1.3300
408
471
516
432
486
-0.1298
-0.9438
-0.2860
5.3900
-3.1500
-0.9100
411
481
519
439
478
-0.1610
-0.9526
-0.2889
3.7800
-2.2400
1.1200
412
485
522
444
468
-0.1493
-0.9335
-0.2743
3.3600
-4.5500
-0.9100
413
487
524
446
463
-0.1581
-0.9457
-0.2747
4.7600
-2.3100
-2.9400
414
489
525
448
456
-0.1625
-0.9462
-0.2591
2.3800
-2.8700
-4.2700
415
493
525
449
452
-0.1586
-0.9511
-0.2728
5.1800
-2.7300
-4.5500
416
495
526
450
449
-0.1518
-0.9414
-0.2786
2.5900
-2.5900
-0.9100
417
497
527
451
450
-0.1469
-0.9496
-0.2713
3.5000
-2.3800
-1.5400
417
497
527
451
450
-0.1523
-0.9457
-0.2606
1.8900
-3.4300
-2.9400
417
497
527
451
450
-0.1493
-0.9496
-0.2674
3.5700
-3.7100
-3.0100
417
497
528
451
450
-0.1542
-0.9448
-0.2601
2.4500
-2.8700
-3.5700
417
497
528
451
450
-0.1484
-0.9418
-0.2499
3.7100
-3.9200
-3.0100
417
497
528
451
450
-0.1449
-0.9501
-0.2513
2.3800
-4.3400
-4.6200
417
496
528
450
450
-0.1474
-0.9492
-0.2552
2.2400
-2.9400
-3.5700
417
496
528
450
451
-0.1440
-0.9350
-0.2474
2.8700
-2.5200
-4.1300
417
496
528
450
450
-0.1454
-0.9501
-0.2601
2.8000
-2.5900
-3.7100
417
496
528
450
450
-0.1366
-0.9477
-0.2503
2.9400
-4.1300
-2.9400
417
496
528
450
451
-0.1459
-0.9487
-0.2572
1.9600
-4.2000
-3.0800
417
496
528
450
451
-0.1405
-0.9511
-0.2538
2.2400
-3.9200
-1.3300
416
494
528
449
452
-0.1420
-0.9687
-0.2689
4.7600
-2.2400
-2.3800
416
493
528
449
455
-0.1274
-0.9599
-0.2450
2.8700
-4.2000
-1.6100
412
492
528
448
461
-0.1454
-0.9521
-0.2669
4.6900
1.1200
-3.9900
410
490
528
446
468
-0.1303
-0.9453
-0.2489
9.1000
-0.2100
-6.4400
410
486
528
443
472
-0.1308
-0.9745
-0.2640
12.8800
-0.4200
-10.7100
414
484
527
438
474
-0.0996
-0.9506
-0.2621
6.0900
-8.1200
-7.0700
415
472
527
429
488
-0.0874
-0.9555
-0.1835
2.4500
-3.9200
4.0600
405
453
526
422
492
-0.1469
-0.9789
-0.2406
8.8200
8.4700
-0.1400
385
424
525
414
505
-0.1235
-0.9648
-0.1957
10.2200
4.8300
3.5000
361
386
525
407
510
-0.1249
-0.9536
-0.1996
0.8400
7.2100
14.8400
329
317
524
399
513
-0.2142
-0.9379
-0.2255
6.0900
-4.1300
6.5100
303
288
522
387
525
-0.2064
-0.9848
-0.1635
-3.0100
-10.5700
1.2600
288
284
520
381
532
-0.1513
-0.9540
-0.1820
-1.6100
-6.9300
-0.2800
280
281
518
374
546
-0.1620
-0.9594
-0.2108
-5.9500
-7.7000
-4.2700
277
282
516
359
559
-0.1737
-0.9374
-0.2225
-24.7100
-9.1700
-0.5600
276
288
514
345
578
-0.1806
-0.9365
-0.2464
-15.5400
-14.5600
1.9600
275
291
511
333
586
-0.2172
-0.9389
-0.2728
-13.2300
-13.1600
-0.3500
273
294
505
322
604
-0.2001
-0.8984
-0.2762
-10.6400
-17.0800
-5.9500
271
297
486
314
635
-0.1947
-0.9213
-0.3392
-2.0300
-8.8200
-11.7600
269
298
444
298
656
-0.1913
-0.9404
-0.3260
-1.9600
-7.4900
-9.3800
268
299
411
284
667
-0.1937
-0.9335
-0.3265
7.1400
-5.3900
-8.0500
268
299
379
275
697
-0.1869
-0.9350
-0.3109
0.3500
-4.9700
-7.8400
269
300
349
270
705
-0.1757
-0.9209
-0.3035
2.4500
-3.5000
-8.0500
271
300
330
266
709
-0.1767
-0.9331
-0.3128
6.0900
-3.0100
-6.6500
273
300
320
264
710
-0.1649
-0.9409
-0.3074
5.7400
-4.1300
-4.6900
273
300
318
264
705
-0.1620
-0.9340
-0.2977
5.4600
-3.5700
-4.4100
274
300
317
264
703
-0.1684
-0.9301
-0.2967
4.9700
-4.0600
-6.1600
274
300
316
264
701
-0.1669
-0.9418
-0.2918
5.0400
-5.0400
-5.8800
275
301
317
265
701
-0.1576
-0.9335
-0.2991
4.4100
-4.2000
-3.7100
275
301
319
266
699
-0.1649
-0.9418
-0.2850
2.3800
-5.4600
-2.5900
276
302
320
267
699
-0.1703
-0.9379
-0.2967
3.2900
-3.5700
-2.8000
276
302
322
267
700
-0.1615
-0.9414
-0.2865
1.6100
-4.6900
-2.1000
277
302
323
269
697
-0.1684
-0.9365
-0.2908
3.0800
-2.6600
-1.2600
277
303
325
269
694
-0.1610
-0.9384
-0.2869
3.2900
-3.8500
-2.3100
277
304
326
270
695
-0.1640
-0.9335
-0.2826
3.5000
-3.8500
-1.7500
278
304
327
271
695
-0.1684
-0.9394
-0.2806
3.0800
-3.7100
-3.2200
278
304
327
271
694
-0.1645
-0.9394
-0.2830
0.9100
-3.5000
-2.1700
278
305
328
271
693
-0.1591
-0.9321
-0.2806
3.5000
-4.6900
-3.2900
278
304
328
272
694
-0.1693
-0.9443
-0.2811
2.8000
-4.2700
-2.2400
279
305
329
273
695
-0.1659
-0.9409
-0.2786
2.0300
-3.1500
-2.0300
279
305
330
273
693
-0.1552
-0.9321
-0.2777
2.6600
-4.4100
-2.5200
279
305
331
274
693
-0.1698
-0.9414
-0.2786
2.1000
-3.4300
-2.9400
279
305
331
274
693
-0.1640
-0.9482
-0.2694
1.4700
-3.1500
-2.7300
280
306
332
274
693
-0.1684
-0.9409
-0.2855
1.8200
-3.5700
-3.6400
280
306
332
275
692
-0.1674
-0.9414
-0.2762
2.1000
-4.1300
-3.3600
280
306
332
275
692
-0.1688
-0.9404
-0.2718
2.3100
-4.4800
-3.2200
280
306
333
275
692
-0.1688
-0.9360
-0.2713
2.1000
-3.1500
-2.3800
280
306
333
275
695
-0.1679
-0.9384
-0.2664
1.6100
-3.5000
-2.5200
280
306
333
275
693
-0.1776
-0.9409
-0.2791
2.3800
-3.7800
-2.4500
280
306
334
276
692
-0.1718
-0.9443
-0.2835
1.6100
-3.7800
-2.1700
280
306
334
276
692
-0.1669
-0.9467
-0.2747
1.1900
-3.9200
-2.8000
280
306
334
276
692
-0.1679
-0.9384
-0.2738
1.3300
-4.2000
-2.7300
280
307
334
276
691
-0.1703
-0.9340
-0.2811
2.1700
-3.3600
-3.1500
281
307
335
277
692
-0.1635
-0.9399
-0.2786
2.5900
-4.2000
-2.8000
281
307
335
277
691
-0.1669
-0.9443
-0.2801
1.5400
-3.9900
-2.9400
281
307
335
277
693
-0.1659
-0.9365
-0.2718
2.5200
-4.1300
-2.5900
281
307
335
277
692
-0.1693
-0.9326
-0.2689
5.1100
-3.9200
-3.7100
281
307
335
277
695
-0.1610
-0.9418
-0.2674
2.5200
-2.8700
-3.7100
281
307
335
277
696
-0.1635
-0.9433
-0.2635
3.1500
-4.4100
-3.7100
281
307
334
277
695
-0.1625
-0.9433
-0.2577
-0.9800
-3.7100
-3.2900
281
307
335
277
690
-0.1571
-0.9409
-0.2894
-4.4800
-2.5900
-4.9700
282
307
339
279
687
-0.1703
-0.9453
-0.2552
-16.5900
1.5400
0.4900
284
306
351
284
689
-0.1659
-0.9331
-0.3250
-7.2800
1.4700
-0.7700
286
306
373
293
671
-0.1723
-0.9072
-0.3152
-4.0600
0.3500
-0.1400
287
305
408
306
654
-0.1557
-0.9282
-0.3450
4.7600
-0.8400
1.2600
288
306
460
336
638
-0.1713
-0.9374
-0.3270
10.9900
4.3400
-1.6800
293
310
494
365
615
-0.1786
-0.9087
-0.3089
13.3700
4.8300
-5.9500
300
313
502
387
585
-0.1488
-0.9194
-0.2772
8.8200
0.0000
-4.6900
315
332
503
398
553
-0.1366
-0.9370
-0.2908
18.7600
-1.1200
-8.3300
337
360
505
404
529
-0.1142
-0.9414
-0.2542
10.7800
-5.4600
-4.1300
362
399
506
408
514
-0.1376
-0.9623
-0.2738
13.0900
-1.1900
-4.4100
383
433
509
415
502
-0.1298
-0.9423
-0.2440
12.8800
-9.0300
-1.0500
399
449
511
422
495
-0.1425
-0.9784
-0.2381
8.6100
-3.7100
-4.4800
403
462
512
426
487
-0.1259
-0.9614
-0.2162
6.5100
-5.8800
1.1200
405
470
513
429
483
-0.1566
-0.9760
-0.2054
2.3800
-4.4800
-2.3800
407
477
515
432
476
-0.1313
-0.9428
-0.2025
-4.6200
-4.8300
-4.1300
407
479
517
437
475
-0.1366
-0.9614
-0.2284
-0.5600
-4.2700
0.2100
408
481
519
439
471
-0.1547
-0.9550
-0.2157
7.4900
-4.4100
-1.8900
408
481
520
440
473
-0.1459
-0.9731
-0.1996
3.9900
-2.5900
-3.0100
408
481
520
440
470
-0.1488
-0.9555
-0.2069
3.7100
-4.4100
-2.3100
408
481
520
440
472
-0.1601
-0.9614
-0.2094
2.0300
-4.3400
-1.9600
408
480
520
440
472
-0.1620
-0.9565
-0.2133
0.9100
-3.5700
-3.7800
408
480
520
440
472
-0.1503
-0.9584
-0.2035
1.3300
-4.2700
-3.5700
407
480
519
439
472
-0.1586
-0.9570
-0.2079
0.5600
-3.3600
-3.0800
407
480
519
439
472
-0.1435
-0.9501
-0.2128
5.8800
-3.5000
-4.0600
407
480
519
439
472
-0.1527
-0.9653
-0.2142
2.2400
-3.5000
-4.7600
407
480
519
439
472
-0.1498
-0.9550
-0.2128
3.7800
-3.4300
-4.2000
407
480
519
439
472
-0.1454
-0.9667
-0.2079
4.5500
-3.2900
-3.8500
407
480
519
438
470
-0.1440
-0.9672
-0.2011
2.9400
-3.3600
-4.5500
407
480
519
438
473
-0.1420
-0.9545
-0.2050
2.4500
-4.2000
-5.3900
407
480
519
438
470
-0.1391
-0.9594
-0.2006
2.8000
-3.8500
-3.9200
407
479
519
438
472
-0.1469
-0.9614
-0.2059
3.5700
-3.7800
-2.9400
406
479
518
437
471
-0.1376
-0.9692
-0.2015
0.1400
-2.3100
-0.4200
406
479
518
437
473
-0.1362
-0.9599
-0.2015
-0.6300
-2.9400
0.0000
405
473
518
437
471
-0.1498
-0.9521
-0.2137
1.8200
-3.0100
2.4500
399
460
518
436
476
-0.1625
-0.9496
-0.1869
7.2100
-1.4000
-1.0500
397
448
519
435
478
-0.1401
-0.9614
-0.1908
3.0100
0.6300
1.1200
381
418
519
434
480
-0.1562
-0.9623
-0.1566
5.6700
0.0000
4.7600
349
381
519
433
480
-0.1845
-0.9575
-0.1854
7.4200
-17.6400
0.1400
319
341
519
430
486
-0.1630
-0.9526
-0.1625
12.1800
-0.9800
0.5600
295
319
519
426
489
-0.1669
-0.9511
-0.1132
10.0100
0.2100
1.9600
278
302
518
417
496
-0.1606
-0.9292
-0.1444
-2.5900
-7.6300
2.1700
267
293
515
400
519
-0.1815
-0.9545
-0.1742
13.3000
-12.7400
-2.0300
263
296
510
381
538
-0.2001
-0.9575
-0.1918
-7.2800
-13.4400
-4.6900
262
297
508
374
556
-0.1928
-0.9448
-0.2040
-8.8200
-9.0300
-1.7500
262
301
506
363
574
-0.1981
-0.9467
-0.2030
-15.7500
-11.0600
-2.5900
261
303
503
350
591
-0.2040
-0.9409
-0.2416
-11.7600
-11.8300
-5.6700
260
304
498
340
604
-0.2157
-0.9248
-0.2713
-2.3800
-10.2200
-9.5900
260
306
482
329
614
-0.1850
-0.9643
-0.2801
-0.3500
-9.7300
-3.9200
260
307
457
314
624
-0.1937
-0.9433
-0.2650
-8.8900
-8.4000
-5.2500
260
307
419
299
633
-0.2015
-0.9277
-0.2660
-5.0400
-5.9500
-4.6900
260
306
388
287
660
-0.2015
-0.9087
-0.2694
-0.4900
-5.8100
-5.7400
259
305
362
281
671
-0.2050
-0.9296
-0.2733
-5.3900
-5.7400
-3.9200
260
304
341
277
678
-0.1923
-0.9272
-0.2708
-1.4700
-4.4100
-2.9400
259
304
326
275
682
-0.1864
-0.9296
-0.2806
2.5900
-3.5700
-4.6200
259
304
318
274
683
-0.1806
-0.9267
-0.2786
2.7300
-4.4100
-3.7800
259
304
317
274
683
-0.1913
-0.9365
-0.2874
0.0700
-5.6700
-3.0100
259
304
317
273
682
-0.1845
-0.9252
-0.2806
1.3300
-4.8300
-2.8700
259
305
317
274
683
-0.1893
-0.9306
-0.2762
4.2700
-2.2400
-4.2700
259
305
317
274
685
-0.1747
-0.9365
-0.2664
3.1500
-4.8300
-4.2000
258
305
317
273
688
-0.1786
-0.9350
-0.2762
2.1700
-2.8000
-4.2000
258
305
316
273
692
-0.1708
-0.9321
-0.2679
-0.2800
-6.0900
-3.0100
257
305
316
273
691
-0.1874
-0.9331
-0.2757
2.3800
-4.9700
-3.8500
257
306
316
273
692
-0.1723
-0.9311
-0.2826
2.6600
-6.4400
-3.2200
257
306
316
274
694
-0.1791
-0.9384
-0.2894
4.6900
-4.4100
-3.9200
257
306
316
274
694
-0.1825
-0.9418
-0.2718
1.6800
-4.6200
-6.5100
257
307
317
274
688
-0.1630
-0.9492
-0.2762
-6.9300
-5.3900
-7.2800
258
307
319
273
686
-0.1879
-0.9165
-0.3118
-4.2700
-0.0700
-5.8100
258
306
320
273
682
-0.1488
-0.9067
-0.3118
1.6100
-4.9000
-6.7200
259
306
321
274
680
-0.1435
-0.9228
-0.2908
-6.1600
-1.4700
-1.6800
259
305
321
273
678
-0.1454
-0.9126
-0.3094
4.6900
-4.4800
-5.1800
259
306
323
275
677
-0.1552
-0.9379
-0.2786
-1.8900
1.3300
-3.3600
260
306
325
275
673
-0.1357
-0.9267
-0.3109
-8.6800
-1.2600
-9.5200
261
305
327
276
677
-0.1298
-0.9482
-0.3392
-19.6000
0.0700
-2.6600
265
307
335
280
683
-0.1225
-0.9189
-0.3553
-3.9900
-3.4300
-7.5600
268
306
341
284
686
-0.1078
-0.9174
-0.3621
-5.5300
-4.6900
-2.1000
272
307
345
286
683
-0.1264
-0.9121
-0.4021
-3.2900
-0.4200
-1.0500
273
307
345
287
681
-0.1064
-0.9360
-0.3733
-0.3500
-2.4500
-5.1800
273
307
346
287
679
-0.1249
-0.8974
-0.3894
-5.3900
-0.0700
-10.7100
276
308
349
289
683
-0.1225
-0.8872
-0.3777
-4.8300
-1.1900
-19.6700
286
312
373
302
667
-0.0605
-0.8569
-0.4402
-4.8300
-5.2500
-6.4400
300
320
394
320
646
-0.1025
-0.9082
-0.4128
15.3300
11.6200
-7.5600
313
333
428
346
619
-0.0669
-0.9130
-0.4216
1.5400
7.9100
-7.5600
329
346
460
369
583
-0.0205
-0.9199
-0.3777
-0.9100
-1.4000
-6.6500
343
377
482
394
563
-0.0371
-0.9531
-0.3797
-1.5400
5.2500
-7.0000
361
404
497
409
548
-0.0454
-0.9579
-0.3924
3.6400
7.3500
4.2700
368
415
500
413
545
-0.0166
-0.9160
-0.3924
8.9600
-2.5200
-0.8400
370
415
500
414
571
0.0390
-0.9355
-0.3621
-0.4200
-4.7600
-2.3800
370
415
500
416
567
-0.0366
-0.9160
-0.3850
-1.0500
-4.7600
-2.8700
372
417
500
424
557
-0.0185
-0.9184
-0.3850
1.1900
-3.6400
-2.9400
375
422
502
432
548
-0.0239
-0.9267
-0.3909
2.5200
-3.3600
-1.6100
376
422
502
437
548
-0.0410
-0.9184
-0.3548
-0.9100
-3.2900
-3.0100
376
422
502
438
547
-0.0303
-0.9199
-0.3631
1.3300
-1.0500
-5.3200
376
422
502
436
543
-0.0181
-0.9126
-0.3582
5.6700
1.4700
-0.5600
376
422
502
435
544
-0.0122
-0.9189
-0.3884
2.1700
-2.3100
-3.2900
377
423
503
431
543
-0.0166
-0.9233
-0.3738
1.4000
3.5700
-2.7300
377
423
503
427
539
-0.0371
-0.8877
-0.3684
5.3900
-1.5400
-1.8200
378
423
504
425
538
-0.0185
-0.9374
-0.3231
-3.1500
-3.0800
0.8400
378
424
504
416
539
-0.0166
-0.8965
-0.3909
2.9400
-9.7300
-3.0100
378
423
503
413
545
-0.0727
-0.9374
-0.3748
3.2200
-3.6400
-2.0300
378
423
503
412
546
-0.0327
-0.9287
-0.3762
2.5200
-2.5200
-3.2200
378
425
503
412
550
-0.0298
-0.9218
-0.3699
8.1200
-6.1600
-4.9700
381
432
503
411
550
-0.0351
-0.9331
-0.3601
7.2800
-6.5800
-4.6200
383
437
504
410
552
-0.0376
-0.9428
-0.3558
2.1000
-4.5500
-8.0500
385
443
504
406
564
-0.0293
-0.9194
-0.3406
1.0500
-6.5100
-5.3900
387
448
504
400
578
-0.0185
-0.9467
-0.3426
-0.0700
-6.7200
-1.1900
370
455
504
390
600
-0.0322
-0.9350
-0.3743
0.1400
-9.9400
-6.4400
351
452
503
374
609
-0.0185
-0.9238
-0.3714
11.6900
-11.3400
-5.7400
331
445
502
360
598
-0.0171
-0.9453
-0.3689
12.1100
-22.9600
-0.7700
326
440
500
341
591
-0.0156
-0.9599
-0.3250
31.6400
-15.0500
1.8200
316
418
499
329
588
-0.0176
-0.9706
-0.3294
15.6800
-9.3100
-0.5600
302
404
492
312
597
-0.0376
-0.9531
-0.3304
21.2100
-5.7400
1.0500
285
383
480
306
611
-0.0425
-0.9672
-0.3050
4.4800
-9.8000
-1.3300
267
361
456
294
622
-0.0615
-0.9618
-0.3196
-3.7100
-10.1500
-1.2600
256
349
426
283
643
-0.0761
-0.9370
-0.3362
19.2500
1.1900
-3.0800
250
340
396
272
696
-0.0625
-0.9726
-0.2669
16.2400
-1.7500
-0.9100
249
336
361
258
715
-0.0791
-0.9623
-0.2747
17.2200
-2.4500
-3.5000
246
330
330
249
723
-0.0791
-0.9853
-0.2518
15.6100
5.7400
-0.9100
243
322
313
246
734
-0.0883
-0.9623
-0.2113
12.0400
-1.8200
-3.0800
238
312
307
244
743
-0.0898
-0.9780
-0.1864
19.6000
-2.6600
-3.9900
235
309
305
244
752
-0.0732
-0.9887
-0.1659
11.2000
-3.8500
-3.5700
234
305
304
244
754
-0.0742
-0.9794
-0.1610
6.7200
-6.5800
-5.3200
235
303
304
244
753
-0.0698
-0.9921
-0.1562
5.0400
-5.3200
-3.8500
235
303
305
245
754
-0.0664
-0.9828
-0.1484
3.9900
-4.7600
-3.6400
236
303
306
246
753
-0.0742
-0.9902
-0.1513
2.3800
-4.6900
-4.3400
237
303
307
246
750
-0.0747
-0.9960
-0.1532
8.5400
-5.1800
-4.9700
237
302
307
246
752
-0.0654
-0.9770
-0.1366
3.3600
-4.5500
-3.5700
237
302
308
247
749
-0.0649
-0.9877
-0.1503
4.5500
-4.5500
-3.9900
237
302
308
247
748
-0.0649
-0.9858
-0.1308
2.5900
-4.6900
-4.1300
238
302
309
247
748
-0.0634
-0.9833
-0.1401
4.3400
-5.0400
-3.9200
238
301
309
248
748
-0.0654
-0.9921
-0.1327
4.6200
-4.9000
-3.6400
239
301
309
248
747
-0.0752
-0.9809
-0.1352
4.9700
-3.3600
-3.0100
239
300
309
248
747
-0.0561
-0.9882
-0.1318
4.2000
-4.7600
-3.1500
239
299
309
248
747
-0.0698
-0.9945
-0.1347
4.6900
-3.3600
-3.5700
239
299
309
248
747
-0.0581
-0.9955
-0.1308
4.9700
-4.6200
-3.4300
239
298
310
249
747
-0.0649
-0.9941
-0.1230
1.2600
-3.9200
-3.5700
239
298
310
249
746
-0.0615
-0.9872
-0.1152
0.4900
-4.8300
-3.0100
240
299
310
249
743
-0.0625
-0.9853
-0.1157
-0.7000
-4.4100
-2.8700
240
299
311
249
741
-0.0571
-0.9828
-0.1259
1.9600
-5.1800
-2.9400
240
299
311
250
739
-0.0595
-0.9882
-0.1171
0.0700
-3.9900
-2.3100
240
300
312
251
737
-0.0698
-0.9814
-0.1337
-3.3600
-3.3600
-3.2200
240
300
313
251
731
-0.0688
-0.9745
-0.1401
-15.6100
-1.6100
2.1700
240
303
316
254
727
-0.0615
-0.9784
-0.1708
-33.3900
-2.2400
2.8000
251
317
328
265
716
-0.0776
-0.9682
-0.2338
-11.2700
-4.0600
-7.7000
259
327
348
282
686
-0.0586
-0.9643
-0.2782
0.4200
1.8200
-3.5700
268
339
378
300
657
-0.0742
-0.9633
-0.2630
-2.8000
-1.7500
-4.6900
279
356
421
326
641
-0.0830
-0.9462
-0.2860
-2.0300
1.2600
-4.8300
288
369
457
350
632
-0.0834
-0.9335
-0.2830
-0.1400
-2.0300
-4.6200
294
375
473
364
626
-0.0454
-0.9301
-0.2660
7.8400
5.8100
-6.5100
305
384
476
373
611
-0.0561
-0.9350
-0.2860
-0.3500
3.3600
-4.9700
315
389
478
384
562
-0.1039
-0.9282
-0.2977
-10.7800
-3.2900
-5.1100
334
404
487
400
544
-0.0747
-0.9604
-0.3035
-6.7200
-5.1100
-10.7100
361
427
500
412
518
-0.0283
-0.9687
-0.3001
-13.7900
-6.6500
-8.3300
379
446
507
424
503
-0.0434
-0.9350
-0.3514
1.5400
-5.5300
-7.7700
388
462
514
435
486
-0.0220
-0.9355
-0.3270
5.3900
-6.3700
-10.7100
395
476
519
442
468
-0.0200
-0.9536
-0.2884
10.9900
-1.6100
-6.5100
402
485
523
447
447
-0.0171
-0.9628
-0.2879
12.6000
0.2800
-8.4700
407
491
525
450
437
0.0054
-0.9736
-0.2694
9.1700
-3.0100
-12.1800
410
493
527
451
428
-0.0078
-0.9521
-0.2557
5.9500
-8.8900
-15.9600
411
494
527
451
424
0.0273
-0.9823
-0.2684
8.3300
-9.5200
-21.4900
411
494
527
452
423
0.0996
-0.9492
-0.2542
19.3200
-16.0300
-20.5100
411
494
527
454
432
0.0669
-0.9726
-0.1381
8.6100
-23.1000
-15.6100
410
491
527
453
440
0.0795
-0.9828
-0.2347
14.6300
-18.3400
-26.6000
408
489
525
450
450
0.1235
-0.9706
-0.2294
40.4600
-19.9500
-26.8100
408
489
525
451
450
0.1610
-0.9760
-0.1303
26.8100
-15.5400
-14.2100
408
489
525
451
449
0.1566
-0.9750
-0.0849
23.2400
-15.3300
-5.8800
407
488
525
450
448
0.1728
-0.9633
-0.0346
16.2400
-16.5900
-10.5700
405
486
524
449
450
0.1503
-0.9692
-0.0171
19.3200
-20.0200
-39.6200
403
485
523
448
449
0.2445
-0.9711
0.0195
13.9300
-6.6500
2.1700
401
484
523
447
451
0.1693
-1.0224
0.0020
5.9500
-0.0700
-3.5700
401
484
523
447
450
0.2294
-0.9789
-0.0151
-10.0800
-0.2100
7.3500
400
484
523
446
452
0.2206
-0.9516
-0.0322
-4.6900
-1.3300
0.6300
400
483
523
445
454
0.2079
-0.9618
-0.0454
5.0400
-1.6800
-11.7600
400
483
522
445
462
0.2704
-0.9775
-0.0590
-5.1100
0.2100
32.5500
400
483
522
445
458
0.1176
-1.0390
-0.0547
-13.2300
-6.5100
-6.8600
400
482
522
444
451
0.1742
-0.9633
-0.0698
4.4800
-6.0900
-1.6800
400
482
523
444
447
0.1864
-0.9701
-0.0166
-6.6500
-6.7200
6.0900
400
481
522
443
434
0.0698
-0.9633
-0.0273
-5.3900
3.3600
15.4700
399
481
522
442
428
0.0747
-0.9765
-0.0810
13.1600
3.4300
-6.8600
399
480
521
441
440
0.0893
-1.0228
-0.0161
2.2400
3.5000
-22.4000
399
480
521
439
465
0.2050
-0.9765
-0.0571
-4.2000
-5.9500
0.7700
399
480
521
439
470
0.1327
-1.0058
-0.0029
-0.4200
-9.1000
-10.7100
398
480
521
439
472
0.1322
-0.9516
-0.0537
6.9300
-6.3000
-2.8000
398
480
521
439
467
0.1366
-0.9994
-0.0283
1.7500
-5.1100
-8.8200
398
480
521
439
477
0.1581
-0.9941
-0.0425
-7.2100
-6.0200
4.1300
398
480
521
439
482
0.1205
-0.9833
-0.0625
-5.3200
-1.9600
2.1700
398
480
521
437
493
0.1171
-0.9819
-0.0571
-14.2800
-2.3100
12.2500
398
479
520
433
503
0.1767
-0.9540
-0.1030
-7.2800
1.4700
14.4200
398
479
520
432
496
0.0703
-0.9902
-0.0917
0.1400
-1.3300
-8.6100
397
478
520
433
491
0.1137
-1.0116
-0.1030
2.8700
0.7000
-13.3700
397
478
520
434
483
0.1401
-0.9687
-0.0986
1.6100
-5.8100
2.2400
397
479
520
437
484
0.0810
-0.9975
-0.1064
11.9700
-2.9400
-9.3100
397
478
520
438
487
0.0898
-1.0009
-0.0737
1.5400
2.2400
0.2800
396
478
520
440
490
0.0805
-0.9965
-0.1078
1.3300
7.4900
2.2400
396
478
520
440
490
0.0878
-0.9902
-0.0586
1.2600
-8.2600
-2.0300
397
479
520
433
493
0.1191
-1.0043
-0.0888
1.2600
-8.1200
-2.5900
396
478
520
431
501
0.0688
-1.0141
-0.0761
-1.1200
-2.4500
-4.6200
396
478
520
431
495
0.1069
-0.9672
-0.0761
-5.1800
-7.3500
15.5400
396
478
520
441
490
0.0478
-0.9770
-0.0776
10.3600
-5.1100
-9.4500
396
478
520
446
491
0.0756
-0.9970
-0.0630
3.3600
-3.9200
-4.4800
396
477
519
445
492
0.0854
-0.9911
-0.0810
5.8100
-4.2000
-3.0800
396
477
519
446
496
0.0664
-1.0146
-0.0849
-0.0700
-3.6400
3.7100
396
477
519
443
511
0.0488
-0.9931
-0.0673
-1.4700
-5.6000
-2.0300
396
477
519
438
521
0.0747
-0.9740
-0.0981
-1.1200
-5.6700
-0.7000
396
477
519
437
520
0.0415
-0.9892
-0.0737
2.8700
-4.8300
-6.0900
396
477
519
437
519
0.0522
-0.9980
-0.0776
3.9900
-5.7400
-6.3000
395
477
518
438
506
0.0556
-0.9970
-0.0664
-1.2600
-6.4400
1.7500
396
477
519
438
494
0.0327
-0.9770
-0.1127
1.8900
0.9100
-4.2000
396
477
518
432
495
0.0859
-0.9687
-0.0673
5.9500
-1.8900
5.6700
396
477
518
431
491
0.0630
-1.0043
-0.0727
-3.6400
0.2100
18.3400
396
476
518
431
493
0.0210
-0.9814
-0.1020
1.4700
-0.5600
17.5000
397
476
518
430
490
-0.0317
-0.9784
-0.1049
1.8200
4.9000
28.0000
397
475
517
430
492
-0.0542
-1.0102
-0.0800
17.7800
13.8600
22.6100
398
475
516
428
497
-0.1274
-1.0126
-0.0932
6.8600
5.0400
11.8300
398
475
516
428
497
-0.1215
-0.9853
-0.0727
5.0400
2.1700
7.0000
398
475
516
427
497
0.0117
-0.9672
-0.0415
6.5100
-0.9800
2.7300
399
475
516
426
485
-0.1469
-0.9760
-0.0454
4.8300
-2.7300
-3.5000
399
475
516
426
487
-0.1215
-0.9936
-0.0449
2.7300
-3.7800
-1.7500
399
475
516
426
487
-0.1366
-0.9814
-0.0381
5.4600
-5.4600
-4.2000
399
475
516
426
487
-0.1498
-0.9701
-0.0142
0.9100
-3.5700
-2.1000
399
475
516
426
487
-0.1303
-0.9838
-0.0351
7.4900
-7.7700
-6.7900
399
475
516
427
485
-0.1308
-0.9921
-0.0210
6.7200
-6.6500
-3.4300
399
475
516
426
487
-0.1332
-0.9989
-0.0078
2.8700
-5.4600
-3.0800
399
475
516
427
485
-0.1347
-0.9775
-0.0098
4.6200
-5.4600
-3.7800
399
475
516
427
487
-0.1342
-0.9721
-0.0054
4.9000
-5.6000
1.4000
399
475
516
427
487
-0.1640
-0.9823
-0.0376
2.3100
-0.2100
-1.7500
399
475
516
427
487
-0.1532
-0.9828
-0.0010
2.1700
2.1000
-7.4200
399
475
516
426
484
-0.1264
-0.9731
0.0078
4.5500
-1.6100
-3.4300
399
474
516
426
483
-0.1137
-0.9965
-0.0205
3.9200
-3.2900
-6.2300
399
474
516
426
482
-0.1244
-0.9809
-0.0264
8.2600
-5.3900
-2.5900
399
474
516
426
480
-0.1474
-0.9838
0.0273
9.6600
-4.2000
-7.5600
399
474
515
426
483
-0.1098
-0.9814
0.0254
3.9200
-6.7900
-2.3100
399
474
515
426
480
-0.1215
-0.9814
0.0137
6.4400
-8.4700
-3.2900
399
474
515
427
483
-0.1357
-0.9906
0.0244
5.7400
-5.1100
-2.6600
399
474
515
427
482
-0.1303
-0.9936
0.0581
3.0800
-3.1500
-3.2200
399
474
515
427
484
-0.1093
-0.9848
0.0317
-0.9100
-4.9700
0.0000
399
474
515
427
482
-0.1293
-0.9809
0.0332
0.4900
-5.1800
-2.7300
399
474
515
427
485
-0.1327
-0.9677
0.0234
1.4000
-4.3400
-5.7400
399
474
515
427
483
-0.1230
-0.9897
0.0503
0.9800
-2.1000
-1.6100
400
474
514
427
486
-0.1362
-0.9872
0.0142
2.3800
-3.0800
-3.7100
400
474
514
427
486
-0.1220
-0.9706
0.0210
7.7000
-4.2000
-3.3600
399
473
514
426
487
-0.1230
-1.0019
0.0288
3.4300
-4.5500
-5.4600
399
473
514
426
487
-0.1327
-0.9960
0.0298
4.0600
-2.2400
-4.9000
400
473
514
426
487
-0.1142
-0.9853
0.0468
-5.6000
-1.6800
5.6000
399
473
514
426
487
-0.1347
-0.9672
0.0151
-3.4300
-5.4600
-2.9400
400
473
514
426
486
-0.1288
-0.9745
0.0151
1.7500
-8.2600
-2.8000
400
474
514
426
490
-0.2342
-0.9799
0.0088
3.0800
-4.2000
-3.0100
400
473
514
426
488
-0.1327
-0.9936
0.0185
4.7600
-4.6900
-3.9200
399
473
514
426
490
-0.1342
-0.9848
0.0239
3.0800
-2.9400
-5.6000
400
473
514
426
488
-0.1230
-0.9906
0.0264
2.0300
-3.2900
-5.7400
399
473
514
426
491
-0.1093
-0.9970
0.0161
-1.8900
-3.0800
-3.9200
400
473
514
426
489
-0.1176
-1.0038
0.0127
-3.2900
-3.9200
-6.0200
400
474
514
426
490
-0.1103
-0.9780
0.0005
-1.0500
-4.2700
-1.2600
400
474
514
426
489
-0.1220
-0.9731
0.0059
1.5400
-5.1800
-3.8500
400
474
514
426
489
-0.1039
-0.9862
0.0010
4.3400
-5.3900
-3.3600
400
474
514
426
489
-0.1161
-0.9867
0.0083
3.5700
-5.2500
-2.3100
400
474
514
426
487
-0.1200
-0.9970
0.0117
2.6600
-3.6400
-2.8700
400
474
514
426
490
-0.1244
-0.9906
0.0171
0.4900
-2.6600
-6.6500
400
474
514
426
487
-0.1069
-0.9736
-0.0029
2.9400
-5.1800
-2.5200
399
474
514
426
489