-0.0825
-0.9809
-0.0678
1.9600
-4.7600
-2.3800
404
464
499
407
531
-0.0932
-0.9994
-0.0620
3.2200
-3.5700
-3.6400
404
464
499
407
533
-0.0766
-1.0004
-0.0498
1.8200
-3.1500
-3.3600
404
464
499
407
531
-0.0673
-0.9853
-0.0644
0.8400
-4.6900
-1.5400
404
464
500
408
531
-0.0878
-0.9941
-0.0654
3.2200
-3.9900
-3.6400
404
464
500
407
533
-0.0830
-0.9950
-0.0517
1.8200
-4.3400
-3.1500
404
464
500
407
533
-0.0756
-0.9902
-0.0620
2.3800
-5.5300
-3.2200
404
464
499
407
531
-0.0874
-0.9965
-0.0532
3.0100
-3.6400
-4.2700
404
464
499
407
533
-0.0786
-0.9984
-0.0444
0.3500
-2.9400
-4.4100
404
464
499
407
533
-0.0639
-0.9833
-0.0727
0.7000
-4.2700
-2.4500
404
464
499
407
531
-0.0825
-0.9926
-0.0561
-0.0700
-3.7800
-3.8500
404
464
499
407
533
-0.0742
-0.9867
-0.0639
1.5400
-3.6400
-3.2200
404
464
499
407
533
-0.0659
-0.9862
-0.0556
2.7300
-4.7600
-1.6800
404
464
499
407
530
-0.0766
-0.9819
-0.0625
5.8100
-6.2300
-0.7000
404
464
500
408
533
-0.0883
-1.0141
-0.0595
2.0300
-4.2700
-3.2200
404
464
499
407
533
-0.0825
-0.9916
-0.0561
1.6100
-3.6400
-3.5000
404
464
499
407
530
-0.0771
-0.9950
-0.0581
-0.1400
-4.4800
-3.9900
404
464
499
407
532
-0.0742
-0.9955
-0.0605
1.6100
-4.2000
-1.5400
404
464
499
407
533
-0.0820
-0.9843
-0.0630
0.2800
-4.4100
-2.1700
404
464
500
408
530
-0.0766
-0.9858
-0.0600
3.1500
-5.3200
-1.9600
404
464
500
408
531
-0.0839
-0.9950
-0.0556
3.5000
-3.9900
-2.9400
404
464
499
407
533
-0.0869
-0.9950
-0.0522
3.1500
-3.7100
-2.8000
404
464
499
407
530
-0.0786
-0.9916
-0.0566
2.8000
-4.0600
-2.8700
404
464
499
407
530
-0.0815
-0.9887
-0.0473
1.2600
-4.3400
-2.3800
404
464
499
407
533
-0.1015
-0.9838
-0.0551
5.7400
-4.0600
-4.3400
404
464
499
407
533
-0.0771
-1.0136
-0.0366
-1.1200
-3.0100
-2.5900
404
464
499
407
530
-0.0830
-0.9760
-0.0742
1.3300
-4.4100
-3.1500
404
464
499
407
533
-0.0820
-0.9897
-0.0429
2.5900
-3.5700
-2.3800
404
464
499
407
533
-0.0756
-0.9916
-0.0537
-0.9800
-3.4300
-3.0800
404
464
500
407
530
-0.0761
-0.9780
-0.0644
1.9600
-4.6900
-3.1500
404
464
499
407
533
-0.0820
-0.9960
-0.0625
2.4500
-3.9200
-3.0100
404
464
499
407
533
-0.0820
-0.9989
-0.0542
0.5600
-3.3600
-2.7300
404
464
499
407
530
-0.0693
-0.9882
-0.0610
-1.2600
-4.8300
-1.9600
404
464
499
408
532
-0.0883
-0.9858
-0.0747
1.2600
-3.6400
-3.7800
404
464
500
408
532
-0.0805
-0.9926
-0.0615
-0.4200
-1.6800
-3.2900
404
464
500
408
530
-0.0795
-0.9877
-0.0756
0.0000
-4.1300
-2.0300
404
464
500
408
532
-0.0810
-0.9745
-0.0771
4.4100
-5.2500
-1.9600
404
464
500
408
532
-0.0966
-0.9887
-0.0630
2.7300
-2.8000
-3.5700
404
464
500
408
530
-0.0795
-0.9887
-0.0761
-1.2600
-2.8700
-4.3400
404
464
499
408
530
-0.0737
-0.9789
-0.0712
2.8700
-5.3200
-3.0100
404
464
499
408
532
-0.0947
-0.9980
-0.0737
2.0300
-4.3400
-3.2900
404
464
500
408
532
-0.0761
-0.9843
-0.0678
1.1900
-3.9200
-1.8900
404
464
500
408
530
-0.0869
-0.9858
-0.0683
1.5400
-4.0600
-3.2900
404
464
500
408
531
-0.0854
-0.9936
-0.0727
0.5600
-3.1500
-2.8000
404
464
500
408
533
-0.0820
-0.9911
-0.0771
-1.8200
-2.5900
-2.7300
404
464
500
408
530
-0.0849
-0.9843
-0.0913
0.6300
-4.2000
-2.8700
404
464
500
408
531
-0.0844
-0.9794
-0.0781
7.6300
-5.6000
-2.9400
404
464
500
408
532
-0.0815
-1.0014
-0.0717
-0.9800
-4.1300
-1.4000
404
464
500
408
530
-0.0956
-0.9833
-0.0839
2.8000
-3.7800
-3.0100
404
464
500
408
532
-0.0810
-0.9902
-0.0717
-0.4200
-3.0800
-2.8700
404
464
500
408
532
-0.0786
-0.9784
-0.0791
0.4900
-3.7800
-2.6600
404
464
500
408
530
-0.0878
-0.9833
-0.0805
2.3800
-3.5700
-3.1500
404
464
500
408
530
-0.0810
-0.9867
-0.0805
0.9100
-3.5000
-3.0800
404
465
500
408
532
-0.0776
-0.9858
-0.0805
0.7700
-5.1100
-1.1200
404
465
500
408
530
-0.0966
-0.9877
-0.0854
0.2800
-4.1300
-3.1500
404
465
500
408
530
-0.0913
-0.9828
-0.0966
4.0600
-4.0600
-3.0100
404
465
500
408
532
-0.0888
-0.9941
-0.0805
0.0700
-3.7100
-3.0800
404
465
500
408
530
-0.0878
-0.9770
-0.0893
3.4300
-4.2700
-1.9600
404
465
500
408
530
-0.0859
-0.9965
-0.0771
1.1900
-3.0100
-2.9400
404
465
500
408
532
-0.0844
-0.9882
-0.0898
1.3300
-3.4300
-3.5700
404
464
500
408
532
-0.0830
-0.9906
-0.0830
0.9800
-3.6400
-3.2900
404
465
500
408
530
-0.0844
-0.9872
-0.0859
0.9100
-4.4100
-3.5700
404
464
500
408
532
-0.0849
-0.9848
-0.0922
1.4700
-4.1300
-2.3100
404
465
500
408
532
-0.0874
-0.9892
-0.0893
2.5900
-4.1300
-4.2000
404
465
500
408
530
-0.0859
-0.9843
-0.0908
1.6800
-3.7800
-2.7300
404
464
500
408
532
-0.0795
-0.9945
-0.0908
-1.4700
-4.2700
-2.6600
404
465
500
408
532
-0.0673
-0.9745
-0.0927
-1.4700
-4.8300
5.8100
404
465
500
407
530
-0.1074
-0.9921
-0.1025
-4.4800
-0.1400
3.2900
403
464
494
392
533
-0.1235
-0.9765
-0.1220
-15.6100
1.8900
0.4900
403
464
483
389
535
-0.1005
-0.9575
-0.1493
-9.8000
1.4000
10.0800
402
461
474
382
534
-0.1327
-0.9638
-0.1586
-6.0900
-6.3700
-3.9900
401
459
468
377
536
-0.1191
-0.9599
-0.1767
-9.6600
-1.8900
3.0800
397
453
460
372
540
-0.1215
-0.9745
-0.1815
-6.3000
-1.2600
-0.9800
392
448
450
365
542
-0.1440
-0.9794
-0.2069
-2.8000
1.8200
-6.2300
384
438
432
355
543
-0.1357
-0.9579
-0.2323
-5.2500
1.6800
2.4500
376
429
422
348
544
-0.1342
-0.9511
-0.2362
-2.2400
-0.6300
-7.7700
365
415
407
333
549
-0.1220
-0.9706
-0.2303
-4.6200
0.9100
-5.6700
354
396
387
313
551
-0.1196
-0.9492
-0.2489
-8.8900
2.1000
-4.9700
340
378
367
295
550
-0.1098
-0.9575
-0.2567
-4.6900
-0.2100
-7.2100
329
363
352
281
551
-0.1010
-0.9501
-0.2611
-1.8900
0.4900
-4.9700
317
348
336
266
554
-0.1044
-0.9536
-0.2767
0.8400
2.3100
-8.1200
305
338
321
253
558
-0.0903
-0.9614
-0.2752
5.4600
1.1200
-5.6000
295
329
309
243
562
-0.0688
-0.9389
-0.2933
9.3100
-2.7300
-2.7300
289
323
304
238
561
-0.0913
-0.9404
-0.3138
-0.4900
-3.2200
-3.9200
279
317
296
233
564
-0.0854
-0.9331
-0.2816
10.3600
-6.0200
-2.1700
276
314
295
232
569
-0.0839
-0.9594
-0.2137
0.9800
-8.5400
-2.8700
274
313
295
234
562
-0.0917
-0.9736
-0.2699
1.4700
-7.7000
-2.4500
270
310
294
233
557
-0.0605
-0.9653
-0.2372
2.0300
-10.2200
-2.5900
267
309
293
231
565
-0.0883
-0.9667
-0.2601
2.2400
-8.1900
-5.0400
266
307
292
229
576
-0.0830
-0.9614
-0.2445
2.2400
-8.9600
-1.4000
266
306
292
228
581
-0.0903
-0.9462
-0.2328
0.7700
-8.0500
-3.3600
265
306
294
227
583
-0.0830
-0.9521
-0.2469
1.9600
-5.6000
-1.8900
265
305
294
226
582
-0.0869
-0.9555
-0.2396
3.3600
-7.2800
-3.5000
266
305
294
226
583
-0.0839
-0.9731
-0.2406
-1.6100
-4.6200
-3.5700
266
305
294
227
584
-0.0888
-0.9457
-0.2499
2.7300
-6.2300
-1.8200
266
305
295
227
587
-0.0937
-0.9643
-0.2435
3.0800
-3.9200
-2.5200
267
306
296
227
586
-0.0883
-0.9584
-0.2318
3.5000
-3.7800
-1.6800
267
307
296
228
586
-0.0888
-0.9565
-0.2362
1.5400
-4.9000
-2.3800
267
307
297
228
583
-0.1015
-0.9614
-0.2318
-0.8400
-4.6200
-1.0500
267
307
297
229
584
-0.0971
-0.9536
-0.2425
1.7500
-3.9900
-2.5200
267
307
298
229
585
-0.0942
-0.9575
-0.2308
1.6800
-4.4100
-2.2400
267
307
298
229
586
-0.1010
-0.9526
-0.2445
1.4000
-4.4800
-2.3800
267
307
298
229
588
-0.0917
-0.9560
-0.2352
4.3400
-4.7600
-3.0800
268
308
299
230
588
-0.1015
-0.9575
-0.2377
5.2500
-4.4100
-3.8500
268
309
300
230
586
-0.1010
-0.9560
-0.2450
-0.3500
-3.5000
-0.5600
268
310
301
231
585
-0.0937
-0.9638
-0.2367
1.3300
-3.2200
-0.9100
268
310
302
231
585
-0.1132
-0.9482
-0.2460
-0.9800
-4.2700
-5.8800
268
310
302
231
585
-0.0795
-0.9614
-0.2338
1.5400
-6.8600
-2.8000
268
311
303
232
586
-0.0976
-0.9579
-0.2503
1.1900
-7.4900
-3.9200
268
311
303
232
585
-0.1118
-0.9628
-0.2518
9.0300
-11.9000
-15.1200
268
311
303
232
585
-0.0659
-0.9765
-0.2318
-3.0100
-11.5500
0.4900
268
311
304
233
585
-0.0820
-0.9496
-0.2591
-1.5400
-6.6500
-2.5900
268
311
304
233
583
-0.0966
-0.9682
-0.2435
-0.2100
1.6800
0.0000
268
311
305
233
583
-0.0966
-0.9565
-0.2538
3.5000
9.2400
11.9700
268
311
305
233
584
-0.0986
-0.9760
-0.2381
7.8400
23.3800
10.7800
268
313
305
233
582
-0.1264
-0.9433
-0.2518
-3.9200
16.5900
7.4200
270
316
307
236
570
-0.1371
-0.9482
-0.2718
-15.5400
26.0400
16.3800
282
330
319
247
549
-0.1513
-0.9179
-0.3143
-7.9100
11.5500
6.6500
314
363
360
275
551
-0.1986
-0.9209
-0.2879
10.1500
1.8200
-3.2200
346
396
411
324
545
-0.1576
-0.9604
-0.3143
28.4200
4.7600
0.9800
370
422
452
365
532
-0.1405
-0.9526
-0.2674
11.8300
2.1000
9.0300
382
439
479
399
523
-0.1635
-0.9711
-0.2499
21.0700
0.3500
8.4700
389
453
496
417
509
-0.1947
-0.9389
-0.1879
25.2700
6.5100
2.1700
396
467
506
429
494
-0.1484
-0.9262
-0.1679
19.3200
0.1400
-3.6400
399
472
509
433
489
-0.1884
-0.9472
-0.1527
-6.7200
-5.8800
-4.3400
399
472
509
430
486
-0.1986
-0.9682
-0.1596
-9.8000
0.5600
-2.1700
399
469
505
427
489
-0.1723
-0.9575
-0.1903
1.7500
-4.7600
-3.4300
398
468
504
422
490
-0.1835
-0.9404
-0.1820
14.7700
-4.1300
-7.8400
398
469
503
420
488
-0.1962
-0.9604
-0.1903
3.2900
2.5900
-5.7400
398
469
503
419
489
-0.1581
-0.9614
-0.1503
14.2800
5.8800
-3.7800
398
470
503
418
487
-0.0996
-0.9594
-0.0913
8.4700
-11.4100
2.2400
398
468
502
417
491
-0.1806
-0.9721
-0.1401
2.8700
-7.4200
1.6100
398
464
495
415
495
-0.2103
-0.9765
-0.1454
7.1400
0.9800
-5.3900
395
456
481
405
501
-0.1801
-0.9706
-0.1103
6.3700
0.2800
-5.1100
391
447
462
391
508
-0.1547
-0.9692
-0.1098
4.9000
-3.0100
-7.3500
384
431
432
362
527
-0.1459
-0.9838
-0.1332
-1.8900
-6.1600
-6.0900
375
412
402
340
553
-0.1566
-0.9599
-0.2040
8.9600
-4.0600
-6.6500
359
392
374
313
576
-0.1464
-0.9731
-0.1186
4.9700
-10.2200
-9.5200
344
376
351
291
595
-0.1220
-0.9643
-0.0044
8.9600
-20.1600
-10.9900
327
361
329
271
617
-0.1020
-0.9501
-0.0732
-35.5600
-22.1900
-2.1000
316
347
315
257
640
-0.1508
-0.9916
-0.1176
-16.1000
-22.4000
1.5400
308
340
308
249
657
-0.2201
-0.9379
-0.1669
-4.8300
-27.7200
-8.8200
300
333
304
243
663
-0.1532
-0.9902
-0.1674
2.3100
-35.0000
-5.3200
292
326
299
239
661
-0.1274
-0.9716
-0.1444
0.2100
-42.0000
-9.5900
288
321
297
235
664
-0.1498
-0.9736
-0.1620
-8.5400
-29.4000
-1.3300
284
319
297
234
660
-0.1581
-0.9628
-0.1479
-6.4400
-15.3300
-7.2100
282
316
298
233
658
-0.1542
-0.9711
-0.1591
-0.7700
-9.8000
-6.0900
280
314
300
233
655
-0.1352
-0.9765
-0.1493
0.9800
-14.7700
-0.0700
278
312
300
231
657
-0.1274
-0.9814
-0.1513
-8.6800
-12.6000
-4.6900
277
310
302
231
657
-0.1396
-0.9775
-0.1884
-4.8300
-7.0700
-5.5300
277
309
303
232
655
-0.1484
-0.9648
-0.1845
1.8900
-3.5700
-5.1800
277
308
303
232
654
-0.1366
-0.9628
-0.1781
2.5200
-5.0400
-2.1700
276
308
304
232
654
-0.1454
-0.9711
-0.1718
10.4300
-5.3900
-7.2100
277
309
304
232
654
-0.1152
-0.9277
-0.1889
5.9500
-5.1100
-1.3300
277
310
306
233
652
-0.1244
-0.9828
-0.1484
-10.0100
-3.3600
0.0000
277
311
309
233
651
-0.1362
-0.9872
-0.1669
-4.3400
-4.3400
-4.1300
277
311
310
234
651
-0.1474
-0.9589
-0.2196
-5.8800
-2.5900
-7.7000
276
309
311
234
652
-0.1000
-0.9848
-0.1845
1.4000
-5.5300
-2.3100
275
309
311
234
652
-0.1200
-0.9853
-0.2103
-4.7600
-2.8700
-2.8000
275
308
312
234
652
-0.1366
-0.9501
-0.2235
2.5900
-1.3300
-4.7600
275
309
312
234
651
-0.0996
-0.9648
-0.2011
2.3100
-3.5000
-2.5900
276
309
312
235
650
-0.1171
-0.9516
-0.2162
3.5700
-7.2100
-1.6800
276
311
313
235
650
-0.1166
-0.9794
-0.1976
0.5600
-4.4100
-1.3300
277
312
314
235
649
-0.1293
-0.9575
-0.2123
0.6300
-3.1500
-3.5700
277
312
315
236
649
-0.1152
-0.9706
-0.2181
-0.9100
-3.2900
-2.9400
277
312
315
236
648
-0.1235
-0.9682
-0.2137
2.5900
-3.1500
-2.1000
278
312
315
236
648
-0.1298
-0.9628
-0.2030
1.0500
-4.1300
-1.8900
278
313
315
237
647
-0.1259
-0.9579
-0.2089
0.6300
-2.6600
-3.2900
279
313
316
237
647
-0.1210
-0.9618
-0.2098
2.9400
-3.6400
-2.1000
279
314
316
237
647
-0.1161
-0.9618
-0.2191
2.3800
-3.4300
-2.3100
279
315
316
238
646
-0.1191
-0.9677
-0.2094
5.6000
-5.2500
-3.2200
280
315
316
238
645
-0.1244
-0.9721
-0.2054
-0.9800
-3.4300
-0.8400
280
316
317
238
645
-0.1259
-0.9526
-0.2216
3.0100
-4.4800
-2.8000
281
316
317
238
645
-0.1210
-0.9789
-0.1996
0.4200
-2.8000
-2.0300
281
316
317
239
645
-0.1220
-0.9467
-0.2259
2.3100
-4.7600
-2.8700
281
316
317
239
645
-0.1362
-0.9765
-0.2128
1.6800
-3.9200
-3.0100
281
316
318
239
644
-0.1264
-0.9662
-0.2084
3.5000
-3.3600
-3.3600
281
317
318
239
644
-0.1093
-0.9643
-0.2162
-0.0700
-5.0400
-0.4200
281
317
318
239
643
-0.1386
-0.9721
-0.2084
2.5900
-2.1700
-2.7300
281
317
319
240
643
-0.1152
-0.9755
-0.2035
-1.5400
-2.5200
-2.8700
282
317
319
240
643
-0.2469
-0.9409
-0.2259
2.2400
-6.1600
-2.8000
282
317
319
240
643
-0.1479
-0.9697
-0.2167
3.7100
-3.0800
-4.4800
282
318
319
240
643
-0.1240
-0.9496
-0.2152
0.3500
-3.2900
-2.9400
282
318
319
241
642
-0.1220
-0.9736
-0.2006
-2.1000
2.8700
-0.2800
284
320
321
242
628
-0.1357
-0.9950
-0.2211
-12.1100
9.3100
0.3500
296
336
331
252
587
-0.1440
-0.9243
-0.2782
0.2800
-4.1300
4.9000
312
364
368
282
563
-0.1488
-0.9423
-0.2650
5.7400
-3.6400
-3.7800
329
385
401
309
549
-0.1269
-0.9506
-0.2303
0.0700
-3.9900
-0.4200
347
409
436
346
537
-0.1415
-0.9438
-0.2396
11.0600
-1.2600
0.0700
359
429
469
382
525
-0.1444
-0.9506
-0.2342
13.5100
4.2000
4.3400
367
446
494
411
515
-0.1464
-0.9745
-0.2030
10.7800
0.2800
-1.1900
375
463
508
429
504
-0.1781
-0.9604
-0.1967
0.9100
0.2800
2.0300
381
473
515
442
492
-0.1620
-0.9784
-0.2084
-5.6000
1.5400
-1.7500
385
479
519
450
488
-0.1791
-0.9531
-0.2333
-0.7000
4.4800
-0.5600
386
480
520
451
483
-0.1747
-0.9453
-0.2313
-1.6100
-0.6300
-2.1000
387
481
521
451
483
-0.1776
-0.9394
-0.2357
3.6400
-2.0300
-2.2400
387
481
521
449
483
-0.1708
-0.9662
-0.2240
2.3100
-3.7800
-1.4000
387
481
521
448
484
-0.1688
-0.9511
-0.2391
2.1000
-3.9200
-2.5200
387
480
520
446
484
-0.1776
-0.9438
-0.2357
7.0700
-4.4800
-3.0800
387
480
520
444
482
-0.1640
-0.9628
-0.2255
3.0800
-4.2000
-2.3100
387
479
520
442
484
-0.1723
-0.9560
-0.2230
6.5800
-5.1800
-3.6400
388
479
519
439
485
-0.1747
-0.9609
-0.2201
4.8300
-3.8500
-5.4600
388
478
519
434
486
-0.1615
-0.9643
-0.2133
2.0300
-3.0100
-3.2200
387
475
516
431
486
-0.1693
-0.9404
-0.2128
0.9100
-0.7000
-6.4400
385
467
508
424
487
-0.1610
-0.9350
-0.2074
0.1400
-0.2100
-9.3100
381
455
490
414
494
-0.1444
-0.9531
-0.2225
0.4200
-1.8200
-6.5100
378
442
467
396
497
-0.1498
-0.9672
-0.2113
3.5000
-2.4500
-6.6500
373
429
444
375
505
-0.1464
-0.9584
-0.2289
4.8300
-1.4700
-5.3200
368
415
421
352
516
-0.1157
-0.9638
-0.2298
3.2200
-3.9200
-3.5000
359
401
396
327
529
-0.1157
-0.9731
-0.2152
4.1300
-3.7100
-3.3600
346
386
375
308
546
-0.1279
-0.9496
-0.2318
3.6400
-4.1300
-6.0900
335
376
362
297
555
-0.1264
-0.9667
-0.2045
0.6300
-2.8700
-4.6900
326
368
351
288
562
-0.1103
-0.9599
-0.1942
-4.4100
-4.4100
-3.5000
317
360
341
281
564
-0.1166
-0.9575
-0.2172
1.6800
-4.0600
-2.5900
311
353
335
276
569
-0.1157
-0.9858
-0.2006
12.3200
-3.7800
-2.6600
303
346
327
271
577
-0.1118
-0.9819
-0.2045
4.0600
-5.1800
-4.0600
294
337
316
262
590
-0.1074
-0.9633
-0.1893
10.5700
-7.8400
-8.1900
287
330
307
255
610
-0.1113
-0.9833
-0.0273
-2.5900
-4.7600
-6.8600
277
322
297
247
624
-0.0859
-0.9614
-0.1859
5.6700
-5.7400
-3.7100
272
317
291
243
631
-0.1039
-0.9872
-0.1737
4.6200
-8.6800
-5.8100
269
314
289
241
633
-0.0986
-0.9823
-0.1669
-3.9200
-7.6300
-8.5400
267
312
288
241
626
-0.0908
-0.9745
-0.1893
-5.7400
-5.9500
-4.6900
266
310
288
240
618
-0.0898
-0.9633
-0.1952
-0.4200
-4.9000
-4.0600
266
309
289
240
610
-0.0932
-0.9780
-0.2015
-2.4500
0.1400
-3.1500
265
308
288
239
606
-0.0795
-0.9599
-0.2142
2.7300
-5.7400
-2.4500
265
307
289
239
605
-0.0927
-0.9921
-0.2040
-0.7000
-3.1500
-3.1500
264
306
289
239
604
-0.0771
-0.9589
-0.2045
-2.4500
-4.8300
-1.6800
263
305
290
238
607
-0.0820
-0.9823
-0.2269
1.2600
-5.1100
-3.5700
263
305
290
238
609
-0.0898
-0.9731
-0.2235
2.7300
-4.3400
-3.8500
263
305
290
238
612
-0.0825
-0.9575
-0.2206
2.1000
-4.9000
-1.7500
263
306
291
238
612
-0.0908
-0.9726
-0.2216
2.4500
-4.4800
-3.4300
263
306
292
239
611
-0.0903
-0.9736
-0.2176
5.4600
-4.0600
-3.1500
264
307
293
239
611
-0.0849
-0.9658
-0.2108
2.8700
-4.6900
-2.9400
264
307
293
240
608
-0.0903
-0.9780
-0.2074
2.5200
-4.0600
-2.1700
264
308
294
240
607
-0.0917
-0.9716
-0.2133
1.2600
-4.3400
-3.8500
264
308
294
240
606
-0.0981
-0.9658
-0.2137
3.2200
-4.2700
-3.9900
265
309
295
241
605
-0.0937
-0.9736
-0.2108
0.4900
-4.2000
-3.2200
265
310
296
242
605
-0.0830
-0.9609
-0.2035
3.6400
-5.9500
-2.8700
266
311
297
242
605
-0.0991
-0.9745
-0.2142
1.2600
-3.8500
-1.6100
267
311
298
243
604
-0.0913
-0.9614
-0.2196
3.4300
-4.0600
-4.2000
267
312
298
243
603
-0.0854
-0.9780
-0.2054
3.0800
-5.2500
-3.2200
267
312
298
243
603
-0.0961
-0.9628
-0.2098
2.9400
-4.5500
-1.9600
267
313
299
244
601
-0.1054
-0.9701
-0.2084
3.4300
-3.7100
-2.3100
268
313
299
244
600
-0.0893
-0.9701
-0.2030
1.3300
-4.3400
-2.3100
268
313
299
244
600
-0.0956
-0.9736
-0.2108
2.3100
-4.9700
-2.8700
268
313
300
244
600
-0.0966
-0.9692
-0.2128
2.1700
-3.9900
-2.6600
268
313
300
245
600
-0.1000
-0.9672
-0.2181
2.1000
-3.7800
-3.0800
268
313
300
244
602
-0.0864
-0.9736
-0.2084
0.7000
-3.7100
-3.2900
268
313
301
245
602
-0.0937
-0.9628
-0.2103
2.1700
-4.3400
-3.0800
268
313
301
245
602
-0.0961
-0.9682
-0.2098
3.7100
-4.2700
-3.5700
268
313
301
245
600
-0.0888
-0.9653
-0.2069
1.8200
-4.0600
-2.5200
268
313
301
245
600
-0.0917
-0.9711
-0.2059
2.0300
-4.2000
-3.1500
268
313
302
245
600
-0.0952
-0.9794
-0.2123
2.3800
-4.3400
-2.8000
268
313
302
245
600
-0.0878
-0.9623
-0.2196
2.8000
-4.0600
-3.1500
268
313
303
245
602
-0.1005
-0.9819
-0.2069
-0.0700
-3.6400
-2.2400
268
314
303
245
602
-0.0942
-0.9599
-0.2216
2.5200
-5.1100
-2.8700
267
313
303
245
604
-0.0937
-0.9731
-0.2025
2.8700
-3.9900
-3.0800
266
313
304
245
608
-0.0932
-0.9755
-0.2084
-0.3500
-4.8300
-2.4500
266
313
304
245
605
-0.1000
-0.9575
-0.2064
1.1200
-4.6200
-2.8700
266
313
304
245
604
-0.1039
-0.9618
-0.2123
2.6600
-3.8500
-2.8700
267
313
304
245
604
-0.0908
-0.9755
-0.2001
-0.3500
-3.9200
-2.4500
267
314
305
245
602
-0.0991
-0.9623
-0.2069
-2.2400
-2.0300
0.2100
268
315
306
246
599
-0.1064
-0.9628
-0.2147
1.4700
0.2800
-1.0500
270
316
307
246
595
-0.1035
-0.9550
-0.2045
-11.1300
-0.7000
-0.1400
277
323
312
250
569
-0.1064
-0.9526
-0.2596
-9.1700
-3.4300
2.6600
291
337
327
261
545
-0.1649
-0.9252
-0.2884
-8.8900
-0.4200
-2.4500
311
361
362
290
514
-0.1254
-0.9374
-0.2806
1.9600
-0.9800
-6.4400
335
389
407
330
505
-0.1220
-0.9335
-0.2679
4.1300
0.3500
-1.1200
354
412
445
367
494
-0.1322
-0.9457
-0.2874
4.0600
-3.5000
-1.8200
369
431
472
396
479
-0.1093
-0.9394
-0.2777
9.5900
4.7600
2.5900
378
444
488
412
465
-0.1244
-0.9379
-0.2503
7.7000
6.7200
-4.0600
386
456
500
420
454
-0.1225
-0.9594
-0.2377
5.8800
16.7300
-0.2800
396
465
508
427
444
-0.1030
-0.9594
-0.2669
9.9400
7.4200
-2.9400
400
472
514
434
437
-0.1152
-0.9492
-0.2528
8.1900
0.0700
-0.9100
401
478
519
442
429
-0.1176
-0.9687
-0.1884
7.4200
1.1200
1.0500
402
482
521
447
429
-0.1298
-0.9575
-0.2264
2.9400
-1.4000
-0.4900
403
484
522
450
429
-0.1191
-0.9467
-0.2250
3.0800
-3.6400
-1.8900
403
486
523
451
428
-0.1166
-0.9618
-0.2167
5.3900
-6.7200
-2.5900
403
487
524
452
428
-0.1313
-0.9609
-0.2142
5.1800
-4.2000
-3.6400
404
488
524
453
429
-0.1254
-0.9687
-0.2084
0.4900
-3.3600
-3.8500
404
489
525
454
428
-0.1235
-0.9545
-0.2269
4.4800
-4.4100
-2.0300
405
490
525
455
427
-0.1259
-0.9745
-0.2152
6.6500
-5.5300
-2.5900
405
490
525
456
429
-0.1249
-0.9819
-0.2186
5.0400
-5.0400
-3.7800
405
490
525
456
430
-0.1259
-0.9726
-0.2050
6.3000
-5.3200
-5.1800
405
489
525
455
431
-0.2484
-0.9765
-0.1996
2.1700
-6.6500
-2.0300
404
485
523
451
435
-0.1337
-0.9594
-0.1952
-3.7800
-3.7800
-3.4300
402
475
510
440
444
-0.1279
-0.9633
-0.2167
-5.1100
-3.9900
-4.6900
400
461
485
420
451
-0.1205
-0.9526
-0.2025
-1.8900
-5.8800
-6.8600
396
450
465
397
464
-0.1108
-0.9594
-0.2220
-6.0900
-7.3500
-5.9500
389
435
442
370
481
-0.0991
-0.9565
-0.2298
-4.6900
-9.7300
-4.5500
381
421
419
349
499
-0.1015
-0.9658
-0.2372
-5.6700
-10.7100
-7.2100
372
408
398
332
512
-0.0927
-0.9618
-0.2235
-16.0300
-14.6300
2.1700
361
393
380
312
518
-0.1171
-0.9379
-0.2826
-2.4500
-9.3100
-3.8500
352
381
366
298
530
-0.1093
-0.9428
-0.2694
-2.3100
-5.5300
-2.9400
345
371
354
285
545
-0.1010
-0.9472
-0.2811
-2.3100
-6.0200
-1.7500
335
359
341
275
558
-0.1259
-0.9599
-0.2679
1.3300
1.7500
1.6100
325
348
333
267
574
-0.1313
-0.9980
-0.2982
10.7800
4.9000
-21.1400
318
339
329
259
589
-0.0839
-0.9272
-0.2752
-1.1200
-4.6200
-5.7400
312
331
321
252
599
-0.0859
-0.9414
-0.2879
4.6900
-11.3400
-5.3900
310
328
318
251
604
-0.1088
-0.9496
-0.2733
5.6000
-12.3200
-6.0900
307
323
314
247
604
-0.1044
-0.9526
-0.2650
-1.6800
-11.5500
-5.9500
302
318
310
244
601
-0.1000
-0.9531
-0.2723
-6.4400
-7.2100
-7.7000
299
315
305
241
601
-0.0927
-0.9579
-0.2708
3.7800
-10.3600
-5.1100
296
312
301
238
597
-0.0913
-0.9418
-0.2713
2.5200
-16.8000
-4.4800
296
310
298
237
595
-0.0898
-0.9443
-0.2767
5.3200
-19.3200
-2.5900
296
310
298
237
596
-0.0976
-0.9672
-0.2513
1.4000
-14.6300
-7.2800
296
309
299
238
594
-0.0961
-0.9614
-0.2708
0.0000
-8.6100
-7.4200
296
309
300
238
594
-0.0834
-0.9477
-0.2767
3.7100
-8.3300
-3.8500
297
308
300
238
593
-0.0800
-0.9516
-0.2508
6.4400
-25.4800
4.5500
298
306
301
238
594
-0.1035
-0.9843
-0.2508
1.8200
-29.1200
5.7400
298
307
302
239
597
-0.1586
-0.9570
-0.2411
8.4000
-26.1100
-8.2600
299
307
304
239
597
-0.1200
-0.9658
-0.2133
10.6400
-19.5300
-7.0700
299
308
305
240
596
-0.1420
-0.9618
-0.1908
7.3500
-12.7400
0.2100
300
309
306
240
595
-0.1352
-0.9799
-0.2030
5.9500
-10.6400
-2.5900
300
311
307
241
596
-0.1527
-0.9692
-0.2142
2.5900
-5.4600
0.2800
301
312
308
242
593
-0.1435
-0.9628
-0.2006
3.7800
-3.4300
-2.1000
301
312
308
242
592
-0.1405
-0.9775
-0.1845
0.5600
-3.8500
-1.6100
301
313
308
242
591
-0.1415
-0.9521
-0.2040
2.7300
-5.0400
-3.0100
302
313
309
243
591
-0.1464
-0.9599
-0.1903
2.8000
-4.1300
-4.4100
302
313
309
243
593
-0.1454
-0.9677
-0.1903
0.0000
-2.9400
-1.8900
302
313
309
243
594
-0.1386
-0.9604
-0.2006
-0.2100
-3.6400
-2.2400
302
314
310
244
594
-0.1449
-0.9438
-0.2040
1.4000
-3.9200
-2.5900
302
314
310
244
593
-0.1469
-0.9614
-0.1913
0.4200
-2.5900
-0.7000
302
314
310
244
590
-0.1430
-0.9575
-0.2050
0.6300
-0.7700
-1.8900
302
314
311
245
589
-0.1576
-0.9633
-0.2015
0.1400
-1.0500
-4.4800
303
315
311
245
589
-0.1332
-0.9531
-0.2040
0.4900
-3.9200
-1.1900
303
315
311
245
591
-0.1464
-0.9506
-0.2133
3.7100
-4.2000
-2.9400
303
315
311
245
591
-0.1449
-0.9604
-0.1962
2.6600
-2.5900
-2.3100
303
315
311
245
591
-0.1464
-0.9540
-0.2069
2.9400
-4.2700
-3.2200
303
315
311
246
589
-0.1440
-0.9599
-0.2118
2.5900
-4.5500
-2.1700
303
315
312
246
589
-0.1396
-0.9658
-0.2006
1.1900
-3.7100
-2.7300
303
315
312
246
589
-0.1479
-0.9589
-0.2020
1.8200
-3.5000
-1.8900
303
315
312
246
589
-0.1454
-0.9638
-0.2084
1.4700
-3.4300
-1.1900
303
315
312
246
590
-0.1503
-0.9697
-0.2098
1.9600
-1.5400
-1.4000
303
316
312
247
590
-0.1596
-0.9643
-0.2035
2.3800
-0.6300
-1.8900
304
316
313
247
589
-0.1440
-0.9628
-0.2084
2.3800
-2.3800
-2.6600
304
316
313
248
587
-0.1444
-0.9697
-0.2069
4.2700
-4.4800
-1.5400
304
316
313
247
589
-0.1488
-0.9667
-0.1962
4.4800
-5.3200
-2.1000
303
314
313
247
593
-0.1527
-0.9604
-0.2059
1.0500
-4.2000
-2.8000
303
314
313
247
591
-0.1425
-0.9682
-0.2040
-0.7700
0.2800
4.9700
303
316
316
248
582
-0.1425
-0.9731
-0.2035
-0.6300
17.9200
4.7600
303
320
320
251
570
-0.1786
-0.9565
-0.2333
-14.0000
20.9300
0.5600
309
329
328
257
541
-0.1669
-0.9233
-0.2835
-11.6900
9.3100
-6.5800
319
346
351
273
517
-0.1469
-0.9570
-0.2938
-1.4000
5.6000
4.5500
333
363
378
296
513
-0.1757
-0.9638
-0.2943
2.2400
18.4100
-6.7200
345
377
400
316
503
-0.1347
-0.9682
-0.3270
10.5700
33.3900
2.5900
357
389
424
347
480
-0.1088
-0.9277
-0.3040
14.7000
17.2200
4.6900
370
403
450
380
461
-0.1474
-0.9521
-0.2835
16.8700
5.3200
7.6300
383
422
475
407
440
-0.1405
-0.9662
-0.2328
15.4700
8.1900
5.0400
391
443
497
422
428
-0.1347
-0.9687
-0.2362
5.5300
1.9600
4.8300
397
465
512
434
424
-0.1401
-0.9414
-0.2347
13.3000
-0.9100
8.8900
403
482
520
444
423
-0.1801
-0.9526
-0.2538
3.1500
7.2100
3.7800
407
491
524
451
422
-0.1737
-0.9521
-0.2621
12.3200
4.0600
3.1500
409
493
525
453
419
-0.1781
-0.9496
-0.2230
14.7000
-5.3200
-3.7100
409
494
526
455
418
-0.1820
-0.9638
-0.2123
-0.9100
-5.8100
-4.0600
410
494
526
455
416
-0.1776
-0.9365
-0.2172
7.2800
-8.3300
-2.5200
410
494
526
454
419
-0.1723
-0.9482
-0.2020
6.2300
-8.2600
-0.5600
410
493
525
452
420
-0.1815
-0.9575
-0.2011
0.9100
-5.9500
-4.0600
410
492
525
451
421
-0.1889
-0.9526
-0.1937
-0.2100
-5.2500
-4.6900
410
492
525
450
421
-0.1830
-0.9472
-0.1942
4.0600
-6.6500
-3.7800
410
492
525
449
419
-0.1830
-0.9623
-0.1986
3.0100
-6.0200
-3.7100
410
491
525
448
423
-0.1869
-0.9516
-0.2040
1.1200
-4.6200
-2.9400
410
491
525
447
424
-0.1889
-0.9516
-0.2045
3.2200
-4.6200
-2.7300
410
491
525
446
424
-0.1908
-0.9653
-0.1830
2.5900
-4.2000
-4.8300
410
490
524
443
424
-0.1796
-0.9575
-0.1967
0.8400
-3.2200
-3.9900
410
487
523
442
425
-0.1815
-0.9604
-0.2040
0.3500
-3.9200
-2.4500
409
486
522
442
425
-0.1850
-0.9570
-0.2011
-3.0100
-3.1500
-4.4100
409
485
521
441
423
-0.1806
-0.9428
-0.2040
1.6800
-5.1800
-4.3400
409
486
521
441
426
-0.1850
-0.9633
-0.1991
-0.2100
-3.9200
-2.0300
408
486
521
441
426
-0.1771
-0.9540
-0.2064
-2.7300
-3.8500
-1.7500
408
485
521
442
427
-0.1815
-0.9409
-0.1996
-1.2600
-5.3200
-3.7100
407
482
519
442
429
-0.1791
-0.9370
-0.2059
-4.6900
0.2100
-7.3500
404
475
510
436
433
-0.1606
-0.9604
-0.2503
1.9600
0.4200
-4.8300
399
461
488
430
438
-0.1610
-0.9653
-0.2435
0.5600
-3.8500
-1.6100
396
450
467
411
444
-0.1693
-0.9658
-0.2381
-5.5300
-10.7800
-1.4000
386
432
444
385
459
-0.1698
-0.9628
-0.2528
-13.0900
-20.4400
-9.1000
374
415
420
364
476
-0.1791
-0.9379
-0.2582
-22.1200
-29.1900
-5.8100
359
396
393
336
498
-0.1552
-0.9243
-0.3001
-21.8400
-27.2300
-8.5400
342
381
371
311
526
-0.1981
-0.9462
-0.3201
-1.9600
-22.2600
-11.4800
329
368
355
294
546
-0.1767
-0.9492
-0.3099
0.7700
-13.9300
-11.5500
317
357
342
281
565
-0.1508
-0.9209
-0.3719
13.3000
-19.8800
-3.5000
307
349
334
270
579
-0.1557
-0.9579
-0.2747
-0.2800
-16.8000
0.7000
297
341
325
260
592
-0.2118
-0.9160
-0.2987
7.8400
-11.9700
-6.6500
291
336
320
253
599
-0.1664
-0.9374
-0.2435
6.5100
-9.1000
-4.9700
288
332
317
249
602
-0.1640
-0.9384
-0.2460
4.2000
-8.1200
-5.3900
283
328
315
246
605
-0.1718
-0.9418
-0.2499
2.7300
-6.4400
-5.6700
277
322
315
241
606
-0.1620
-0.9560
-0.2499
3.2900
-7.2100
-2.1700
274
318
315
238
609
-0.1654
-0.9370
-0.2489
2.4500
-6.0200
-2.9400
272
317
317
238
612
-0.1752
-0.9511
-0.2499
1.6800
-7.3500
-3.5700
271
315
319
238
612
-0.1732
-0.9477
-0.2557
5.1100
-5.1800
-2.9400
271
316
320
239
613
-0.1649
-0.9506
-0.2547
3.9900
-4.6200
-2.8700
271
316
320
239
613
-0.1649
-0.9575
-0.2542
2.5900
-5.6700
0.9100
271
315
321
239
615
-0.1776
-0.9409
-0.2538
1.2600
-4.6200
-2.0300
271
314
321
239
615
-0.1840
-0.9555
-0.2391
-0.4900
-2.5900
-5.7400
271
315
322
239
615
-0.1698
-0.9340
-0.2606
8.5400
-5.8100
-4.1300
272
315
323
240
611
-0.1757
-0.9521
-0.2386
0.7700
-4.4800
-2.3800
272
316
324
240
610
-0.1810
-0.9589
-0.2616
-4.0600
-2.3800
-3.5000
272
317
325
241
609
-0.1659
-0.9296
-0.2674
0.7000
-4.4100
-2.5900
273
317
326
241
610
-0.1703
-0.9316
-0.2572
1.3300
-3.5000
-2.0300
273
317
326
242
609
-0.1693
-0.9360
-0.2440
0.4900
-4.1300
-2.3800
273
317
326
242
609
-0.1737
-0.9492
-0.2645
-0.3500
-3.0100
-3.4300
273
318
327
243
608
-0.1684
-0.9384
-0.2596
2.2400
-4.9700
-2.5900
273
319
327
244
610
-0.1693
-0.9394
-0.2640
4.9700
-4.3400
-3.2200
274
319
328
244
609
-0.1708
-0.9438
-0.2582
1.8900
-3.2200
-3.7800
274
319
328
244
609
-0.1664
-0.9579
-0.2513
3.2900
-2.9400
-2.3100
274
320
328
244
608
-0.1698
-0.9418
-0.2621
2.8000
-3.8500
-3.2900
274
320
328
245
606
-0.1659
-0.9472
-0.2557
1.9600
-4.5500
-2.5200
274
320
329
245
607
-0.1728
-0.9438
-0.2572
3.9200
-3.9900
-3.5700
274
320
329
245
608
-0.1625
-0.9423
-0.2577
3.6400
-5.0400
-2.1700
274
320
329
245
608
-0.1732
-0.9501
-0.2616
3.0100
-4.4100
-3.3600
274
320
329
245
607
-0.1679
-0.9394
-0.2562
3.0100
-3.8500
-3.5000
275
320
329
245
607
-0.1703
-0.9487
-0.2484
0.4200
-3.0100
-2.5900
275
321
329
246
609
-0.1659
-0.9477
-0.2533
3.0800
-3.8500
-2.2400
275
321
330
246
608
-0.1718
-0.9428
-0.2518
2.8000
-3.5000
-3.8500
275
321
330
246
608
-0.1664
-0.9496
-0.2460
0.9800
-3.8500
-3.2200
275
321
330
246
607
-0.1674
-0.9384
-0.2528
2.9400
-4.4100
-3.0100
276
321
330
247
605
-0.1674
-0.9550
-0.2484
2.6600
-4.1300
-2.7300
276
321
331
247
605
-0.1688
-0.9565
-0.2508
1.1200
-4.2700
-2.4500
276
321
331
247
606
-0.1684
-0.9418
-0.2469
0.7700
-4.3400
-2.1700
276
321
331
247
607
-0.1786
-0.9355
-0.2503
0.2800
-4.2700
-3.5000
276
321
331
247
608
-0.1669
-0.9384
-0.2518
1.6100
-3.7100
-3.3600
276
321
332
247
608
-0.1684
-0.9443
-0.2455
1.8200
-4.4800
-2.5200
276
321
332
247
610
-0.1752
-0.9340
-0.2494
2.9400
-3.9900
-3.5000
276
321
332
248
610
-0.1737
-0.9374
-0.2508
1.4700
-3.5000
-3.0100
276
321
332
248
610
-0.1728
-0.9472
-0.2484
2.2400
-4.5500
-3.4300
276
321
332
248
611
-0.1723
-0.9472
-0.2489
2.1700
-4.2000
-3.6400
276
321
333
248
607
-0.1752
-0.9423
-0.2523
-0.7000
-2.9400
-1.9600
277
322
334
248
598
-0.1786
-0.9394
-0.2694
-0.2800
-0.9800
-3.2200
278
324
335
250
587
-0.1645
-0.9472
-0.2669
1.6800
-1.1900
-2.2400
279
324
336
250
585
-0.1728
-0.9472
-0.2743
0.4900
0.1400
0.3500
279
325
336
251
583
-0.1801
-0.9389
-0.2694
-1.1200
7.7700
0.1400
282
329
339
252
573
-0.1728
-0.9350
-0.2743
-4.7600
12.8100
-3.7100
289
335
341
256
558
-0.1737
-0.9287
-0.3177
-7.5600
14.2100
-5.1800
298
344
343
262
554
-0.1557
-0.9077
-0.2948
9.0300
24.5700
14.4200
313
362
367
284
540
-0.1503
-0.9267
-0.3406
17.6400
25.3400
11.4800
326
376
384
301
521
-0.1732
-0.9374
-0.2991
16.1700
29.3300
22.6800
345
394
416
331
508
-0.2196
-0.9199
-0.2996
11.9700
17.2900
14.6300
358
406
437
356
498
-0.2172
-0.9145
-0.2860
19.6700
6.0200
2.9400
368
417
456
374
486
-0.2333
-0.9248
-0.2508
7.1400
0.7000
0.3500
379
431
475
393
475
-0.2196
-0.9277
-0.2464
8.7500
0.4900
-0.6300
387
446
493
409
457
-0.2084
-0.9335
-0.2357
8.6100
-1.7500
0.7700
392
460
505
417
446
-0.2328
-0.9409
-0.2294
6.5800
-1.0500
-1.6800
396
473
515
427
434
-0.2152
-0.9267
-0.2206
6.7900
-1.6100
-1.4700
399
483
521
438
428
-0.2264
-0.9223
-0.2157
9.1000
4.1300
2.3100
403
488
524
447
424
-0.2225
-0.9384
-0.2201
3.7100
9.1000
-1.0500
407
491
526
451
421
-0.2162
-0.9370
-0.2294
14.2800
3.6400
-0.9800
411
493
527
454
419
-0.2147
-0.9457
-0.2020
10.7800
-1.6100
-0.8400
411
494
527
455
416
-0.2206
-0.9614
-0.1898
5.2500
0.4900
0.0700
412
494
527
455
419
-0.2250
-0.9453
-0.1889
5.5300
-1.8200
-2.8700
412
495
527
456
419
-0.2259
-0.9467
-0.1918
2.8000
-3.1500
-2.5900
413
497
527
456
419
-0.2225
-0.9409
-0.1830
7.4900
-2.7300
-3.1500
413
497
528
456
419
-0.2279
-0.9540
-0.1771
3.0800
-3.8500
-3.4300
413
497
528
456
420
-0.2186
-0.9501
-0.1820
3.8500
-4.6900
-1.9600
413
497
528
456
420
-0.2279
-0.9492
-0.1728
1.4000
-3.7800
-3.5000
413
498
528
456
421
-0.2186
-0.9492
-0.1762
-2.5200
-6.0900
-4.4800
413
498
528
455
421
-0.2279
-0.9428
-0.1591
-12.1800
-9.5900
-3.7100
413
497
527
449
425
-0.2274
-0.9384
-0.2015
-5.1800
-5.8800
-18.2000
413
486
520
425
438
-0.1898
-0.9477
-0.2064
-2.1700
-7.3500
-8.7500
406
464
494
395
448
-0.1981
-0.9716
-0.2240
-4.6200
-7.5600
-6.6500
400
450
467
375
462
-0.1957
-0.9370
-0.2381
-13.8600
-15.4700
-7.0000
395
437
439
358
477
-0.1830
-0.9506
-0.2733
-14.2800
-21.2800
-6.0900
388
424
420
344
492
-0.1767
-0.9350
-0.2596
-0.0700
-17.6400
-9.3800
381
412
404
330
504
-0.1903
-0.9335
-0.2821
-4.4800
-8.9600
-12.6000
376
400
390
316
512
-0.1630
-0.9448
-0.1459
0.4200
-17.9200
-16.1700
370
392
380
305
526
-0.1659
-0.9623
-0.2494
-18.0600
-24.9900
2.8700
362
376
364
290
548
-0.1874
-0.9492
-0.3284
-20.9300
-37.8000
-2.4500
348
354
345
272
577
-0.2011
-0.9028
-0.2738
-12.6000
-26.9500
-4.7600
336
341
334
259
601
-0.1801
-0.9404
-0.3523
-3.1500
-7.2800
0.2800
329
333
329
248
597
-0.2347
-0.8940
-0.2860
5.0400
-5.6700
-12.1100
323
320
320
239
593
-0.1664
-0.9272
-0.3192
2.1700
-7.4900
0.4200
320
313
318
236
591
-0.1854
-0.9189
-0.3211
5.4600
-9.3100
-1.4000
319
309
320
234
587
-0.1898
-0.9316
-0.3035
3.7800
-7.5600
-7.7000
317
307
322
234
593
-0.1918
-0.9126
-0.3021
6.0900
-8.5400
-1.4700
317
305
324
234
598
-0.1972
-0.9331
-0.2918
1.0500
-5.1800
-1.8900
316
304
325
234
601
-0.1854
-0.9423
-0.2811
3.2200
-5.8100
-4.0600
316
303
326
235
605
-0.1742
-0.9311
-0.2933
2.1700
-6.7900
-3.3600
315
303
326
235
606
-0.1918
-0.9370
-0.2948
2.4500
-5.2500
-2.3800
316
303
327
235
607
-0.1884
-0.9316
-0.2728
0.2100
-6.0900
-3.7800
316
303
328
236
607
-0.1859
-0.9350
-0.2816
2.3100
-5.3200
-3.0100
317
303
328
236
607
-0.1825
-0.9277
-0.2786
0.4900
-4.4100
-0.9100
317
304
328
237
607
-0.1942
-0.9257
-0.2816
1.6800
-3.7100
-0.9100
317
305
329
237
607
-0.1952
-0.9296
-0.2767
2.5900
-4.4100
-2.4500
318
306
330
237
606
-0.2001
-0.9350
-0.2757
2.3800
-4.7600
-2.7300
318
307
330
238
605
-0.1908
-0.9257
-0.2835
2.2400
-4.2000
-3.0100
319
308
331
238
605
-0.1991
-0.9399
-0.2684
0.8400
-4.3400
-2.3100
319
308
331
239
607
-0.1986
-0.9331
-0.2777
3.7100
-3.9900
-2.9400
319
308
332
239
607
-0.1918
-0.9340
-0.2718
0.7700
-4.0600
-1.6100
319
308
332
239
607
-0.1986
-0.9331
-0.2689
1.3300
-3.8500
-3.5000
320
308
332
239
608
-0.1962
-0.9321
-0.2786
3.8500
-4.8300
-2.2400
319
308
332
239
607
-0.1918
-0.9355
-0.2830
2.6600
-3.9900
-3.2900
320
308
333
240
608
-0.1864
-0.9399
-0.2782
1.2600
-5.2500
-2.5200
319
307
333
240
609
-0.1986
-0.9404
-0.2738
2.2400
-4.6200
-2.8000
320
307
333
240
609
-0.1928
-0.9296
-0.2728
2.1700
-4.2000
-2.2400
320
307
333
240
609
-0.2001
-0.9355
-0.2728
0.7700
-4.1300
-2.3800
320
307
333
240
611
-0.1962
-0.9379
-0.2684
1.8200
-3.9200
-2.8700
320
306
333
240
611
-0.2045
-0.9292
-0.2694
1.4700
-2.5200
-1.9600
320
307
333
240
613
-0.2040
-0.9360
-0.2747
3.0800
-3.7100
-2.9400
320
307
333
241
612
-0.2006
-0.9345
-0.2835
1.6800
-4.0600
-3.2200
320
308
334
241
613
-0.1967
-0.9384
-0.2684
3.9900
-4.4800
-2.5900
321
308
334
241
612
-0.1976
-0.9399
-0.2664
-1.6100
-2.5900
-1.7500
321
308
334
242
608
-0.2001
-0.9340
-0.2782
0.9100
-2.1700
-3.2200
321
310
335
242
606
-0.1976
-0.9321
-0.2786
0.7000
-2.5200
-3.3600
322
310
335
243
604
-0.1972
-0.9228
-0.2850
2.4500
-2.8700
-1.1900
322
311
335
243
602
-0.2025
-0.9350
-0.2674
3.7100
-2.6600
-4.2700
322
311
336
244
601
-0.1957
-0.9248
-0.2674
1.4000
-4.2000
-3.0800
323
311
336
243
601
-0.2020
-0.9326
-0.2689
0.6300
-4.9000
-2.0300
323
312
336
244
603
-0.2035
-0.9389
-0.2786
-0.4900
-1.0500
-0.9100
323
312
336
244
602
-0.1947
-0.9370
-0.2869
0.4200
3.0100
-4.4800
323
312
336
244
603
-0.1879
-0.9252
-0.2918
5.1800
-2.4500
-4.3400
323
312
336
244
602
-0.1835
-0.9365
-0.2889
2.8700
-4.5500
-4.1300
323
312
336
244
601
-0.1889
-0.9331
-0.2860
-3.3600
-0.6300
-3.8500
323
313
338
245
594
-0.1854
-0.9155
-0.3011
-3.7800
6.7900
-2.4500
324
318
339
246
592
-0.1889
-0.9335
-0.3304
0.6300
7.7700
-14.4200
322
318
338
246
596
-0.1464
-0.9252
-0.3245
0.9800
3.9200
-4.6900
324
319
339
247
590
-0.1401
-0.9301
-0.3484
-6.7200
2.4500
-1.2600
329
330
341
253
567
-0.1449
-0.9238
-0.3479
-4.2700
7.8400
-10.0800
334
337
342
257
557
-0.1664
-0.9008
-0.3260
18.6200
14.8400
-6.1600
346
354
361
275
524
-0.0966
-0.9199
-0.3192
16.8700
5.5300
2.2400
360
376
387
301
504
-0.1157
-0.9233
-0.2699
14.9800
0.4200
1.9600
370
394
415
328
491
-0.1283
-0.9394
-0.2757
13.9300
-3.7800
0.7700
376
408
438
353
481
-0.1362
-0.9711
-0.2484
8.2600
-2.5200
-5.7400
382
420
462
373
474
-0.1322
-0.9394
-0.2596
12.6000
-2.1700
-0.9100
388
430
479
388
465
-0.1259
-0.9653
-0.2235
11.6900
-5.0400
1.1900
392
438
491
403
459
-0.1459
-0.9706
-0.2318
8.5400
-2.8000
2.7300
394
449
503
419
455
-0.1542
-0.9545
-0.2098
9.0300
-3.3600
-0.8400
394
459
510
423
454
-0.1503
-0.9701
-0.1903
7.2800
-4.2700
-0.2100
395
467
515
427
452
-0.1596
-0.9760
-0.1854
5.8100
-5.5300
-5.6700
397
474
518
429
451
-0.1542
-0.9550
-0.1932
1.8200
-3.9900
-2.8000
402
479
520
430
450
-0.1410
-0.9467
-0.1874
2.3800
-4.6900
-0.6300
403
480
521
430
450
-0.1654
-0.9638
-0.1820
-0.2800
-3.5700
-2.1000
403
480
521
429
450
-0.1654
-0.9511
-0.1786
5.2500
-3.3600
-2.2400
403
480
521
427
450
-0.1610
-0.9731
-0.1752
1.4000
-4.5500
-2.2400
403
480
521
426
451
-0.1635
-0.9628
-0.1825
0.3500
-4.2000
-3.9900
403
479
520
425
451
-0.1649
-0.9526
-0.1845
0.9100
-3.7100
-1.4700
402
479
520
424
451
-0.1645
-0.9667
-0.1767
0.5600
-4.0600
-3.0100
402
479
520
424
451
-0.1581
-0.9565
-0.1869
1.1900
-4.4100
-3.0800
402
478
519
423
450
-0.1640
-0.9643
-0.1713
-2.2400
-3.6400
-2.5900
401
474
517
421
453
-0.1679
-0.9565
-0.1962
-9.6600
-3.1500
-3.2900
399
466
507
417
457
-0.1630
-0.9384
-0.2089
-0.7700
-2.8700
-1.4700
398
461
495
415
458
-0.1601
-0.9536
-0.2035
-0.4200
-4.4800
-4.0600
397
458
487
412
460
-0.1571
-0.9575
-0.2089
1.8200
-3.7800
-3.5000
396
456
482
409
461
-0.1566
-0.9575
-0.2074
2.8700
-3.9200
-3.5700
396
455
478
406
463
-0.1615
-0.9555
-0.2103
0.6300
-4.2000
-1.9600
395
454
474
402
466
-0.1610
-0.9653
-0.2225
-1.1200
-2.0300
-3.0800
394
451
467
395
477
-0.1571
-0.9594
-0.2152
-1.0500
-3.5700
-2.6600
392
447
458
385
486
-0.1679
-0.9443
-0.2279
-1.0500
-4.0600
-1.1200
390
441
446
374
497
-0.1718
-0.9614
-0.2211
-1.1200
-1.6100
-1.1900
387
435
434
364
507
-0.1737
-0.9565
-0.2255
-9.2400
-6.0900
-3.2200
380
426
421
350
517
-0.1571
-0.9575
-0.2577
-24.8500
-15.3300
-0.2100
370
412
404
334
535
-0.1718
-0.9228
-0.3167
-12.3200
-16.7300
-8.8200
359
397
387
317
548
-0.1728
-0.9233
-0.3099
-0.7700
-11.8300
0.0000
348
383
370
300
557
-0.1737
-0.9199
-0.2869
-2.5200
-17.2900
-3.5700
338
369
354
284
565
-0.1854
-0.9140
-0.2816
-0.8400
-15.6800
-6.7900
329
355
341
269
569
-0.2045
-0.9296
-0.3006
5.7400
-10.7100
-2.4500
323
343
336
259
562
-0.1908
-0.9409
-0.2450
6.5100
-10.1500
-6.5800
314
328
324
250
552
-0.1972
-0.9248
-0.2713
6.5800
-12.4600
-4.6900
310
321
329
246
550
-0.1815
-0.9267
-0.2484
2.4500
-11.2000
-1.8900
309
318
332
244
555
-0.1981
-0.9345
-0.2567
1.3300
-7.7000
-3.9200
308
317
334
244
557
-0.2001
-0.9360
-0.2572
6.3700
-8.9600
-6.3000
309
317
335
245
555
-0.1830
-0.9409
-0.2455
4.0600
-7.7700
-1.5400
310
318
336
246
557
-0.1869
-0.9428
-0.2533
4.4100
-10.6400
-3.9900
311
320
337
247
557
-0.1796
-0.9414
-0.2362
7.2100
-14.3500
-4.9700
311
322
339
248
556
-0.2035
-0.9726
-0.2225
6.7900
-8.1200
0.6300
312
325
340
249
553
-0.2191
-0.9448
-0.2259
2.6600
-4.7600
-2.0300
313
326
341
250
551
-0.2137
-0.9292
-0.2172
9.4500
-6.9300
-4.7600
313
327
342
250
553
-0.1762
-0.9740
-0.1903
2.4500
-5.6000
-2.1000
314
327
343
251
551
-0.2133
-0.9067
-0.2274
7.2100
-7.1400
0.5600
314
328
343
251
549
-0.2079
-0.9799
-0.1713
4.2000
-5.3900
0.1400
315
329
344
252
548
-0.1791
-0.9028
-0.1981
13.1600
-13.3000
5.6000
315
329
344
252
550
-0.2279
-1.0092
-0.1371
2.8000
-8.1200
4.7600
315
330
345
253
551
-0.2655
-0.8930
-0.2176
-13.7200
-16.4500
0.4200
315
330
345
253
555
-0.2860
-1.0214
-0.0532
5.8800
-3.2200
-7.0000
314
331
346
253
553
-0.1928
-0.9087
-0.1830
8.8200
-8.2600
8.3300
315
331
347
254
554
-0.2582
-0.9160
-0.1708
7.9800
-5.7400
-2.1700
314
332
347
254
559
-0.2274
-0.9911
-0.1035
9.1700
-8.4000
4.2000
314
332
348
255
563
-0.2743
-0.9662
-0.1098
4.9700
-5.6700
-3.2900
314
332
349
254
564
-0.2469
-0.9565
-0.1020
2.7300
-4.0600
-0.9100
314
333
349
255
565
-0.2611
-0.9599
-0.0927
4.0600
-4.9000
1.4700
315
333
349
255
568
-0.2923
-0.9872
-0.0966
-22.2600
8.5400
-8.1200
315
333
349
255
565
-0.2684
-0.8828
-0.1742
-6.6500
13.1600
-7.5600
316
332
350
255
557
-0.2235
-0.9501
-0.1454
2.3100
-0.4900
-0.9800
316
332
350
256
553
-0.2440
-0.9697
-0.1654
-2.7300
-1.6800
-0.9800
316
332
350
256
552
-0.2391
-0.9472
-0.1762
-3.5700
0.4900
1.1900
316
333
350
256
553
-0.2625
-0.9370
-0.1854
-4.4800
2.1700
0.1400
316
333
350
256
552
-0.2801
-0.9453
-0.2113
-6.2300
4.7600
-4.4800
317
332
350
256
549
-0.2635
-0.9404
-0.2094
-6.1600
4.7600
-5.3200
317
332
350
256
548
-0.2367
-0.9209
-0.2445
0.3500
0.9100
-5.8100
317
332
349
257
550
-0.2089
-0.9301
-0.2196
-0.2100
-2.0300
0.5600
317
332
350
257
550
-0.2523
-0.9340
-0.2489
1.2600
-2.5200
-5.8800
317
332
349
257
547
-0.2386
-0.9335
-0.2352
1.6800
-0.9100
-4.6200
317
331
349
257
549
-0.2250
-0.9296
-0.2323
-2.1000
-2.0300
-3.2900
317
331
349
257
549
-0.2191
-0.9223
-0.2499
1.6100
-4.5500
-2.8700
317
332
350
257
549
-0.2425
-0.9321
-0.2396
1.7500
-3.5000
-3.1500
317
332
350
257
546
-0.2333
-0.9340
-0.2420
-0.2800
-1.9600
-3.0800
317
332
350
257
546
-0.2313
-0.9360
-0.2455
2.2400
-3.5700
-4.1300
317
332
350
258
548
-0.2274
-0.9282
-0.2484
3.9200
-2.1700
-5.1800
317
332
350
258
547
-0.2123
-0.9536
-0.2303
3.4300
-3.5700
-2.8700
317
332
350
257
545
-0.2113
-0.9374
-0.2440
1.4000
-4.6900
-1.4000
317
332
350
258
547
-0.2259
-0.9272
-0.2469
5.2500
-5.0400
-3.2900
317
332
350
258
547
-0.2255
-0.9433
-0.2372
4.2000
-5.1100
-3.0800
317
332
350
258
546
-0.2235
-0.9394
-0.2391
1.0500
-2.3100
-1.8200
317
332
350
258
544
-0.2347
-0.9282
-0.2494
2.8000
-0.9100
-4.9000
317
332
350
258
547
-0.2084
-0.9218
-0.2328
1.8900
-2.3100
-2.9400
317
332
350
258
546
-0.2035
-0.9350
-0.2181
-10.2200
0.7000
-5.4600
317
333
351
258
542
-0.2167
-0.9267
-0.2733
-7.7700
11.4800
-3.2900
320
339
354
261
523
-0.2133
-0.9467
-0.2782
-12.1100
16.8000
-7.4900
330
355
363
273
526
-0.1513
-0.9272
-0.3216
6.7900
25.1300
7.4200
358
384
403
310
513
-0.1972
-0.9043
-0.3177
24.1500
20.4400
6.1600
379
404
435
346
504
-0.1942
-0.9306
-0.2782
19.5300
5.6000
-1.2600
388
420
461
367
487
-0.1947
-0.9150
-0.2552
16.3100
11.6200
5.5300
394
433
480
387
475
-0.2147
-0.9277
-0.2186
17.9200
8.9600
2.0300
399
448
498
408
460
-0.2401
-0.9501
-0.1952
21.6300
10.5700
0.7000
401
461
510
420
446
-0.1976
-0.9638
-0.1889
10.7800
4.9700
-2.2400
404
474
518
431
434
-0.1928
-0.9438
-0.1903
7.4200
-2.7300
-1.1900
406
480
522
440
429
-0.2186
-0.9536
-0.1913
5.3200
-3.7800
-4.2000
407
483
524
444
426
-0.2137
-0.9550
-0.1937
3.0100
-1.9600
-5.4600
407
484
525
445
428
-0.2108
-0.9540
-0.1859
4.6200
-0.4200
-4.4100
407
486
525
446
428
-0.1942
-0.9614
-0.2020
9.0300
-10.0100
-9.2400
408
487
526
449
429
-0.1820
-0.9672
-0.1757
1.4700
-9.5900
0.4200
410
488
526
453
430
-0.2323
-0.9706
-0.2172
3.0800
-4.1300
-4.9700
410
488
527
455
430
-0.2045
-0.9545
-0.1659
0.7700
-4.9700
-3.9200
411
489
527
455
431
-0.1898
-0.9365
-0.1718
5.9500
-7.9100
-7.2800
411
489
527
456
431
-0.2118
-0.9677
-0.1537
2.6600
-3.3600
-3.5000
411
489
527
455
431
-0.2030
-0.9589
-0.1640
1.5400
-3.2200
-2.7300
411
489
527
455
432
-0.1947
-0.9692
-0.1586
7.2100
-5.6000
-1.7500
411
488
527
454
434
-0.2118
-0.9672
-0.1386
-13.8600
-6.0200
-2.1700
410
479
525
447
439
-0.2084
-0.9433
-0.1864
0.4200
-5.5300
-4.7600
410
468
516
440
447
-0.1967
-0.9667
-0.1684
-4.2700
-4.7600
-2.8700
408
458
500
435
453
-0.1972
-0.9604
-0.2079
0.4900
-6.5800
-6.3000
403
448
486
426
467
-0.1864
-0.9609
-0.2020
-8.1200
-9.5900
-3.9900
398
440
469
412
477
-0.1942
-0.9575
-0.2245
-13.0200
-14.1400
-8.1900
391
430
448
392
492
-0.1845
-0.9326
-0.2269
-9.1000
-26.1800
-13.6500
383
420
429
371
509
-0.1767
-0.9404
-0.2323
-16.0300
-22.8200
-7.4900
375
407
408
349
519
-0.1801
-0.9379
-0.2708
-6.1600
-14.9100
-12.5300
369
391
386
323
534
-0.1610
-0.9350
-0.2616
3.7100
-12.5300
-13.6500
361
375
365
302
546
-0.1464
-0.9555
-0.2650
3.1500
-12.4600
-2.3100
350
360
347
288
555
-0.1591
-0.9487
-0.1259
-2.4500
-13.9300
-3.3600
338
346
331
273
573
-0.1547
-0.9443
-0.2591
-7.6300
-15.8900
4.7600
328
332
319
261
588
-0.1801
-0.9057
-0.2596
9.1700
-11.6200
-4.1300
321
323
314
255
590
-0.1937
-0.9516
-0.2440
8.5400
-11.4100
-1.9600
317
317
310
249
589
-0.2113
-0.9433
-0.2552
2.2400
-8.8900
-3.5000
312
315
308
245
588
-0.1932
-0.9223
-0.2411
1.8900
-11.1300
-5.3200
308
313
309
243
589
-0.1923
-0.9394
-0.2416
2.0300
-9.9400
-4.4100
306
310
311
241
590
-0.2001
-0.9423
-0.2391
1.4700
-9.3100
-3.1500
306
310
313
240
591
-0.2025
-0.9487
-0.2269
0.6300
-8.8900
-3.4300
304
308
314
239
591
-0.1942
-0.9409
-0.2386
3.5000
-9.3100
-6.0200
304
307
317
239
594
-0.1889
-0.9462
-0.2303
4.1300
-6.2300
-2.2400
303
307
318
238
595
-0.1976
-0.9482
-0.2284
1.3300
-6.0200
-1.8900
303
308
319
238
595
-0.2001
-0.9477
-0.2381
1.4700
-4.7600
-2.9400
303
307
320
238
596
-0.2006
-0.9418
-0.2294
2.8700
-5.2500
-3.9200
303
308
320
239
594
-0.1986
-0.9384
-0.2342
3.7800
-4.5500
-2.5200
303
307
321
239
595
-0.1967
-0.9506
-0.2103
3.6400
-3.8500
-3.2200
304
308
321
240
594
-0.1972
-0.9472
-0.2133
3.9200
-3.6400
-2.1700
304
309
322
240
594
-0.1957
-0.9560
-0.2294
1.4000
-2.9400
-2.6600
304
310
322
240
595
-0.1928
-0.9384
-0.2216
1.3300
-5.1800
-2.0300
304
310
322
241
595
-0.2015
-0.9521
-0.2225
0.7700
-3.6400
-2.4500
305
311
323
241
595
-0.2054
-0.9414
-0.2103
1.1900
-3.7800
-2.3100
305
311
323
242
592
-0.1986
-0.9453
-0.2162
2.0300
-3.8500
-4.3400
305
312
324
242
592
-0.1976
-0.9399
-0.2230
1.2600
-4.2700
-3.7100
305
312
324
242
592
-0.1967
-0.9448
-0.2269
3.7100
-4.7600
-2.3800
305
311
324
242
593
-0.2035
-0.9496
-0.2167
2.8000
-4.4800
-3.0800
305
311
325
243
597
-0.1986
-0.9501
-0.2269
1.8200
-4.7600
-2.5200
307
311
325
243
596
-0.2011
-0.9575
-0.2308
0.3500
-4.2000
-1.3300
308
312
325
244
595
-0.1986
-0.9477
-0.2255
1.8200
-3.7800
-1.7500
308
312
325
244
593
-0.2050
-0.9404
-0.2176
0.7700
-3.2200
-3.9200
308
313
326
244
592
-0.2098
-0.9462
-0.2298
1.0500
-2.7300
-2.8700
308
313
326
245
591
-0.1957
-0.9457
-0.2284
1.0500
-1.6100
-2.0300
308
314
326
245
589
-0.2240
-0.9414
-0.2318
-1.4000
-6.1600
-2.5200
308
315
327
246
587
-0.1981
-0.9453
-0.2420
-5.3200
-3.0800
-3.5700
309
316
327
247
583
-0.2069
-0.9399
-0.2591
-7.6300
9.5900
-7.2800
312
319
328
250
573
-0.2030
-0.9384
-0.2699
-4.2000
18.1300
-6.3000
316
323
327
257
558
-0.1928
-0.9531
-0.2967
-2.5200
19.8100
-2.3100
321
327
328
264
543
-0.1542
-0.9331
-0.3089
6.0900
14.0700
5.1100
327
332
335
272
530
-0.1654
-0.9306
-0.2962
15.6100
12.5300
3.7800
338
347
352
287
515
-0.1898
-0.9599
-0.2928
14.8400
18.3400
2.1700
350
362
368
302
498
-0.1786
-0.9365
-0.2752
16.0300
12.1100
2.7300
360
377
384
320
481
-0.1708
-0.9438
-0.2425
6.5800
12.3200
8.8900
374
399
414
350
470
-0.1908
-0.9409
-0.2689
8.8200
10.1500
3.2200
384
419
453
372
456
-0.1972
-0.9482
-0.2225
14.0000
12.2500
8.3300
395
439
488
405
446
-0.1976
-0.9697
-0.2562
16.0300
15.6100
5.3200
400
464
512
425
434
-0.1889
-0.9414
-0.2225
19.3200
12.3900
6.4400
404
483
522
441
426
-0.2211
-0.9560
-0.2025
22.2600
8.6100
7.1400
407
492
526
452
420
-0.2069
-0.9496
-0.1684
11.9700
0.2800
1.1200
409
496
527
456
421
-0.2216
-0.9565
-0.1654
3.6400
-0.8400
-0.3500
411
498
528
459
421
-0.2201
-0.9545
-0.1732
6.9300
-2.3100
-2.6600
412
499
529
460
420
-0.2128
-0.9560
-0.1620
6.0200
-4.2000
-3.0800
413
500
529
461
420
-0.2089
-0.9521
-0.1484
3.2200
-3.1500
-2.2400
413
500
529
461
419
-0.2181
-0.9496
-0.1376
2.7300
-4.6200
-2.2400
413
500
530
462
419
-0.2284
-0.9496
-0.1449
2.8000
-5.1100
-4.9000
413
500
530
462
420
-0.2137
-0.9453
-0.1279
4.5500
-6.4400
-3.5700
414
500
530
462
420
-0.2167
-0.9526
-0.1269
1.6100
-6.7200
-3.6400
414
500
530
462
420
-0.2250
-0.9540
-0.1269
6.0200
-6.1600
-5.3200
413
500
529
462
420
-0.2162
-0.9677
-0.1093
1.7500
-4.1300
-2.8000
413
500
530
462
420
-0.2152
-0.9653
-0.1215
1.4000
-3.7100
-2.5900
413
500
530
462
420
-0.2137
-0.9555
-0.1279
-0.2800
-2.8700
-1.0500
413
500
530
462
420
-0.2167
-0.9623
-0.1225
2.8000
-1.1900
-1.6800
413
500
529
462
421
-0.2157
-0.9633
-0.1264
0.2100
-3.0100
-1.2600
413
500
530
462
421
-0.2220
-0.9575
-0.1337
-0.2800
-1.4700
-2.1000
413
499
529
461
421
-0.2089
-0.9360
-0.1362
2.0300
-2.9400
-1.0500
413
499
530
461
419
-0.2196
-0.9506
-0.1386
2.0300
-3.3600
-1.3300
413
499
529
461
421
-0.2230
-0.9565
-0.1313
-0.7700
-3.8500
-1.7500
413
499
529
461
421
-0.2225
-0.9501
-0.1410
-0.0700
-4.9700
-3.7800
413
499
529
460
421
-0.2152
-0.9501
-0.1215
0.9800
-5.6700
-2.4500
414
499
529
460
422
-0.2206
-0.9570
-0.1420
-10.6400
-10.3600
-2.8700
414
497
528
455
426
-0.2255
-0.9584
-0.1586
-22.6800
-12.6000
-6.0900
412
490
520
443
435
-0.2372
-0.9370
-0.2020
-8.8900
-12.9500
-5.1100
408
478
499
428
451
-0.2176
-0.9536
-0.2303
-4.9000
-13.6500
-9.1000
402
466
480
409
463
-0.2230
-0.9462
-0.1757
-17.0100
-18.6900
-12.8800
395
451
457
385
481
-0.2035
-0.9233
-0.2445
-17.0800
-17.9900
-6.5100
389
437
439
365
497
-0.2123
-0.9121
-0.2752
-6.3000
-19.9500
2.3800
384
427
425
355
512
-0.2347
-0.9257
-0.2635
-1.8900
-18.4800
-2.7300
375
414
408
336
526
-0.2494
-0.9487
-0.2708
-1.2600
-13.0200
-5.9500
364
395
387
315
544
-0.2406
-0.9350
-0.2860
11.5500
-23.3100
-15.7500
361
381
364
292
554
-0.2089
-0.9340
-0.2113
-5.4600
-24.9200
-9.8700
355
368
343
272
565
-0.2191
-0.9374
-0.2216
-14.7700
-19.3200
3.5000
350
358
333
263
575
-0.2318
-0.9531
-0.2650
4.4100
-15.0500
-3.9200
348
347
325
254
590
-0.2455
-0.9643
-0.2582
2.8700
-7.4200
-5.8100
344
331
315
244
600
-0.2289
-0.9160
-0.2230
-0.9800
-11.3400
-1.6800
339
322
310
238
599
-0.2230
-0.9126
-0.2616
-4.6200
-10.0800
-7.0000
335
316
308
233
595
-0.2391
-0.9477
-0.2591
6.5800
-11.1300
-1.3300
332
311
309
231
593
-0.2425
-0.9335
-0.2206
3.0800
-9.4500
-3.0800
331
308
311
231
592
-0.2289
-0.9213
-0.2518
1.9600
-9.1700
0.2100
330
307
313
231
591
-0.2460
-0.9443
-0.2401
4.2000
-9.0300
1.6100
330
307
315
232
593
-0.2499
-0.9306
-0.2352
4.6200
-6.1600
-1.1900
330
308
316
232
592
-0.2650
-0.9345
-0.2396
0.8400
-3.5000
-1.1900
330
309
318
233
592
-0.2562
-0.9248
-0.2420
4.0600
-3.9900
-3.6400
330
310
319
234
590
-0.2518
-0.9311
-0.2469
4.0600
-4.7600
-1.8200
330
310
320
234
589
-0.2660
-0.9331
-0.2401
2.4500
-4.2700
-2.0300
330
312
321
235
588
-0.2625
-0.9248
-0.2250
2.3800
-4.6200
-1.8900
331
312
322
236
587
-0.2660
-0.9301
-0.2318
1.5400
-4.8300
-2.5900
331
312
322
236
590
-0.2645
-0.9277
-0.2328
0.9800
-3.5000
-2.7300
331
313
323
237
590
-0.2655
-0.9228
-0.2264
1.7500
-3.9900
-3.0800
331
312
323
237
591
-0.2586
-0.9243
-0.2381
1.6800
-4.4800
-2.3800
330
312
324
237
589
-0.2684
-0.9287
-0.2406
1.1200
-3.3600
-2.7300
330
312
324
237
588
-0.2606
-0.9248
-0.2323
1.1200
-4.0600
-2.3800
331
312
324
238
589
-0.2640
-0.9301
-0.2318
0.3500
-4.4800
-3.3600
330
311
325
238
589
-0.2611
-0.9179
-0.2342
1.0500
-4.4100
-2.6600
330
311
325
238
591
-0.2606
-0.9213
-0.2362
2.2400
-4.6900
-3.0100
330
312
325
238
591
-0.2669
-0.9252
-0.2347
2.4500
-4.2700
-3.6400
331
312
326
239
590
-0.2601
-0.9262
-0.2357
1.1900
-3.7800
-1.9600
331
312
326
239
587
-0.2635
-0.9238
-0.2367
2.4500
-4.0600
-2.5900
331
313
327
239
587
-0.2660
-0.9218
-0.2313
2.8700
-4.4100
-2.8000
331
313
327
239
587
-0.2621
-0.9272
-0.2386
0.7700
-3.4300
-3.2900
331
313
327
240
587
-0.2577
-0.9223
-0.2338
0.3500
-4.2700
-2.5200
331
313
328
240
589
-0.2640
-0.9282
-0.2430
-1.0500
-3.0100
-2.1700
331
313
328
240
589
-0.2635
-0.9145
-0.2499
-1.4700
-2.7300
-3.4300
331
313
328
240
590
-0.2518
-0.9199
-0.1313
-0.5600
-4.8300
-2.4500
331
313
328
240
591
-0.2718
-0.9189
-0.2577
0.9800
-4.6900
-3.1500
331
313
329
241
591
-0.2655
-0.9233
-0.2684
3.5700
-4.9700
-2.1700
331
313
329
241
593
-0.2694
-0.9243
-0.2577
-0.2100
-3.5000
-2.8000
330
313
329
241
595
-0.2684
-0.9130
-0.2591
1.1200
-5.1800
-1.9600
330
313
329
241
595
-0.2782
-0.9199
-0.2533
-0.4900
-3.1500
-2.3800
330
313
329
241
597
-0.2689
-0.9160
-0.2513
1.2600
-3.9900
-2.1000
330
313
329
241
597
-0.2679
-0.9145
-0.2494
-1.1900
-3.9200
-3.0100
330
314
330
241
594
-0.2679
-0.9140
-0.2674
1.1900
-2.3800
-3.8500
330
315
330
241
595
-0.2723
-0.9101
-0.2582
2.3100
-4.6900
-2.1000
330
314
330
241
593
-0.2772
-0.9189
-0.2586
-0.4900
-3.3600
-1.7500
330
315
331
242
592
-0.2679
-0.9096
-0.2699
1.5400
-2.1700
-3.5000
330
316
331
242
595
-0.2484
-0.9155
-0.2679
1.1200
-2.5900
-1.6100
329
316
331
242
596
-0.2674
-0.9096
-0.2684
1.5400
-3.2900
-2.1700
330
317
332
242
596
-0.2586
-0.9213
-0.2752
-1.8900
-3.8500
-0.4200
330
319
333
242
592
-0.2767
-0.9213
-0.2738
-3.2900
-0.1400
-0.5600
332
322
333
244
584
-0.2645
-0.9096
-0.2923
-5.3900
0.4200
0.0700
335
329
334
247
572
-0.2630
-0.9096
-0.3060
-0.7700
1.6100
-2.0300
341
341
347
259
566
-0.2801
-0.9101
-0.2933
-1.5400
2.9400
-1.9600
354
364
378
287
550
-0.2747
-0.9033
-0.3070
-6.0200
10.1500
-7.0000
376
390
418
327
530
-0.2601
-0.8794
-0.3318
1.6800
16.3100
-5.3200
393
415
453
368
507
-0.2108
-0.8999
-0.3460
12.6700
28.2800
8.3300
401
437
479
399
486
-0.2206
-0.8994
-0.3284
24.7800
35.9800
31.2200
407
455
498
414
477
-0.2840
-0.8867
-0.3016
26.7400
14.9800
6.3700
411
466
508
425
469
-0.2791
-0.8960
-0.2669
19.3200
-0.5600
-0.4200
412
471
514
434
464
-0.2723
-0.9170
-0.2464
-1.0500
-3.7100
-3.0800
412
473
516
437
462
-0.2747
-0.9126
-0.2660
6.5100
-2.3800
-0.7000
412
474
516
437
460
-0.2713
-0.9228
-0.2635
0.4200
-1.4000
-1.1900
413
478
517
437
462
-0.2767
-0.9233
-0.2640
1.3300
-0.3500
0.4900
413
479
518
436
460
-0.2728
-0.9101
-0.2538
0.8400
-3.2200
-2.0300
412
478
516
434
462
-0.2689
-0.9130
-0.2655
0.4900
-4.4800
-2.8700
412
478
516
433
460
-0.2606
-0.9101
-0.2674
-0.0700
-5.1800
-3.3600
412
478
516
433
462
-0.2738
-0.9228
-0.2606
0.7700
-4.2700
-3.0100
411
478
517
433
460
-0.2669
-0.9033
-0.2523
-0.4200
-3.9900
-2.7300
411
478
517
433
462
-0.2625
-0.9106
-0.2616
0.9100
-4.0600
-3.9200
411
478
517
432
460
-0.2660
-0.9126
-0.2621
0.7000
-3.4300
-2.9400
411
477
517
432
462
-0.2596
-0.9091
-0.2582
0.7700
-4.4800
-2.8000
410
477
517
431
460
-0.2562
-0.9150
-0.2655
0.0700
-4.3400
-3.3600
409
476
517
430
463
-0.2645
-0.9160
-0.2669
3.0800
-3.9900
-3.2200
408
475
516
430
461
-0.2606
-0.9140
-0.2616
-0.1400
-3.7100
-4.4100
402
473
515
428
463
-0.2630
-0.9155
-0.2669
-3.1500
-3.9900
-4.8300
393
466
505
421
465
-0.2503
-0.9130
-0.2884
-2.5900
-4.5500
-7.2800
378
452
485
408
466
-0.2425
-0.9140
-0.2704
-3.0800
-5.3200
-6.8600
363
435
457
388
468
-0.2372
-0.9087
-0.2884
-6.1600
-10.5000
-5.4600
347
416
428
368
472
-0.2518
-0.9223
-0.3021
-6.7900
-10.7100
-6.1600
326
397
401
346
482
-0.2372
-0.9082
-0.2967
-0.9800
-15.6800
-7.1400
312
379
379
323
493
-0.2435
-0.9204
-0.3128
-7.4900
-19.6000
-17.9200
305
361
357
299
498
-0.2455
-0.9262
-0.3172
8.2600
-16.8700
-12.9500
299
350
340
282
511
-0.2157
-0.9355
-0.3001
2.1000
-21.4900
-11.1300
290
343
330
270
532
-0.2074
-0.9218
-0.3050
1.2600
-24.5000
-21.1400
282
341
322
262
555
-0.1908
-0.9121
-0.2728
4.6900
-18.6200
-3.5700
276
334
317
257
567
-0.2069
-0.9311
-0.2948
4.0600
-14.9100
-2.3100
269
330
311
251
587
-0.2176
-0.9043
-0.2503
1.0500
-14.9800
-3.3600
263
325
305
243
599
-0.2323
-0.9043
-0.2372
2.3100
-8.5400
-3.1500
260
322
302
239
601
-0.2264
-0.9321
-0.2538
4.5500
-8.3300
-3.0800
259
322
303
238
597
-0.2245
-0.9282
-0.2425
2.1000
-5.6000
-2.4500
259
322
306
238
593
-0.2381
-0.9365
-0.2538
-0.2100
-5.1100
-1.8900
259
323
309
238
591
-0.2430
-0.9252
-0.2528
0.2800
-5.3200
-1.1200
260
323
310
238
591
-0.2416
-0.9179
-0.2367
-0.9100
-5.6000
-0.8400
260
323
311
238
590
-0.2430
-0.9184
-0.2445
-2.1000
-4.3400
-2.1000
260
323
312
239
586
-0.2411
-0.9204
-0.2484
-0.0700
-4.3400
-2.1000
260
323
313
239
586
-0.2386
-0.9243
-0.2528
0.3500
-5.1100
-0.6300
260
324
314
239
585
-0.2538
-0.9155
-0.2630
3.0100
-4.5500
-3.4300
260
324
315
239
585
-0.2547
-0.9165
-0.2455
1.6100
-3.7100
-2.3100
261
324
315
240
586
-0.2523
-0.9184
-0.2630
3.3600
-3.5700
-3.2200
262
324
316
240
585
-0.2484
-0.9248
-0.2562
3.0800
-3.5000
-2.9400
262
325
317
240
584
-0.2533
-0.9189
-0.2635
3.0100
-4.3400
-1.9600
263
325
317
241
581
-0.2533
-0.9233
-0.2503
4.1300
-4.2700
-3.5000
263
325
318
241
581
-0.2567
-0.9301
-0.2625
-0.3500
-4.2000
-2.9400
264
325
318
241
580
-0.2562
-0.9174
-0.2494
-0.2800
-4.4800
-4.1300
264
326
319
241
583
-0.2499
-0.9174
-0.2518
-0.2800
-5.0400
-2.4500
264
326
319
241
583
-0.2503
-0.9140
-0.2547
-0.5600
-5.3200
-2.6600
264
326
319
242
583
-0.2547
-0.9121
-0.2713
1.7500
-4.4800
-1.9600
264
326
320
242
580
-0.2611
-0.9155
-0.2494
0.9100
-4.4100
-2.1700
264
326
320
242
580
-0.2577
-0.9106
-0.2757
1.6800
-4.2700
-3.5000
264
326
320
243
580
-0.2596
-0.9223
-0.2674
3.2900
-4.7600
-2.2400
264
326
321
243
582
-0.2674
-0.9248
-0.2664
1.1900
-3.2900
-2.9400
265
326
321
243
582
-0.2552
-0.9140
-0.2660
2.5200
-4.8300
-2.6600
265
327
321
243
581
-0.2586
-0.9179
-0.2611
1.8900
-4.6200
-2.3800
265
327
321
243
579
-0.2625
-0.9116
-0.2635
2.3800
-4.6200
-1.7500
265
327
322
244
578
-0.2635
-0.9282
-0.2611
1.4700
-4.3400
-2.3800
266
328
322
244
578
-0.2635
-0.9194
-0.2601
2.2400
-3.9200
-2.9400
266
328
322
244
580
-0.2621
-0.9140
-0.2689
3.1500
-4.5500
-2.1000
266
328
323
245
579
-0.2747
-0.9213
-0.2567
1.2600
-3.9200
-2.8000
266
328
323
245
579
-0.2669
-0.9130
-0.2518
1.8900
-4.1300
-2.6600
267
329
323
245
577
-0.2694
-0.9121
-0.2528
1.7500
-4.1300
-2.8000
267
329
324
245
577
-0.2650
-0.9150
-0.2611
2.9400
-3.0100
-3.0100
267
329
324
245
576
-0.2694
-0.9174
-0.2552
2.6600
-3.5700
-3.7100
267
329
324
245
578
-0.2708
-0.9150
-0.2601
1.6800
-4.6200
-2.1700
267
329
324
245
578
-0.2669
-0.9204
-0.2635
2.9400
-3.5000
-3.0100
267
329
324
245
579
-0.2611
-0.9155
-0.2547
2.7300
-4.2000
-1.9600
267
329
324
246
577
-0.2757
-0.9150
-0.2494
1.9600
-4.0600
-3.6400
267
329
325
246
577
-0.2650
-0.9155
-0.2577
2.4500
-4.4800
-2.8000
267
329
325
246
577
-0.2718
-0.9155
-0.2533
0.4900
-3.6400
-2.5200
267
329
325
246
581
-0.2689
-0.9218
-0.2533
1.6800
-4.4800
-2.3800
267
329
325
246
582
-0.2674
-0.9106
-0.2533
0.2800
-4.9700
-2.5900
267
329
325
246
580
-0.2684
-0.9126
-0.2557
1.1200
-4.0600
-3.0100
267
329
326
246
579
-0.2704
-0.9140
-0.2518
-3.6400
-2.1700
-3.6400
268
330
327
247
574
-0.3026
-0.9140
-0.2669
-9.9400
5.2500
-8.1200
269
333
327
247
567
-0.2567
-0.9106
-0.3021
-13.7200
6.7900
-13.5100
273
337
330
254
553
-0.2176
-0.8886
-0.3255
-4.8300
-2.1000
2.0300
287
350
349
271
541
-0.2289
-0.8940
-0.3201
6.9300
4.9700
7.8400
313
376
389
307
519
-0.2860
-0.9194
-0.3426
20.0200
23.3800
-4.2700
344
399
425
346
499
-0.2259
-0.9321
-0.2816
21.5600
25.2700
5.8100
360
410
447
371
485
-0.1918
-0.9155
-0.2928
19.7400
18.0600
8.2600
371
421
466
392
469
-0.2489
-0.9370
-0.2728
17.9200
4.6900
0.8400
381
433
482
408
459
-0.2362
-0.9209
-0.2460
17.0800
3.1500
0.0000
390
445
497
419
446
-0.2469
-0.9282
-0.2303
4.8300
-1.9600
2.6600
394
457
507
423
443
-0.2455
-0.9218
-0.2367
11.4100
-3.0800
-2.4500
398
465
513
427
440
-0.2513
-0.9116
-0.1976
-1.9600
-7.4900
-4.9700
398
467
514
428
442
-0.2557
-0.9238
-0.2328
5.3200
-7.8400
-5.2500
398
467
514
427
441
-0.2552
-0.9345
-0.2064
7.6300
-6.0900
-5.8800
398
466
513
426
443
-0.2542
-0.9477
-0.2176
6.5800
-4.6200
-3.2900
398
466
513
425
444
-0.2567
-0.9340
-0.2142
4.1300
-4.8300
-3.3600
398
466
513
424
444
-0.2469
-0.9321
-0.2069
1.1200
-5.1800
-0.2100
398
465
513
423
444
-0.2689
-0.9350
-0.2094
0.4200
-1.9600
-3.0100
398
466
513
423
445
-0.2582
-0.9316
-0.2118
4.5500
-3.5000
-1.4700
399
469
515
425
445
-0.2552
-0.9331
-0.1913
-0.4200
-4.5500
-0.8400
399
474
517
428
446
-0.2679
-0.9257
-0.2045
0.4900
-1.4000
-3.5000
400
477
519
430
446
-0.2518
-0.9233
-0.2006
1.2600
-3.3600
-2.8000
400
479
520
431
446
-0.2684
-0.9257
-0.2050
3.5700
-3.9200
-3.7100
401
480
522
432
446
-0.2616
-0.9252
-0.2030
0.7700
-3.5000
-3.0100
401
481
522
432
446
-0.2660
-0.9272
-0.2011
1.2600
-4.5500
-3.7800
401
481
522
432
446
-0.2655
-0.9316
-0.2025
1.8900
-3.5700
-3.3600
401
482
523
432
446
-0.2552
-0.9277
-0.1908
2.3800
-3.5700
-3.7800
401
482
523
432
446
-0.2650
-0.9326
-0.2015
3.2200
-3.5700
-3.7800
402
482
523
432
444
-0.2596
-0.9321
-0.1972
1.1200
-4.3400
-2.0300
402
482
523
432
447
-0.2708
-0.9365
-0.2015
2.6600
-2.7300
-3.9900
402
482
523
432
444
-0.2582
-0.9365
-0.2069
0.2100
-3.0800
-3.0800
402
482
523
432
447
-0.2552
-0.9409
-0.2103
0.4900
-3.3600
-2.6600
402
482
523
432
447
-0.2660
-0.9321
-0.2108
1.3300
-2.1700
-3.3600
402
482
523
432
447
-0.2513
-0.9272
-0.2089
2.5200
-3.6400
-2.8000
402
482
523
432
447
-0.2582
-0.9335
-0.2045
0.5600
-3.7800
-3.4300
403
482
523
431
447
-0.2616
-0.9252
-0.2064
1.4000
-3.9200
-3.2200
403
482
523
431
447
-0.2616
-0.9350
-0.2123
1.7500
-3.5700
-2.3800
403
482
523
431
447
-0.2518
-0.9360
-0.2147
2.3800
-3.7100
-4.1300
403
482
523
431
447
-0.2542
-0.9370
-0.2181
1.1200
-3.1500
-2.9400
403
482
523
431
448
-0.2596
-0.9331
-0.2084
0.3500
-2.1000
-2.8000
403
482
523
430
447
-0.2518
-0.9267
-0.2176
2.2400
-4.4100
-2.6600
403
482
523
430
448
-0.2557
-0.9301
-0.2128
0.0000
-3.3600
-4.4100
403
481
522
427
449
-0.2450
-0.9335
-0.2128
-2.6600
-3.2900
-6.5800
402
471
512
417
456
-0.2430
-0.9233
-0.2323
-12.2500
-5.3200
-4.4100
396
459
490
405
463
-0.2538
-0.9218
-0.2303
-14.0700
-8.1900
-10.2900
384
442
466
394
475
-0.2460
-0.9209
-0.2957
-9.1000
-18.9700
-17.7800
371
421
441
378
490
-0.2054
-0.9296
-0.2767
-8.1200
-22.9600
-5.9500
360
402
413
353
503
-0.2264
-0.9233
-0.2699
0.4900
-19.6700
-0.7700
346
387
383
321
526
-0.2230
-0.9350
-0.2791
2.2400
-17.8500
4.3400
330
372
357
295
548
-0.2445
-0.9374
-0.2586
2.7300
-19.9500
2.2400
315
357
337
275
571
-0.2728
-0.9252
-0.2684
4.3400
-9.8700
-6.0200
304
346
322
262
595
-0.2542
-0.9614
-0.2606
-0.4900
-7.7000
-5.1100
297
334
310
251
608
-0.2557
-0.9414
-0.2508
7.7700
-7.7700
-2.2400
295
325
305
245
610
-0.2323
-0.9189
-0.2054
2.3100
-8.1900
-2.7300
292
322
302
241
616
-0.2435
-0.9257
-0.2381
2.0300
-9.0300
-0.4200
291
321
302
240
621
-0.2640
-0.9218
-0.2147
-0.2100
-9.8000
-1.7500
291
320
302
239
620
-0.2552
-0.9062
-0.2274
-1.0500
-5.9500
-1.2600
290
317
302
238
620
-0.2718
-0.9140
-0.2230
2.2400
-5.2500
-0.8400
293
317
302
238
619
-0.2582
-0.9184
-0.2274
3.7100
-5.7400
-1.0500
293
318
304
239
616
-0.2772
-0.9301
-0.2245
-1.4000
-4.7600
-0.3500
293
318
305
240
614
-0.2757
-0.9179
-0.2386
1.9600
-3.9200
-2.4500
294
319
306
241
613
-0.2733
-0.9272
-0.2220
1.0500
-4.5500
-2.4500
294
320
307
241
610
-0.2811
-0.9194
-0.2274
1.1200
-4.4100
-3.7800
294
320
308
242
609
-0.2786
-0.9228
-0.2294
3.8500
-4.3400
-2.7300
294
320
308
242
609
-0.2801
-0.9262
-0.2255
1.8200
-4.5500
-2.3800
294
320
309
242
609
-0.2816
-0.9248
-0.2201
1.4700
-5.1800
-2.5900
294
321
310
243
609
-0.2869
-0.9238
-0.2298
1.4000
-3.6400
-4.1300
294
321
310
243
609
-0.2796
-0.9218
-0.2235
1.3300
-4.9000
-3.1500
294
321
311
244
608
-0.2747
-0.9252
-0.2181
1.1900
-4.4800
-1.9600
294
321
311
244
610
-0.2806
-0.9248
-0.2225
3.6400
-3.7100
-3.2900
294
322
312
244
609
-0.2816
-0.9179
-0.2352
2.9400
-4.5500
-2.8700
294
322
313
245
609
-0.2816
-0.9272
-0.2216
1.6100
-3.9200
-3.2200
295
323
313
245
608
-0.2791
-0.9287
-0.2191
2.4500
-3.2900
-3.9900
295
323
314
245
605
-0.2718
-0.9321
-0.2225
3.0800
-4.2700
-4.8300
294
322
314
245
605
-0.2786
-0.9287
-0.2186
3.8500
-4.4800
-3.0100
292
321
314
245
606
-0.2772
-0.9350
-0.2108
0.9100
-4.8300
-2.2400
293
321
315
245
605
-0.2733
-0.9340
-0.2128
3.4300
-4.6900
-3.4300
293
322
315
246
606
-0.2713
-0.9331
-0.2069
2.8700
-4.9700
-3.3600
292
319
315
245
607
-0.2679
-0.9365
-0.2084
3.0800
-4.0600
-3.0100
292
319
315
245
609
-0.2699
-0.9282
-0.2152
3.7800
-4.6900
-2.6600
292
319
315
246
610
-0.2752
-0.9340
-0.2079
4.2000
-7.0000
-3.0800
291
319
316
246
610
-0.2860
-0.9189
-0.2020
2.8000
-4.1300
-2.5900
291
319
316
246
611
-0.2743
-0.9296
-0.1996
1.4000
-4.4800
-1.4000
291
320
316
246
608
-0.2806
-0.9292
-0.2094
1.6800
-4.1300
-2.7300
291
319
316
246
608
-0.2772
-0.9316
-0.2054
2.5200
-4.1300
-2.8700
291
319
317
246
608
-0.2743
-0.9331
-0.2074
2.6600
-3.9200
-3.1500
291
319
317
246
609
-0.2747
-0.9248
-0.2020
4.7600
-5.1100
-2.5200
290
319
317
246
609
-0.2835
-0.9331
-0.2040
3.2900
-4.8300
-3.5700
290
318
317
246
610
-0.2860
-0.9301
-0.2045
4.4800
-5.0400
-2.6600
290
318
317
246
613
-0.2869
-0.9311
-0.1879
1.8200
-4.6200
-2.5900
289
317
317
246
615
-0.2826
-0.9277
-0.1957
3.3600
-5.1800
-2.6600
289
316
317
246
617
-0.2840
-0.9292
-0.1947
3.0800
-4.9000
-2.1700
287
315
317
245
618
-0.2821
-0.9257
-0.1864
2.1000
-3.9900
-2.1700
287
316
317
246
617
-0.2806
-0.9292
-0.1850
2.2400
-3.8500
-2.3800
287
316
317
246
616
-0.2860
-0.9301
-0.1869
2.7300
-4.6200
-1.7500
288
316
318
246
615
-0.2860
-0.9321
-0.1806
-1.4700
-2.8000
-3.3600
289
318
318
246
610
-0.2664
-0.9213
-0.1918
2.9400
-2.3100
-4.6900
292
322
320
249
606
-0.2747
-0.9301
-0.1850
-1.1200
-1.8900
2.5900
297
325
324
254
589
-0.3143
-0.9306
-0.1981
-1.7500
-1.0500
-4.2700
303
329
331
261
570
-0.2752
-0.9116
-0.1981
7.8400
-0.3500
-1.0500
312
340
345
271
560
-0.2904
-0.9531
-0.2025
2.8700
2.1000
0.2100
325
357
368
290
550
-0.2987
-0.9160
-0.1932
-2.8700
-3.0800
-2.8000
341
376
400
315
529
-0.2948
-0.9165
-0.2015
-11.4800
-5.3200
-3.9900
352
386
416
330
521
-0.2943
-0.9126
-0.2274
0.4200
-0.9800
-4.2700
359
396
435
346
509
-0.2884
-0.9140
-0.2167
9.4500
-3.0100
-4.5500
364
402
451
360
494
-0.2762
-0.9145
-0.2020
2.5200
-4.3400
-3.3600
368
409
465
373
489
-0.2904
-0.9101
-0.1986
1.1900
-3.0800
-4.6900
375
424
484
391
476
-0.3055
-0.9145
-0.2108
3.7800
-1.7500
-4.6900
383
441
500
406
465
-0.2616
-0.9184
-0.2054
8.3300
-4.2000
-2.1000
384
454
508
413
456
-0.2928
-0.9418
-0.2103
4.8300
-3.5700
-0.4200
385
461
514
419
452
-0.2889
-0.9321
-0.1698
0.0000
-4.0600
-6.5100
386
462
515
421
451
-0.2645
-0.9194
-0.2015
1.4000
-5.4600
-0.6300
386
462
515
420
451
-0.2991
-0.9184
-0.2064
4.2000
-5.1800
-0.1400
386
462
515
420
452
-0.3060
-0.9521
-0.1908
5.0400
-2.0300
-3.7100
386
461
514
419
452
-0.2733
-0.9384
-0.1967
3.9900
-3.0100
-2.8700
386
461
514
419
450
-0.2845
-0.9360
-0.1957
-1.4700
-3.1500
-2.9400
386
461
514
419
453
-0.2874
-0.9321
-0.1898
-4.4800
-0.9100
-5.6000
386
462
514
419
452
-0.2835
-0.9130
-0.2001
-2.9400
1.2600
-4.9000
386
466
516
422
451
-0.2743
-0.9526
-0.2069
-7.7700
6.8600
-4.2700
388
473
520
429
447
-0.2630
-0.8960
-0.2455
-13.4400
7.2100
-1.0500
389
477
522
437
447
-0.2757
-0.9209
-0.2562
5.3200
4.9000
-9.3100
390
479
523
438
443
-0.2108
-0.9238
-0.2372
-0.7000
-2.2400
-2.9400
391
479
523
438
445
-0.2328
-0.9223
-0.2640
3.1500
-6.7900
-1.6100
391
479
523
438
443
-0.2733
-0.9199
-0.2621
-1.1200
-1.8200
-1.0500
391
479
523
438
447
-0.2713
-0.9057
-0.2796
1.8200
3.6400
2.4500
391
479
523
437
445
-0.2669
-0.9331
-0.2469
1.4000
3.9200
-6.3000
391
478
523
436
447
-0.2284
-0.9238
-0.2518
-2.1700
-2.0300
-5.3200
391
477
522
434
447
-0.2323
-0.9194
-0.2699
-1.2600
-4.4800
1.3300
390
477
521
432
448
-0.2562
-0.9082
-0.2835
1.4700
-3.7800
-1.3300
391
476
521
430
449
-0.2298
-0.9048
-0.2557
3.1500
-5.7400
0.2800
391
476
521
428
449
-0.2513
-0.9233
-0.2625
2.4500
-6.5100
-0.9100
391
475
520
428
450
-0.2689
-0.9243
-0.2674
-1.7500
-2.6600
-4.2700
390
474
520
425
451
-0.2440
-0.9013
-0.2704
-6.8600
-4.0600
-2.6600
388
468
511
419
453
-0.2499
-0.9140
-0.2811
0.6300
-5.7400
-0.6300
388
465
506
417
455
-0.2747
-0.9174
-0.2869
-0.1400
-0.4200
-4.4100
387
461
499
415
457
-0.2352
-0.9126
-0.2806
0.9800
-3.0100
-1.0500
385
455
492
414
458
-0.2420
-0.9204
-0.2845
-1.1200
-5.1100
-4.6200
382
447
481
408
464
-0.2450
-0.9028
-0.2826
-7.4900
-2.9400
-10.0800
379
436
463
391
472
-0.2308
-0.9121
-0.2952
-6.0200
-2.8000
-8.8900
374
420
434
362
483
-0.2128
-0.9008
-0.3387
4.9700
-6.2300
-1.8200
359
403
399
324
514
-0.2167
-0.9228
-0.2767
8.3300
-16.2400
4.1300
341
381
369
292
536
-0.2621
-0.9360
-0.3104
14.9800
-12.7400
-0.2100
324
365
347
271
557
-0.2640
-0.9355
-0.2713
5.5300
-10.6400
-7.6300
315
354
333
258
571
-0.2601
-0.9272
-0.2738
-1.2600
-7.4900
-7.2100
308
342
321
250
587
-0.2625
-0.9106
-0.2718
6.8600
-6.4400
-5.2500
307
331
314
244
586
-0.2621
-0.9301
-0.2777
6.0900
-5.3900
-2.4500
305
324
311
242
585
-0.2430
-0.9282
-0.3089
8.0500
-7.0700
0.4200
303
319
313
240
580
-0.2528
-0.9194
-0.2494
3.7100
-6.7200
-0.8400
303
316
315
239
575
-0.2660
-0.9350
-0.2562
-0.2100
-3.9900
-3.9900
302
314
316
238
572
-0.2518
-0.9194
-0.2591
4.9000
-6.1600
-4.0600
301
311
317
238
573
-0.2591
-0.9184
-0.2479
1.6100
-5.1800
-1.2600
302
310
319
238
574
-0.2630
-0.9248
-0.2479
3.8500
-5.6000
-1.8200
302
311
320
239
574
-0.2630
-0.9267
-0.2474
4.1300
-5.6000
-0.8400
302
312
321
240
573
-0.2689
-0.9248
-0.2420
1.6100
-4.3400
-1.8900
303
312
322
241
571
-0.2621
-0.9204
-0.2416
2.2400
-6.0900
-1.7500
304
313
323
242
571
-0.2811
-0.9194
-0.2386
-0.2100
-4.8300
-2.8000
304
314
323
242
571
-0.2762
-0.9082
-0.2357
2.3800
-4.6900
-1.8200
303
313
323
242
576
-0.2747
-0.9160
-0.2313
1.8200
-5.5300
-2.5900
303
313
323
242
577
-0.2664
-0.9194
-0.2440
3.4300
-5.8800
-1.5400
303
313
324
242
577
-0.2728
-0.9267
-0.2298
1.1200
-4.4800
-3.0800
303
312
325
242
575
-0.2767
-0.9101
-0.2401
2.1000
-3.7800
-2.6600
303
313
326
243
574
-0.2694
-0.9179
-0.2279
3.7100
-4.4100
-2.3100
303
313
326
243
576
-0.2743
-0.9194
-0.2381
3.9200
-4.6200
-1.7500
303
313
327
243
576
-0.2874
-0.9311
-0.2303
1.2600
-4.0600
-1.9600
303
313
327
244
576
-0.2791
-0.9213
-0.2367
3.2900
-4.2700
-3.0100
303
313
327
244
575
-0.2747
-0.9155
-0.2259
1.6100
-4.5500
-2.5900
304
314
328
244
575
-0.2806
-0.9130
-0.2323
2.4500
-4.6200
-2.6600
304
314
328
244
575
-0.2874
-0.9179
-0.2259
3.0100
-4.9700
-2.1700
304
314
329
244
578
-0.2821
-0.9189
-0.2240
1.4700
-3.5000
-2.6600
304
314
330
245
578
-0.2796
-0.9277
-0.2264
0.7700
-4.7600
-2.3800
304
314
330
245
578
-0.2884
-0.9199
-0.2264
0.8400
-4.3400
-3.2200
304
315
330
245
576
-0.2811
-0.9160
-0.2269
2.9400
-4.6900
-2.8000
304
315
331
245
575
-0.2865
-0.9228
-0.2313
1.3300
-4.4100
-3.1500
304
316
331
245
575
-0.2874
-0.9223
-0.2259
2.1700
-4.5500
-2.4500
304
316
332
246
576
-0.2908
-0.9233
-0.2162
0.4900
-4.4100
-3.5700
304
316
332
246
576
-0.2889
-0.9135
-0.2318
3.2900
-4.6200
-2.8000
304
317
332
246
573
-0.2874
-0.9174
-0.2264
2.7300
-4.3400
-2.9400
304
317
332
246
573
-0.2918
-0.9213
-0.2230
2.8000
-4.3400
-2.9400
305
318
333
247
572
-0.2806
-0.9262
-0.2220
2.8000
-4.6200
-2.2400
305
319
334
247
573
-0.2913
-0.9252
-0.2303
2.6600
-4.7600
-2.9400
306
320
334
247
573
-0.2938
-0.9228
-0.2279
1.7500
-3.2200
-1.5400
306
321
334
248
572
-0.3055
-0.9082
-0.2362
4.4800
-0.0700
-3.1500
307
322
335
249
569
-0.2850
-0.9140
-0.2133
7.3500
-3.0100
-4.2700
307
322
335
249
567
-0.2743
-0.9409
-0.2001
4.1300
-3.5000
-2.8700
307
323
336
249
568
-0.2967
-0.9170
-0.2157
3.6400
-3.0100
-3.9200
308
324
336
250
567
-0.2713
-0.9282
-0.2006
3.7100
-4.2700
-3.2200
308
325
337
250
564
-0.2708
-0.9326
-0.1952
0.7700
-9.3100
-0.4200
309
325
337
250
565
-0.3016
-0.9008
-0.2264
9.0300
-7.7000
-3.9200
309
325
337
251
564
-0.2860
-0.9272
-0.1825
7.7000
-6.9300
-1.4700
309
325
338
251
566
-0.2957
-0.9433
-0.1810
4.5500
-2.7300
-2.6600
310
326
338
251
566
-0.3089
-0.9155
-0.2059
6.4400
-3.8500
-3.9200
310
326
338
251
563
-0.3026
-0.9394
-0.1762
7.9100
-0.7700
-6.3700
310
326
338
251
562
-0.2655
-0.9345
-0.1703
0.7000
-1.8900
-2.3100
311
326
338
251
564
-0.2786
-0.9277
-0.1713
4.0600
-6.2300
-2.1700
311
327
338
251
564
-0.2943
-0.9340
-0.1679
3.9900
-5.5300
-1.5400
311
327
339
251
564
-0.2948
-0.9277
-0.1654
1.0500
-2.5200
-3.2900
311
327
339
251
562
-0.2840
-0.9262
-0.1693
2.8000
-4.6900
-2.2400
311
327
338
251
562
-0.2933
-0.9453
-0.1664
0.9100
-4.0600
-2.6600
311
327
339
251
564
-0.2913
-0.9326
-0.1591
1.4700
-3.6400
-3.8500
311
327
339
251
563
-0.2865
-0.9306
-0.1684
1.4700
-4.4800
-4.2000
311
327
339
252
561
-0.2869
-0.9272
-0.1747
3.5000
-4.6200
-3.5700
311
327
339
252
561
-0.2879
-0.9370
-0.1581
1.4700
-3.3600
-2.5200
311
327
339
252
563
-0.2908
-0.9292
-0.1747
3.1500
-3.6400
-3.4300
311
328
339
252
563
-0.2826
-0.9326
-0.1742
2.2400
-4.2700
-3.4300
311
327
339
252
563
-0.2894
-0.9428
-0.1698
3.1500
-4.7600
-2.5900
311
328
339
252
561
-0.2923
-0.9355
-0.1659
4.7600
-3.7800
-4.2000
311
327
339
252
561
-0.2869
-0.9340
-0.1596
4.9700
-4.0600
-2.8000
311
327
340
252
564
-0.2855
-0.9418
-0.1625
-1.4000
-3.7800
-3.5000
311
328
340
252
563
-0.2865
-0.9423
-0.1684
-5.6000
0.2100
-4.6200
311
328
340
252
556
-0.2845
-0.9243
-0.1952
-14.0000
4.2000
0.8400
316
337
345
259
539
-0.2718
-0.9267
-0.1781
-1.2600
0.4200
3.1500
329
359
375
285
537
-0.2762
-0.9130
-0.2323
13.0900
4.4100
8.0500
346
384
413
320
521
-0.3104
-0.9165
-0.1903
26.7400
3.0800
-5.6700
358
399
445
353
497
-0.3118
-0.9189
-0.1542
9.3800
0.9100
-2.4500
367
416
469
382
480
-0.3006
-0.9301
-0.1674
0.3500
-2.8700
-0.7000
373
424
484
406
464
-0.3152
-0.9038
-0.1688
8.0500
-4.2700
-0.7000
374
436
493
418
455
-0.3128
-0.9706
-0.1537
5.3900
-1.5400
-9.3100
375
447
504
422
451
-0.3026
-0.9262
-0.1757
-1.3300
-2.0300
-5.9500
377
456
512
428
447
-0.2987
-0.9379
-0.1698
0.9800
0.9800
-6.7900
379
464
518
435
444
-0.2660
-0.9414
-0.1762
2.1000
-2.5900
-6.7200
380
468
521
441
444
-0.2713
-0.9238
-0.1771
2.3800
-3.7100
0.7000
380
469
521
442
442
-0.2816
-0.9443
-0.1591
-3.9900
-4.9700
-4.1300
380
469
521
442
445
-0.2816
-0.9130
-0.1810
0.1400
-3.9200
-1.1200
379
468
521
439
444
-0.2879
-0.9350
-0.1640
1.1200
-3.7800
-4.4100
380
467
521
438
447
-0.2723
-0.9282
-0.1893
5.0400
-3.8500
-4.2000
380
467
520
434
445
-0.2791
-0.9326
-0.1718
7.7000
-5.8100
-2.3800
380
466
520
432
448
-0.2816
-0.9321
-0.1610
4.2700
-7.0000
-2.4500
379
465
519
430
448
-0.2840
-0.9457
-0.1562
1.7500
-3.5700
-3.2900
379
465
518
429
449
-0.2826
-0.9389
-0.1527
-5.2500
-1.8900
-0.4900
379
464
518
427
450
-0.2977
-0.9204
-0.1762
-5.6700
-3.2200
-4.0600
379
464
517
426
451
-0.2933
-0.9013
-0.1986
5.0400
-2.4500
-4.6200
379
464
517
424
451
-0.2655
-0.9453
-0.1606
-0.7700
-4.6200
-2.5200
379
463
517
423
451
-0.2772
-0.9374
-0.1698
-0.2100
-6.0900
0.6300
379
463
516
422
452
-0.3006
-0.9399
-0.1903
0.4900
-1.6100
-1.8900
379
462
516
421
453
-0.2894
-0.9223
-0.1830
-1.6800
-2.8000
-2.7300
379
462
516
419
453
-0.2767
-0.9306
-0.1874
2.2400
-4.5500
-1.6100
379
462
515
418
453
-0.2987
-0.9282
-0.1893
-1.8200
-3.9200
-2.1000
379
461
515
417
452
-0.2948
-0.9199
-0.1937
0.3500
-2.9400
-3.0800
379
460
514
416
454
-0.2928
-0.9233
-0.1801
-1.7500
-2.7300
-3.6400
378
460
514
416
454
-0.2874
-0.9287
-0.2074
-5.3900
-2.8000
-4.2000
376
448
499
408
460
-0.2889
-0.9306
-0.2157
0.9100
-2.0300
-5.3200
374
441
489
404
461
-0.2918
-0.9370
-0.2176
-4.2700
1.4000
-8.8200
373
435
478
394
470
-0.2733
-0.9262
-0.2289
-10.1500
-1.6800
-13.7900
369
425
460
381
479
-0.2484
-0.9243
-0.2460
-7.9800
-5.8100
-2.7300
364
415
441
364
491
-0.2586
-0.9365
-0.2811
-13.1600
-4.2000
-2.0300
355
403
416
339
499
-0.2577
-0.9135
-0.3070
-10.7100
-0.3500
-1.6800
344
389
388
313
511
-0.2557
-0.9018
-0.3216
-4.6900
-1.8900
-4.0600
333
376
366
296
522
-0.2611
-0.9121
-0.3299
-3.4300
-1.9600
-10.4300
323
362
349
284
538
-0.2308
-0.9072
-0.3455
0.2100
-4.2700
-9.6600
319
353
338
278
546
-0.2211
-0.9160
-0.3294
1.7500
-4.0600
-4.9000
316
345
330
274
550
-0.2284
-0.9008
-0.3396
-3.1500
-3.0100
-4.6900
314
337
324
270
551
-0.2289
-0.8999
-0.3411
1.5400
-3.9900
-4.4100
308
330
316
266
558
-0.2123
-0.9038
-0.3436
0.5600
-5.8800
-3.7100
303
324
311
261
562
-0.2279
-0.9087
-0.3294
-0.2100
-1.9600
-9.0300
299
320
305
259
569
-0.2074
-0.8877
-0.3406
2.1700
-3.2900
-4.6200
296
313
300
256
569
-0.2020
-0.9057
-0.3558
2.6600
-3.7800
-5.8800
290
303
293
251
571
-0.1913
-0.9038
-0.3367
2.3100
-5.9500
-5.4600
285
296
288
249
570
-0.1923
-0.9204
-0.3284
0.7000
-8.5400
-1.1200
282
292
288
246
569
-0.1962
-0.8945
-0.3450
3.2200
-7.9100
-0.1400
282
291
288
244
573
-0.1981
-0.9043
-0.3211
4.1300
-7.0000
-0.7700
282
291
290
243
572
-0.2069
-0.9130
-0.3284
6.3700
-7.7000
0.7000
282
291
291
243
574
-0.2074
-0.9296
-0.3172
2.1000
-6.4400
-1.7500
282
292
293
243
575
-0.2098
-0.9106
-0.3294
1.6800
-5.9500
-0.1400
283
293
295
244
575
-0.2225
-0.9165
-0.3221
2.0300
-3.8500
-1.4000
284
295
295
245
574
-0.2079
-0.9165
-0.3148
2.1700
-6.0200
-1.4700
285
296
296
245
572
-0.2054
-0.9062
-0.3157
3.1500
-8.6100
-0.5600
285
297
298
246
572
-0.2479
-0.9184
-0.3162
2.8700
-5.0400
-2.2400
286
297
299
246
572
-0.2216
-0.9121
-0.2943
3.6400
-2.8000
-3.0100
286
298
299
246
574
-0.2196
-0.9116
-0.3065
0.5600
-5.3900
-0.2100
287
298
300
247
574
-0.2445
-0.9091
-0.3109
1.8900
-4.1300
-2.9400
288
299
300
247
571
-0.2372
-0.9077
-0.2962
1.7500
-4.0600
-2.5200
288
300
301
248
571
-0.2347
-0.9043
-0.3045
2.6600
-4.8300
-2.9400
288
300
302
248
571
-0.2420
-0.9130
-0.2996
2.3800
-3.9200
-1.9600
289
300
302
249
572
-0.2396
-0.9106
-0.3040
1.5400
-4.9000
-2.8700
289
301
303
249
573
-0.2342
-0.9116
-0.3104
2.3100
-4.7600
-2.4500
289
301
303
249
570
-0.2308
-0.9204
-0.3074
1.2600
-6.2300
-0.6300
289
301
303
249
571
-0.2425
-0.9145
-0.2962
3.1500
-5.6700
-1.3300
289
301
304
249
570
-0.2469
-0.9077
-0.2957
3.5700
-4.3400
-2.3100
290
302
304
250
573
-0.2416
-0.9213
-0.2952
3.7800
-4.0600
-1.6100
290
302
304
250
572
-0.2420
-0.9243
-0.2987
3.2200
-4.0600
-2.8000
290
302
305
250
570
-0.2513
-0.9243
-0.2957
1.8900
-4.4800
-2.3100
290
303
305
250
570
-0.2455
-0.9116
-0.2913
2.4500
-4.4800
-3.1500
290
303
305
250
571
-0.2445
-0.9209
-0.2879
0.3500
-5.8100
-1.8900
290
303
305
250
573
-0.2542
-0.9170
-0.2918
0.4200
-4.9700
-3.4300
290
303
306
250
574
-0.2523
-0.9101
-0.2987
2.1700
-3.3600
-2.8000
290
303
306
250
572
-0.2489
-0.9145
-0.2918
4.3400
-3.9200
-2.4500
289
303
306
250
573
-0.2513
-0.9160
-0.2879
1.8200
-4.1300
-2.1000
289
303
307
250
574
-0.2577
-0.9101
-0.2918
2.1700
-3.8500
-3.0100
290
303
307
250
576
-0.2533
-0.9213
-0.2952
2.7300
-4.3400
-2.5200
290
303
307
250
576
-0.2538
-0.9160
-0.3006
1.8900
-4.6200
-1.7500
290
303
308
250
577
-0.2621
-0.9170
-0.2933
2.1000
-3.8500
-2.9400
290
303
308
250
575
-0.2523
-0.9130
-0.2967
2.5200
-4.4100
-2.4500
290
303
308
250
575
-0.2567
-0.9072
-0.2879
1.8200
-4.3400
-2.8000
290
304
309
250
576
-0.2572
-0.9033
-0.2884
1.9600
-3.7800
-2.9400
290
303
309
250
579
-0.2513
-0.9072
-0.2874
3.2900
-4.6900
-2.5200
289
303
309
250
581
-0.2625
-0.9165
-0.2821
2.3800
-3.1500
-3.4300
289
303
309
249
582
-0.2508
-0.9150
-0.2962
-0.7000
-1.3300
-2.8000
290
304
310
250
578
-0.2533
-0.9126
-0.2928
3.4300
-1.5400
-2.6600
290
304
310
250
577
-0.2557
-0.9340
-0.2982
-6.1600
2.3100
-1.3300
291
306
312
253
565
-0.2411
-0.9008
-0.3226
-8.5400
2.7300
4.9000
300
317
320
262
535
-0.2435
-0.8916
-0.3406
3.1500
-0.5600
7.3500
316
344
351
290
509
-0.2728
-0.9033
-0.3314
5.8800
-2.9400
3.0100
339
371
402
332
493
-0.2694
-0.9043
-0.3211
22.3300
-2.0300
1.4000
357
395
448
376
474
-0.2860
-0.9194
-0.2791
10.5700
-0.5600
1.1900
370
421
477
407
458
-0.2957
-0.9043
-0.3045
7.9800
-3.0800
-13.1600
376
446
502
423
440
-0.2782
-0.9008
-0.2591
8.2600
-4.4800
-12.0400
387
466
517
440
423
-0.2606
-0.9121
-0.2586
-2.2400
-2.3100
-1.9600
395
480
523
451
419
-0.2816
-0.9199
-0.2767
-0.7700
-4.0600
-5.7400
402
487
525
456
418
-0.2533
-0.9174
-0.2660
0.0700
-2.9400
-3.2200
405
489
526
458
418
-0.2596
-0.9057
-0.2757
0.8400
-2.8000
-1.4000
406
490
526
459
419
-0.2591
-0.9023
-0.2694
0.4900
-3.9900
-3.0100
406
490
526
460
417
-0.2655
-0.9204
-0.2694
0.9100
-3.7100
-3.1500
406
490
527
460
419
-0.2611
-0.9072
-0.2694
1.1900
-4.4100
-3.5000
406
490
527
460
419
-0.2616
-0.9145
-0.2669
2.8700
-3.6400
-0.9800
406
490
527
460
419
-0.2562
-0.9013
-0.2669
3.0800
-4.2700
-3.0100
406
490
527
459
420
-0.2669
-0.9135
-0.2684
2.1700
-3.9900
-3.2900
405
489
527
459
418
-0.2625
-0.9218
-0.2708
2.3800
-3.6400
-2.5900
405
489
526
459
420
-0.2645
-0.9199
-0.2713
0.9100
-4.2000
-3.0100
405
489
526
458
421
-0.2669
-0.9130
-0.2801
0.8400
-3.7800
-3.4300
405
489
526
458
421
-0.2645
-0.9184
-0.2699
3.0100
-4.4800
-2.5200
404
488
526
458
420
-0.2557
-0.9150
-0.2660
1.8200
-4.0600
-2.4500
404
488
526
457
419
-0.2718
-0.9111
-0.2635
2.5900
-3.4300
-4.0600
404
488
526
457
422
-0.2596
-0.9048
-0.2655
2.1700
-3.9900
-2.5900
403
487
526
457
422
-0.2655
-0.9189
-0.2640
-0.6300
-3.7800
-4.2700
403
487
526
456
422
-0.2625
-0.9140
-0.2596
-1.8200
-3.5700
-4.6900
402
485
524
449
422
-0.2582
-0.9272
-0.2557
-4.6200
-4.2700
-5.1800
399
480
518
439
422
-0.2489
-0.9038
-0.2801
-2.0300
-4.1300
-3.2900
398
475
511
431
423
-0.2562
-0.9145
-0.2904
2.9400
-5.0400
-3.7800
397
474
507
424
422
-0.2616
-0.9048
-0.2816
0.8400
-3.6400
-3.6400
398
472
500
416
427
-0.2528
-0.9262
-0.2899
-4.4100
-1.7500
-7.4900
397
465
487
406
431
-0.2420
-0.9106
-0.3099
-0.2100
-2.4500
-6.5800
395
455
471
391
436
-0.2367
-0.9130
-0.2840
0.9800
-3.5000
-4.9000
393
449
456
374
441
-0.2333
-0.9204
-0.3113
2.9400
-2.0300
-5.9500
390
440
439
356
448
-0.2298
-0.9155
-0.2933
0.9100
-4.4100
-5.4600
381
426
416
337
459
-0.2440
-0.9170
-0.3309
4.0600
-3.5000
-6.2300
369
410
391
317
474
-0.2211
-0.9292
-0.3118
6.4400
-4.7600
-6.0900
359
394
371
302
490
-0.2142
-0.9145
-0.3045
3.7100
-6.9300
-4.8300
357
383
360
294
504
-0.2157
-0.9257
-0.3065
4.2000
-5.1800
-5.7400
354
371
350
288
513
-0.2152
-0.9394
-0.2782
3.7100
-3.0800
-7.0700
350
356
338
280
517
-0.2079
-0.9277
-0.3050
1.8900
-3.2200
-6.3000
345
343
328
275
522
-0.2172
-0.8901
-0.2782
0.4200
-5.0400
-3.0800
339
334
321
270
526
-0.2133
-0.9165
-0.2972
-0.4200
-5.7400
-2.8700
335
328
316
264
539
-0.2128
-0.9287
-0.3070
4.2000
-4.4100
-1.7500
329
321
308
258
554
-0.2015
-0.9150
-0.2840
3.5700
-2.8700
-3.1500
326
316
304
254
564
-0.2035
-0.9199
-0.2782
3.3600
-3.0100
-2.5200
324
313
301
251
579
-0.2089
-0.9209
-0.2801
2.9400
-5.3200
-1.5400
324
312
300
250
589
-0.2128
-0.9340
-0.2679
-1.4700
-4.9000
0.2100
321
309
298
247
597
-0.2103
-0.9052
-0.2811
-3.6400
-3.4300
-0.4900
319
307
296
244
601
-0.2264
-0.9189
-0.2908
2.4500
-5.6700
-2.5200
319
307
296
244
603
-0.2079
-0.9243
-0.2826
2.5200
-5.3200
-1.4000
319
307
296
244
605
-0.2538
-0.9179
-0.2791
-1.4700
-6.9300
0.2100
318
306
297
243
605
-0.2196
-0.9145
-0.2752
7.4900
-7.8400
1.4700
318
305
298
243
608
-0.2225
-0.9018
-0.2137
10.1500
-8.0500
1.5400
318
305
298
242
610
-0.2362
-0.9170
-0.2372
-0.1400
-5.1800
-0.9800
318
305
298
242
609
-0.1269
-0.9223
-0.2455
1.5400
-3.5000
-0.8400
318
305
299
242
610
-0.2440
-0.9238
-0.2406
-0.2100
-6.0900
-0.8400
318
305
299
243
611
-0.2669
-0.9238
-0.2513
0.8400
-5.7400
-0.4900
318
305
299
243
611
-0.2577
-0.9096
-0.2420
0.3500
-5.2500
-0.3500
318
305
300
243
612
-0.2621
-0.9331
-0.2469
3.7800
-5.3200
-2.8000
318
305
300
243
613
-0.2679
-0.9194
-0.2274
3.9200
-5.2500
-2.7300
318
306
301
244
613
-0.2640
-0.9262
-0.2347
2.1700
-4.4100
-1.6800
319
306
301
244
612
-0.2713
-0.9194
-0.2430
4.2700
-4.4800
-2.8000
319
307
302
245
611
-0.2630
-0.9301
-0.2372
2.3800
-4.3400
-3.1500
319
307
302
245
608
-0.2713
-0.9262
-0.2464
2.7300
-4.9700
-1.8200
319
307
303
245
608
-0.2650
-0.9301
-0.2416
3.0100
-4.6200
-2.7300
319
307
303
245
608
-0.2757
-0.9306
-0.2362
4.4100
-4.2700
-2.1000
319
307
304
245
609
-0.2694
-0.9277
-0.2425
2.7300
-4.3400
-1.4000
319
306
303
245
611
-0.2738
-0.9257
-0.2367
2.9400
-4.8300
-1.3300
318
306
304
245
611
-0.2674
-0.9174
-0.2460
2.9400
-4.6900
-1.1200
318
305
304
245
612
-0.2801
-0.9233
-0.2377
3.9900
-3.5700
-1.8900
318
305
305
244
615
-0.2757
-0.9145
-0.2377
3.0100
-4.2000
-1.8900
318
305
306
244
615
-0.2733
-0.9296
-0.2308
3.9900
-4.4100
-1.2600
318
305
305
244
615
-0.2747
-0.9160
-0.2313
3.2200
-7.7000
0.0700
318
305
306
244
615
-0.3035
-0.9296
-0.2328
1.1200
-2.4500
-2.9400
318
305
307
245
613
-0.2796
-0.9223
-0.2338
4.4800
-5.5300
-1.8200
318
306
307
245
613
-0.2884
-0.9194
-0.2255
0.7700
-5.1100
-1.5400
318
306
307
245
613
-0.2899
-0.9209
-0.2259
3.1500
-5.1100
-2.7300
318
307
308
245
613
-0.2826
-0.9223
-0.2113
3.8500
-6.2300
-1.1900
319
307
308
245
613
-0.2977
-0.9213
-0.2235
2.5900
-3.3600
-2.3800
319
308
309
246
612
-0.2879
-0.9287
-0.2259
3.3600
-4.6200
-1.1200
319
308
309
246
612
-0.2938
-0.9379
-0.2230
2.7300
-3.8500
-2.3100
319
308
309
246
612
-0.2928
-0.9262
-0.2250
5.1800
-4.9000
-2.6600
318
307
309
245
615
-0.2850
-0.9243
-0.2172
3.5000
-5.6000
-2.5900
318
307
310
245
617
-0.3035
-0.9243
-0.2196
4.2700
-4.0600
-2.8000
318
307
310
245
617
-0.2869
-0.9204
-0.2152
1.6100
-4.2000
-2.6600
317
307
310
245
619
-0.2904
-0.9262
-0.2128
3.0100
-4.3400
-2.4500
317
307
311
245
619
-0.2928
-0.9277
-0.2167
1.3300
-3.7800
-3.5700
317
307
311
245
617
-0.2879
-0.9174
-0.2128
2.4500
-3.3600
-3.7800
317
307
311
245
616
-0.2806
-0.9135
-0.2040
0.0000
-4.6200
-2.7300
318
307
311
245
615
-0.3011
-0.9160
-0.2172
2.3100
-3.4300
-3.3600
317
307
311
245
615
-0.2865
-0.9150
-0.2103
2.8700
-5.3900
-1.7500
318
308
312
246
614
-0.2933
-0.9277
-0.1976
1.8900
-3.8500
-2.0300
318
308
312
246
613
-0.2982
-0.9126
-0.2108
-0.1400
-2.9400
-3.5000
318
308
312
246
613
-0.2879
-0.9170
-0.2089
4.3400
-4.3400
-2.2400
318
309
312
246
614
-0.2923
-0.9292
-0.2128
1.1900
-4.4100
-2.3800
318
309
313
246
614
-0.2884
-0.9272
-0.2040
2.6600
-4.6200
-2.5200
319
309
313
246
613
-0.2977
-0.9243
-0.2201
3.6400
-4.8300
-2.6600
319
309
313
246
613
-0.2972
-0.9340
-0.2084
2.5200
-3.8500
-2.4500
319
309
313
247
613
-0.2894
-0.9306
-0.2094
6.6500
-5.9500
-2.8700
318
308
313
246
615
-0.2913
-0.9301
-0.1972
3.0100
-4.9000
-2.7300
318
309
313
246
615
-0.3030
-0.9267
-0.1996
2.9400
-3.2200
-1.9600
318
308
313
246
617
-0.2987
-0.9287
-0.1996
2.8000
-3.7800
-2.5200
318
308
313
246
618
-0.2967
-0.9296
-0.2094
5.4600
-4.6200
-2.1700
318
307
313
246
619
-0.2967
-0.9301
-0.1952
3.7100
-3.4300
-2.2400
318
307
313
246
619
-0.2982
-0.9213
-0.1981
-3.7100
-2.0300
-4.8300
318
309
314
246
610
-0.2889
-0.9179
-0.2084
-5.8800
5.7400
0.0000
319
315
316
252
597
-0.2977
-0.9335
-0.2201
-7.3500
0.3500
-2.0300
327
328
333
264
569
-0.2835
-0.9106
-0.2430
-1.1200
-2.3100
7.5600
344
363
379
300
523
-0.3245
-0.9087
-0.2547
2.7300
-4.2000
1.8200
360
393
428
344
497
-0.3221
-0.8804
-0.2391
2.5900
-2.5900
-0.9800
370
413
461
374
480
-0.3177
-0.8862
-0.2362
7.4200
-1.8900
-3.4300
379
431
482
396
463
-0.3216
-0.9004
-0.2479
11.4100
-2.3800
-5.4600
387
448
502
412
453
-0.3187
-0.9209
-0.2294
16.7300
-2.2400
-1.1900
392
465
513
423
444
-0.3143
-0.9399
-0.2059
10.9200
-0.8400
-2.8700
396
477
520
437
442
-0.3216
-0.9345
-0.1932
12.7400
-2.0300
-7.5600
398
486
524
448
438
-0.3211
-0.9374
-0.1976
8.5400
-0.7000
-7.6300
399
489
526
454
435
-0.3055
-0.9272
-0.1889
7.9800
-0.9100
-6.7200
400
491
527
458
429
-0.2982
-0.9130
-0.1732
2.4500
-1.8900
-7.3500
401
491
528
459
428
-0.2806
-0.9248
-0.1776
2.3800
-3.3600
-1.8900
400
491
528
460
427
-0.3074
-0.9418
-0.1747
6.3000
-1.5400
-2.1000
401
492
528
460
427
-0.3045
-0.9262
-0.1850
0.0700
1.1900
-2.0300
400
491
528
460
428
-0.3128
-0.9326
-0.1806
-4.2700
5.0400
-9.5900
400
491
528
460
425
-0.2674
-0.8979
-0.2040
7.2100
-5.3200
-2.8700
400
492
528
460
428
-0.2669
-0.9399
-0.1786
10.5000
-5.6700
1.0500
401
491
528
461
429
-0.3089
-0.9467
-0.1401
9.7300
-1.9600
-3.8500
401
491
528
461
430
-0.2889
-0.8940
-0.1874
11.4100
-3.0100
11.4100
401
491
528
459
432
-0.3460
-0.9306
-0.1137
22.6800
-2.8000
11.4100
401
491
528
459
432
-0.3309
-0.8838
-0.0932
2.8000
-1.7500
8.0500
400
490
528
456
435
-0.3499
-0.8750
-0.1161
16.6600
-4.5500
11.9000
400
489
528
454
437
-0.4250
-0.9306
-0.0029
10.6400
-0.0700
0.0700
399
488
528
453
439
-0.3748
-0.9155
-0.0298
8.3300
-0.0700
4.7600
399
488
528
451
441
-0.4163
-0.9077
-0.0664
-2.3100
0.1400
-7.9100
399
488
527
450
440
-0.4006
-0.8808
-0.1020
-3.6400
1.6100
-11.2700
399
487
527
448
443
-0.4270
-0.9179
-0.0708
-4.8300
4.8300
-20.7900
399
487
527
446
443
-0.3436
-0.9023
-0.0756
-4.7600
0.1400
-15.3300
399
486
527
444
443
-0.3318
-0.8877
-0.0971
-5.3900
-6.3000
-8.1200
398
485
527
440
443
-0.3396
-0.8886
-0.0752
9.7300
-6.3000
-16.6600
398
484
526
437
444
-0.2899
-0.9345
-0.0673
11.8300
-10.3600
-6.3000
398
484
526
435
445
-0.3016
-0.9404
-0.0561
7.0000
-12.1800
-8.4700
398
483
526
433
446
-0.3030
-0.9404
-0.0605
7.1400
-10.7100
-7.0000
398
483
526
431
447
-0.3006
-0.9584
-0.0386
6.4400
-7.2800
-7.4900
398
483
526
430
448
-0.2743
-0.9287
-0.0590
-0.6300
-5.0400
-2.7300
398
482
525
429
448
-0.2874
-0.9472
-0.0405
4.0600
-4.8300
-5.4600
398
482
525
428
448
-0.2738
-0.9745
-0.0171
-0.1400
-4.9700
-3.7800
398
482
525
428
449
-0.2743
-0.9457
-0.0351
2.8700
-5.6700
-4.6200
398
482
525
427
450
-0.2708
-0.9540
-0.0283
3.7100
-5.6700
-2.8700
398
482
525
427
451
-0.2850
-0.9536
-0.0322
1.5400
-2.5200
-3.5000
398
481
525
426
451
-0.2743
-0.9477
-0.0356
4.9000
-3.2900
-4.2700
398
481
525
426
449
-0.2547
-0.9648
-0.0366
5.8800
-9.8000
-1.0500
398
481
524
426
452
-0.2874
-0.9584
-0.0298
3.6400
-6.7200
-3.9200
398
480
524
426
450
-0.2762
-0.9453
-0.0220
2.8000
-5.5300
-1.5400
398
480
524
426
453
-0.2845
-0.9560
-0.0190
1.4000
-4.4100
-3.0100
398
480
524
426
451
-0.2747
-0.9374
-0.0107
2.3100
-3.9900
-3.8500
398
480
523
425
454
-0.2757
-0.9487
-0.0078
0.8400
-2.8000
-4.1300
398
480
523
425
452
-0.2718
-0.9575
-0.0156
3.6400
-7.0000
-1.4700
398
480
523
425
455
-0.2884
-0.9618
-0.0171
0.3500
-6.3700
-3.4300
398
480
523
425
452
-0.2816
-0.9462
-0.0278
5.3900
-2.8700
-4.8300
398
480
523
425
456
-0.2674
-0.9345
-0.0039
1.8900
-5.6700
-2.4500
398
479
523
425
455
-0.2865
-0.9506
-0.0010
1.3300
-3.8500
-3.2900
398
479
523
425
456
-0.2786
-0.9321
-0.0176
-1.4000
-3.5700
-3.1500
398
479
523
425
454
-0.2806
-0.9418
-0.0059
3.6400
-3.5700
-3.8500
398
479
523
425
456
-0.2733
-0.9462
-0.0049
3.1500
-4.5500
-3.5000
398
479
523
424
456
-0.2723
-0.9531
-0.0044
3.0100
-5.0400
-2.4500
398
479
523
424
456
-0.2796
-0.9521
-0.0063
2.1700
-4.5500
-2.8000
398
479
523
424
457
-0.2904
-0.9550
-0.0112
2.2400
-3.3600
-3.0800
398
479
523
424
457
-0.2806
-0.9492
-0.0088
2.8700
-4.4800
-3.5000
398
479
523
424
457
-0.2625
-0.9536
-0.0020
4.9000
-6.2300
-0.7000
398
478
523
424
457
-0.2777
-0.9545
-0.0015
1.4700
-4.5500
-1.5400
398
478
523
424
457
-0.2874
-0.9428
-0.0005
3.7100
-4.6200
-2.3100
398
478
522
424
457
-0.2777
-0.9467
0.0029
0.9800
-5.1100
-3.5700
398
478
522
424
457
-0.2811
-0.9482
0.0112
2.5200
-4.5500
-3.2200
398
478
522
424
457
-0.2738
-0.9492
0.0054
4.2000
-4.6900
-3.2200
398
478
522
424
458
-0.2747
-0.9579
0.0107
1.6800
-5.1100
-2.5900
397
478
522
424
458
-0.2811
-0.9536
0.0088
2.8700
-4.9000
-3.5700
397
478
522
424
458
-0.2704
-0.9467
0.0166
2.5900
-4.7600
-3.6400
398
478
522
424
456
-0.2791
-0.9467
0.0200
1.4700
-4.0600
-3.9900
397
478
522
424
459
-0.2699
-0.9443
0.0215
0.5600
-4.2700
-2.3100
398
478
522
424
457
-0.2835
-0.9516
0.0181
1.6100
-4.0600
-3.7100
398
478
522
424
460
-0.2821
-0.9482
0.0015
3.1500
-5.0400
-4.2700
398
478
522
424
458
-0.2796
-0.9536
0.0181
6.0900
-3.9900
-3.5000
398
478
522
424
460
-0.2718
-0.9565
0.0220
0.4900
-4.6200
-0.9800
398
478
522
424
461
-0.2752
-0.9472
0.0171
0.6300
-4.9000
-2.6600
398
478
522
424
461
-0.2821
-0.9492
0.0205
1.2600
-3.1500
-3.9900
398
478
522
424
461
-0.2713
-0.9462
0.0205
-1.7500
-4.8300
-2.1700
397
477
522
423
462
-0.2855
-0.9414
0.0093
3.4300
-4.5500
-4.6200
397
477
522
423
462
-0.2708
-0.9531
0.0200
4.9700
-5.0400
-2.7300
398
477
522
423
462
-0.2811
-0.9565
0.0215
1.0500
-3.9900
-2.9400
398
477
522
423
462
-0.2733
-0.9628
0.0205
2.3800
-3.3600
-2.6600
398
477
522
423
462
-0.2640
-0.9516
0.0195
0.2100
-5.8100
-0.9800
398
477
522
423
463
-0.2928
-0.9540
0.0083
0.0700
-3.6400
-2.5200
397
477
522
423
464
-0.2840
-0.9428
0.0024
2.3800
-4.0600
-3.8500
398
477
522
423
464
-0.2752
-0.9501
0.0171
4.9000
-5.3900
-3.2900
398
477
522
423
461
-0.2782
-0.9506
0.0190
3.8500
-4.6200
-2.3800
398
477
522
423
464
-0.2840
-0.9482
0.0200
1.5400
-3.9200
-2.1700
397
477
521
423
462
-0.2855
-0.9492
0.0185
2.5900
-3.9900
-3.9200
398
477
522
423
464
-0.2806
-0.9487
0.0185
0.8400
-4.2700
-3.8500
398
477
521
423
462
-0.2752
-0.9443
0.0093
-0.1400
-3.5700
-3.5000
397
477
521
423
463
-0.2708
-0.9428
0.0176
3.5000
-4.2700
-4.6200
397
477
521
423
462
-0.2777
-0.9428
0.0268
0.5600
-3.7100
-2.2400
397
477
521
423
464
-0.2816
-0.9472
0.0117
3.0800
-4.2000
-1.9600
397
477
521
423
464
-0.2767
-0.9531
0.0200
2.8700
-4.3400
-1.6800
398
477
521
423
465
-0.2865
-0.9526
0.0205
-0.0700
-3.2200
-3.6400
397
477
521
423
465
-0.2855
-0.9335
-0.0015
5.4600
-4.5500
-3.5700
398
477
521
423
465
-0.2772
-0.9653
0.0298
1.8200
-4.1300
-2.6600
397
477
521
423
464
-0.2801
-0.9477
0.0210
-2.2400
-3.2900
-2.5900
397
477
521
423
465
-0.2816
-0.9453
0.0185
3.2900
-3.3600
-2.7300
397
477
521
423
465
-0.2767
-0.9584
0.0127
0.0700
-2.8700
-3.0800
397
477
521
423
465
-0.2786
-0.9457
0.0146
1.5400
-4.6200
-2.3100
397
477
521
423
466
-0.2772
-0.9472
0.0181
4.2700
-4.7600
-2.4500
397
476
521
423
466
-0.2782
-0.9550
0.0224
2.2400
-4.8300
-1.8900
397
476
521
423
466
-0.2850
-0.9467
0.0161
4.9700
-5.3200
-3.0100
397
476
521
423
466
-0.2938
-0.9487
0.0327
2.0300
-3.3600
-2.9400
397
476
521
422
466
-0.2747
-0.9516
0.0273
-0.2800
-3.7100
-2.5200
397
476
521
423
466
-0.2782
-0.9428
0.0224
1.8200
-5.1800
-2.2400
397
476
521
423
466
-0.2977
-0.9531
0.0195
2.5900
-2.3800
-4.4100
397
476
521
423
466
-0.2704
-0.9428
0.0239
-0.9100
-3.8500
-1.6800
397
476
521
423
467
-0.2762
-0.9423
0.0146
-0.7700
-3.5000
-3.1500
397
476
521
423
467
-0.2811
-0.9365
0.0151
0.9100
-3.4300
-4.0600
397
476
521
423
467