-0.2445
-0.9531
0.1147
1.5400
-3.2900
-3.7100
395
474
509
415
532
-0.2464
-0.9506
0.1152
1.9600
-3.8500
-3.7800
395
474
509
414
535
-0.2494
-0.9496
0.1166
2.5200
-5.1100
-1.8200
395
474
509
415
532
-0.2601
-0.9570
0.1161
0.9100
-3.1500
-3.5000
395
474
509
415
532
-0.2572
-0.9496
0.1093
3.3600
-4.2000
-3.0800
395
474
509
415
535
-0.2464
-0.9545
0.1113
3.4300
-4.3400
-2.5900
395
474
509
415
532
-0.2557
-0.9526
0.1196
1.1900
-2.6600
-2.8700
395
474
509
415
533
-0.2489
-0.9506
0.1093
1.0500
-3.6400
-2.3100
395
474
509
415
535
-0.2528
-0.9560
0.1078
1.0500
-3.5000
-3.7100
395
474
509
415
533
-0.2523
-0.9467
0.1064
1.3300
-4.4100
-2.8700
395
474
509
415
533
-0.2469
-0.9467
0.1093
3.9200
-4.5500
-3.1500
395
474
509
415
535
-0.2518
-0.9511
0.1210
0.5600
-3.8500
-2.2400
395
474
509
415
532
-0.2469
-0.9526
0.1108
2.4500
-4.0600
-2.1000
395
474
509
415
533
-0.2538
-0.9404
0.1054
-1.0500
-4.3400
-2.9400
395
474
509
415
535
-0.2630
-0.9511
0.1078
0.0700
-2.5900
-3.9900
395
474
509
415
533
-0.2455
-0.9487
0.1186
-0.4200
-2.5900
-1.2600
395
474
509
414
533
-0.2591
-0.9716
0.1015
-7.4900
0.3500
-4.0600
395
474
509
414
534
-0.3733
-0.9545
0.0834
-8.8900
3.7100
-3.6400
395
473
509
414
530
-0.2372
-0.9370
0.0551
-2.7300
-0.2100
-0.5600
395
473
509
414
527
-0.2596
-0.9736
0.0600
-4.0600
1.4700
-1.7500
395
473
509
414
527
-0.2635
-0.9697
0.0498
-9.9400
13.3000
3.1500
395
472
509
414
524
-0.2616
-0.9350
0.0142
-6.0900
15.2600
6.7200
395
472
509
414
519
-0.2821
-0.9370
-0.0020
-2.5200
16.6600
3.0100
395
471
509
416
520
-0.2830
-0.9755
0.0078
4.6900
8.8900
2.8000
396
467
509
416
518
-0.3196
-0.9389
-0.0415
49.2100
-3.9200
-4.2700
391
454
505
417
515
-0.2889
-0.9228
0.0268
48.6500
-7.8400
15.4700
389
453
502
417
518
-0.3148
-0.8867
0.1810
66.2200
-15.3300
11.9000
384
449
491
417
521
-0.3192
-0.8516
0.2738
96.4600
-13.0200
45.3600
373
442
479
417
521
-0.4348
-0.7608
0.4836
74.1300
-9.2400
47.8100
348
422
458
413
524
-0.3328
-0.6510
0.5495
32.4100
-39.2000
24.0100
311
392
432
400
537
-0.3802
-0.6471
0.6124
38.7800
-1.3300
44.2400
291
369
414
395
551
-0.5402
-0.6002
0.6237
37.5200
-21.7700
26.2500
277
354
390
393
551
-0.5100
-0.4699
0.7305
74.2000
-14.9100
28.7000
263
335
367
393
558
-0.4499
-0.3680
0.7813
61.2500
-14.4200
18.4100
259
331
337
392
570
-0.4690
-0.2830
0.8355
34.8600
4.0600
7.4200
256
332
327
392
571
-0.5158
-0.3406
0.8979
24.2900
-4.5500
-1.6100
263
318
318
394
569
-0.5041
-0.2655
0.7940
5.0400
4.1300
0.2800
264
311
317
393
578
-0.5104
-0.2411
0.8184
-35.4900
1.2600
-7.0700
262
297
369
393
582
-0.5329
-0.3006
0.7813
-7.8400
-5.6700
-5.0400
267
291
372
389
595
-0.5163
-0.3099
0.7837
11.3400
-5.6700
3.9200
268
289
428
390
599
-0.4953
-0.2582
0.7998
5.3200
-3.9900
3.0800
266
291
468
392
594
-0.5285
-0.3250
0.7818
2.1700
-1.5400
1.8200
264
291
498
397
601
-0.5061
-0.2894
0.7486
4.5500
-21.2100
-4.0600
264
294
505
399
604
-0.4416
-0.2738
0.7974
-1.6800
-5.0400
-5.0400
265
294
510
400
602
-0.4514
-0.2991
0.8194
7.3500
-6.5800
-3.2200
266
296
514
400
606
-0.4865
-0.2918
0.8189
3.7800
-10.0100
-6.0200
268
297
516
401
613
-0.4738
-0.2884
0.8135
10.2200
-9.6600
2.1700
269
298
517
403
619
-0.4802
-0.2679
0.8164
11.0600
-7.4200
-1.9600
270
299
517
405
628
-0.4743
-0.2704
0.8233
16.7300
-14.2800
-7.6300
271
300
517
406
628
-0.4568
-0.2752
0.8384
13.5800
-8.1200
-0.8400
271
301
517
407
627
-0.4685
-0.2752
0.8281
3.2200
-0.2800
-5.4600
272
302
517
408
618
-0.4426
-0.2499
0.8438
-0.7000
-4.2000
-5.0400
272
302
516
408
620
-0.4465
-0.2674
0.8330
4.8300
-1.4000
-1.9600
272
304
516
409
619
-0.4363
-0.2762
0.8433
3.5700
-2.9400
-5.5300
273
304
516
410
618
-0.4402
-0.2733
0.8350
0.7700
-3.3600
-3.3600
273
305
516
411
617
-0.4416
-0.2767
0.8252
-1.1200
-4.5500
-4.7600
274
305
516
411
616
-0.4343
-0.2704
0.8286
0.7700
-4.4800
-3.6400
274
305
515
411
616
-0.4416
-0.2713
0.8501
1.6800
-2.8700
-3.2200
275
305
515
411
616
-0.4573
-0.2772
0.8467
0.9800
-2.3800
-4.4100
275
306
515
412
617
-0.4412
-0.2752
0.8345
1.4000
-2.6600
-5.8100
275
306
515
412
619
-0.4329
-0.2845
0.8145
0.9100
-5.9500
-4.6900
275
306
515
413
621
-0.4275
-0.2889
0.8379
-0.5600
-5.5300
-3.2200
275
306
515
414
622
-0.4377
-0.2962
0.8179
4.9700
-6.8600
-1.6100
275
306
515
414
622
-0.4319
-0.2830
0.8501
9.3800
-4.9000
-3.8500
275
307
515
415
619
-0.4260
-0.2826
0.8491
-2.5200
-4.2000
-5.3900
276
307
515
416
620
-0.4202
-0.3030
0.8106
3.0800
-5.7400
-1.6100
276
308
514
417
620
-0.4343
-0.2830
0.8550
1.8900
-5.1800
-3.0100
276
308
514
418
620
-0.4275
-0.2806
0.8506
4.1300
-3.0100
-3.5000
277
308
514
418
620
-0.4172
-0.2718
0.8413
1.1900
-4.7600
-4.5500
277
308
514
419
621
-0.4246
-0.2860
0.8389
-1.4000
-4.1300
-3.3600
277
308
514
420
622
-0.4231
-0.2835
0.8301
5.3200
-4.4800
-2.2400
277
308
513
420
624
-0.4324
-0.2743
0.8452
0.5600
-3.1500
-4.4100
277
309
513
420
626
-0.4143
-0.2708
0.8520
-4.2000
-1.4700
-7.0700
276
309
513
420
624
-0.4216
-0.2816
0.8350
-19.2500
-3.9200
-14.6300
277
309
513
420
622
-0.4397
-0.3157
0.8457
-54.1100
3.8500
-22.6800
279
309
509
422
609
-0.4538
-0.4011
0.7910
-59.2200
5.9500
-34.2300
285
319
505
425
584
-0.4514
-0.4953
0.7276
-69.0900
1.2600
-43.6800
302
344
503
428
559
-0.3958
-0.6266
0.6661
-79.7300
21.1400
-43.4700
330
382
502
434
536
-0.3909
-0.7330
0.4860
-80.1500
14.9800
-23.6600
365
409
504
436
519
-0.3314
-0.7823
0.3977
-86.6600
10.7800
-15.5400
392
433
508
437
500
-0.3865
-0.8926
0.3167
-73.2200
3.6400
-22.4700
403
447
513
439
481
-0.3211
-0.9360
0.1620
-58.8700
9.3100
-28.6300
410
456
516
442
465
-0.2557
-0.9101
0.0732
-56.4900
18.8300
-3.1500
415
467
519
443
466
-0.2762
-0.9228
-0.1269
-9.9400
4.4800
-3.9200
413
479
521
446
467
-0.2747
-0.9501
-0.0239
-12.6700
0.7000
-3.7100
410
484
521
447
468
-0.2777
-0.9331
-0.0239
0.9800
0.2100
-1.9600
411
484
522
447
469
-0.2904
-0.9584
-0.0254
-1.9600
-5.2500
-5.9500
411
485
522
447
469
-0.2664
-0.9531
-0.0278
10.2900
-1.6800
-5.6000
411
486
522
447
467
-0.2713
-0.9589
-0.0161
0.4900
-3.7100
-2.2400
411
487
523
447
470
-0.2835
-0.9614
-0.0366
2.6600
-2.5200
-4.3400
411
487
523
448
467
-0.2718
-0.9648
-0.0239
-0.9100
-3.9200
-6.8600
411
487
523
447
468
-0.2528
-0.9555
-0.0405
-0.9100
-2.2400
-3.9200
410
488
523
447
466
-0.2655
-0.9521
-0.0454
-1.2600
-2.3800
-4.3400
411
488
523
448
467
-0.2479
-0.9658
-0.0429
3.7800
-2.7300
-5.4600
411
488
523
447
466
-0.2572
-0.9594
-0.0312
-0.1400
-3.5000
-5.1100
411
488
523
447
466
-0.2469
-0.9614
-0.0498
0.9100
-2.9400
-4.0600
411
488
523
447
465
-0.2499
-0.9731
-0.0386
2.5900
-2.2400
-3.2900
411
488
523
447
465
-0.2523
-0.9521
-0.0532
3.2900
-5.1800
-4.1300
411
488
523
447
465
-0.2450
-0.9575
-0.0522
5.2500
-4.9700
-2.1700
411
488
523
447
465
-0.2577
-0.9784
-0.0605
6.5100
-4.4100
-4.6200
411
488
523
447
465
-0.2460
-0.9677
-0.0381
0.8400
-3.7800
-1.4700
411
488
523
447
464
-0.2542
-0.9555
-0.0556
4.6200
-4.6200
-3.0800
411
488
523
447
464
-0.2494
-0.9609
-0.0410
3.1500
-3.9200
-2.1000
411
488
523
447
464
-0.2474
-0.9623
-0.0571
1.4000
-2.0300
-0.7000
411
487
523
447
465
-0.2582
-0.9560
-0.0337
8.2600
-1.7500
0.1400
411
483
523
446
463
-0.2538
-0.9560
-0.0142
11.0600
3.8500
3.9200
403
474
523
444
463
-0.2338
-0.9736
0.0088
15.5400
-6.3700
1.6100
375
437
523
438
461
-0.2230
-0.9750
0.0327
34.5800
-11.9700
15.4000
310
369
522
433
457
-0.3177
-0.9804
0.0605
58.5200
-29.4000
-4.9700
250
304
521
430
448
-0.3211
-0.8935
0.2230
79.5900
-29.5400
-1.1900
228
280
520
425
443
-0.2811
-0.7676
0.2869
78.2600
-29.1900
4.5500
223
273
517
414
441
-0.2640
-0.8735
0.5168
58.8700
-19.6000
14.8400
221
269
513
404
454
-0.3011
-0.7959
0.4568
47.2500
-14.9100
17.9200
238
269
509
392
468
-0.3460
-0.7515
0.5539
40.1100
-9.5900
20.0200
239
271
507
385
480
-0.3050
-0.7017
0.5983
24.0100
-6.9300
20.5800
241
276
504
387
500
-0.3504
-0.6403
0.6632
-7.2100
-0.8400
13.2300
241
280
500
391
513
-0.3401
-0.6144
0.6505
36.8200
-2.2400
10.8500
241
283
497
394
526
-0.3938
-0.5187
0.7105
40.5300
0.3500
17.7800
243
287
495
398
535
-0.3992
-0.4826
0.7388
29.5400
-6.8600
13.3700
245
289
494
400
540
-0.4343
-0.3909
0.7696
32.4800
-9.5900
13.0200
246
292
491
400
542
-0.4319
-0.4109
0.8067
24.0100
-19.5300
3.8500
247
294
492
402
544
-0.3967
-0.3860
0.8252
12.8100
-14.2100
2.8000
249
295
495
403
540
-0.3875
-0.3504
0.8291
10.1500
-12.6700
4.5500
249
296
497
403
541
-0.3826
-0.3475
0.8335
13.1600
-12.3900
3.7800
250
296
498
403
544
-0.4055
-0.3665
0.8325
21.9100
-8.8200
0.7700
250
297
499
403
549
-0.3821
-0.3333
0.8462
21.8400
-16.7300
0.2100
250
298
499
402
563
-0.3636
-0.2821
0.9048
4.4800
-2.8000
-1.3300
250
298
498
401
565
-0.3314
-0.2972
0.8662
6.7900
-3.4300
2.8000
250
299
492
401
565
-0.3811
-0.2694
0.8696
0.7700
0.7000
-1.8900
251
300
489
401
566
-0.3738
-0.2640
0.8594
5.5300
-1.5400
4.1300
251
301
486
400
563
-0.3762
-0.2396
0.8847
4.6900
-7.9100
-2.5900
251
302
476
400
560
-0.3616
-0.2704
0.8706
4.4800
-7.4900
-3.9200
252
303
476
401
558
-0.3694
-0.1362
0.8779
-2.7300
-3.5700
-3.7100
252
305
469
404
551
-0.3587
-0.2562
0.8813
1.6100
-3.4300
-6.0900
252
305
468
408
543
-0.3528
-0.2689
0.8808
-1.8900
-2.1700
-3.2900
252
306
469
414
542
-0.3762
-0.2713
0.8774
5.4600
-5.2500
-4.2700
253
306
470
417
544
-0.3582
-0.2684
0.8711
3.0100
-5.1800
-2.7300
253
306
471
418
545
-0.3553
-0.2621
0.8896
4.3400
-4.8300
-3.1500
253
307
471
419
543
-0.3484
-0.2640
0.8799
4.2700
-4.7600
-3.2200
253
307
472
420
545
-0.3460
-0.2699
0.8696
0.4900
-4.5500
-2.5200
254
307
476
420
545
-0.3514
-0.2664
0.8965
0.2800
-2.9400
-1.8200
254
307
480
420
543
-0.3528
-0.2796
0.8906
-7.4900
-1.2600
-3.1500
254
307
483
420
542
-0.3504
-0.2894
0.8623
-1.8200
-2.5900
-5.3200
254
307
485
421
544
-0.3396
-0.2991
0.8686
0.8400
-7.4900
-3.6400
254
308
486
421
544
-0.3304
-0.2928
0.8950
3.8500
-4.2000
-2.3100
254
308
486
420
542
-0.3504
-0.2938
0.8877
-3.0800
-5.7400
-5.3200
254
308
486
421
545
-0.3455
-0.2938
0.8652
-2.0300
-8.5400
-5.7400
254
308
486
421
546
-0.3455
-0.2855
0.8984
4.1300
-9.7300
-8.6800
255
308
486
420
544
-0.2967
-0.3011
0.9004
-7.9800
-8.0500
-6.7900
255
308
487
420
546
-0.3065
-0.3270
0.8789
-0.5600
-8.3300
-3.6400
255
308
489
420
549
-0.3084
-0.3148
0.8989
4.4100
-3.9200
-3.1500
255
308
489
420
550
-0.3026
-0.3255
0.8706
7.8400
-2.3100
-2.4500
255
308
489
420
549
-0.3211
-0.3099
0.8696
13.0200
-10.7800
-3.0800
255
309
486
419
549
-0.3089
-0.2708
0.9213
5.8100
-3.9200
-4.6200
255
309
486
419
553
-0.2669
-0.2889
0.9028
6.3000
-4.2700
-0.9100
255
309
486
418
555
-0.2904
-0.2811
0.9194
9.5200
-3.7800
-3.0100
255
309
486
417
553
-0.2835
-0.2708
0.9062
4.9000
-2.2400
-1.9600
255
310
485
417
555
-0.2869
-0.2689
0.8969
3.0800
-5.5300
-2.1000
255
310
485
417
558
-0.2908
-0.2460
0.9052
0.4900
-5.1100
-3.7100
256
310
484
417
560
-0.2865
-0.2538
0.9082
2.3800
-4.4100
-2.1700
256
311
483
416
558
-0.2835
-0.2352
0.9165
1.2600
-0.0700
-3.1500
256
311
482
416
560
-0.2830
-0.2377
0.9126
-7.2800
-2.2400
-6.5100
256
311
483
416
553
-0.2899
-0.2728
0.9223
-32.0600
5.6700
-10.5000
257
309
486
417
537
-0.3152
-0.3343
0.8926
-42.7000
3.3600
-21.1400
263
311
491
422
510
-0.3455
-0.3787
0.8652
-66.0100
3.9900
-29.7500
275
323
495
430
484
-0.3035
-0.5412
0.7505
-46.6900
34.5100
-24.3600
302
354
498
440
463
-0.3504
-0.5627
0.6822
-44.7300
11.7600
-28.2100
316
368
506
444
455
-0.3621
-0.7052
0.6573
-60.3400
17.7800
-23.3100
338
385
512
448
451
-0.3299
-0.7276
0.6529
-46.0600
20.5100
-10.1500
363
407
517
452
458
-0.3601
-0.7593
0.5495
14.6300
19.2500
-16.7300
384
434
520
454
460
-0.3709
-0.7998
0.4255
-58.6600
10.7800
-13.0900
399
451
522
454
459
-0.3577
-0.8452
0.3987
-39.9700
16.1000
9.0300
405
474
525
454
464
-0.3958
-0.8584
0.3079
-27.3000
-3.4300
-8.5400
407
485
527
453
460
-0.3723
-0.8555
0.2772
-55.4400
5.4600
-15.6100
408
491
528
454
460
-0.3484
-0.9013
0.1713
-60.6900
-1.1900
-22.0500
408
493
528
454
464
-0.2699
-0.9667
0.0839
-38.5000
4.7600
-29.7500
407
493
528
454
462
-0.2669
-0.9023
0.0395
-1.1200
2.5200
-11.8300
406
493
529
453
464
-0.2552
-0.9550
0.0415
11.6200
2.2400
-7.3500
406
494
529
452
460
-0.1967
-0.9462
0.0844
8.5400
-5.7400
-1.5400
406
493
529
452
462
-0.2401
-0.9828
0.0639
3.8500
-5.8800
-2.4500
406
493
529
451
460
-0.2416
-0.9550
0.0810
2.5200
-6.0200
-2.4500
406
493
529
451
462
-0.2416
-0.9589
0.0698
1.8200
-4.9700
-1.7500
406
493
529
450
460
-0.2533
-0.9633
0.0752
-0.4200
-2.1000
-2.8000
405
493
529
450
462
-0.2425
-0.9477
0.0732
1.1900
-3.1500
-5.3200
405
493
529
450
459
-0.2294
-0.9672
0.0649
2.2400
-2.8700
-1.6100
405
493
529
450
462
-0.2503
-0.9623
0.0717
-0.2800
-1.6100
-2.8700
405
493
529
450
459
-0.2542
-0.9526
0.0683
3.1500
-1.7500
-3.3600
405
493
529
450
459
-0.2342
-0.9550
0.0610
1.4000
-4.8300
-5.8800
405
493
529
450
460
-0.2284
-0.9604
0.0498
3.2900
-3.7800
-0.9800
405
493
530
450
460
-0.2552
-0.9604
0.0581
1.2600
-3.0100
-1.8200
404
493
529
450
460
-0.2494
-0.9511
0.0547
2.1700
-3.2900
-2.3800
404
493
529
450
460
-0.2489
-0.9560
0.0512
3.1500
-4.6200
-1.6100
404
492
529
450
460
-0.2533
-0.9540
0.0693
1.2600
-4.9700
-1.4700
404
492
529
450
460
-0.2528
-0.9667
0.0561
8.7500
-4.8300
-2.4500
404
492
529
450
459
-0.2494
-0.9462
0.0727
11.6900
-7.0000
1.4000
404
492
529
450
459
-0.2557
-0.9433
0.1044
29.4000
0.6300
7.6300
404
488
528
450
457
-0.2689
-0.9374
0.1293
55.0900
-13.5800
-5.2500
387
467
528
451
455
-0.2689
-0.9223
0.2474
54.6000
-13.9300
5.9500
356
431
528
451
454
-0.2811
-0.9404
0.3113
59.5700
-24.3600
-3.7800
306
363
526
449
453
-0.2816
-0.7505
0.3855
75.5300
-29.5400
1.4700
275
335
522
439
447
-0.2821
-0.8208
0.4841
77.9800
-7.7700
4.4800
248
309
522
417
451
-0.2718
-0.6920
0.5841
49.8400
-42.5600
6.5800
227
294
516
396
458
-0.3226
-0.7520
0.6964
35.3500
-51.1000
5.6700
222
284
502
379
468
-0.1854
-0.6881
0.6588
29.4000
6.7200
30.1000
222
284
498
368
477
-0.2479
-0.6173
0.7349
32.2000
2.1000
23.2400
222
288
497
363
479
-0.2401
-0.5836
0.7559
28.5600
-6.8600
9.0300
222
288
496
360
488
-0.2913
-0.6022
0.7798
42.9800
-13.5800
1.8200
223
290
496
358
499
-0.2533
-0.4934
0.8330
52.8500
-1.9600
6.0200
223
292
495
361
508
-0.2289
-0.3870
0.8843
31.7100
-4.3400
8.2600
228
296
494
369
513
-0.2474
-0.3919
0.8906
28.6300
1.8200
9.7300
228
298
492
377
519
-0.2635
-0.3177
0.8862
39.2700
-6.3000
6.4400
229
300
487
381
526
-0.2635
-0.2664
0.9311
25.2000
-8.8900
4.6900
230
301
482
383
534
-0.2669
-0.2377
0.9287
21.4200
-9.5900
3.9900
231
302
482
385
535
-0.2567
-0.2084
0.9448
15.8900
-6.0200
-1.6100
232
304
483
387
545
-0.2547
-0.1918
0.9335
4.1300
-7.9100
-2.8700
232
305
487
388
546
-0.2577
-0.1986
0.9189
5.4600
-1.9600
-0.4900
233
305
489
389
548
-0.2533
-0.2025
0.9116
14.3500
-8.1200
-1.4000
233
306
489
390
545
-0.2479
-0.2035
0.9482
13.0900
-3.2200
-0.7700
234
306
489
391
545
-0.2347
-0.1654
0.9467
10.4300
-6.4400
3.9900
234
307
486
392
546
-0.2352
-0.1288
0.9487
3.5000
-4.3400
-0.4200
235
307
486
392
545
-0.2450
-0.1396
0.9501
4.6900
-0.2800
-0.9800
235
308
486
393
544
-0.2430
-0.1415
0.9433
9.3800
-3.2900
-4.2000
235
308
486
393
544
-0.2333
-0.1308
0.9682
3.8500
-3.9200
-4.6900
236
308
486
394
542
-0.2303
-0.1235
0.9628
-2.7300
-2.1700
-1.9600
236
309
486
395
539
-0.2601
-0.1591
0.9404
-1.4000
0.9100
-3.3600
236
309
486
396
538
-0.2708
-0.1664
0.9179
6.3000
-3.8500
-5.9500
236
309
486
397
540
-0.2430
-0.1474
0.9570
0.6300
-5.8800
-6.6500
236
309
486
398
537
-0.2264
-0.1640
0.9487
-1.2600
-2.8000
-2.3100
236
309
486
400
536
-0.2674
-0.1606
0.9443
-2.7300
-6.9300
-4.1300
237
310
486
401
536
-0.2435
-0.1728
0.9443
2.1000
-7.2100
-5.6700
237
310
486
401
533
-0.2508
-0.1840
0.9545
1.0500
-7.0000
-8.2600
237
310
486
402
530
-0.2162
-0.1703
0.9565
-10.9900
-6.2300
-5.5300
237
310
486
403
531
-0.2333
-0.2074
0.9487
-19.1800
-6.1600
-12.2500
237
310
487
407
523
-0.1991
-0.2733
0.9140
-7.0000
20.7200
-3.4300
237
310
488
422
513
-0.2704
-0.2996
0.8994
-6.4400
-3.9900
-4.1300
237
310
487
431
507
-0.2308
-0.2840
0.9218
3.9200
-6.3000
-3.6400
237
311
487
431
508
-0.2538
-0.2913
0.9096
1.7500
-6.0900
-7.0700
238
311
487
431
504
-0.2362
-0.2777
0.9301
-0.8400
-4.9000
-4.0600
238
311
487
431
505
-0.2240
-0.2913
0.9140
-0.2800
-6.3700
-4.6200
238
311
486
430
505
-0.2289
-0.2869
0.9340
4.2700
-7.4900
-1.3300
238
311
486
429
503
-0.2181
-0.2865
0.9243
3.0800
-4.9700
-4.4800
238
311
486
428
505
-0.2211
-0.2796
0.9282
2.0300
-3.9900
-2.2400
239
311
485
427
503
-0.2372
-0.2948
0.9116
4.6900
-3.2200
-5.4600
239
311
485
427
505
-0.2255
-0.2801
0.9189
7.7700
-5.9500
-2.3100
239
312
485
427
505
-0.2162
-0.2894
0.9233
3.0100
-5.6000
-1.4000
239
312
485
427
504
-0.2289
-0.2650
0.9448
-10.7800
1.1200
-4.6200
239
311
484
427
504
-0.2367
-0.2918
0.9189
-24.9200
6.5100
-6.2300
241
312
483
429
491
-0.2176
-0.3284
0.9096
-50.8200
22.7500
-2.6600
255
328
486
435
470
-0.2860
-0.4241
0.8613
-64.1200
13.0200
-5.3900
281
356
491
441
451
-0.2420
-0.5373
0.7437
-54.9500
9.7300
-18.0600
320
395
496
446
431
-0.2616
-0.6159
0.7447
-71.0500
31.2200
-11.4100
351
422
510
453
433
-0.4202
-0.6588
0.6061
-68.9500
25.1300
-19.1800
363
437
517
457
433
-0.3494
-0.7564
0.2855
-23.1700
29.0500
-15.4000
366
449
519
460
437
-0.3811
-0.7871
0.4900
-36.1900
16.1700
-13.9300
367
456
522
461
439
-0.3548
-0.7998
0.4187
-23.8000
16.4500
-14.8400
371
460
523
460
443
-0.3518
-0.8330
0.4124
-45.4300
7.4200
-17.0100
372
463
523
458
447
-0.3655
-0.8843
0.2811
-40.8800
4.9700
-5.3200
375
464
523
457
451
-0.3416
-0.9048
0.2298
8.1200
-3.2900
-6.8600
375
466
524
456
451
-0.3509
-0.9004
0.2650
1.5400
-1.6100
-7.6300
375
469
525
456
451
-0.3304
-0.8984
0.2752
-14.0000
1.1900
-2.0300
376
474
525
455
452
-0.3416
-0.9174
0.2020
-7.9100
-5.3200
-0.8400
381
478
526
454
452
-0.3455
-0.8838
0.2103
3.9900
-2.5200
-1.6800
381
478
526
454
453
-0.3357
-0.8784
0.2523
3.7800
-1.4700
-1.7500
381
478
526
454
452
-0.3338
-0.8930
0.2264
1.4700
-2.7300
-4.5500
381
477
526
453
452
-0.3450
-0.9126
0.2328
0.7000
-2.3100
-5.6000
381
478
526
453
450
-0.3299
-0.9091
0.2196
0.3500
-1.3300
-4.7600
381
478
526
453
452
-0.3314
-0.8984
0.2147
0.7000
-1.2600
-4.3400
381
478
526
453
449
-0.3270
-0.9008
0.2157
5.4600
-2.6600
-1.2600
381
477
526
453
451
-0.3289
-0.9067
0.2025
4.1300
-2.3100
-2.9400
381
477
526
453
452
-0.3406
-0.9013
0.2269
-0.0700
1.4000
-2.9400
381
477
526
453
452
-0.3289
-0.8955
0.2181
3.7800
3.9900
-2.7300
381
477
526
453
452
-0.3392
-0.8989
0.2503
5.8800
0.9100
-7.2800
381
477
526
453
452
-0.3104
-0.9101
0.2176
-3.6400
-2.8700
-3.6400
380
477
526
453
453
-0.3411
-0.9101
0.2045
1.7500
-3.9200
-6.3700
380
477
526
453
450
-0.3265
-0.9048
0.2216
-1.6100
-4.5500
-4.9000
381
477
526
453
453
-0.3235
-0.9077
0.1889
3.7100
-5.1800
0.5600
381
477
526
453
452
-0.3309
-0.9296
0.1967
4.4100
-4.1300
-1.8900
383
478
526
452
453
-0.3406
-0.9116
0.1957
-0.4900
-2.0300
-2.9400
383
478
526
452
450
-0.3279
-0.9004
0.1967
-3.7100
-2.0300
-4.9000
383
478
526
452
453
-0.3235
-0.9130
0.1869
2.5900
-4.4100
-6.8600
384
479
526
452
454
-0.3201
-0.9238
0.1918
-0.8400
-3.3600
-5.6700
384
479
526
452
454
-0.3528
-0.9179
0.1810
3.9900
-1.4700
-1.1900
385
479
526
452
454
-0.3260
-0.9179
0.1879
1.0500
-4.1300
6.2300
385
478
525
450
454
-0.3865
-0.8882
0.1864
14.1400
-8.3300
14.6300
381
471
522
446
454
-0.3196
-0.7847
0.2167
47.7400
-15.6800
13.0200
367
453
514
436
455
-0.3343
-0.8408
0.2996
79.9400
-33.1800
-3.5700
329
391
503
429
452
-0.4451
-0.7842
0.3870
44.1000
-9.1700
10.0800
290
338
499
428
454
-0.4241
-0.7520
0.4646
27.0200
-28.0700
11.2700
263
311
499
428
452
-0.4319
-0.8257
0.5632
2.6600
-37.5900
-0.7700
242
289
507
424
453
-0.3621
-0.7501
0.5144
14.9800
-16.6600
-1.6100
232
282
507
419
457
-0.3548
-0.7003
0.5251
6.7200
-11.7600
5.6700
228
281
506
412
457
-0.3948
-0.9277
0.5539
21.2800
-24.0800
5.6700
227
281
505
408
461
-0.3601
-0.6993
0.5988
41.3700
-29.6100
15.9600
227
281
504
407
463
-0.2601
-0.6568
0.6471
58.9400
-22.4000
10.7800
228
281
503
411
463
-0.3118
-0.5475
0.7974
56.2100
-11.2700
5.6700
228
282
502
415
463
-0.3192
-0.4939
0.8242
1.9600
-12.8100
8.6100
228
284
502
418
467
-0.3143
-0.4870
0.7598
13.4400
-14.2800
7.7700
229
286
501
419
473
-0.3343
-0.4538
0.8198
13.4400
-13.2300
5.3900
229
288
500
419
476
-0.3250
-0.4324
0.8442
8.8200
-8.8900
-2.9400
230
289
499
419
476
-0.2977
-0.4382
0.8408
2.3100
-5.1800
-1.0500
230
290
499
420
476
-0.3177
-0.4397
0.8296
5.3200
-5.9500
-2.5900
231
291
500
420
476
-0.2962
-0.4363
0.8408
1.9600
-6.6500
-2.4500
231
291
500
420
476
-0.2982
-0.4358
0.8442
1.4000
-6.1600
-3.5000
232
291
500
421
476
-0.2811
-0.4426
0.8384
0.7000
-6.7900
-3.3600
232
292
501
421
475
-0.2899
-0.4382
0.8384
0.9800
-6.1600
-3.1500
232
292
501
422
475
-0.2830
-0.4338
0.8501
5.0400
-3.7800
-2.6600
233
293
500
422
474
-0.2743
-0.4353
0.8423
4.6200
-5.2500
-2.6600
233
293
500
423
472
-0.2728
-0.4304
0.8413
3.4300
-9.1700
-2.4500
234
293
500
423
474
-0.2757
-0.4333
0.8511
8.1900
-7.6300
-1.3300
234
294
500
423
471
-0.2684
-0.4236
0.8701
2.1000
-4.4100
-4.1300
235
294
500
423
474
-0.2650
-0.4260
0.8428
3.4300
-4.2700
-1.2600
235
294
501
423
472
-0.2669
-0.4119
0.8574
5.8100
-4.6200
-0.6300
235
294
501
423
474
-0.2684
-0.4094
0.8618
-2.1700
-2.5200
-2.2400
235
294
500
423
472
-0.2747
-0.4021
0.8584
2.1700
-3.7800
-2.2400
235
295
500
423
474
-0.2704
-0.4094
0.8486
1.4000
-3.5700
-1.6800
235
295
500
423
471
-0.2767
-0.4060
0.8677
4.2700
-2.8700
-1.6800
235
295
500
423
473
-0.2767
-0.4055
0.8496
2.5200
-4.5500
-1.1900
236
296
500
423
471
-0.2904
-0.4006
0.8589
3.0800
-3.3600
-2.9400
236
296
500
423
473
-0.2757
-0.4021
0.8555
1.1900
-4.1300
-2.8000
236
296
500
423
471
-0.2757
-0.3948
0.8638
2.6600
-3.5700
-1.5400
236
296
500
423
473
-0.2835
-0.3865
0.8662
-1.7500
-2.9400
-1.8200
236
297
500
423
473
-0.2923
-0.3933
0.8608
2.3800
-1.8900
-3.4300
237
297
500
424
472
-0.2806
-0.3948
0.8608
5.2500
-3.7100
-0.9800
237
298
501
424
470
-0.2977
-0.4002
0.8608
1.0500
-4.6900
-3.5700
237
298
501
424
468
-0.2987
-0.3972
0.8394
6.2300
-4.0600
-1.8200
237
298
501
424
468
-0.2894
-0.3782
0.8799
8.1900
-2.7300
-2.9400
237
298
501
424
468
-0.2811
-0.3782
0.8721
1.5400
-2.2400
-2.7300
238
298
501
424
468
-0.2943
-0.3826
0.8706
-2.9400
-1.0500
-4.5500
238
298
501
424
467
-0.2952
-0.3924
0.8618
-20.3700
1.8900
-8.4700
239
299
501
424
462
-0.2938
-0.4494
0.8355
-33.8100
4.6900
-10.7100
248
309
499
430
448
-0.3113
-0.4860
0.7847
-36.1200
10.0100
-13.8600
274
336
499
441
436
-0.2796
-0.5514
0.7364
-31.9200
12.3200
-16.1700
321
398
509
452
425
-0.3445
-0.6222
0.7188
-51.1700
14.9800
-12.4600
337
431
517
456
423
-0.3523
-0.6969
0.6110
-40.4600
11.5500
-13.6500
346
436
519
457
427
-0.3611
-0.7510
0.5778
-48.0900
34.7900
-5.5300
355
433
520
458
431
-0.3616
-0.7998
0.4509
-55.3000
20.8600
-17.2200
360
437
520
458
433
-0.3675
-0.8150
0.3436
-49.1400
10.7800
-21.0000
362
441
520
458
434
-0.3250
-0.8306
0.4016
-29.5400
18.2000
-14.0700
364
450
522
457
440
-0.3523
-0.8603
0.3196
-39.6900
11.9000
-13.9300
370
455
522
457
446
-0.3440
-0.9057
0.1937
-22.5400
1.6800
-10.1500
373
460
523
457
447
-0.3387
-0.9072
0.1781
-21.5600
-0.9800
-11.2000
375
465
523
456
450
-0.3250
-0.9301
0.1410
-13.2300
-2.5200
-5.2500
379
468
523
456
448
-0.3089
-0.9340
0.1137
-5.1800
-2.1000
-1.0500
380
470
523
455
452
-0.3294
-0.9209
0.1171
-0.7700
-3.6400
-2.9400
380
470
523
454
449
-0.3060
-0.9233
0.1108
5.2500
-5.3200
-3.8500
380
470
523
453
451
-0.3133
-0.9311
0.1171
0.9800
-4.6200
-5.1800
380
471
523
453
452
-0.3006
-0.9150
0.1122
6.8600
-6.5100
-4.1300
380
471
523
452
453
-0.3255
-0.9423
0.1288
3.8500
-7.4200
-6.5800
380
471
523
451
454
-0.3255
-0.9335
0.1288
-6.6500
-3.9200
-4.9000
380
471
524
451
455
-0.3099
-0.9374
0.0986
0.5600
-2.5900
-3.4300
380
471
524
450
454
-0.3030
-0.9262
0.1025
1.0500
-5.5300
-5.8800
380
471
524
450
454
-0.2918
-0.9213
0.0917
7.9100
-4.8300
-0.8400
380
471
524
450
456
-0.3148
-0.9521
0.1171
12.8100
-5.3900
-3.1500
380
471
524
449
457
-0.3055
-0.9506
0.1669
11.9000
-2.5900
0.2100
381
471
524
449
457
-0.3182
-0.9233
0.1352
3.3600
-3.4300
-0.9800
381
471
524
449
457
-0.3362
-0.9335
0.1371
4.2700
-2.0300
-7.7700
381
470
524
448
457
-0.2996
-0.9550
0.1732
10.8500
-0.9800
-14.4900
381
471
524
447
454
-0.3152
-0.9170
0.1869
-2.4500
1.0500
-11.5500
381
471
524
447
453
-0.2674
-0.8994
0.1562
1.0500
-0.7000
-2.0300
382
471
524
447
452
-0.3035
-0.9389
0.1459
9.3800
-4.6200
-5.8800
382
472
524
446
450
-0.2782
-0.9331
0.1869
2.0300
1.8900
-3.5700
381
472
524
446
449
-0.2728
-0.9365
0.1659
0.1400
-1.8900
-2.6600
381
472
524
446
448
-0.2850
-0.9306
0.1518
7.7000
-2.7300
0.0700
381
471
524
445
445
-0.2811
-0.9345
0.1562
1.2600
-3.8500
0.4200
381
471
524
446
446
-0.2884
-0.9272
0.1640
3.0800
-3.8500
-0.9800
381
471
524
446
446
-0.2865
-0.9174
0.1801
3.9200
-4.6900
-1.4700
381
471
524
446
446
-0.2952
-0.9287
0.1693
-1.6100
-3.4300
-2.2400
381
471
524
446
446
-0.2913
-0.9335
0.1596
1.9600
-4.4800
-1.8200
381
471
524
447
446
-0.2977
-0.9282
0.1664
1.1900
-3.2900
-1.1200
381
471
524
447
446
-0.3030
-0.9282
0.1718
1.9600
-4.1300
-3.2200
381
471
524
447
446
-0.3011
-0.9389
0.1576
-1.8200
-0.8400
-2.8000
381
471
524
447
446
-0.3016
-0.9379
0.1606
-5.3200
-1.7500
-3.1500
381
471
524
447
445
-0.2982
-0.9209
0.1484
-0.7700
-1.8900
-1.9600
381
471
524
447
447
-0.3055
-0.9189
0.1464
-12.0400
-7.5600
2.5900
380
469
523
447
447
-0.3045
-0.9213
0.1547
11.2000
-8.1200
-0.4900
358
448
520
444
453
-0.3123
-0.8891
0.1342
35.7000
-20.7900
18.6200
320
420
508
441
457
-0.3245
-0.8794
0.1435
34.4400
-32.5500
19.8800
278
369
501
435
464
-0.3870
-0.7779
0.1610
9.9400
-72.1000
32.0600
247
330
507
424
467
-0.4114
-0.8613
0.3206
45.9900
-39.9000
14.3500
229
303
513
410
469
-0.4231
-0.7588
0.4885
33.1800
-33.5300
16.8000
224
296
511
402
469
-0.3802
-0.8452
0.4939
15.8200
-18.9000
18.2000
221
293
507
392
473
-0.3963
-0.6769
0.5017
14.2100
-18.6200
17.2900
219
288
505
389
473
-0.4280
-0.7247
0.5412
17.5700
-20.0200
4.0600
217
286
505
388
476
-0.3626
-0.7169
0.5514
28.9800
-12.6700
7.7000
220
288
505
390
481
-0.4046
-0.6388
0.5973
22.9600
-17.3600
13.3000
219
289
505
391
484
-0.4455
-0.5802
0.6373
31.8500
-24.1500
17.0100
222
291
505
394
484
-0.4031
-0.5602
0.7091
26.1100
-28.9100
18.3400
224
294
504
398
487
-0.3977
-0.5417
0.7501
17.7100
-20.6500
11.0600
225
295
505
401
491
-0.3792
-0.5144
0.7452
14.6300
-13.5800
-0.6300
226
296
505
403
489
-0.3733
-0.4880
0.7798
5.2500
-13.8600
-0.3500
226
296
504
405
490
-0.3621
-0.4680
0.7901
2.3100
-9.2400
-1.6100
227
297
505
406
490
-0.3494
-0.4709
0.7910
1.2600
-8.4000
-1.2600
227
297
504
407
490
-0.3787
-0.4734
0.7862
3.9900
-5.6000
0.0000
228
298
504
407
491
-0.3714
-0.4695
0.7779
3.6400
-8.7500
-2.7300
228
299
504
408
491
-0.3616
-0.4656
0.8076
4.0600
-6.3700
-1.6800
229
299
505
408
491
-0.3616
-0.4538
0.7910
3.9900
-4.3400
-1.1900
229
299
504
408
489
-0.3562
-0.4592
0.7940
1.4700
-3.5700
-0.2800
229
299
504
408
492
-0.3509
-0.4455
0.8086
1.2600
-5.6700
-0.1400
229
300
505
409
491
-0.3733
-0.4455
0.8037
0.7000
-4.3400
-1.6100
229
300
505
409
495
-0.3636
-0.4431
0.7954
-0.0700
-3.7100
-3.3600
230
300
505
410
495
-0.3665
-0.4407
0.7930
5.7400
-4.0600
-2.2400
230
301
505
410
495
-0.3675
-0.4465
0.8028
3.2200
-2.6600
-2.8700
231
301
505
410
495
-0.3606
-0.4353
0.7945
1.4700
-6.5100
-2.6600
231
301
505
410
493
-0.3684
-0.4402
0.8018
1.9600
-5.0400
-3.4300
231
301
505
410
495
-0.3650
-0.4416
0.8037
2.0300
-4.6900
-2.6600
231
302
505
410
493
-0.3684
-0.4358
0.8140
2.9400
-2.1000
-1.3300
231
302
505
411
496
-0.3558
-0.4538
0.7852
2.5900
-3.2900
-1.6100
231
302
505
411
497
-0.3645
-0.4329
0.7945
4.9000
-5.6700
-1.1900
232
302
505
411
497
-0.3670
-0.4426
0.8169
2.6600
-3.0100
-1.7500
232
303
505
411
497
-0.3665
-0.4353
0.8101
2.1700
-4.5500
-1.5400
232
303
505
411
494
-0.3811
-0.4329
0.8067
1.4000
-3.9200
-2.2400
232
303
505
411
496
-0.3645
-0.4304
0.8003
4.7600
-5.5300
-2.8000
232
303
505
411
493
-0.3611
-0.4319
0.8150
3.2200
-5.2500
-1.0500
232
303
505
411
495
-0.3650
-0.4299
0.8257
0.7000
-3.6400
-1.5400
232
303
505
411
495
-0.3660
-0.4158
0.7989
4.2700
-4.6900
-0.9800
232
304
505
411
495
-0.3743
-0.4187
0.8130
5.6700
-4.4800
-1.8200
233
304
504
411
495
-0.3670
-0.4036
0.8115
3.2900
-5.7400
-3.2200
232
304
504
411
492
-0.3670
-0.4168
0.8218
6.3000
-5.7400
-2.1000
233
304
504
411
495
-0.3567
-0.4031
0.8320
2.0300
-3.7100
-3.9200
233
305
504
411
493
-0.3616
-0.3987
0.8252
2.6600
-5.9500
-3.2200
233
305
504
410
495
-0.3753
-0.4109
0.8257
3.2900
-3.2200
-4.1300
233
305
504
410
495
-0.3723
-0.4172
0.8247
-0.6300
-1.8900
-5.1100
233
305
505
411
494
-0.4158
-0.4553
0.8023
-23.5200
0.0700
-9.5200
233
305
506
411
491
-0.3621
-0.4782
0.7769
-34.3000
5.4600
-12.5300
233
305
508
412
475
-0.3689
-0.5388
0.7291
-49.2800
38.5000
-30.1000
238
317
508
417
455
-0.3938
-0.6056
0.6349
-56.8400
21.0000
-25.9000
264
361
510
425
446
-0.3582
-0.6671
0.5744
-59.2900
18.0600
-17.5000
291
417
512
434
440
-0.3533
-0.7154
0.5134
-39.2000
21.9800
-15.7500
321
444
515
438
440
-0.3728
-0.7896
0.4748
-57.4000
26.5300
-11.2000
344
443
519
439
443
-0.3104
-0.9555
0.4646
-8.6800
24.7800
-5.6000
363
457
522
441
445
-0.4011
-0.8642
0.2865
-21.2100
7.4900
-7.2800
379
470
524
443
446
-0.4119
-0.8550
0.2782
-35.0000
9.3100
-2.1000
384
475
526
445
448
-0.4172
-0.8784
0.1791
-35.9800
0.1400
-15.2600
388
479
527
446
451
-0.3972
-0.8799
0.1410
0.0700
-1.9600
-12.1800
389
481
527
446
449
-0.3709
-0.8755
0.1908
8.3300
-2.5900
-9.1000
389
481
527
446
453
-0.3728
-0.8901
0.2035
9.4500
-6.1600
-4.6900
390
481
527
446
452
-0.3792
-0.8891
0.2069
5.8800
-6.3700
-4.6200
389
480
527
446
455
-0.3709
-0.9096
0.1903
6.1600
-1.1900
-3.7100
389
480
527
446
455
-0.3719
-0.9052
0.1976
3.7800
-3.7100
-5.2500
389
480
527
446
454
-0.3543
-0.8921
0.2040
-0.9100
-4.3400
-1.6800
389
480
527
445
454
-0.3948
-0.8696
0.1830
9.1700
-3.8500
-6.0900
389
480
527
445
454
-0.3626
-0.8877
0.2303
5.1100
-4.3400
-3.3600
388
480
527
445
454
-0.3704
-0.8960
0.2142
-0.3500
-4.0600
-2.1000
388
479
527
444
454
-0.3865
-0.8877
0.1962
2.3800
-2.7300
-4.3400
388
479
527
444
454
-0.3709
-0.8989
0.2181
1.6800
-4.3400
-3.3600
388
479
527
444
453
-0.3572
-0.8833
0.2035
5.3200
-3.9900
0.9100
387
479
527
444
453
-0.3826
-0.8921
0.2064
3.2200
-4.8300
-1.2600
387
479
527
444
451
-0.3875
-0.8877
0.2220
0.8400
-4.2000
-4.2700
387
479
527
444
453
-0.3680
-0.8784
0.2118
2.2400
-4.6200
-3.0800
387
479
527
444
451
-0.3670
-0.8813
0.2074
-2.9400
-4.6200
-1.2600
387
478
527
444
453
-0.3821
-0.8823
0.2113
-0.4900
-3.1500
-2.8700
386
478
527
444
451
-0.3743
-0.8882
0.2181
1.4700
-3.0100
-2.6600
386
478
527
443
453
-0.3782
-0.8828
0.2137
5.3900
-3.2900
-4.2000
387
479
527
444
453
-0.3719
-0.8984
0.2186
0.0000
-2.2400
-0.7700
387
479
527
444
453
-0.3772
-0.8828
0.2069
3.0800
-1.4000
-0.2800
388
478
527
443
453
-0.3904
-0.8818
0.2079
-3.3600
-0.6300
-3.7100
387
472
527
442
452
-0.3826
-0.8857
0.2084
2.4500
-0.9800
-2.5200
381
467
527
442
451
-0.3963
-0.8642
0.1737
6.7900
-1.0500
-1.6100
362
456
526
442
451
-0.3987
-0.8769
0.2118
11.2700
-9.9400
-2.2400
337
434
526
441
451
-0.3640
-0.8603
0.2259
29.5400
-12.6700
9.9400
307
397
526
438
452
-0.3631
-0.8545
0.2630
54.8100
-18.2000
12.7400
254
327
526
435
453
-0.2894
-0.8218
0.4514
50.9600
-28.8400
34.8600
236
305
524
433
452
-0.4724
-0.7359
0.4494
42.4900
-30.0300
23.6600
231
299
520
426
457
-0.4792
-0.6969
0.4851
30.5900
-23.5200
37.8700
229
303
517
417
458
-0.4616
-0.7276
0.5500
51.5900
-31.7100
12.1800
227
302
512
407
459
-0.4490
-0.6446
0.5788
63.3500
-30.5200
22.6800
229
299
509
405
463
-0.4914
-0.5612
0.6895
56.1400
-28.1400
20.2300
229
300
509
407
475
-0.4582
-0.4924
0.7569
23.5200
-17.7800
11.6900
230
303
508
408
487
-0.4475
-0.4807
0.7408
21.4200
-8.6800
8.0500
231
304
507
409
490
-0.4392
-0.4177
0.7657
23.8700
-10.0100
5.5300
232
305
507
410
494
-0.4607
-0.4041
0.7818
13.8600
-7.7700
-2.5900
233
306
507
410
495
-0.4377
-0.3841
0.7993
8.9600
-10.7800
0.6300
233
307
507
410
494
-0.4548
-0.3860
0.7920
10.1500
-10.2200
1.8200
234
308
507
410
497
-0.4324
-0.3689
0.8032
12.6700
-6.0200
-3.2200
234
309
505
411
495
-0.4314
-0.3626
0.8081
1.4700
-5.9500
-4.1300
234
310
504
412
493
-0.4104
-0.3592
0.8198
7.8400
-8.0500
-1.9600
235
310
501
414
497
-0.4431
-0.3514
0.8111
7.5600
-8.1900
-2.5900
235
311
499
415
494
-0.4397
-0.3406
0.8115
9.9400
-7.4900
-0.9800
235
312
498
416
495
-0.4246
-0.3216
0.8340
10.5700
-9.1700
0.7700
236
312
496
417
495
-0.4119
-0.3226
0.8350
18.2700
-13.4400
-0.7000
236
313
494
420
491
-0.4168
-0.2796
0.8560
18.6200
-4.4100
0.0700
236
314
494
422
494
-0.4128
-0.2747
0.8574
8.6100
-5.4600
-2.6600
236
314
494
422
493
-0.4143
-0.2762
0.8555
9.3800
-6.3000
-1.5400
237
314
493
423
495
-0.3767
-0.2416
0.8735
-0.0700
-4.6900
-3.5000
237
314
496
423
495
-0.3826
-0.2464
0.8901
-2.5900
-0.6300
-2.8000
237
314
496
423
492
-0.3894
-0.2494
0.8633
4.3400
-4.4800
-2.6600
237
315
495
422
494
-0.4070
-0.2601
0.8642
2.5900
-2.9400
-3.7100
237
315
496
422
491
-0.4060
-0.2572
0.8564
2.3800
-2.1000
-2.8000
238
315
496
422
493
-0.4050
-0.2542
0.8706
-2.8700
-2.0300
-3.1500
238
316
497
422
491
-0.4099
-0.2640
0.8413
2.9400
-2.6600
-3.2900
238
316
498
422
492
-0.4011
-0.2713
0.8447
7.7000
-8.5400
-4.5500
238
316
498
422
492
-0.3836
-0.2533
0.8823
2.6600
-3.6400
-3.0800
238
316
498
422
492
-0.3884
-0.2694
0.8735
-0.7700
-1.4000
-3.0800
238
316
498
421
492
-0.3987
-0.2591
0.8511
-1.0500
-2.1700
-2.3100
239
316
499
421
489
-0.4026
-0.2616
0.8638
-0.7000
-3.0100
-3.9900
239
316
499
421
491
-0.3987
-0.2796
0.8535
0.2800
-0.8400
-3.9200
239
316
500
421
488
-0.3928
-0.2723
0.8477
4.9700
-5.7400
-0.5600
239
317
501
421
490
-0.4202
-0.2743
0.8345
5.7400
-4.1300
-2.4500
239
317
501
420
490
-0.4114
-0.2591
0.8682
5.6700
-2.6600
-3.7100
239
317
501
420
490
-0.4046
-0.2699
0.8452
2.6600
-4.1300
-3.2900
238
316
501
420
490
-0.4168
-0.2664
0.8633
-2.5200
-3.0100
-4.3400
238
317
503
420
487
-0.4041
-0.2723
0.8599
-8.0500
-0.2100
-3.9900
238
317
503
421
489
-0.4104
-0.2718
0.8652
-28.9100
15.7500
-11.2700
238
316
503
421
484
-0.4353
-0.3231
0.8218
-51.2400
30.6600
-20.5800
239
319
502
422
461
-0.4719
-0.4246
0.7369
-58.0300
32.9700
-36.9600
247
340
501
427
433
-0.4441
-0.5246
0.6617
-27.3000
18.6200
-34.4400
263
373
505
436
420
-0.4607
-0.5885
0.5861
-36.5400
11.6900
-18.3400
282
399
509
442
418
-0.4382
-0.6217
0.6139
-39.5500
16.9400
-21.9800
299
408
512
446
418
-0.4455
-0.7178
0.5085
-49.0000
33.6700
-22.6100
341
430
516
449
417
-0.4216
-0.7505
0.4402
-52.4300
11.0600
-21.2100
361
447
520
451
420
-0.4294
-0.7881
0.3675
-34.5800
3.8500
-19.9500
375
459
522
452
422
-0.3845
-0.8184
-0.2948
-47.4600
10.4300
-15.6800
383
467
523
453
424
-0.3870
-0.8003
0.2791
-46.9000
14.3500
-27.0200
384
471
524
454
426
-0.3523
-0.8677
0.1523
-40.6000
6.9300
-24.7800
383
473
525
454
426
-0.3245
-0.8882
0.1586
-28.0000
6.6500
-10.5700
383
477
526
455
427
-0.3309
-0.8847
0.1840
-3.0800
-1.4700
-8.8200
385
481
527
455
427
-0.3362
-0.8877
0.1210
1.1900
-2.8000
-4.9000
390
484
528
455
428
-0.3284
-0.9350
0.1049
-1.6800
-2.5200
2.2400
391
486
528
455
428
-0.3431
-0.9306
0.1157
1.6800
-4.0600
-0.2800
392
487
528
454
426
-0.3450
-0.9316
0.1176
-0.9800
-4.0600
-3.5000
392
487
528
454
428
-0.3304
-0.9223
0.1244
1.9600
-3.5700
-1.0500
392
488
528
453
428
-0.3475
-0.9233
0.1244
0.9800
-3.1500
-3.2200
393
490
528
453
428
-0.3333
-0.9033
0.1220
-0.2800
-2.7300
-1.5400
393
490
528
453
428
-0.3484
-0.9048
0.1210
-1.7500
-3.9900
-3.3600
395
491
528
452
426
-0.3426
-0.9057
0.1039
-0.9100
-3.2900
-5.5300
397
492
528
452
428
-0.3279
-0.9262
0.0961
1.7500
-2.7300
-2.6600
397
492
528
452
428
-0.3338
-0.9155
0.1171
0.2100
-4.2700
-2.4500
397
492
528
452
428
-0.3440
-0.9223
0.1049
6.0900
-3.5000
-1.8900
397
492
528
452
428
-0.3470
-0.9165
0.1044
4.1300
-2.5900
-2.9400
397
492
528
452
425
-0.3338
-0.9199
0.1025
5.6700
-3.2200
-3.2900
397
492
528
451
427
-0.3343
-0.9243
0.1069
0.0000
-2.5200
-3.7800
397
492
528
451
428
-0.3387
-0.9233
0.1030
-1.7500
-2.5900
-5.3900
398
492
528
451
427
-0.3226
-0.9199
0.1049
1.6800
-3.9900
-4.6900
398
492
528
451
427
-0.3294
-0.9277
0.1010
0.4900
-2.8000
-5.3900
399
492
528
451
427
-0.3245
-0.9287
0.1098
-0.9800
-2.9400
-2.3800
400
492
528
451
427
-0.3289
-0.9194
0.1005
-0.2100
-3.1500
-4.4100
400
492
528
451
427
-0.3221
-0.9218
0.1059
0.5600
-3.2200
-3.6400
400
492
528
450
425
-0.3279
-0.9218
0.0893
5.6700
-5.8800
-2.6600
401
492
528
450
428
-0.3206
-0.9272
0.0971
11.0600
-8.6100
3.2900
400
491
528
450
429
-0.3353
-0.9282
0.1113
19.3200
-12.3900
7.2800
389
482
528
448
429
-0.3645
-0.9082
0.1615
9.8700
-5.7400
1.4000
368
463
528
444
430
-0.3406
-0.8979
0.1459
27.0200
-10.0800
4.8300
341
427
527
441
431
-0.3465
-0.8706
0.2172
30.3800
-9.9400
13.1600
317
388
527
440
430
-0.3079
-0.8940
0.2660
38.3600
-14.0000
17.9900
290
362
526
436
433
-0.3919
-0.8369
0.3709
19.4600
-26.3200
4.8300
263
333
524
428
435
-0.4080
-0.8340
0.3811
27.2300
-14.4200
12.7400
248
318
522
419
437
-0.3728
-0.7745
0.4265
10.8500
-14.9100
1.9600
237
305
516
406
442
-0.4099
-0.7647
0.4455
10.3600
-6.3700
4.6900
231
300
508
394
450
-0.4124
-0.7115
0.4236
35.3500
-8.8200
18.6900
231
302
503
408
448
-0.4651
-0.6754
0.4675
33.2500
-20.6500
12.5300
231
305
497
412
456
-0.4758
-0.6886
0.5373
45.8500
-19.2500
22.1900
231
303
491
413
461
-0.4372
-0.6124
0.6407
37.3100
-30.2400
17.2900
231
302
483
413
467
-0.4778
-0.5802
0.6525
37.3100
-31.8500
13.3700
231
302
477
413
471
-0.4524
-0.5353
0.7017
24.7100
-23.7300
11.4100
232
304
475
414
471
-0.4651
-0.5046
0.7330
6.7900
-24.7100
3.1500
233
304
468
414
469
-0.4221
-0.4480
0.7788
18.8300
-11.0600
3.9200
233
304
468
417
469
-0.4060
-0.4275
0.7974
13.1600
-13.5100
5.3900
233
304
470
419
470
-0.3992
-0.3914
0.8184
21.3500
-11.6900
2.6600
233
304
470
420
473
-0.4041
-0.3440
0.8389
7.3500
-5.8800
-0.2100
234
305
471
420
474
-0.3992
-0.3460
0.8262
12.1100
-9.0300
2.7300
234
306
471
420
474
-0.3689
-0.3070
0.8589
20.8600
-10.1500
6.7900
235
306
471
420
474
-0.3943
-0.2874
0.8623
11.7600
-12.8800
5.5300
235
307
471
419
474
-0.3928
-0.2699
0.8808
9.9400
-7.3500
-0.3500
235
307
472
419
477
-0.3782
-0.2464
0.8730
16.6600
-6.5800
1.4700
236
308
472
420
476
-0.3714
-0.2303
0.8828
15.1900
-5.6000
-1.8900
236
308
472
420
478
-0.3777
-0.2064
0.8935
6.0200
-2.6600
-4.2000
236
309
473
421
478
-0.3675
-0.2152
0.8828
7.0700
-4.2000
-2.1000
237
309
473
421
478
-0.3694
-0.2142
0.8960
5.3200
-3.2900
-3.7800
237
310
473
421
478
-0.3670
-0.2059
0.8906
6.5800
-3.8500
-1.4000
237
310
474
421
479
-0.3738
-0.2045
0.8926
4.8300
-3.7800
-1.9600
237
310
474
421
480
-0.3675
-0.1908
0.9004
3.5700
-1.9600
-4.9700
238
311
474
421
480
-0.3631
-0.1908
0.8960
0.8400
-3.7800
-3.7800
238
311
474
420
479
-0.3792
-0.2011
0.8872
-1.0500
-4.5500
-2.4500
238
311
474
420
482
-0.3709
-0.1962
0.8926
0.9100
-5.4600
-2.2400
238
311
474
420
482
-0.3806
-0.1947
0.8911
4.2700
-0.9100
-4.0600
238
312
474
419
476
-0.3723
-0.1976
0.8935
2.9400
-5.3200
-2.3800
239
312
475
419
478
-0.3680
-0.1976
0.8882
-0.1400
-3.4300
-2.3800
239
312
475
419
477
-0.3772
-0.1942
0.8930
0.3500
-4.2700
-3.5700
239
312
475
419
480
-0.3723
-0.1898
0.9067
0.5600
-1.8900
-2.6600
239
313
475
419
478
-0.3670
-0.1957
0.8926
0.9100
-3.0100
-3.5000
239
313
475
419
481
-0.3802
-0.2035
0.8867
3.7800
-2.5200
-2.8700
239
313
476
419
482
-0.3699
-0.1889
0.8960
2.8700
-3.5700
-2.3100
239
313
476
419
482
-0.3699
-0.1884
0.8867
-1.6800
-2.7300
-2.5900
240
314
477
419
483
-0.3748
-0.1864
0.8969
5.0400
-4.0600
-3.1500
240
314
477
419
485
-0.3836
-0.1820
0.8989
3.0800
-4.9700
-2.6600
240
314
477
419
485
-0.3850
-0.1830
0.9023
3.9200
-2.5200
-2.8000
240
315
477
419
483
-0.3743
-0.1801
0.8882
2.0300
-3.2900
-2.3100
240
315
477
418
486
-0.3743
-0.1679
0.9004
3.1500
-4.4100
-3.2200
240
315
477
418
483
-0.3787
-0.1771
0.9135
-1.8200
-4.0600
-3.0800
240
315
477
419
486
-0.3577
-0.1752
0.9057
-0.7000
-3.3600
-4.0600
240
315
477
419
484
-0.3704
-0.1976
0.8833
-1.4000
-3.0800
-3.6400
241
315
477
421
488
-0.3689
-0.1903
0.8764
6.7900
-3.2200
-2.9400
241
315
478
422
488
-0.3684
-0.1893
0.8969
3.2900
-2.8000
-3.0800
241
315
478
422
488
-0.3636
-0.1898
0.8930
-1.2600
-2.8700
-5.9500
241
316
478
422
485
-0.3782
-0.1996
0.8960
-0.6300
10.0100
-10.7800
241
316
478
423
479
-0.3967
-0.2108
0.8691
-17.7800
6.1600
-6.1600
243
319
477
423
475
-0.4050
-0.2289
0.9048
-56.4200
16.1700
-13.4400
248
329
479
423
467
-0.3924
-0.3177
0.8516
-63.3500
17.0800
-20.0900
256
340
482
425
450
-0.4231
-0.4270
0.7447
-44.4500
20.5800
-16.8000
263
367
485
427
441
-0.4646
-0.5007
0.6778
-23.7300
9.8000
-20.4400
271
383
491
432
431
-0.4382
-0.5690
0.6515
-35.7000
5.0400
-19.8800
286
399
498
437
430
-0.4743
-0.6900
0.6598
-87.1500
14.7700
-34.2300
323
423
510
447
434
-0.4665
-0.7979
0.4724
-90.0900
18.6900
-23.6600
344
442
514
450
434
-0.4451
-0.8179
0.3743
-63.0700
33.3200
-20.4400
351
449
518
449
442
-0.3870
-0.8325
0.2645
-18.0600
22.3300
-6.9300
370
463
523
450
443
-0.4065
-0.8496
0.2435
-31.0800
12.5300
-4.0600
373
469
525
450
445
-0.4387
-0.8603
0.1684
-33.6700
6.6500
-11.9700
379
475
525
450
447
-0.4080
-0.8823
0.1303
-20.3000
-1.6100
-10.3600
385
480
526
451
451
-0.4207
-0.8862
0.0766
-25.4800
-3.5700
-10.5700
389
482
526
451
453
-0.4070
-0.8847
0.0415
-5.8100
-0.2800
-5.6000
390
483
526
452
453
-0.3767
-0.8994
0.0278
-6.2300
0.7700
-7.5600
392
484
526
452
455
-0.4094
-0.9150
0.0015
1.2600
0.7700
-6.2300
394
487
527
451
454
-0.3728
-0.8974
0.0210
-0.7000
-1.4000
-3.0800
396
488
527
451
454
-0.3933
-0.9121
0.0215
-0.7000
-3.0800
-4.6900
396
488
527
451
453
-0.3797
-0.9067
0.0234
-3.6400
-2.3800
-6.2300
399
490
527
451
453
-0.3802
-0.8955
0.0054
-0.9100
-3.1500
-6.0200
403
491
527
451
453
-0.3806
-0.9062
0.0195
-3.5000
-3.3600
-7.1400
404
493
528
451
452
-0.3665
-0.9116
-0.0161
-0.7700
-1.5400
-3.7800
405
494
528
451
452
-0.3728
-0.9052
-0.0234
2.8700
-1.4700
-3.5000
405
494
528
452
451
-0.3680
-0.9189
-0.0239
0.2100
-1.9600
-2.1000
406
495
528
452
451
-0.3694
-0.9174
-0.0234
4.4100
-4.2000
-2.4500
407
495
528
452
451
-0.3758
-0.9292
-0.0346
1.1900
-5.4600
-3.2200
410
496
529
452
451
-0.3782
-0.9316
-0.0171
2.4500
-4.1300
-4.7600
410
497
529
452
450
-0.3665
-0.9150
-0.0220
1.5400
-4.0600
-4.3400
410
497
529
452
450
-0.3719
-0.9150
-0.0137
0.5600
-3.8500
-2.0300
411
498
529
452
447
-0.3714
-0.9101
-0.0122
2.5200
-4.6900
-3.2900
410
498
529
451
449
-0.3660
-0.9233
-0.0142
0.9100
-3.0100
-3.1500
411
498
529
451
447
-0.3709
-0.9160
-0.0151
1.4000
-3.2200
-3.5700
411
498
529
451
449
-0.3616
-0.9048
-0.0156
0.0700
-2.8000
-2.7300
411
498
529
451
447
-0.3621
-0.9052
-0.0181
1.4000
-3.0800
-5.6700
411
498
529
450
449
-0.3553
-0.9145
-0.0215
3.2200
-3.5700
-4.2000
410
498
529
450
449
-0.3567
-0.9282
-0.0166
1.4000
-2.8000
-3.9200
410
498
529
450
449
-0.3494
-0.9160
0.0073
-0.4200
0.8400
-3.0800
411
497
529
449
449
-0.3655
-0.9072
0.0029
18.9000
-12.3900
-2.6600
411
492
529
446
448
-0.3021
-0.9008
0.0073
67.2700
-16.5200
5.1100
402
465
527
440
446
-0.3670
-0.9023
0.1810
36.3300
-7.9100
22.1200
359
417
527
432
448
-0.3982
-0.8555
0.2674
40.4600
-12.3200
22.4700
297
357
526
427
448
-0.5378
-1.0238
0.3318
49.0700
-23.5900
29.7500
289
308
523
422
449
-0.5036
-0.6378
0.3528
42.4900
-22.7500
21.1400
277
293
520
415
450
-0.5017
-0.7779
0.4387
11.9700
-12.4600
5.6000
267
287
513
408
454
-0.4914
-0.7271
0.4441
19.6000
-4.4100
10.9900
266
286
508
403
468
-0.4797
-0.6939
0.4699
28.5600
-11.6200
12.8100
266
288
506
402
472
-0.5144
-0.7027
0.5158
32.2000
-27.0900
8.5400
263
286
505
404
481
-0.5266
-0.6476
0.5661
34.5800
-21.1400
11.4800
264
289
505
409
490
-0.4900
-0.8525
0.6242
43.1900
-31.7100
14.9100
265
293
500
413
495
-0.5036
-0.5588
0.6837
23.0300
-27.0900
11.8300
265
295
497
415
500
-0.4914
-0.4963
0.6949
37.8700
-27.9300
10.0800
265
298
485
416
505
-0.4787
-0.4524
0.7481
31.3600
-23.5900
1.6800
265
300
479
417
507
-0.4280
-0.4031
0.7950
26.6000
-18.5500
0.4200
266
301
476
420
506
-0.4475
-0.3777
0.8140
20.0200
-10.9900
-0.4200
266
302
467
424
501
-0.3894
-0.3601
0.8247
20.6500
-17.7800
-1.2600
266
303
453
427
500
-0.4260
-0.3318
0.8379
15.7500
-3.6400
-1.8200
267
304
464
430
496
-0.4124
-0.3192
0.8364
18.4800
-5.4600
-0.4200
267
305
464
430
493
-0.4133
-0.2845
0.8647
2.7300
-3.9200
-3.7100
268
305
467
431
495
-0.3967
-0.2874
0.8574
3.6400
-5.4600
-4.1300
268
306
468
431
492
-0.3958
-0.2777
0.8467
9.5200
-6.7900
-2.6600
268
306
468
431
494
-0.3884
-0.2791
0.8774
-1.6100
-1.7500
-5.9500
268
307
470
431
495
-0.3894
-0.2996
0.8345
0.0000
-3.9900
-1.9600
268
307
474
432
495
-0.4128
-0.2948
0.8418
3.7800
-2.8700
-2.8700
268
307
474
433
494
-0.3870
-0.2889
0.8540
1.6100
-4.8300
-3.4300
268
307
475
435
492
-0.3802
-0.2869
0.8652
2.8000
-4.8300
-2.2400
268
308
475
435
493
-0.3914
-0.2835
0.8696
-1.2600
-4.5500
-3.0800
269
308
476
435
491
-0.3870
-0.2830
0.8608
0.4200
-4.5500
-2.7300
269
308
476
436
491
-0.3860
-0.2811
0.8584
4.5500
-3.0100
-3.7800
269
308
476
436
491
-0.3889
-0.2865
0.8555
3.1500
-3.6400
-2.5900
269
309
476
435
491
-0.3943
-0.2904
0.8560
2.0300
-3.1500
-4.2000
270
309
476
436
490
-0.3875
-0.2791
0.8647
-0.9800
-3.4300
-4.6200
270
309
477
435
487
-0.3870
-0.2811
0.8682
-1.9600
-4.1300
-4.6900
270
310
477
435
489
-0.3928
-0.2904
0.8525
-4.8300
-2.2400
-4.1300
270
310
478
435
487
-0.3894
-0.2933
0.8520
3.5700
-3.2900
-2.6600
270
310
479
435
488
-0.3972
-0.2904
0.8550
7.4900
-3.2200
-2.9400
270
310
479
435
488
-0.3919
-0.3045
0.8403
8.1900
-4.9000
-0.8400
270
310
479
435
487
-0.3958
-0.2894
0.8725
6.0900
-1.8200
-2.8700
270
311
479
435
488
-0.3826
-0.2845
0.8535
3.0800
-3.8500
-1.4700
270
311
479
435
485
-0.3938
-0.2777
0.8594
2.8700
-3.5700
-2.2400
270
311
479
435
487
-0.3933
-0.2723
0.8618
-3.0800
-3.5700
-3.7800
270
311
479
435
485
-0.4016
-0.2884
0.8486
-5.6700
-1.7500
-3.9200
270
311
480
436
486
-0.4021
-0.2977
0.8511
-10.1500
-1.5400
-4.2700
270
311
481
436
485
-0.4026
-0.3294
0.8477
-8.4700
3.7100
-8.3300
271
311
481
436
482
-0.4085
-0.3387
0.8457
-43.6800
18.9700
-12.8100
273
313
484
438
471
-0.4348
-0.3997
0.7847
-53.2000
25.9700
-20.5100
293
335
488
445
454
-0.4416
-0.4782
0.6954
-70.7000
22.4700
-24.2200
329
386
498
451
438
-0.4582
-0.6071
0.6227
-73.7800
12.9500
-49.2800
362
404
511
457
433
-0.4451
-0.6920
0.5851
-83.3700
25.6900
-25.4100
381
427
514
458
433
-0.4529
-0.7305
0.5187
-105.5600
33.5300
-18.9000
397
441
515
458
429
-0.4436
-0.8101
0.2967
-49.0000
20.5100
-24.5700
406
451
517
458
431
-0.4119
-0.8316
0.2435
-47.2500
20.5100
-16.3100
405
454
519
456
434
-0.4065
-0.8662
0.1786
-52.0100
18.1300
-25.7600
401
454
519
456
440
-0.3714
-0.9306
0.0693
-52.2900
10.7800
-20.0200
399
455
520
456
441
-0.3289
-0.9130
-0.0283
-23.3800
0.6300
-13.7900
391
462
521
456
443
-0.3470
-0.9189
-0.0425
-19.4600
2.6600
-15.2600
389
468
522
456
443
-0.3221
-0.9135
-0.0693
-16.5900
1.0500
-12.9500
388
472
523
456
442
-0.2889
-0.9365
-0.1303
-12.1800
-7.4200
-16.1000
390
474
523
456
445
-0.2855
-0.9209
-0.1152
-5.9500
-7.9100
-13.0900
391
476
524
456
446
-0.2713
-0.9008
-0.1254
-8.0500
0.0700
-8.4700
392
476
524
456
446
-0.2918
-0.9345
-0.1591
-9.5900
2.6600
-13.1600
392
477
525
455
446
-0.2440
-0.9213
-0.1664
2.8700
1.9600
-8.2600
393
478
525
455
446
-0.2342
-0.9379
-0.1630
0.7700
1.1200
-4.6900
393
478
525
455
447
-0.2611
-0.9316
-0.1698
2.8000
2.1700
-6.6500
393
478
525
455
447
-0.2420
-0.9462
-0.1635
6.7900
-3.2200
-3.4300
394
478
525
454
445
-0.2523
-0.9345
-0.1703
4.1300
-3.0100
-3.0800
394
479
525
454
447
-0.2542
-0.9467
-0.1576
8.6100
-0.8400
-0.8400
396
480
525
454
444
-0.2562
-0.9526
-0.1610
11.9000
-3.7800
0.2100
397
481
525
454
446
-0.2635
-0.9457
-0.1484
10.9900
-6.2300
5.6000
397
481
525
453
444
-0.2743
-0.9887
-0.1240
20.3000
-12.3200
9.1700
393
478
521
449
446
-0.2552
-0.9091
-0.0971
61.2500
-7.9800
22.4000
372
466
510
438
448
-0.3309
-0.9331
0.0093
56.0000
-14.7700
12.6000
315
424
504
429
447
-0.3528
-0.9521
0.0434
89.1800
-23.3100
19.6000
279
383
508
420
445
-0.4119
-0.8774
0.2386
65.8700
-13.0900
22.9600
268
363
507
408
440
-0.3894
-0.8599
0.3548
58.5900
-16.5900
28.0700
256
339
504
397
445
-0.4402
-0.7857
0.4246
52.0100
-25.3400
27.1600
247
327
505
394
444
-0.4314
-0.7588
0.4973
38.9900
-27.0200
16.8700
236
312
507
394
447
-0.4519
-0.6773
0.5558
55.5800
-30.3100
19.5300
230
305
508
396
453
-0.4792
-0.5807
0.6710
51.2400
-42.9100
0.3500
227
295
508
404
461
-0.3772
-0.5622
0.7281
59.9900
-28.0700
15.7500
228
297
507
412
468
-0.3797
-0.4329
0.8189
34.6500
-15.8200
-0.0700
229
299
507
418
470
-0.3894
-0.4241
0.7852
46.9700
-10.2200
6.5100
230
302
497
421
470
-0.3967
-0.3621
0.8394
28.4900
-6.5800
3.7100
231
303
486
423
476
-0.3753
-0.3167
0.8764
6.4400
-5.9500
-0.7700
232
304
482
424
475
-0.3845
-0.3157
0.8662
3.9200
-6.7200
-1.9600
232
304
480
424
477
-0.3694
-0.2821
0.8652
12.9500
-13.6500
-1.1900
232
305
471
423
478
-0.3362
-0.2943
0.9823
16.6600
-5.0400
-3.0800
232
305
464
423
478
-0.3514
-0.2840
0.8750
2.3800
-6.4400
-1.1900
233
306
456
423
477
-0.3396
-0.2767
0.8886
5.8800
-6.5100
-1.9600
233
307
457
423
477
-0.3523
-0.2460
0.8984
7.9800
-10.4300
-3.3600
234
308
456
424
478
-0.3601
-0.2396
0.8935
2.3100
-10.2900
-5.1100
234
308
457
424
475
-0.3616
-0.2694
0.8877
5.4600
-17.3600
-8.1200
235
308
458
424
476
-0.3138
-0.2635
0.9145
1.1900
-10.4300
-5.3900
235
308
458
424
476
-0.2962
-0.2479
0.9267
1.4000
-12.8800
-0.7700
235
309
458
423
477
-0.3060
-0.2294
0.9199
-4.4100
-10.6400
-4.2700
236
309
459
423
477
-0.2616
-0.2547
0.9199
9.1000
-6.0900
0.4200
236
309
457
422
474
-0.3045
-0.2167
0.9008
4.5500
-3.2900
-1.4000
236
310
458
422
478
-0.2840
-0.2079
0.9243
8.8200
-7.4900
-0.1400
236
310
458
422
477
-0.3001
-0.2113
0.9262
2.4500
-3.2200
-0.9100
236
310
459
422
480
-0.3060
-0.2142
0.9238
1.6800
-4.8300
-1.8900
237
310
459
422
478
-0.3055
-0.2152
0.9106
3.4300
-2.6600
-4.0600
237
310
459
423
481
-0.2962
-0.2113
0.9145
6.3000
-2.8000
-3.1500
237
310
459
422
479
-0.2991
-0.2118
0.9218
2.3100
-0.7700
-3.2900
237
311
460
423
483
-0.3021
-0.2035
0.9170
5.8100
-4.5500
-0.6300
238
311
460
423
484
-0.3011
-0.2050
0.9331
4.5500
0.7700
-1.1900
238
311
460
423
485
-0.3074
-0.2025
0.9160
1.6100
-0.6300
-2.3100
238
311
460
423
489
-0.3177
-0.1903
0.9087
3.5000
-3.2200
-1.8900
238
311
461
424
492
-0.3182
-0.1928
0.9213
2.6600
-2.8700
-2.5200
238
311
461
424
496
-0.3201
-0.1996
0.9135
4.2700
-2.1000
-2.0300
238
311
461
424
503
-0.3284
-0.1850
0.9257
0.0700
-1.1200
-3.8500
238
312
462
425
524
-0.3401
-0.1820
0.8911
6.6500
-3.1500
-3.2200
238
312
462
425
548
-0.3421
-0.2025
0.9145
1.8200
-2.8700
-3.6400
239
313
464
425
552
-0.3328
-0.2035
0.9082
-0.8400
-3.5700
-2.4500
239
313
464
425
558
-0.3284
-0.1981
0.9121
3.7100
-1.6800
-3.2900
239
313
464
425
564
-0.3362
-0.2011
0.9023
2.5900
-2.0300
-2.8000
239
313
464
425
567
-0.3294
-0.2084
0.8989
4.4800
-2.5900
-2.9400
239
313
464
425
566
-0.3353
-0.1932
0.9111
-2.7300
-2.4500
-6.0900
239
313
464
425
555
-0.3489
-0.1957
0.9282
-14.6300
8.0500
-10.9900
238
314
466
426
530
-0.3684
-0.2718
0.9082
-25.9700
15.1900
-17.9200
239
315
475
430
508
-0.3675
-0.3294
0.8398
-35.9800
30.5200
-22.2600
251
332
482
436
483
-0.4124
-0.4021
0.7530
-61.8800
17.9900
-26.3200
282
374
493
444
458
-0.4333
-0.4982
0.7388
-72.9400
9.1000
-18.2700
322
415
504
450
444
-0.4753
-0.6178
0.6695
-80.5700
3.9200
-31.7800
363
439
512
453
431
-0.4192
-0.7218
0.5041
-73.5700
19.1800
-23.9400
383
452
516
454
427
-0.3762
-0.7218
0.4641
-49.6300
18.8300
-20.3700
395
461
518
455
432
-0.4148
-0.8276
0.4665
-48.3700
14.6300
-10.7800
403
467
521
455
443
-0.4982
-0.8930
0.2816
-29.8900
13.7200
-21.7700
409
472
522
455
445
-0.4011
-0.8808
0.2181
-26.5300
8.0500
-10.1500
414
480
524
455
442
-0.3953
-0.8623
0.2064
-6.0200
0.6300
-3.7800
419
486
526
455
434
-0.3977
-0.8867
0.1869
-12.5300
-3.4300
-8.4000
421
489
527
456
427
-0.3972
-0.8867
0.1806
-6.7200
-1.2600
-6.3700
422
490
528
456
421
-0.3841
-0.8979
0.1601
-12.0400
-0.2800
-4.1300
423
491
528
456
416
-0.3816
-0.9096
0.1703
-16.8000
-1.6100
-4.0600
423
491
529
456
416
-0.3884
-0.9140
0.1059
13.7200
-2.8000
-5.5300
423
491
529
455
416
-0.3928
-0.9091
0.1318
9.8700
-3.9200
-3.0100
423
491
529
455
416
-0.3865
-0.9101
0.1581
3.2900
-2.8000
-4.0600
423
492
529
455
416
-0.3826
-0.8916
0.1357
0.1400
-2.8700
-4.1300
423
492
530
455
416
-0.3792
-0.8843
0.1430
1.8900
-3.7800
-3.7800
423
492
530
454
416
-0.3802
-0.8838
0.1342
1.5400
-4.8300
-4.0600
423
492
530
454
417
-0.3728
-0.8921
0.1318
6.1600
-2.5200
-1.6100
424
491
530
454
415
-0.3899
-0.8930
0.1415
6.3000
-2.5900
-3.2900
423
491
530
454
417
-0.3772
-0.8916
0.1493
5.4600
-2.1000
0.2100
423
491
530
453
417
-0.3972
-0.8945
0.1503
2.4500
-3.4300
-4.2000
423
491
530
453
417
-0.3719
-0.8940
0.1586
2.1700
-3.5700
-3.0100
423
491
530
453
418
-0.3831
-0.9008
0.1620
2.7300
-3.7100
-1.8200
423
491
530
453
418
-0.3816
-0.9038
0.1625
0.5600
-3.7100
-3.1500
423
491
530
453
417
-0.3924
-0.8940
0.1591
0.1400
-3.3600
-4.0600
423
491
530
453
419
-0.3826
-0.8882
0.1440
3.1500
-3.7800
-2.1000
423
491
530
453
420
-0.3958
-0.9111
0.1498
-3.7800
-4.0600
-4.9000
423
490
530
452
420
-0.3841
-0.8877
0.1566
-11.2700
-1.1200
-6.3700
423
490
530
452
422
-0.3655
-0.9091
0.1235
-11.0600
-3.7100
-4.3400
423
490
530
451
423
-0.3777
-0.9033
0.1225
1.5400
-1.4700
-0.5600
423
490
530
451
423
-0.3870
-0.9111
0.1069
3.5700
0.5600
3.0100
421
485
530
450
426
-0.3875
-0.9414
0.1088
133.8400
1.4000
1.6100
382
457
523
444
450
-0.3753
-0.9326
0.2294
52.7100
-3.3600
29.8200
333
426
512
431
454
-0.4241
-0.8281
0.3016
39.6900
-22.9600
17.9200
284
374
507
418
471
-0.4490
-0.8047
0.3548
27.4400
-38.2200
10.2900
245
318
503
410
497
-0.3826
-0.7857
0.4416
33.2500
-11.7600
42.4200
229
297
499
401
507
-0.4451
-0.6915
0.5656
17.1500
-18.8300
34.6500
229
300
499
400
518
-0.5124
-0.5407
0.6529
43.8900
-21.2100
19.8800
234
308
501
403
529
-0.5007
-0.5402
0.6481
49.4900
-15.5400
16.2400
236
311
500
407
541
-0.5309
-0.5017
0.6754
68.3900
-28.2100
18.8300
237
313
499
412
544
-0.5051
-0.3743
0.7691
59.3600
-15.6100
20.0900
237
314
498
413
564
-0.4914
-0.2860
0.8150
51.3100
-15.4000
22.1200
236
312
497
415
586
-0.4763
-0.2001
0.8384
27.5100
-17.2200
10.5000
236
311
494
413
604
-0.4782
-0.1581
0.8603
9.1700
-11.8300
-1.3300
236
313
492
413
601
-0.4592
-0.1444
0.8520
8.8900
-11.9700
0.2800
236
314
489
413
588
-0.4568
-0.1132
0.8725
7.4200
-12.6000
3.5700
237
315
487
413
588
-0.4382
-0.1166
0.8623
14.0000
-14.6300
10.6400
238
316
485
413
601
-0.4558
-0.0805
0.8950
15.2600
-22.1200
5.4600
238
317
484
412
607
-0.4231
-0.0659
0.8901
21.3500
-9.3800
1.8900
239
318
483
411
614
-0.4026
-0.0264
0.8965
42.0700
-5.3900
10.5000
239
319
481
409
637
-0.4065
0.0586
0.9174
31.2200
-15.4700
5.8100
239
319
480
408
645
-0.4065
0.1103
0.9174
20.9300
-7.2100
-5.3900
240
320
479
409
646
-0.3894
0.1215
0.8911
16.5900
-6.0200
-4.2000
240
320
480
410
643
-0.3777
0.1298
0.8979
2.6600
-4.5500
-3.8500
240
321
482
409
639
-0.3875
0.1362
0.9106
3.7100
-1.4700
-4.2000
240
321
483
410
635
-0.4973
0.1186
0.8989
4.6200
-4.4800
-3.9900
240
321
484
410
634
-0.3958
0.1132
0.8989
-8.1200
-3.5700
-3.3600
241
322
486
410
633
-0.3865
0.1093
0.9116
-2.3800
-3.4300
-2.9400
241
322
487
411
630
-0.3850
0.0956
0.9077
-8.8200
0.3500
-2.5900
241
322
488
411
625
-0.3884
0.0800
0.9087
-10.6400
-3.3600
-2.9400
241
321
489
412
623
-0.3958
0.0542
0.8930
-0.2800
-3.3600
-2.8700
241
319
488
413
619
-0.4016
0.0815
0.9077
5.1100
-4.4100
-1.5400
240
316
487
413
615
-0.3987
0.0766
0.9087
1.4000
-2.3100
-4.9700
240
316
486
412
615
-0.3972
0.0781
0.9091
0.3500
0.0700
-1.9600
240
316
487
412
614
-0.4226
0.0630
0.8926
1.8900
1.8200
-4.4800
240
317
487
412
615
-0.4104
0.0620
0.8823
1.7500
-5.1100
-1.8200
240
317
487
412
614
-0.4085
0.0771
0.9062
0.6300
-3.6400
-3.2200
240
318
488
413
613
-0.4109
0.0693
0.8989
3.2200
-4.9000
-2.2400
241
318
488
413
610
-0.4094
0.0673
0.8916
8.2600
-4.5500
-3.0800
241
318
487
413
609
-0.4050
0.0810
0.9048
2.8000
-3.7800
-2.3800
241
319
487
413
609
-0.4158
0.0800
0.8960
-2.3800
-3.0100
-3.9200
241
319
487
413
608
-0.4099
0.0742
0.8872
-5.0400
-4.1300
-6.5800
241
319
487
414
605
-0.4099
0.0483
0.8847
-33.6700
-3.8500
-1.9600
241
319
487
415
591
-0.4372
-0.0459
0.9052
-53.6900
2.6600
-12.0400
241
319
488
416
568
-0.4265
-0.1366
0.8696
-71.1900
11.9000
-20.6500
249
329
487
420
533
-0.4763
-0.2381
0.7925
-95.6900
19.8800
-34.2300
272
363
487
423
489
-0.4553
-0.3675
0.7666
-83.7200
12.5300
-42.6300
301
396
493
426
459
-0.4392
-0.5144
0.6725
-44.1700
0.8400
-47.0400
310
410
499
433
448
-0.3792
-0.6217
0.6281
-42.4900
0.7000
-31.5000
334
425
504
438
440
-0.4368
-0.6822
0.5754
-43.1200
-10.3600
-36.8200
356
435
508
442
437
-0.3606
-0.7588
0.5402
-61.5300
-12.0400
-28.2800
377
450
514
445
435
-0.2479
-0.6388
0.4041
-62.1600
-4.3400
-27.1600
386
456
515
444
434
-0.2772
-0.8633
0.3270
-66.1500
-15.6800
-22.5400
389
457
513
444
441
-0.2440
-0.9218
0.2816
-57.1900
-6.9300
-6.7200
391
458
514
446
446
-0.2230
-0.9370
0.1918
-45.7100
0.3500
-10.8500
399
464
516
448
449
-0.2323
-0.9321
0.1767
-5.8800
1.1200
-2.5200
407
472
519
449
449
-0.2220
-0.9618
0.1654
0.9100
-1.0500
-7.7000
412
474
519
449
448
-0.2338
-0.9506
0.1205
1.5400
-3.9900
-11.9700
415
476
520
449
448
-0.2377
-0.9653
0.1078
-3.7100
-2.1000
-14.9800
416
476
520
449
447
-0.2054
-0.9672
0.0922
-8.1200
-1.5400
-9.6600
417
477
520
449
447
-0.1830
-0.9814
0.0688
-2.8700
-8.1900
-10.3600
417
477
520
448
446
-0.1635
-0.9819
0.0693
-2.6600
0.8400
1.0500
418
477
520
448
446
-0.1752
-1.0053
0.0015
-11.4800
-5.7400
-14.7000
418
477
520
447
443
-0.1459
-0.9584
0.0659
-0.7000
9.8700
-1.6800
418
477
521
447
442
-0.1264
-0.9843
0.0805
-0.9100
3.3600
7.2100
419
478
522
446
441
-0.1893
-1.0087
0.0185
-6.1600
11.7600
-0.9800
419
479
522
445
437
-0.1962
-0.9765
-0.0600
0.4200
10.0800
-8.2600
419
480
522
444
438
-0.1469
-0.9623
0.0132
4.2000
-0.4900
-2.1700
419
479
522
444
437
-0.1566
-0.9828
0.0322
12.0400
-1.8900
-5.4600
419
479
522
443
437
-0.1454
-0.9867
0.0332
3.2200
-5.9500
-0.7700
419
479
522
441
437
-0.1776
-0.9599
0.0405
14.7000
-4.9000
-5.6000
419
479
522
441
438
-0.1498
-0.9941
0.0517
10.4300
-0.4200
0.7700
419
479
522
440
438
-0.1474
-0.9887
0.0639
5.1800
-4.7600
-8.0500
419
479
522
439
437
-0.0049
-0.9565
0.0947
5.9500
-6.0900
0.7000
419
479
522
437
439
-0.1806
-0.9941
0.0683
-5.8800
-1.3300
-1.9600
419
479
522
437
437
-0.1806
-0.9682
0.0517
-2.8000
-2.4500
-10.3600
419
479
522
437
438
-0.1484
-0.9560
0.0644
-0.1400
-4.4100
-3.4300
419
479
522
437
438
-0.1444
-0.9945
0.0639
-0.1400
-6.5100
-3.7800
419
480
522
438
437
-0.1654
-0.9877
0.0449
-3.6400
-2.2400
-5.7400
419
480
522
438
437
-0.1557
-0.9662
0.0293
2.7300
-2.8700
-7.0700
419
480
523
438
436
-0.1420
-0.9799
0.0425
5.7400
-3.5700
-1.6800
419
480
523
438
436
-0.1566
-1.0087
0.0688
1.7500
-2.1000
-4.2700
419
480
523
438
433
-0.1371
-0.9843
0.0366
0.9800
-2.8700
-1.4000
419
480
523
437
434
-0.1542
-0.9682
0.0195
3.9200
-3.9200
-4.2700
419
480
523
437
434
-0.1469
-0.9780
0.0586
7.4200
-4.8300
-2.3800
419
480
523
437
435
-0.1503
-0.9911
0.0464
4.5500
-3.7800
-1.9600
419
480
523
437
435
-0.1469
-0.9755
0.0561
4.3400
-5.4600
-2.5200
419
480
523
437
433
-0.1557
-0.9648
0.0429
4.0600
-4.9000
-0.7700
419
479
523
436
436
-0.1630
-0.9736
0.0703
6.5100
-4.9700
-6.0200
419
479
523
436
437
-0.1503
-0.9789
0.1039
3.7100
-2.5200
-5.9500
419
479
523
436
437
-0.1347
-0.9775
0.0761
-0.4900
-1.9600
2.9400
419
479
523
436
437
-0.1688
-0.9877
0.0581
3.4300
-4.6900
-4.7600
419
479
523
436
434
-0.1532
-0.9653
0.0517
1.4000
-3.6400
-0.8400
419
479
523
436
437
-0.1503
-0.9662
0.0766
6.7900
-3.5700
-2.2400
419
478
523
436
437
-0.1484
-0.9989
0.0971
0.2800
-3.8500
-3.7800
419
478
523
436
437
-0.1440
-0.9701
0.0468
-4.3400
-5.4600
1.1200
419
479
523
435
436
-0.1830
-0.9677
0.0425
3.0100
-6.5800
-4.2700
419
478
523
435
437
-0.1903
-0.9740
0.0483
5.3200
-2.1000
-8.6100
419
478
523
435
437
-0.1391
-0.9897
0.1059
5.8100
17.8500
-7.2100
419
478
523
435
434
-0.1362
-0.9726
0.0727
-0.7700
-1.4000
-5.1800
419
478
523
435
437
-0.1376
-0.9989
0.0874
3.2900
-2.8000
-2.0300
419
478
523
435
436
-0.1293
-0.9789
0.0898
3.3600
-8.0500
-4.9000
419
478
523
435
436
-0.1615
-0.9799
0.0761
5.3900
-5.3200
-6.5100
419
478
523
435
437
-0.1488
-0.9916
0.0932
4.1300
-3.5000
-6.1600
419
478
523
435
434
-0.1240
-0.9784
0.0781
3.0100
-3.3600
-0.9100
419
478
523
435
436
-0.1425
-0.9726
0.0830
1.1900
-2.5900
-4.6200
419
478
523
435
436
-0.1376
-0.9745
0.0947
2.3800
0.9100
-3.5000
419
478
523
435
436
-0.1313
-0.9828
0.0771
0.0000
1.1900
-6.7200
419
478
523
434
436
-0.1342
-0.9989
0.0664
-5.2500
2.7300
-18.1300
419
479
523
433
432
-0.0966
-0.9745
0.0561
-1.9600
-1.2600
-8.6100
419
479
523
432
434
-0.0820
-0.9711
0.0390
3.6400
-4.2700
-9.1700
419
479
523
432
435
-0.0820
-0.9965
0.0839
3.5700
-8.7500
-13.2300
419
480
523
432
434
-0.0791
-0.9902
0.0693
-1.1900
-3.9900
-10.7800
419
480
523
432
434
-0.0595
-0.9814
0.0386
6.8600
-6.0900
-11.4100
419
480
523
432
433
-0.0478
-0.9950
0.0888
13.3700
-8.6800
-12.1100
419
480
523
432
433
-0.0288
-0.9858
0.1166
6.3700
-7.5600
-9.9400
419
480
523
432
433
-0.0249
-0.9965
0.0917
3.8500
-2.5900
-8.2600
419
480
523
432
433
0.0122
-0.9819
0.1039
4.1300
-4.6200
-0.2800
419
480
523
431
431
-0.0127
-0.9872
0.1181
6.2300
-7.9100
-13.0900
419
480
523
431
427
-0.0083
-0.9916
0.1269
2.3800
0.9100
1.9600
419
480
523
431
430
0.0420
-0.9902
0.1171
3.6400
-13.5100
-3.0800
419
480
523
431
428
-0.0176
-0.9872
0.1083
-2.8000
-0.2100
2.9400
419
480
523
431
424
-0.0249
-1.0019
0.1088
7.2800
-4.3400
-19.8800
419
480
523
431
420
0.0498
-0.9716
0.0956
2.6600
0.0000
11.2700
418
480
523
431
425
0.0098
-1.0180
0.1391
6.3000
-11.9700
-6.9300
419
480
524
431
423
-0.0059
-0.9809
0.1010
-3.9200
4.7600
2.2400
419
480
524
432
419
0.0054
-0.9858
0.0952
4.3400
-3.7100
-7.9800
418
480
523
431
420
0.0083
-0.9916
0.1240
3.4300
-0.3500
-3.2900
418
480
523
431
421
0.0229
-0.9862
0.1254
2.1700
-1.9600
-3.4300
418
480
524
431
421
0.0166
-0.9213
0.1357
2.6600
-4.2700
-8.5400
418
480
523
432
421
0.0468
-1.0243
0.1181
7.1400
-6.9300
0.9100
418
480
524
432
418
-0.0024
-0.9960
0.1347
2.4500
-4.2000
-2.5900
418
480
524
432
415
0.0020
-0.9955
0.1454
4.6200
-6.5100
-4.0600
418
480
524
432
417
0.0098
-0.9833
0.1137
1.8900
-4.0600
-10.2900
418
480
524
432
415
0.0288
-0.9862
0.1039
2.7300
-0.1400
-4.4800
418
480
524
432
412
0.0654
-0.9872
0.1342
1.6100
-6.3700
-5.3900
418
480
523
432
414
0.0185
-1.0009
0.1205
-2.7300
1.2600
-5.0400
418
480
524
433
410
0.0020
-0.9936
0.1357
5.7400
-5.2500
-11.2000
418
480
524
432
406
0.0654
-0.9843
0.1420
5.0400
0.7000
3.4300
418
480
524
433
408
0.0420
-0.9833
0.1425
6.0200
-2.5200
-1.4000
418
480
524
433
409
0.0293
-0.9867
0.1381
2.1700
-1.3300
-5.0400
418
480
524
433
413
0.0420
-0.9814
0.1503
1.6100
-0.2100
-11.4100
419
480
524
433
411
0.0732
-0.9726
0.1283
7.2100
-10.2900
1.3300
418
480
524
434
410
-0.0063
-1.0111
0.1679
5.8100
-8.3300
-11.5500
418
480
524
434
408
0.1078
-0.9736
0.1464
-2.3100
-6.1600
-1.3300
418
480
524
434
412