-0.2298
-0.8735
0.3904
-0.2800
-8.0500
-3.0100
427
491
514
445
522
-0.2186
-0.8755
0.3992
0.2100
-6.3700
-0.0700
428
492
517
447
521
-0.2250
-0.9062
0.3953
7.1400
-14.0700
-6.3700
431
488
520
449
522
-0.2264
-0.8745
0.4211
0.4200
-6.8600
-3.7800
431
490
521
449
522
-0.2162
-0.8579
0.4050
0.4200
-2.5900
2.6600
432
489
520
447
519
-0.2347
-0.8740
0.4016
4.6900
-4.9700
-3.2200
431
485
516
439
521
-0.2552
-0.8755
0.4080
5.1800
-29.4700
-34.3000
430
483
515
438
520
-0.1493
-0.8935
0.4290
12.0400
-58.7300
-59.7800
431
486
515
441
517
-0.0156
-0.8647
0.4734
9.1700
-43.8200
-45.9200
432
488
516
442
517
0.0922
-0.8872
0.4407
16.3100
-82.1800
-71.8900
432
488
515
442
521
0.2225
-0.7832
0.4641
41.6500
-79.1700
-88.1300
432
487
513
439
521
0.4548
-0.7696
0.4455
26.1800
-62.9300
-73.5700
431
487
512
434
521
0.5802
-0.7091
0.4763
18.2000
-45.0100
-41.7200
431
485
510
430
516
0.6856
-0.6578
0.4494
1.8200
-2.4500
-0.6300
431
485
510
428
519
0.6573
-0.6710
0.4621
-0.4200
-25.2000
-3.6400
431
485
510
427
518
0.6207
-0.6476
0.4504
-4.4800
-84.1400
-1.0500
431
483
509
418
518
0.7759
-0.7110
0.3270
4.7600
-45.9200
29.0500
431
481
509
416
513
0.7047
-0.6773
0.2806
16.5200
-33.1100
31.2900
431
482
509
417
512
0.6817
-0.6359
0.1913
38.2900
-52.7800
29.1900
431
482
508
416
509
0.6988
-0.6856
0.2718
64.0500
-19.5300
73.3600
432
481
507
410
510
0.4978
-0.7032
0.3592
71.6100
-47.0400
27.2300
432
482
506
403
504
0.5090
-0.7774
0.4182
59.2200
-73.1500
25.1300
431
482
507
396
502
0.5275
-0.7300
0.5446
44.4500
26.3900
86.1000
431
482
507
397
503
0.2733
-0.7559
0.5534
18.6900
-28.0700
-6.1600
431
482
507
396
499
0.4138
-0.7701
0.5417
2.5200
-6.7200
-0.5600
431
482
507
396
503
0.4412
-0.7749
0.5007
1.8900
-2.4500
9.4500
432
482
507
397
502
0.4197
-0.7462
0.4812
8.0500
13.1600
7.8400
432
482
507
397
504
0.3933
-0.7745
0.4958
1.8200
-4.4100
-4.9700
432
482
507
399
503
0.4226
-0.7837
0.5061
-1.1900
-4.2000
-8.8900
432
482
507
399
500
0.4377
-0.7803
0.4758
-1.3300
1.5400
-3.5000
432
482
507
399
502
0.4490
-0.7910
0.4778
-2.7300
-7.6300
0.8400
432
482
507
399
499
0.4817
-0.7798
0.4821
1.8200
-18.0600
7.7000
432
482
507
402
502
0.4016
-0.7803
0.4695
-3.1500
-4.2700
11.4800
432
482
508
404
503
0.3850
-0.7784
0.4558
3.5000
3.4300
10.2900
432
482
507
404
503
0.3782
-0.7935
0.4480
4.3400
-3.0800
10.2900
433
482
507
403
504
0.4509
-0.8135
0.4900
2.9400
-2.4500
27.4400
433
483
507
401
502
0.3758
-0.8296
0.4621
4.1300
21.7000
37.5200
433
483
507
402
505
0.2181
-0.8730
0.4836
-2.3800
-33.3200
1.9600
433
484
508
404
503
0.2347
-0.8862
0.4270
8.9600
-14.4900
36.4000
434
486
509
410
503
0.2250
-0.8408
0.4416
10.8500
-1.0500
53.2000
434
489
510
418
500
0.1684
-0.8330
0.4290
0.9100
-14.0000
24.2900
434
490
511
423
487
0.0317
-0.8081
0.4792
15.6100
-28.3500
-24.0800
434
492
512
429
478
0.1147
-0.6934
0.5392
21.4900
-50.9600
-77.4200
435
494
513
432
477
0.3792
-0.6881
0.6305
31.5700
2.5900
-39.8300
435
494
514
432
467
0.3055
-0.7579
0.6934
20.3700
-25.1300
-51.1700
435
493
514
430
459
0.3655
-0.6324
0.6939
26.0400
-12.3200
-48.2300
435
493
514
428
453
0.3977
-0.6359
0.6564
34.2300
-6.1600
-53.0600
435
492
513
423
440
0.5158
-0.5924
0.6129
45.9200
-18.9000
-47.5300
435
491
513
420
436
0.6324
-0.5510
0.6505
30.8700
-10.9900
-23.6600
435
489
513
416
433
0.6012
-0.4626
0.6612
33.4600
-13.6500
-20.5800
435
489
513
413
442
0.6603
-0.4275
0.6949
19.8100
-6.9300
-12.1100
435
487
512
407
448
0.7305
-0.4499
0.7671
-24.7100
-12.1100
7.0700
435
485
512
396
460
0.6944
-0.5236
0.6778
-37.2400
6.5100
17.7100
435
485
511
386
470
0.5627
-0.5231
0.5793
-35.7000
-8.4000
16.0300
434
486
511
381
474
0.5441
-0.5768
0.5031
-19.0400
-19.3900
18.6200
434
486
511
382
477
0.5734
-0.6632
0.4836
-0.4900
-21.6300
32.4800
434
486
510
383
480
0.4948
-0.5924
0.5690
16.1700
-1.3300
21.4200
434
486
510
384
479
0.3943
-0.5822
0.6105
5.6700
-9.8700
-7.7700
434
486
511
384
481
0.5456
-0.6398
0.5885
-5.1800
-11.2000
-9.5200
434
486
511
386
482
0.5402
-0.6622
0.5583
0.7700
-3.7800
-4.9000
434
486
511
386
482
0.5070
-0.6295
0.5407
3.6400
-4.4800
-6.5100
434
486
511
387
482
0.5514
-0.6456
0.5890
4.1300
-2.5200
-1.8900
434
486
511
387
481
0.5222
-0.6344
0.5900
-2.9400
-2.5200
-2.8000
434
486
511
388
482
0.5290
-0.6364
0.5441
-10.3600
-13.8600
-9.8700
434
485
510
387
482
0.5632
-0.6437
0.5466
-4.1300
-2.3100
-7.4200
434
485
510
387
485
0.5880
-0.6495
0.5539
-5.6000
-1.8900
-0.7700
433
485
510
385
484
0.5373
-0.6207
0.5958
-11.3400
9.2400
-3.2900
432
486
510
378
490
0.6178
-0.6559
0.4773
-1.9600
4.6200
14.6300
432
488
509
374
491
0.5470
-0.7369
0.5070
21.7700
-1.1200
20.4400
432
488
509
376
494
0.4934
-0.7369
0.5719
15.7500
-13.6500
30.6600
432
488
509
382
502
0.5178
-0.6949
0.5300
32.2000
7.0700
48.9300
431
488
510
386
504
0.3884
-0.6437
0.5514
24.7800
-10.6400
38.3600
430
488
511
392
499
0.3445
-0.6764
0.5885
8.4700
0.0700
34.3700
429
492
511
403
495
0.2347
-0.6725
0.5890
-29.8200
-7.0700
2.9400
427
494
513
414
487
0.2147
-0.7442
0.5353
-25.4800
-2.1700
-10.3600
428
495
513
420
483
0.2220
-0.7096
0.5607
11.9000
-30.1700
-53.8300
428
496
513
421
482
0.4036
-0.6759
0.5446
8.8900
-56.9800
-74.7600
428
496
513
423
475
0.5500
-0.6549
0.5373
34.3700
-36.6100
-54.8100
428
496
513
420
468
0.5568
-0.3924
0.5607
38.3600
12.1800
-51.0300
428
496
513
418
461
0.7388
-0.4314
0.5900
33.0400
10.9900
-46.2000
429
496
513
413
439
0.7188
-0.4441
0.6129
7.7700
-3.3600
-44.1700
429
496
514
413
440
0.8081
-0.4465
0.6266
0.2800
-2.9400
-27.9300
430
496
514
415
440
0.8067
-0.4265
0.5802
0.3500
-8.7500
-8.8900
430
495
513
410
442
0.7559
-0.4358
0.5222
-4.0600
-24.1500
0.2800
431
494
513
409
444
0.8003
-0.4402
0.5412
10.4300
-19.0400
11.9700
432
492
512
405
446
0.7544
-0.4748
0.5588
0.7700
-20.2300
17.0800
433
491
512
405
443
0.7608
-0.4919
0.6041
-10.9900
4.0600
26.1100
433
490
512
405
446
0.7525
-0.5309
0.5383
-21.9100
16.3800
39.2700
433
489
511
404
445
0.5617
-0.5324
0.4128
-4.1300
6.0200
22.1900
433
489
511
404
448
0.5558
-0.5544
0.4680
22.8200
4.8300
5.8100
433
489
511
403
449
0.6364
-0.5661
0.6393
15.1900
0.1400
6.6500
433
489
511
403
449
0.5749
-0.5461
0.6071
-10.7800
-4.4800
-2.6600
433
489
511
403
450
0.5978
-0.5705
0.5466
1.1900
-4.9000
-4.2000
433
489
511
402
451
0.5983
-0.5636
0.5617
5.6000
3.0100
-4.0600
433
489
511
403
451
0.6041
-0.5724
0.5768
0.7700
-5.7400
-3.8500
433
489
511
403
449
0.6041
-0.5568
0.5588
-0.2800
-9.5900
-4.4800
433
489
511
402
450
0.6232
-0.5558
0.5632
3.8500
-7.9800
-5.1800
433
489
511
401
450
0.6490
-0.5612
0.5978
-1.1200
-3.0100
-2.8000
432
489
511
401
452
0.5783
-0.5412
0.5827
-6.1600
0.5600
-11.0600
432
488
511
401
451
0.6764
-0.5749
0.4914
3.9900
-6.2300
-2.3800
433
488
511
400
455
0.6910
-0.5812
0.5978
7.7700
-5.3900
12.6700
433
488
510
399
456
0.6354
-0.5817
0.5388
-5.2500
-14.0000
18.1300
433
488
510
397
462
0.6364
-0.6578
0.5119
2.8000
11.2000
35.3500
432
489
510
397
467
0.5929
-0.6930
0.5090
11.6900
-5.2500
50.6100
431
493
511
400
473
0.4246
-0.6725
0.5046
33.7400
19.8800
49.9800
431
496
512
407
485
0.3367
-0.6305
0.6759
-10.7100
10.7100
15.1900
431
497
513
415
485
0.3865
-0.6822
0.5090
-19.6000
18.9000
-1.2600
430
498
514
422
484
0.3548
-0.6529
0.6163
-1.4000
-0.4200
-26.7400
430
498
515
425
476
0.3514
-0.5714
0.6266
2.2400
-18.7600
-58.3800
430
499
515
426
473
0.5173
-0.4958
0.6246
7.9800
-18.7600
-70.9100
430
499
516
426
469
0.6915
-0.4299
0.6407
31.5000
41.0200
-56.2800
430
498
516
426
463
0.6925
-0.3797
0.6700
7.0700
-4.8300
-66.8500
431
498
516
425
465
0.8242
-0.2952
0.6910
1.7500
23.1700
-44.1700
431
497
516
424
464
0.7540
-0.2616
0.6886
5.6000
4.9000
-36.7500
431
496
516
423
463
0.7915
-0.2830
0.7144
12.3200
-4.8300
-22.6100
431
494
516
419
462
0.7871
-0.2630
0.6910
9.5900
-6.0200
-12.3900
431
493
515
417
463
0.8130
-0.2235
0.6281
6.4400
0.3500
5.9500
431
491
515
413
463
0.7071
-0.2191
0.6725
-10.9200
3.1500
4.9700
431
492
514
410
465
0.7159
-0.2811
0.6959
-10.6400
-4.9000
9.6600
431
491
513
409
471
0.6920
-0.2987
0.6812
-21.6300
10.9900
12.1800
431
490
513
408
474
0.6578
-0.3426
0.6598
-22.8200
-8.6800
20.0200
431
490
513
409
479
0.6378
-0.3904
0.6329
-10.2900
-15.8200
29.0500
431
490
512
408
484
0.6510
-0.4407
0.6407
-9.3100
-13.7900
29.4700
431
490
512
407
485
0.6344
-0.4709
0.6398
-8.9600
-13.1600
30.9400
431
491
512
407
487
0.6412
-0.5158
0.6076
-10.1500
-12.4600
36.1900
432
492
512
408
489
0.5651
-0.5295
0.5871
5.7400
-6.3000
24.9200
432
493
512
409
490
0.5007
-0.4973
0.6237
18.3400
-4.6900
1.6800
432
493
513
409
490
0.5876
-0.5524
0.6676
5.5300
-0.7700
-2.3100
432
493
513
409
489
0.5861
-0.5451
0.6334
2.8000
3.2900
1.0500
432
493
513
409
492
0.5305
-0.5241
0.6285
0.9100
-6.0900
-8.4700
432
493
513
409
490
0.5558
-0.5461
0.6266
-7.1400
-14.7000
-8.1200
432
493
513
409
492
0.5880
-0.5568
0.6212
0.9800
-4.6900
-2.4500
432
493
513
409
489
0.5436
-0.5568
0.6178
4.2000
2.8700
-8.0500
432
493
513
409
492
0.5666
-0.5632
0.6061
0.0000
-11.3400
-4.5500
432
493
513
408
490
0.5934
-0.5397
0.6568
-1.8200
-2.6600
1.8200
432
493
513
407
493
0.5680
-0.5348
0.6100
-8.1900
-4.9000
-0.7700
432
492
512
406
493
0.5871
-0.6022
0.5402
-0.4200
-15.8200
7.2800
432
492
512
405
496
0.6178
-0.6710
0.5495
7.3500
2.5200
31.7800
432
495
512
408
495
0.5519
-0.6403
0.7013
6.2300
8.0500
37.1000
432
498
513
409
493
0.4919
-0.6905
0.7623
25.4800
5.4600
29.8200
431
495
513
409
492
0.3841
-0.7008
0.5607
-19.3900
7.4900
13.0900
431
495
513
411
487
0.3279
-0.6632
0.5241
2.0300
-2.1700
-6.3000
430
495
512
411
489
0.3894
-0.6715
0.5856
-3.2900
-26.7400
-31.1500
429
494
512
411
487
0.4099
-0.6261
0.6500
17.7800
-14.8400
-57.6100
429
493
512
412
481
0.5480
-0.5719
0.6120
22.1200
-19.6000
-74.9700
429
491
512
413
480
0.6676
-0.4885
0.5749
30.5200
-9.6600
-76.5800
429
491
512
413
474
0.9033
-0.4182
0.6115
33.3900
22.0500
-42.0000
430
492
513
412
465
0.8633
-0.3626
0.6959
5.8100
-7.7000
-29.8900
430
491
513
412
467
0.7940
-0.3270
0.6934
0.7700
-9.1000
-29.4000
431
490
513
412
464
0.7779
-0.2860
0.6364
1.6800
-32.4100
-29.0500
431
491
514
414
466
0.8818
-0.2147
0.5944
10.5000
-13.3700
-9.3800
432
490
514
416
464
0.8335
-0.2562
0.6071
25.9000
-8.9600
-3.5000
433
491
514
416
458
0.7896
-0.2347
0.6412
-0.2100
-10.5700
-0.2800
435
494
515
420
452
0.8589
-0.3001
0.5514
-20.1600
-29.1200
23.3100
436
496
516
423
447
0.8608
-0.3709
0.5339
-7.4900
-16.1000
30.3100
436
496
516
423
447
0.7681
-0.3992
0.5500
-4.3400
-17.8500
35.0700
436
496
516
423
441
0.7003
-0.4168
0.4817
3.2200
-10.9200
31.7800
436
495
516
422
445
0.6764
-0.4519
0.4773
4.8300
-15.6800
27.3700
436
495
515
420
448
0.7686
-0.4812
0.4631
9.3800
-0.9100
28.3500
436
496
515
419
451
0.7403
-0.4714
0.5710
4.2000
-0.6300
19.9500
436
497
516
416
457
0.6647
-0.4538
0.5422
-23.1700
-4.2700
7.2100
436
493
515
408
466
0.6842
-0.5685
0.4695
-38.4300
7.9100
-1.4000
437
498
515
407
468
0.7754
-0.6237
0.4168
-53.9700
-20.4400
18.5500
439
500
517
407
474
0.6934
-0.6442
0.3694
-32.9700
-24.3600
19.4600
439
502
524
404
473
0.6339
-0.6832
0.3045
-17.5700
-1.6800
21.0700
440
502
527
402
466
0.6251
-0.7115
0.2250
-30.9400
11.3400
7.9800
440
501
527
397
463
0.7110
-0.7261
0.2211
-8.8900
8.6800
14.9100
440
500
525
394
459
0.6881
-0.7037
0.2967
3.2900
-3.8500
0.4900
440
501
525
391
455
0.6637
-0.6954
0.3196
-7.4200
-8.6100
-5.6000
440
501
525
386
442
0.6364
-0.7505
0.2362
-15.4000
-14.4200
-3.4300
440
502
525
382
441
0.6305
-0.7525
0.1879
-6.1600
-5.0400
6.0200
441
503
523
378
438
0.6032
-0.7642
0.1947
9.8700
-10.7800
7.4200
442
503
524
382
434
0.6105
-0.8394
0.2372
21.0700
8.4700
18.2000
442
504
525
390
424
0.5939
-0.8272
0.2621
15.0500
31.8500
33.0400
442
504
526
397
422
0.3787
-0.8769
0.3865
25.4800
1.6100
-11.6900
442
505
527
405
425
0.4124
-0.7974
0.3284
5.1800
-14.7000
-28.3500
442
506
528
415
433
0.4538
-0.7203
0.3079
5.6000
-25.6900
-40.4600
442
506
529
423
436
0.5031
-0.5797
0.2923
0.0000
-44.7300
-75.2500
442
506
529
427
441
0.7071
-0.5680
0.2440
1.1900
-51.2400
-66.4300
442
506
529
428
451
0.8252
-0.4919
0.2908
9.5200
2.5200
-52.4300
442
506
530
427
453
0.8901
-0.4543
0.2455
-2.9400
13.9300
-41.0200
443
506
529
427
454
0.9457
-0.3884
0.2728
-1.5400
23.1000
-33.0400
444
506
529
427
453
0.9936
-0.3850
0.3323
2.6600
-8.4700
-29.9600
444
506
529
426
444
0.9457
-0.4485
0.2694
8.0500
-52.2900
-28.5600
445
506
529
421
452
1.0268
-0.4172
0.1484
24.5000
-54.0400
-3.0100
444
506
528
417
451
1.0063
-0.3865
0.1362
21.9800
-20.0200
17.0800
444
507
528
414
457
0.9355
-0.3392
0.1469
27.5800
-4.1300
14.5600
444
507
528
412
459
0.8652
-0.3518
0.2006
9.1700
-14.2100
8.7500
444
507
528
408
460
0.9521
-0.4065
0.0942
12.8800
-3.9200
13.0200
444
507
527
402
458
0.9809
-0.4514
0.1693
17.0100
-3.2200
26.7400
444
507
526
398
458
0.9536
-0.5212
0.1078
13.6500
-5.5300
42.4200
443
507
525
397
459
0.7950
-0.5544
0.1381
13.2300
-6.2300
37.8700
443
507
525
397
456
0.8423
-0.5993
0.1693
23.6600
15.4700
28.3500
444
507
525
395
460
0.7725
-0.5749
0.1947
18.4800
-2.2400
25.1300
443
507
524
394
459
0.7003
-0.5763
0.1976
14.6300
-5.6700
8.8200
443
507
525
394
461
0.7144
-0.5568
0.2152
14.9800
-16.5900
-7.0000
443
507
524
394
461
0.7974
-0.5768
0.2103
-2.3800
4.3400
-5.8100
443
507
525
396
460
0.8223
-0.5651
0.2279
-4.4100
-7.2100
-1.4000
443
507
525
396
457
0.7969
-0.6383
0.1742
-8.4700
0.1400
1.5400
443
507
525
396
459
0.7652
-0.6412
0.1693
-3.4300
-0.2800
1.1200
443
507
525
397
457
0.7462
-0.6261
0.1796
3.4300
3.2900
-4.3400
443
507
524
397
459
0.7720
-0.6227
0.1815
0.7000
-6.0200
-6.1600
443
507
525
397
459
0.7759
-0.6403
0.1786
-2.6600
1.4000
-4.1300
443
507
524
396
459
0.7945
-0.6476
0.1601
-0.2100
-3.7800
-2.1000
444
507
524
397
459
0.7906
-0.6422
0.1703
-3.2200
-3.0100
-2.2400
443
507
524
396
459
0.8140
-0.6608
0.1196
4.1300
-0.7000
3.5000
443
507
524
396
459
0.7242
-0.6476
0.1664
-1.5400
-2.5200
-2.7300
443
507
524
396
457
0.7779
-0.6559
0.1322
-1.1200
-2.8700
-1.4000
443
507
524
396
459
0.7964
-0.7027
0.1523
1.0500
3.6400
7.2800
443
507
524
396
456
0.7486
-0.6739
0.1191
-4.1300
9.2400
9.8700
443
507
524
396
459
0.6934
-0.7081
0.1566
7.0700
27.0200
6.6500
443
507
525
397
459
0.6046
-0.6993
0.3001
12.2500
10.5700
-9.3800
443
506
525
399
460
0.6637
-0.7003
0.2118
-12.6000
13.4400
-14.0700
443
506
525
400
459
0.6769
-0.6983
0.1610
-1.9600
20.3700
-22.7500
442
506
525
403
469
0.5758
-0.6451
0.2020
-22.6800
-41.7900
-53.4800
440
506
525
405
477
0.7320
-0.5890
0.1918
10.5700
-9.6600
-57.4000
440
506
525
408
479
0.8442
-0.4524
0.1718
14.9100
1.1900
-51.8700
439
506
525
410
478
1.1214
-0.3938
0.1962
26.5300
12.6700
-75.1800
439
505
524
407
477
1.0770
-0.2889
0.2923
10.9200
33.9500
-67.9000
439
503
522
406
476
1.1151
-0.2503
0.3611
26.0400
17.2200
-44.3100
439
503
522
405
478
1.0443
-0.2128
0.3309
27.0200
5.0400
-23.2400
439
502
521
404
475
1.0102
-0.1898
0.3543
9.9400
-0.2800
-11.4100
439
501
521
404
474
0.9482
-0.1401
0.3016
17.7800
-2.8700
-3.0800
439
501
520
404
474
0.9536
-0.1503
0.3231
8.2600
-5.6000
0.8400
439
501
520
404
475
0.9867
-0.1732
0.3216
-6.9300
-11.6200
11.6200
439
501
520
406
480
0.9784
-0.2499
0.2791
16.8000
-18.6200
28.7700
440
502
520
404
476
0.9721
-0.3162
0.2562
8.4000
-29.5400
42.9800
440
503
519
401
469
0.9204
-0.3504
0.2474
16.9400
-17.7800
39.2000
440
503
519
399
461
0.8608
-0.3421
0.3587
-3.4300
1.9600
14.7000
440
503
520
398
462
0.9555
-0.3767
0.2176
-5.1800
-22.9600
13.3000
440
503
520
398
462
0.9179
-0.4407
0.1786
-15.7500
-27.7200
23.4500
441
504
520
397
458
0.9282
-0.4431
0.1381
4.8300
-21.0700
26.1800
441
504
520
396
459
0.8716
-0.4817
0.1781
-7.0000
-8.0500
19.4600
441
504
520
396
459
0.8677
-0.4860
0.1484
-28.2800
-20.5800
18.2000
441
505
521
394
456
0.8623
-0.5475
0.1069
-28.9800
-9.5900
12.0400
442
505
522
393
448
0.8340
-0.5417
0.0264
-9.1000
1.0500
2.7300
442
505
523
394
446
0.8272
-0.5280
0.1215
13.0200
2.5900
-8.9600
442
506
523
396
446
0.9048
-0.5456
0.1181
-5.1100
1.1900
-3.6400
442
506
524
396
445
0.8852
-0.5612
0.0639
-4.1300
5.9500
-0.9800
442
506
525
396
442
0.8477
-0.5588
0.0566
5.9500
5.3200
0.1400
440
505
525
395
447
0.8267
-0.5671
0.0898
-3.9200
-16.1700
1.3300
440
505
525
397
447
0.8125
-0.5671
0.0673
-5.8800
-5.4600
-0.9100
440
505
524
398
446
0.8355
-0.5685
0.0576
2.7300
-6.7900
-6.4400
441
505
523
398
447
0.8374
-0.5978
0.0386
2.5200
-4.4100
-3.7800
441
505
523
398
447
0.8594
-0.5832
0.0737
5.0400
-3.9900
1.0500
441
505
523
398
447
0.8130
-0.5797
0.0917
-0.7000
1.9600
0.1400
441
505
523
398
447
0.8237
-0.5817
0.0683
0.0000
7.6300
-5.5300
441
505
523
398
447
0.8330
-0.5636
0.0976
0.3500
0.6300
-7.4900
441
505
523
398
447
0.8945
-0.5529
0.1039
2.3800
2.8000
-2.3800
441
505
523
397
445
0.8301
-0.5417
0.0932
-3.1500
5.9500
-2.4500
441
505
522
396
448
0.8355
-0.5949
0.0434
-11.5500
-2.4500
0.9800
441
505
522
395
447
0.8828
-0.6656
0.0151
13.5100
-1.1900
11.6200
441
505
522
395
446
0.8247
-0.6832
0.0961
31.7800
3.2200
17.8500
441
505
523
396
445
0.7374
-0.6617
0.1430
33.1800
11.2000
9.3800
441
505
524
399
445
0.6778
-0.6388
0.2001
7.5600
-11.2700
-0.3500
440
506
525
400
446
0.7462
-0.6061
0.1649
-12.3200
16.0300
-7.2800
439
506
525
401
448
0.8325
-0.6432
0.1649
-8.4000
15.1200
1.6800
439
506
525
402
453
0.7579
-0.5714
0.2308
-2.9400
9.8700
-14.0000
437
506
525
403
457
0.7349
-0.5485
0.2152
0.2800
35.8400
-39.2000
437
506
525
404
458
0.7554
-0.4587
0.2084
-14.0700
25.6200
-61.6000
436
506
524
405
459
0.8398
-0.4397
0.2401
23.5900
-29.6800
-63.1400
436
505
524
403
462
0.9443
-0.3587
0.2528
11.2000
-9.8000
-49.9100
437
505
524
401
459
0.9765
-0.3514
0.2679
14.1400
-2.2400
-39.9700
439
505
524
401
461
1.0238
-0.2640
0.3177
49.2100
26.1100
-22.6800
439
505
523
400
457
1.0038
-0.2479
0.3421
23.1000
7.3500
-5.2500
439
504
523
400
460
0.9443
-0.2479
0.2733
17.2900
0.0700
-0.7000
440
504
523
401
457
0.9721
-0.2152
0.3636
8.6100
7.5600
2.5200
440
504
523
401
459
0.9350
-0.2542
0.3421
9.1000
-3.2900
13.7200
439
504
522
400
459
0.8760
-0.3079
0.2591
8.6800
-37.4500
25.8300
440
504
521
398
454
0.9472
-0.3475
0.2338
15.0500
-19.8100
25.6200
440
504
521
397
451
0.9496
-0.3392
0.2713
11.9000
-24.2900
30.3100
439
504
521
397
453
0.8901
-0.3670
0.2216
4.2000
-28.0000
28.5600
439
504
521
397
450
0.9013
-0.4372
0.1840
-0.9100
-19.4600
21.9100
439
504
521
397
451
0.9023
-0.4885
0.1513
4.0600
-26.0400
29.8200
439
504
521
397
451
0.8638
-0.5168
0.1332
10.0100
-18.9000
23.7300
439
504
521
396
450
0.8394
-0.5344
0.1557
19.6700
-0.9800
10.6400
438
505
521
396
449
0.8159
-0.5261
0.1781
4.6900
-2.0300
8.6100
438
505
521
396
449
0.8086
-0.5524
0.1230
-10.5000
-6.0900
3.3600
438
505
522
397
449
0.8140
-0.5461
0.1376
-14.1400
-26.0400
6.7200
438
505
522
396
450
0.8706
-0.5763
0.1166
0.9800
-6.0900
1.8200
438
505
522
396
451
0.8179
-0.5544
0.1279
0.7000
-4.6200
1.4000
438
505
522
396
452
0.8423
-0.5573
0.1298
-0.1400
-1.6800
0.4200
438
505
522
396
449
0.8013
-0.5822
0.1181
-5.6000
-4.0600
-3.2200
438
505
522
396
452
0.8023
-0.6100
0.0791
-0.7700
-0.8400
-3.0100
438
505
522
396
452
0.8037
-0.5934
0.0966
1.3300
-11.4100
0.5600
438
505
522
395
453
0.7759
-0.5861
0.1147
-4.0600
-21.2100
-1.4700
438
505
522
391
454
0.8560
-0.6183
0.0200
-4.9000
-2.1700
-1.4000
438
505
521
390
454
0.8311
-0.5998
0.0659
5.3900
1.4700
1.1900
438
505
521
388
455
0.8018
-0.5871
0.0590
-9.8000
-4.3400
-0.4900
438
505
521
386
453
0.8145
-0.6539
0.0190
-1.8200
6.0200
-5.7400
438
505
520
385
454
0.8218
-0.6261
0.0542
10.9900
3.3600
-0.8400
438
505
520
384
451
0.8242
-0.6144
0.0620
1.8900
-4.6900
10.5000
438
505
520
382
452
0.8140
-0.6798
0.0244
7.3500
9.0300
18.4800
438
505
521
382
452
0.8062
-0.7154
0.1240
23.3800
39.7600
19.9500
438
506
521
383
452
0.6671
-0.6651
0.2303
0.2800
54.3200
14.7000
439
506
522
386
450
0.5934
-0.6876
0.2528
-12.3200
33.8100
5.8100
439
507
523
389
453
0.5685
-0.7618
0.2645
-26.6000
0.2800
4.3400
440
507
524
393
455
0.5939
-0.7462
0.3021
-1.6800
4.6200
-8.8900
439
507
525
395
458
0.6129
-0.6993
0.2357
21.9100
7.6300
-40.5300
439
507
524
399
463
0.5100
-0.5544
0.3235
-37.4500
-25.9700
-79.9400
438
507
523
400
471
0.8589
-0.4934
0.2728
-1.9600
-8.6800
-75.8800
437
506
521
401
474
0.8813
-0.4656
0.1952
17.7800
-2.6600
-62.0900
438
506
521
400
471
0.9804
-0.3811
0.2284
19.6700
9.2400
-50.4700
439
506
521
400
473
0.9784
-0.3767
0.2372
33.6700
-3.2200
-38.0100
440
505
521
400
467
0.9867
-0.3016
0.3040
22.9600
-4.3400
-25.1300
440
505
521
400
463
0.9726
-0.2674
0.2796
16.9400
-5.0400
-10.7800
440
504
521
400
455
1.0224
-0.2796
0.2996
27.8600
8.6800
4.5500
440
504
521
401
452
0.9838
-0.2464
0.2801
23.1000
14.9100
8.5400
440
504
520
402
453
0.9238
-0.2694
0.3109
18.5500
-6.7900
17.0800
439
503
520
397
450
0.9326
-0.3109
0.3157
-14.3500
-13.2300
26.6000
439
503
519
393
447
0.9448
-0.3689
0.2625
3.4300
-32.2000
45.1500
439
503
519
390
440
0.8794
-0.4480
0.2338
18.1300
16.0300
22.2600
439
503
519
390
436
0.8184
-0.4324
0.2782
7.3500
-14.2800
27.5800
439
504
519
390
435
0.8804
-0.4651
0.2572
-17.4300
-18.9700
27.1600
439
504
520
388
432
0.8574
-0.5202
0.1923
-28.4900
-15.4000
23.9400
440
505
521
389
431
0.8359
-0.5553
0.1957
-8.1900
-11.6200
20.9300
440
505
521
390
432
0.7793
-0.5841
0.1957
-26.6000
-6.9300
16.1000
440
506
522
389
434
0.7998
-0.6178
0.1928
-14.4200
24.5700
2.5900
440
506
522
390
437
0.7603
-0.5597
0.2621
7.8400
-7.7700
-5.7400
441
506
522
391
436
0.8174
-0.6256
0.2123
-7.9100
-8.6100
-1.6100
441
506
522
391
440
0.7979
-0.6256
0.1767
1.4000
-1.8900
-0.5600
441
506
522
391
440
0.7886
-0.6124
0.1957
3.3600
-0.4200
-0.6300
441
506
522
391
440
0.7896
-0.6237
0.1996
-4.5500
8.1900
-1.6800
441
506
522
391
442
0.7657
-0.6276
0.1835
-1.4700
-0.7000
-1.8900
440
505
522
389
441
0.7383
-0.6437
0.1620
-0.4900
-7.6300
-2.3100
440
505
522
389
443
0.7627
-0.6290
0.2269
2.7300
1.4700
-2.3800
440
505
522
389
444
0.7935
-0.6085
0.2396
-2.5900
7.7700
-1.5400
440
505
522
389
443
0.7603
-0.6544
0.1601
4.4100
-3.2200
-0.2100
441
505
521
388
442
0.7940
-0.7003
0.2152
13.3700
-3.0100
8.7500
441
505
521
388
440
0.8013
-0.7364
0.2025
31.0100
7.8400
14.4900
440
505
521
391
438
0.6744
-0.6783
0.2767
31.0100
22.2600
10.0800
440
506
522
393
438
0.5885
-0.6305
0.2738
1.1200
-8.9600
6.0200
439
506
522
393
441
0.6359
-0.6969
0.2704
-17.0800
-5.4600
1.7500
439
506
523
394
447
0.6505
-0.6944
0.2586
-18.2000
-1.4700
-12.0400
439
506
523
397
462
0.6720
-0.6154
0.2450
-26.9500
-4.9000
-40.5300
438
505
524
399
466
0.6647
-0.5788
0.2816
5.1100
-24.0800
-70.7700
437
505
524
401
466
0.8384
-0.4207
0.2479
23.1700
6.5100
-73.2900
435
504
524
402
463
1.0155
-0.3265
0.2206
1.9600
28.2100
-63.2100
435
503
524
401
458
0.9306
-0.2699
0.3040
9.7300
8.8200
-49.9100
435
502
523
401
473
1.0897
-0.2347
0.2987
25.2700
19.3200
-19.2500
436
501
522
401
468
1.0258
-0.2298
0.3426
33.0400
17.3600
-9.0300
436
500
522
400
466
0.9331
-0.2235
0.3977
22.8200
-15.3300
-1.8900
436
499
521
400
464
0.9565
-0.2250
0.3436
13.1600
2.5900
0.7700
436
499
520
400
461
0.9301
-0.2367
0.3357
-2.2400
-15.6100
18.5500
436
499
520
400
459
0.9501
-0.3001
0.2826
-0.8400
-24.4300
38.9900
436
499
519
396
451
0.9233
-0.3704
0.2718
13.3700
-16.5200
36.8900
436
499
519
393
443
0.9106
-0.4172
0.2923
16.6600
-19.3200
40.6700
436
499
519
394
435
0.8696
-0.4485
0.2977
10.0100
14.9100
11.5500
436
500
519
394
437
0.7979
-0.4006
0.3880
4.9000
10.9900
-8.4000
436
495
519
393
434
0.8833
-0.3875
0.3826
7.5600
11.6200
-8.0500
436
492
519
393
437
0.8969
-0.4402
0.3162
-12.7400
-11.4100
12.1800
434
497
519
392
434
0.8691
-0.5168
0.2020
3.2200
-34.8600
33.1800
431
497
519
391
436
0.7998
-0.5324
0.2718
6.1600
-25.5500
32.3400
431
497
519
390
433
0.7774
-0.5456
0.3016
16.2400
-27.0900
29.7500
431
498
519
388
433
0.7906
-0.5822
0.2181
-12.3900
2.6600
11.8300
432
499
519
388
430
0.7593
-0.5714
0.2186
-29.8200
5.1100
-0.7700
433
501
519
389
433
0.8150
-0.6110
0.1527
-21.1400
-20.1600
-1.8900
434
502
520
390
433
0.8877
-0.5807
0.2240
10.6400
3.0800
-2.4500
434
504
520
392
436
0.7930
-0.5797
0.2616
-10.5000
-1.1200
-1.6800
434
504
520
392
436
0.7896
-0.6090
0.1596
-8.9600
-3.8500
-0.6300
434
504
520
392
436
0.8062
-0.6300
0.1776
-4.9700
6.8600
-3.0800
434
504
520
392
436
0.8111
-0.6476
0.1664
-4.4100
7.0700
-1.0500
434
504
520
392
434
0.7701
-0.6202
0.1767
-3.9900
8.6800
0.2800
434
503
520
392
437
0.7432
-0.6359
0.1752
-2.1700
-0.2100
1.2600
434
503
520
392
437
0.7510
-0.6622
0.1630
-1.2600
1.6100
2.1000
433
503
520
392
437
0.7593
-0.6329
0.1859
0.5600
2.1700
5.3200
433
503
520
391
437
0.7437
-0.6573
0.1708
-7.6300
-2.8700
3.9900
433
503
520
392
437
0.7340
-0.7154
0.1347
-0.2800
-5.1800
6.4400
433
503
520
392
436
0.7676
-0.7061
0.1454
-2.5200
3.3600
10.8500
434
503
520
393
437
0.7383
-0.7003
0.1859
1.2600
7.4200
10.2200
434
503
522
393
438
0.6310
-0.7056
0.2123
-4.3400
10.5000
1.0500
434
504
524
395
439
0.6115
-0.7413
0.2479
-4.8300
-17.6400
-3.9900
434
505
527
398
438
0.6583
-0.7237
0.2259
2.3100
12.6700
-4.4100
434
505
529
403
443
0.6261
-0.7257
0.2259
0.4200
7.5600
-15.4000
435
506
530
406
451
0.6500
-0.6900
0.1903
17.0800
15.6800
-41.8600
435
506
530
413
474
0.6822
-0.5934
0.3016
21.3500
-9.3100
-62.5800
436
506
528
421
478
0.7950
-0.5163
0.2811
4.2700
1.9600
-58.9400
436
506
527
423
474
0.8179
-0.4246
0.2816
33.1100
-14.4900
-57.1200
436
505
526
419
481
0.9087
-0.3865
0.2869
24.7100
-21.7000
-54.3200
436
505
526
419
479
0.9823
-0.3436
0.3167
22.0500
1.2600
-42.2100
437
504
526
417
478
1.0063
-0.3021
0.3255
12.1100
-0.8400
-21.2800
437
504
525
416
470
0.9989
-0.2904
0.3440
14.4900
-5.7400
-1.6100
437
504
525
414
464
0.9516
-0.2679
0.3387
41.9300
1.1200
-0.2100
437
503
523
412
459
0.8896
-0.2089
0.2991
5.4600
-27.0900
18.1300
437
503
521
409
452
0.9477
-0.3113
0.2191
-15.0500
-34.8600
34.0200
438
503
521
408
450
0.9565
-0.3997
0.1527
5.1100
-19.2500
33.6700
438
503
521
407
442
0.9233
-0.4548
0.1991
20.5800
-10.7100
25.5500
438
503
520
407
436
0.8891
-0.4499
0.2396
14.9100
-15.4000
33.4600
438
503
520
405
433
0.8599
-0.4939
0.2011
3.4300
-33.0400
33.0400
438
503
520
404
428
0.8774
-0.5295
0.1391
11.2700
-16.7300
20.4400
438
504
520
402
427
0.8213
-0.5300
0.1444
-35.9100
4.7600
16.8700
438
504
521
399
427
0.8398
-0.5344
0.1723
3.0800
-0.4900
5.8100
438
504
522
398
427
0.8135
-0.5358
0.1957
-0.0700
1.5400
-10.0100
438
504
522
398
428
0.8438
-0.5568
0.1908
-3.0800
-1.5400
-6.4400
438
504
522
398
428
0.8301
-0.5768
0.1625
-0.9100
-0.5600
-2.8700
438
504
522
398
428
0.8028
-0.5719
0.1742
-2.6600
0.3500
-0.9100
438
504
522
398
428
0.8101
-0.5719
0.1688
-3.0800
0.7700
-1.5400
438
504
522
397
427
0.8457
-0.5822
0.1981
1.7500
0.6300
-2.1700
438
504
523
397
430
0.8057
-0.5617
0.2011
-4.6900
-2.6600
-0.3500
438
504
522
397
430
0.7930
-0.5734
0.1435
-9.0300
-2.5900
1.1200
438
504
522
397
429
0.8418
-0.6115
0.1840
5.3200
0.4900
6.4400
438
504
522
397
430
0.8316
-0.6002
0.1884
3.5700
15.6800
8.6800
438
503
522
396
429
0.7813
-0.6427
0.1542
8.9600
8.6100
12.3900
438
504
522
396
429
0.6915
-0.6666
0.1654
16.2400
3.7100
8.7500
437
504
521
395
429
0.7530
-0.6769
0.2694
17.0800
24.4300
8.9600
437
504
522
394
426
0.7618
-0.6764
0.3060
-59.5000
96.6000
8.1200
437
504
523
391
437
0.5754
-0.6842
0.3309
-20.2300
42.9100
13.0900
437
504
524
391
440
0.5876
-0.7076
0.3133
-16.6600
25.4800
10.9200
437
504
524
392
451
0.5822
-0.7105
0.3157
-18.1300
3.2200
6.9300
436
504
524
393
460
0.5934
-0.6881
0.3040
-3.7100
29.0500
-7.4900
435
504
524
395
461
0.5568
-0.6939
0.3377
3.6400
11.6200
-56.3500
435
504
524
399
465
0.6144
-0.6207
0.4372
12.2500
3.0100
-83.1600
434
504
523
401
468
0.7798
-0.5510
0.4553
18.0600
-13.6500
-60.7600
434
502
523
401
478
0.8657
-0.4841
0.4558
22.8200
4.2000
-57.4700
434
501
523
399
474
0.8901
-0.3479
0.4446
11.2000
30.4500
-52.5700
434
500
522
398
479
0.8345
-0.2869
0.4573
15.8200
11.6900
-42.7700
434
499
519
399
482
0.9111
-0.2542
0.5153
36.1900
12.6700
-23.3800
435
498
519
399
479
0.8823
-0.2147
0.5710
41.0200
5.1100
-9.8000
435
497
519
398
473
0.8150
-0.1610
0.5383
14.1400
-6.3000
-5.9500
435
497
519
399
465
0.8423
-0.1932
0.4939
13.0200
-22.6100
3.4300
435
497
518
400
461
0.9038
-0.1903
0.4890
29.1900
-16.1000
13.7200
435
497
518
398
452
0.8857
-0.1942
0.5339
-4.2000
-15.9600
24.3600
435
496
518
392
443
0.9199
-0.2855
0.4817
-25.4100
-26.6000
52.1500
435
496
518
389
439
0.8491
-0.3933
0.3831
2.8700
-21.6300
49.9100
435
497
518
391
436
0.7993
-0.4338
0.4177
5.6700
-10.4300
30.3100
435
497
518
392
435
0.7828
-0.4372
0.4114
4.2000
-12.1100
25.8300
435
497
518
392
435
0.8047
-0.4597
0.4046
11.6200
-4.6900
17.7800
435
497
518
391
434
0.7793
-0.4939
0.4333
15.8200
9.5900
5.2500
434
498
518
391
431
0.7715
-0.4182
0.5192
3.0800
4.5500
5.8100
433
499
518
391
433
0.7569
-0.4680
0.4504
-3.3600
-5.1100
8.6800
433
498
518
391
433
0.7481
-0.5129
0.4319
-15.4700
-8.9600
9.3100
433
498
519
391
433
0.6295
-0.5500
0.4114
-15.6100
-16.3100
11.4800
433
498
519
391
433
0.7310
-0.5558
0.4294
-21.8400
-15.5400
8.2600
433
499
519
391
434
0.7281
-0.5680
0.3904
-7.2800
-4.7600
-1.0500
433
499
519
392
435
0.7286
-0.5758
0.3938
0.9800
-0.6300
-5.1100
433
500
520
392
433
0.7237
-0.5895
0.4026
-5.6700
-1.1200
-5.6700
433
499
519
391
436
0.7125
-0.5939
0.3704
-3.0100
1.3300
-7.9100
433
499
519
391
436
0.6637
-0.6193
0.2987
-2.7300
-21.9800
-3.3600
433
500
519
391
437
0.7710
-0.5949
0.4006
7.0700
-6.5100
-0.3500
433
500
519
392
437
0.7691
-0.5773
0.3675
1.7500
-4.9000
2.6600
433
500
519
393
435
0.7144
-0.6071
0.3684
-12.0400
-8.8200
1.5400
433
500
519
393
437
0.7325
-0.6178
0.3099
-5.1100
-5.8100
5.2500
433
500
519
392
437
0.7476
-0.6281
0.3001
14.1400
-7.9100
5.6700
434
499
518
390
436
0.7086
-0.6881
0.2518
12.3900
-18.6200
1.9600
434
499
518
390
435
0.7115
-0.6959
0.2650
-45.6400
5.7400
-3.4300
434
501
520
391
438
0.7047
-0.6808
0.3323
-22.4700
4.1300
9.5900
434
502
522
393
440
0.6871
-0.7305
0.2884
3.5000
-4.4800
17.2900
434
504
524
395
440
0.6378
-0.7154
0.2830
0.8400
11.6900
18.3400
433
504
525
396
446
0.5114
-0.6798
0.3177
0.7000
-12.6700
-7.2100
433
504
526
398
450
0.5646
-0.6983
0.2962
-20.7900
-13.4400
-25.4100
433
504
526
399
460
0.6730
-0.6939
0.2508
1.7500
18.5500
-39.0600
433
503
526
402
468
0.5729
-0.5510
0.2747
14.4200
-13.6500
-74.0600
431
502
524
408
475
0.8101
-0.4573
0.3006
16.3800
-4.9000
-63.4900
429
502
521
410
485
0.9179
-0.4455
0.3353
14.2800
40.1800
-56.7000
429
501
520
410
489
0.9379
-0.3762
0.3509
7.6300
31.0100
-42.9800
429
499
519
411
493
0.9340
-0.3494
0.3592
7.3500
3.5700
-29.5400
430
499
519
411
492
0.9955
-0.3187
0.3797
27.0900
12.6700
-11.0600
430
497
518
410
486
0.8965
-0.2572
0.3855
32.4800
-1.9600
1.1200
429
496
517
408
479
0.9223
-0.2635
0.3992
31.5700
-7.1400
13.4400
429
496
517
408
474
0.8828
-0.2747
0.4197
21.2800
3.8500
11.8300
429
495
518
405
460
0.8462
-0.3138
0.4763
-0.7000
-9.5900
17.0800
430
496
518
403
457
0.9506
-0.3640
0.4299
-29.4000
13.5100
26.3900
430
496
518
402
452
0.8374
-0.4236
0.3997
-13.7200
-7.4200
41.7900
430
496
518
402
447
0.7315
-0.4885
0.3684
-2.9400
-28.4900
36.8200
431
496
518
402
443
0.7671
-0.5266
0.3728
13.5800
-8.1900
24.6400
431
497
518
402
442
0.7588
-0.5373
0.3958
6.9300
-14.3500
20.3700
432
497
518
402
441
0.7320
-0.5510
0.3772
-9.5900
-20.7900
23.3100
432
497
518
400
441
0.7501
-0.5954
0.3504
-4.3400
-14.6300
13.1600
432
498
518
399
440
0.7608
-0.5807
0.3587
-4.4800
2.5900
4.7600
432
499
518
398
441
0.7315
-0.5710
0.3416
7.0000
3.2200
-1.6800
432
500
518
399
439
0.7174
-0.5797
0.3875
1.4000
-5.1800
-3.2200
432
500
518
399
442
0.7603
-0.6163
0.3558
-8.4000
1.4700
1.0500
432
500
518
399
442
0.7403
-0.6041
0.3367
-1.4700
3.7100
0.1400
432
500
518
399
442
0.6871
-0.6095
0.3338
-6.7900
2.1700
-7.5600
432
500
517
398
442
0.7174
-0.6129
0.3587
-0.4900
-7.3500
-7.7000
432
500
518
399
439
0.7476
-0.6393
0.3318
-1.8200
-9.1000
-5.3200
432
500
517
399
442
0.7686
-0.6388
0.3030
4.2000
-9.4500
1.3300
432
500
518
398
442
0.7569
-0.5929
0.3792
6.3700
-1.8900
2.1700
432
500
518
398
442
0.7320
-0.5856
0.3528
-2.4500
-2.4500
-0.2100
432
500
517
398
442
0.7491
-0.6134
0.3362
-9.3800
0.5600
-0.0700
432
499
517
397
440
0.7349
-0.6388
0.3148
6.8600
3.0100
-1.8200
432
498
517
398
441
0.7086
-0.6446
0.3109
8.1900
-13.5100
5.0400
432
498
516
398
440
0.7110
-0.6827
0.2596
16.1700
-24.5700
15.4000
433
498
516
398
438
0.7003
-0.6905
0.2991
11.6900
-2.8700
10.9900
433
498
516
396
437
0.7061
-0.6749
0.2913
-9.8700
68.2500
8.8200
433
499
516
391
442
0.5934
-0.6822
0.4006
-9.1000
4.2000
11.9700
433
499
516
390
445
0.6061
-0.7174
0.3738
-16.5900
-0.5600
10.9900
433
500
517
391
447
0.6124
-0.7242
0.3401
3.0100
0.6300
4.6200
433
501
520
395
447
0.5880
-0.7066
0.3728
-8.8200
1.1900
-6.7200
433
502
522
398
448
0.5919
-0.7252
0.3518
-15.7500
-11.4100
-18.2000
433
503
522
401
454
0.6085
-0.7222
0.3938
-10.0100
5.8100
-43.1900
433
503
521
405
457
0.6515
-0.5929
0.3909
-3.1500
-13.6500
-86.3100
432
502
519
406
461
0.7666
-0.4695
0.3392
25.4100
-2.1000
-72.5200
432
502
518
407
467
0.9399
-0.4304
0.3562
19.1100
53.0600
-65.3800
432
501
518
405
472
0.9135
-0.3152
0.4226
-9.9400
3.0100
-61.2500
432
501
518
405
474
1.1029
-0.2850
0.4612
3.5000
2.8000
-33.4600
433
500
517
404
471
1.0326
-0.2469
0.4563
-0.1400
14.8400
-13.8600
433
500
517
403
466
0.9760
-0.2577
0.4265
-1.5400
-10.3600
7.8400
433
500
517
405
462
0.9540
-0.2752
0.3260
0.0000
-2.5200
18.4800
434
498
515
401
455
0.8423
-0.3426
0.3777
-3.1500
5.4600
13.5100
434
498
514
400
452
0.8286
-0.3884
0.3533
11.9000
-31.1500
28.4200
434
497
514
395
448
0.8696
-0.4216
0.3992
1.4000
3.0100
24.9900
434
497
514
395
446
0.8272
-0.4490
0.4050
-6.3700
-8.4000
32.7600
434
497
514
394
446
0.8023
-0.4817
0.3675
-6.2300
-10.5000
31.9200
434
497
514
394
446
0.7754
-0.5231
0.3816
3.9200
-12.1100
22.2600
434
497
514
394
446
0.7579
-0.5485
0.3528
-27.3700
-15.3300
26.6000
434
498
515
394
446
0.7691
-0.6212
0.2826
-24.1500
-18.0600
17.9200
434
499
515
394
444
0.7291
-0.6398
0.2445
20.3000
1.1200
2.1000
434
499
515
395
446
0.7154
-0.5758
0.3601
18.2700
-3.0800
-8.4000
434
499
515
395
445
0.7554
-0.5802
0.3860
-4.2700
-6.3000
-4.5500
434
500
515
395
448
0.7891
-0.6120
0.3235
-10.7800
-2.5200
4.9700
434
499
515
396
445
0.7379
-0.6115
0.2904
-2.1000
2.5900
-1.5400
434
499
514
398
428
0.6998
-0.6129
0.2660
3.0100
-7.6300
-7.4900
434
498
513
401
416
0.7779
-0.6403
0.2996
7.0700
2.1700
-6.8600
434
497
512
403
411
0.7925
-0.6339
0.3294
1.0500
9.5900
-3.0100
434
497
513
403
409
0.7476
-0.6017
0.3406
12.7400
13.0900
-1.0500
434
496
513
403
409
0.7247
-0.6232
0.3455
-0.5600
3.7800
0.5600
434
495
513
403
409
0.7052
-0.6368
0.2840
0.0700
-5.5300
0.1400
434
495
513
412
409
0.6720
-0.6407
0.3113
15.9600
-8.7500
-0.3500
435
496
514
419
409
0.7505
-0.5710
0.4665
16.3100
7.2800
-5.6000
435
496
514
414
410
0.7413
-0.5436
0.4773
-8.1900
0.4200
-5.2500
435
494
513
403
412
0.7720
-0.6056
0.3226
-5.3200
-9.6600
6.7900
434
493
512
393
412
0.6300
-0.6866
0.2430
36.1900
-25.6200
7.0000
433
494
511
387
413
0.7017
-0.7169
0.3304
33.3900
-14.9800
12.4600
433
495
510
387
414
0.6983
-0.6856
0.3880
-12.6000
-8.0500
16.1700
433
496
512
391
421
0.6954
-0.6246
0.3372
-16.9400
9.9400
3.9200
434
497
513
393
435
0.5300
-0.6149
0.3592
-29.1900
-1.9600
-11.7600
433
498
515
394
454
0.5978
-0.6324
0.3304
-9.9400
-25.5500
-31.9200
433
499
518
401
458
0.7310
-0.6041
0.3431
-17.4300
-16.1000
-46.6900
431
499
519
406
465
0.7408
-0.5427
0.3475
11.6900
18.7600
-57.2600
426
499
518
409
457
0.8067
-0.4182
0.2757
18.8300
-29.9600
-65.6600
426
499
518
409
457
0.9653
-0.3797
0.2381
31.7800
-26.5300
-58.5900
419
492
519
408
455
1.0063
-0.3143
0.3094
26.4600
-30.6600
-34.3700
419
489
519
406
458
1.0516
-0.2733
0.3192
30.4500
-0.2800
-13.9300
419
487
519
403
458
0.9838
-0.2840
0.2865
14.2100
-4.4100
5.1800
418
486
518
402
458
0.9394
-0.3152
0.3065
-5.1800
6.9300
11.3400
418
485
517
403
462
0.9506
-0.3436
0.3040
-3.5000
21.0000
13.9300
418
484
516
401
461
0.8725
-0.3831
0.2713
-8.9600
-2.3800
15.1200
417
485
516
397
457
0.9023
-0.4177
0.2913
5.8100
4.4100
19.3900
416
485
516
394
457
0.8545
-0.4314
0.3314
2.1000
-14.5600
30.6600
417
489
515
388
450
0.7891
-0.4592
0.3709
3.0800
-6.0200
25.9000
417
490
515
384
452
0.8369
-0.4778
0.3606
-22.6100
-6.1600
22.4000
416
490
515
382
453
0.8418
-0.5144
0.3011
-12.9500
-3.7100
23.8000
417
491
515
381
450
0.7779
-0.5490
0.3050
-6.7900
-3.3600
23.8700
417
491
515
380
452
0.7413
-0.5714
0.3318
-7.1400
4.8300
13.6500
417
492
515
379
450
0.6983
-0.5607
0.3192
-5.4600
-13.8600
3.3600
417
492
515
380
452
0.7549
-0.5773
0.3328
-4.2000
0.3500
-6.7200
418
493
515
381
452
0.7642
-0.6134
0.3104
-4.9000
-8.5400
-4.0600
418
493
515
381
453
0.7559
-0.6261
0.2830
-0.4900
-8.4000
-3.9900
418
492
515
381
453
0.7291
-0.6227
0.2728
10.0800
-5.4600
-6.0900
418
492
515
380
453
0.7935
-0.6071
0.3411
4.2700
7.7700
-1.0500
418
492
515
380
452
0.7491
-0.5924
0.3235
-5.1100
-2.8000
-3.8500
418
492
515
380
453
0.7457
-0.6071
0.2933
-2.5900
-0.2800
-5.8100
418
492
515
380
453
0.7383
-0.5988
0.3016
2.3100
-0.2800
-4.6200
418
492
515
380
450
0.7623
-0.6061
0.3182
5.8100
0.5600
1.9600
418
492
514
380
453
0.7315
-0.6115
0.3011
2.6600
-11.0600
7.1400
418
492
514
379
452
0.7271
-0.6627
0.2294
-5.2500
-24.7800
11.1300
419
492
514
379
451
0.8111
-0.7086
0.2733
8.5400
7.4200
18.2700
418
492
514
380
451
0.7159
-0.6861
0.2811
-17.7800
18.4800
35.4900
418
492
514
376
455
0.5832
-0.7315
0.3226
-24.5700
-2.5200
13.3700
417
492
514
374
457
0.5002
-0.7135
0.3231
2.4500
-1.5400
-13.0900
417
492
514
377
464
0.5348
-0.7218
0.2601
-12.5300
-7.6300
-42.2100
417
492
514
382
471
0.6129
-0.6051
0.2357
5.3200
45.9900
-63.5600
417
492
513
387
480
0.7281
-0.5197
0.3406
25.6900
-2.1700
-81.9000
418
492
513
392
484
0.8608
-0.3967
0.3850
25.5500
52.3600
-73.7100
418
492
514
392
492
0.9150
-0.2460
0.4553
5.4600
1.8200
-45.7800
418
491
514
394
494
0.9384
-0.2094
0.4387
8.3300
-8.2600
-25.0600
418
490
513
394
492
0.9828
-0.2352
0.4299
19.6000
4.7600
-8.1900
418
490
513
393
484
0.9316
-0.2181
0.4368
27.4400
-8.7500
7.8400
418
489
513
394
481
0.8886
-0.2381
0.4421
5.9500
-16.1700
12.4600
419
489
512
394
477
0.8813
-0.2860
0.4211
-7.1400
-17.7800
20.6500
419
488
513
395
476
0.9096
-0.3299
0.3597
-21.6300
-7.2100
24.0800
419
488
513
393
473
0.8438
-0.3894
0.3357
-9.8700
-18.8300
34.2300
419
488
513
387
465
0.8477
-0.4729
0.3099
0.5600
-17.9900
32.4800
419
488
513
384
464
0.8042
-0.5026
0.3206
-2.7300
-12.0400
42.5600
419
488
513
382
461
0.8018
-0.5280
0.3216
-6.2300
-14.3500
37.0300
418
489
513
379
461
0.7481
-0.5797
0.3201
-9.1700
2.1700
24.0100
418
489
513
377
461
0.7300
-0.5973
0.2499
-29.7500
6.7200
10.0100
418
489
513
376
461
0.7745
-0.6046
0.2855
-2.2400
11.5500
-1.1900
417
489
513
375
462
0.7784
-0.5998
0.3270
9.3100
13.7900
-3.3600
418
489
513
375
462
0.7413
-0.6022
0.3245
-8.6800
-6.6500
-4.4800
418
489
513
376
463
0.7042
-0.6324
0.2904
-3.0100
-11.4800
-4.5500
418
489
513
374
463
0.7769
-0.6529
0.3162
-0.7700
-0.6300
0.4200
418
489
513
374
463
0.7515
-0.6285
0.3001
-0.7700
1.5400
0.4200
418
489
513
375
463
0.7261
-0.6407
0.2913
-2.8000
2.4500
-2.1000
418
489
513
375
462
0.7003
-0.6373
0.2723
-4.9000
-0.4900
-2.3800
417
489
513
375
463
0.7061
-0.6573
0.2699
-3.1500
-3.3600
-0.9100
418
489
513
375
463
0.7520
-0.6573
0.3196
8.1900
3.9900
-0.4900
418
489
513
375
463
0.7154
-0.6437
0.3172
5.7400
-9.9400
-0.3500
418
489
513
375
461
0.7193
-0.7071
0.2045
-2.8000
-32.3400
9.8000
417
489
513
375
462
0.7008
-0.6974
0.2279
1.8900
-4.3400
16.8700
418
489
513
374
459
0.6490
-0.7149
0.3040
-12.3900
-7.9100
9.5200
419
491
513
373
460
0.6827
-0.7403
0.2830
-13.0200
-0.9100
0.1400
421
493
513
376
458
0.6593
-0.7135
0.2225
4.2700
12.5300
-5.6700
421
493
513
379
467
0.6007
-0.6988
0.2484
12.4600
-9.0300
-39.4800
420
493
513
384
475
0.6525
-0.5939
0.2767
32.2000
-2.0300
-49.4900
420
492
512
389
481
0.7388
-0.5412
0.3314
28.9100
-14.9800
-66.3600
420
493
511
394
482
0.8808
-0.4270
0.3567
34.8600
-8.2600
-63.7000
421
493
511
395
479
0.9887
-0.3553
0.3465
37.1000
-1.4000
-47.9500
421
493
512
394
478
0.9941
-0.2728
0.3377
14.0700
8.2600
-43.8900
422
493
512
394
486
0.9823
-0.2767
0.3616
18.0600
4.1300
-26.3200
423
492
512
396
482
0.9609
-0.1269
0.3992
-4.7600
-2.0300
-14.1400
423
491
512
397
480
0.9511
-0.2347
0.3845
-5.8100
-6.0900
5.1100
424
491
511
396
475
0.9604
-0.2767
0.3792
-11.3400
1.8900
15.1200
424
490
511
395
473
0.9282
-0.3030
0.3723
-26.4600
27.5100
14.4200
424
490
510
393
471
0.8276
-0.3611
0.3475
-20.0200
-8.6800
23.6600
424
490
510
388
467
0.8257
-0.4231
0.3333
3.9200
-9.4500
31.4300
424
490
509
385
467
0.8447
-0.4656
0.3533
9.3100
-13.9300
32.6900
424
490
510
383
465
0.8276
-0.4904
0.3631
12.6700
-12.6700
32.9000
424
490
510
382
464
0.8111
-0.4943
0.3631
7.0000
-8.1900
29.3300
423
491
509
381
461
0.7740
-0.5392
0.3431
-22.3300
0.0700
26.7400
423
491
510
378
461
0.7354
-0.5783
0.3289
-6.1600
-4.2700
12.6700
423
491
511
378
461
0.6666
-0.5744
0.3636
7.6300
-7.3500
-1.8900
423
491
511
378
461
0.7496
-0.5846
0.3655
-3.9200
2.8000
-5.9500
424
491
511
378
462
0.7774
-0.6051
0.3440
-3.4300
4.4100
-2.9400
424
491
511
379
463
0.7218
-0.6032
0.3353
-5.8100
0.7000
-3.9200
424
491
511
378
463
0.7505
-0.6139
0.3450
0.7700
0.0000
-2.0300
424
491
511
378
463
0.7393
-0.6154
0.3494
2.5200
2.5900
-1.1200
424
491
511
378
461
0.7198
-0.6080
0.3353
-1.1200
-7.2100
-1.3300
424
491
511
378
463
0.7310
-0.6290
0.3372
0.5600
-7.6300
2.1700
424
491
511
378
460
0.7403
-0.6520
0.3196
-0.7700
-9.7300
11.3400
424
491
511
377
462
0.7247
-0.6632
0.3055
-15.7500
4.1300
18.5500
424
491
511
375
459
0.6920
-0.7022
0.2826
-29.9600
18.2000
23.9400
424
493
511
375
462
0.6305
-0.6520
0.2674
-5.8800
10.0800
14.2100
424
495
512
376
463
0.6134
-0.7564
0.2938
12.8800
-3.9900
7.0700
424
495
512
379
465
0.5690
-0.7291
0.3299
27.7200
-6.5100
-10.2900
424
495
512
385
468
0.5739
-0.6871
0.3880
31.9200
17.8500
-28.2100
424
497
514
398
473
0.5597
-0.6773
0.4255
26.7400
-42.2100
-38.6400
424
497
513
405
483
0.5685
-0.5529
0.4089
38.5700
-56.0700
-59.5700
424
497
513
409
484
0.6217
-0.4363
0.4158
71.8200
-49.4200
-82.8800
424
496
513
408
473
0.9399
-0.2713
0.4182
37.8700
-42.0000
-74.9000
424
496
514
408
468
1.1039
-0.1918
0.3235
12.3900
4.0600
-54.2500
424
495
514
407
466
1.0311
-0.1342
0.4260
-0.8400
-3.3600
-22.8200
425
496
515
405
472
1.0155
-0.1547
0.3943
-7.1400
1.8200
-0.2800
425
496
514
405
474
0.9565
-0.1810
0.3802
-24.7800
-0.2800
5.8100
425
495
514
404
469
0.9106
-0.2118
0.3084
-43.2600
-13.1600
21.2100
425
493
514
402
469
0.9204
-0.3167
0.2650
-23.5200
-3.3600
19.7400
425
492
514
401
468
0.9194
-0.3943
0.3016
-19.1800
12.6000
20.7900
426
488
514
395
468
0.9038
-0.4216
0.3182
-0.4900
-2.5200
28.4900
426
487
514
393
468
0.8818
-0.4485
0.3006
-3.9200
-4.8300
36.1200
426
487
514
391
465
0.8506
-0.5056
0.3040
-22.8200
10.4300
34.0200
426
487
514
383
468
0.7496
-0.5480
0.2952
-21.0000
1.1900
30.0300
426
487
514
380
469
0.7359
-0.5841
0.3094
-14.0700
-2.5900
18.9700
425
487
514
379
471
0.7042
-0.6017
0.3035
-3.3600
9.8700
6.3000
425
487
514
379
473
0.6939
-0.5797
0.3226
8.1200
-4.7600
-1.7500
425
487
514
380
474
0.7325
-0.5983
0.3309
0.7000
-17.6400
-4.2000
425
487
514
380
474
0.7779
-0.6159
0.3167
6.6500
-2.7300
-2.6600
425
487
514
380
474
0.7300
-0.6027
0.3260
1.6800
0.8400
-4.9700
425
487
514
380
474
0.7188
-0.6281
0.3211
-4.1300
-2.1000
-4.9700
425
487
514
380
475
0.7501
-0.6276
0.3050
0.6300
-0.9800
0.0700
425
486
514
380
475
0.7291
-0.6237
0.3314
-0.4900
0.7700
-0.9100
425
486
513
379
475
0.7252
-0.6285
0.3192
0.9800
3.7800
-6.7900
425
486
513
379
473
0.7491
-0.6144
0.3299
5.6000
11.7600
-5.6700
425
486
513
379
476
0.7462
-0.6310
0.3450
-0.7000
-5.9500
-0.7700
424
485
513
377
476
0.7393
-0.6490
0.2874
0.2800
-29.8900
10.7100
418
483
513
375
473
0.7174
-0.6925
0.2762
12.2500
-15.1900
17.3600
418
484
513
374
470
0.6285
-0.6866
0.3187
16.8700
-6.7900
10.7100
418
484
513
374
467
0.6798
-0.6891
0.3294
1.6100
2.2400
16.8000
418
486
513
375
470
0.6227
-0.7008
0.2957
-20.4400
1.4000
10.2200
419
487
513
379
471
0.5524
-0.6847
0.3162
-2.8700
-6.9300
-11.4100
420
490
513
386
483
0.6276
-0.6783
0.3143
3.0100
8.7500
-32.6200
414
488
513
390
485
0.5700
-0.6188
0.3806
19.7400
-39.2000
-61.6000
409
475
513
394
485
0.7091
-0.5119
0.3196
-4.9700
-35.5600
-87.9900
409
478
513
398
491
0.8926
-0.4202
0.3606
14.2100
7.5600
-70.0000
410
478
513
397
493
1.0238
-0.3396
0.3255
14.9100
-8.8900
-55.3000
409
477
511
396
495
1.0526
-0.2425
0.3192
10.9900
7.4200
-35.9800
409
476
510
396
500
1.0355
-0.2284
0.3694
-1.9600
7.4200
-17.9900
409
475
510
396
496
1.0024
-0.2245
0.3836
0.2100
-4.7600
-2.4500
409
474
510
397
491
0.9648
-0.1274
0.3582
0.4200
11.0600
8.4700
409
474
510
397
486
0.9404
-0.2879
0.3621
-8.3300
3.9900
16.0300
409
474
509
396
478
0.9243
-0.3475
0.3065
-33.3200
-3.9200
21.8400
410
474
509
394
477
0.9052
-0.4080
0.2933
-7.0700
-4.6200
37.4500
411
475
509
387
471
0.8525
-0.4451
0.3065
-22.6800
1.4700
40.3200
412
474
509
384
472
0.8213
-0.5124
0.3328
-10.5000
-0.2100
40.8100
412
474
509
382
471
0.6320
-0.5563
0.3314
-3.2200
10.2900
30.4500
412
475
508
381
470
0.7100
-0.5915
0.3304
-5.3900
-7.8400
18.4800
413
476
509
381
470
0.6847
-0.6027
0.3187
9.4500
2.3800
8.1900
412
477
509
381
470
0.6881
-0.5763
0.3870
8.5400
-5.5300
-3.5700
413
477
509
382
470
0.7442
-0.6041
0.3850
-0.5600
2.1000
-3.7800
413
477
509
382
471
0.7496
-0.6202
0.3187
-4.9000
-2.1000
-2.5900
413
478
509
382
471
0.7091
-0.6290
0.3284
1.4700
-2.5900
-5.9500
413
478
509
382
471
0.7164
-0.6276
0.3479
3.2200
-9.5200
-3.9900
413
478
509
382
471
0.7276
-0.6281
0.3543
0.7700
-3.4300
-1.7500
414
478
509
382
471
0.7369
-0.6261
0.3577
2.3800
4.9000
-1.6800
414
478
509
382
471
0.7320
-0.6251
0.3694
-1.4000
1.1200
1.1200
414
478
509
382
472
0.7149
-0.6422
0.3338
3.0800
0.3500
3.5700
415
478
509
382
470
0.6822
-0.6520
0.3167
0.2800
-23.4500
8.0500
415
478
509
382
472
0.6974
-0.6881
0.3016
1.9600
-25.9000
17.3600
417
478
509
380
471
0.7315
-0.6993
0.3318
2.5200
-4.6200
21.3500
419
480
509
381
470
0.6071
-0.7091
0.2972
-1.6100
-33.1100
4.5500
421
483
509
383
466
0.6090
-0.7105
0.2918
10.0800
-25.2000
-1.8200
423
487
510
385
468
0.6285
-0.7144
0.2782
6.3000
-15.6100
-5.5300
424
491
510
389
469
0.6115
-0.7125
0.2948
6.5100
-18.4800
-13.3700
424
491
510
391
469
0.5895
-0.6437
0.3250
21.4900
-16.8000
-36.6800
423
491
510
396
476
0.7115
-0.5690
0.3587
1.3300
-31.5000
-61.4600
423
491
510
399
480
0.8433
-0.5012
0.2855
7.5600
6.3700
-65.4500
423
490
510
399
482
0.9179
-0.4128
0.3504
41.9300
7.0700
-66.0800
423
487
510
396
485
0.9989
-0.3396
0.3509
-0.3500
-15.6800
-46.4100
424
487
510
395
487
0.9697
-0.2723
0.3572
6.6500
15.0500
-37.3800
424
486
510
395
486
0.9370
-0.2386
0.3665
12.6000
7.2800
-27.8600
424
486
510
394
483
0.9623
-0.2562
0.3450
4.2700
-3.8500
-16.1000
425
486
510
395
474
0.9604
-0.2289
0.3860
-4.5500
11.6200
-9.3800
425
486
510
396
474
0.9614
-0.2220
0.4006
-4.8300
10.1500
-0.9800
426
486
510
398
471
0.9389
-0.2684
0.4124
7.2800
17.5000
8.3300
426
483
509
399
474
0.9130
-0.2767
0.4260
3.5700
6.0900
21.4200
426
481
509
400
468
0.8599
-0.3426
0.4211
1.0500
-4.6900
30.8000
426
480
508
392
466
0.8208
-0.3704
0.4431
2.4500
-17.2200
38.5700
426
480
509
389
462
0.7915
-0.3958
0.4280
0.9100
-18.6200
34.7200
426
481
509
389
464
0.7993
-0.4431
0.3860
-10.0100
-12.1800
29.8900
426
484
510
389
463
0.7930
-0.4656
0.3582
-18.9700
-5.1100
20.9300
426
488
510
391
462
0.7608
-0.4563
0.4270
4.1300
-5.4600
6.5100
426
489
510
391
465
0.7959
-0.4953
0.3787
-3.3600
-1.8900
0.7700
427
489
510
392
465
0.7837
-0.5324
0.3714
0.9800
4.7600
-3.5700
427
489
510
392
464
0.7623
-0.5270
0.3943
-2.5900
0.3500
-3.5000
427
489
510
392
464
0.7725
-0.5324
0.3582
-0.9100
-2.9400
-0.5600
427
489
510
391
464
0.7901
-0.5383
0.3621
6.5100
-3.4300
-1.8200
427
487
510
390
464
0.7989
-0.5519
0.3665
15.6800
-8.7500
5.8100
427
485
510
389
463
0.8106
-0.5661
0.3572
3.2200
-6.3700
15.0500
426
486
510
389
462
0.8047
-0.6095
0.3562
-0.4200
4.0600
22.6800
426
487
510
388
461
0.7042
-0.6237
0.3802
-13.5100
-2.7300
25.4800
425
488
510
387
460
0.6705
-0.6910
0.3411
-10.0800
9.1000
22.8900
424
489
510
386
462
0.6173
-0.6832
0.3523
-5.9500
42.3500
14.8400
424
490
510
387
469
0.5305
-0.6861
0.4109
-4.0600
20.0900
-0.2100
424
491
510
389
475
0.5973
-0.7266
0.3758
-6.7900
5.6700
-10.4300
424
491
510
392
472
0.5373
-0.6808
0.3616
-1.5400
2.0300
-29.6100
423
491
510
397
474
0.5588
-0.6124
0.3362
5.0400
-4.0600
-40.6700
422
491
510
399
473
0.5324
-0.4982
0.4128
14.3500
-40.7400
-78.4000
422
490
510
400
478
0.8394
-0.3963
0.3621
45.6400
6.3000
-80.2900
421
489
509
400
483
0.9536
-0.3016
0.4724
70.8400
-13.5100
-56.7700
421
488
510
399
485
0.9662
-0.1850
0.5490
18.2000
-7.1400
-41.1600
421
487
510
397
487
0.9975
-0.1625
0.5104
-9.3800
8.4000
-21.1400
421
487
510
398
489
0.9487
-0.1810
0.4782
-10.8500
9.6600
-11.2000
421
486
510
400
484
0.9155
-0.1630
0.4582
-9.2400
15.5400
-3.4300
421
486
510
401
483
0.8891
-0.1791
0.4538
-1.5400
9.5900
0.5600
421
485
509
401
476
0.8516
-0.3016
0.5475
2.3100
-8.1900
31.9900
422
481
510
391
462
0.8394
-0.3338
0.5407
-8.0500
-10.0100
42.7700
422
482
510
391
459
0.7867
-0.4036
0.4412
-1.8900
-11.4100
36.1900
421
482
510
391
457
0.7569
-0.3826
0.5295
-5.9500
-2.7300
22.0500
420
482
511
391
458
0.7530
-0.4524
0.4656
-11.5500
-28.2100
29.3300
420
483
511
390
456
0.8150
-0.5212
0.3762
-9.5900
-5.2500
33.2500
420
485
511
389
458
0.7447
-0.5622
0.3518
-31.0800
-22.1200
36.8900
420
487
511
387
457
0.7110
-0.5578
0.4153
-19.6700
0.4900
15.6100
420
489
511
388
460
0.6612
-0.5788
0.4016
-9.4500
-11.9700
-5.8800
420
490
512
389
461
0.7496
-0.6486
0.3640
-12.9500
-7.3500
-6.7200
421
490
512
390
462
0.7432
-0.6329
0.3309
4.5500
6.4400
0.9100
420
490
512
390
463
0.6866
-0.6295
0.3470
-3.8500
-5.4600
-4.6200
420
490
512
390
463
0.7291
-0.6529
0.3133
-2.1000
-2.4500
-3.0100
421
489
512
390
462
0.7183
-0.6500
0.3065
-0.7700
-3.5000
-2.2400
421
489
512
390
463
0.7047
-0.6412
0.3314
3.5700
1.7500
-5.2500
421
489
512
390
463
0.7164
-0.6539
0.3362
3.2200
2.3800
-3.4300
421
489
512
390
463
0.7325
-0.6515
0.3396
1.4700
0.4900
-1.7500
421
488
512
390
462
0.7139
-0.6495
0.3265
-5.6000
-3.7800
-0.9100
421
488
511
389
464
0.7174
-0.6500
0.3162
-2.8700
-7.8400
-1.1200
421
488
511
388
462
0.7247
-0.6686
0.3235
2.1700
-4.9000
-3.0100
420
487
511
387
465
0.6974
-0.6588
0.3177
3.0100
-3.4300
-5.8800
420
487
511
387
463
0.7242
-0.6510
0.3079
2.5200
-4.2700
-3.6400
420
487
511
387
465
0.7061
-0.6588
0.3201
3.0800
-4.9000
-4.1300
420
487
511
387
465
0.7174
-0.6525
0.3274
4.1300
-3.8500
-2.5900
420
487
511
387
465
0.7222
-0.6588
0.3255
3.4300
-3.9200
-3.0100
420
486
511
386
465
0.7047
-0.6437
0.3182
4.6200
-4.2000
-4.0600
420
486
511
386
465
0.7086
-0.6427
0.3255
2.8700
-1.9600
-3.6400
420
486
511
386
465
0.7300
-0.6486
0.3309
-0.9800
-0.8400
-1.5400
420
486
511
386
466
0.7242
-0.6349
0.3353
2.9400
-0.4900
-2.8000
420
486
511
386
465
0.6988
-0.6398
0.3284
0.7000
-3.0100
-4.4800
420
486
511
386
463
0.6983
-0.6437
0.3323
2.8700
-4.4100
-3.6400
420
486
511
386
465
0.7066
-0.6461
0.3406
1.6100
-1.8900
-3.7100
420
486
511
386
463
0.7081
-0.6442
0.3182
3.0800
-4.3400
-3.3600
420
486
511
386
465
0.7096
-0.6407
0.3343
5.2500
-3.2900
-3.7100
420
486
511
386
463
0.7286
-0.6407
0.3499
3.5000
-1.3300
-2.9400
420
486
511
386
465
0.7061
-0.6281
0.3382
0.7000
-2.3100
-4.7600
420
486
511
386
465
0.7037
-0.6290
0.3323
2.0300
-3.1500
-4.6900
420
486
511
386
465
0.7159
-0.6417
0.3440
2.3800
-2.8700
-3.3600
420
486
511
386
465
0.7291
-0.6412
0.3460
0.4900
-2.4500
-2.6600
420
486
511
386
465
0.7061
-0.6290
0.3392
1.6100
-3.2200
-5.2500
420
486
511
386
465
0.7149
-0.6271
0.3465
0.2100
-4.8300
-4.8300
420
486
511
386
465
0.7193
-0.6344
0.3523
1.6100
-3.6400
-2.1000
420
486
510
386
465
0.7081
-0.6466
0.3548
2.1000
0.2100
-3.1500
420
486
510
385
463
0.7271
-0.6334
0.3455
3.4300
-1.5400
-0.0700
420
486
511
385
465
0.6817
-0.6115
0.3665
-0.2800
-2.3800
-5.6700
420
486
510
385
463
0.7164
-0.6227
0.3494
1.6800
-2.6600
-2.5900
420
486
510
385
465
0.6905
-0.6285
0.3704
1.5400
-3.2200
-4.6200
420
486
510
385
463
0.7144
-0.6359
0.3587
-0.8400
-1.4700
-3.5700
420
486
510
385
465
0.7174
-0.6290
0.3533
3.0800
-3.2200
-3.4300
420
486
511
385
463
0.6969
-0.6383
0.3543
3.7800
-2.9400
-5.2500
420
486
510
385
465
0.7242
-0.6403
0.3523
2.6600
-3.5700
-3.0800
420
485
511
385
465
0.7061
-0.6290
0.3704
1.4000
-3.3600
-3.5700
420
485
511
385
465
0.6852
-0.6383
0.3523
0.3500
-2.1700
-5.9500
420
485
510
385
465
0.7476
-0.6217
0.3601
3.5000
-1.8200
-0.7700
420
485
510
385
465
0.6978
-0.6144
0.3592
-2.2400
-2.3100
-5.2500
420
485
510
385
465
0.7178
-0.6403
0.3455
0.7000
-2.5900
-4.9700
420
485
510
385
465
0.7052
-0.6183
0.3787
3.0100
-3.0100
-3.9900
420
485
510
385
465
0.6891
-0.6242
0.3665
-2.4500
-4.5500
-5.5300
420
485
510
385
466
0.7164
-0.6281
0.3567
1.1900
-5.8100
-5.0400
420
485
510
385
465
0.6998
-0.6246
0.3460
2.3800
-3.9900
-5.0400
420
485
510
385
463
0.7115
-0.6227
0.3606
2.5900
-3.2200
-5.7400
420
485
510
385
465
0.7222
-0.6115
0.3543
1.7500
-2.8700
-3.9200
420
485
510
385
463
0.7208
-0.6134
0.3323
4.2700
-7.4900
-1.3300
420
485
510
385
465
0.7271
-0.6041
0.3826
4.1300
-7.8400
-1.8900
420
485
510
385
463
0.7237
-0.6056
0.3792
-0.5600
-4.4100
-2.5200
420
485
510
385
465
0.7388
-0.6217
0.3314
17.7100
-4.4800
-0.0700
420
485
510
385
463
0.7330
-0.6344
0.3343
4.9000
-10.0100
4.5500
420
485
510
385
464
0.7008
-0.6139
0.3655
1.1900
-6.0900
-0.6300
420
485
511
386
461
0.7174
-0.6251
0.3401
-4.0600
-10.4300
-3.2200
420
486
511
388
463
0.7349
-0.6329
0.3128
2.9400
-1.4700
-2.1700
420
486
511
391
459
0.7257
-0.6305
0.3235
1.6100
-0.9100
-2.7300
421
486
511
395
461
0.7213
-0.6305
0.3348
1.6100
-4.1300
-2.3800
421
486
511
400
459
0.7154
-0.6368
0.3460
2.2400
-1.9600
-6.0200
420
486
511
405
456
0.7354
-0.6246
0.3318
1.9600
0.6300
-7.0000
420
486
512
411
452
0.7427
-0.6168
0.3343
5.5300
1.4000
-2.2400
421
487
513
416
440
0.7032
-0.6168
0.3699
-0.5600
-3.5000
-3.7100
421
488
513
421
433
0.7188
-0.6364
0.3411
-4.6200
-3.5700
-3.5700
422
490
514
426
428
0.7320
-0.6388
0.3382
-6.0900
-4.8300
-4.9700
424
492
516
432
423
0.7130
-0.6310
0.3128
-1.4000
-13.7900
-9.2400
428
496
521
435
413
0.7266
-0.6378
0.3143
5.1100
-6.4400
-1.8900
432
498
525
436
407
0.7447
-0.6246
0.3118
9.2400
13.2300
0.7000
435
499
528
441
399
0.7486
-0.6486
0.3431
14.3500
11.6200
-1.2600
437
498
529
446
392
0.6930
-0.6198
0.3870
8.5400
9.9400
-4.6200
433
498
529
448
389
0.7086
-0.6217
0.3997
7.0700
18.0600
-6.3000
431
499
529
450
390
0.7013
-0.6085
0.4299
7.2800
17.6400
-4.2700
431
500
530
453
390
0.6608
-0.6022
0.4382
8.8900
3.9200
-7.0700
432
501
530
457
390
0.7071
-0.5988
0.4636
2.0300
1.8200
-2.7300
433
501
529
460
390
0.6690
-0.5836
0.4704
1.8200
11.1300
-0.9100
433
501
529
460
390
0.6637
-0.5968
0.4963
-10.3600
26.3200
-3.3600
433
499
529
453
391
0.6368
-0.5822
0.5261
8.6100
15.2600
-3.5700
434
496
529
449
391
0.6193
-0.5788
0.5407
6.5100
3.7800
-2.7300
434
496
529
450
391
0.6320
-0.5793
0.5466
9.4500
28.9800
-6.4400
434
497
529
451
391
0.5675
-0.5641
0.6041
2.9400
4.9000
-10.8500
435
497
529
451
391
0.5866
-0.5656
0.6046
0.7700
6.0200
-10.0100
435
497
529
450
392
0.6061
-0.5627
0.6124
-0.2800
13.3700
-5.2500
436
497
528
449
393
0.5710
-0.5436
0.6256
-8.8200
71.8200
0.0000
435
496
529
450
393
0.4465
-0.5646
0.6778
8.6800
53.4100
-4.6900
435
495
529
451
393
0.3811
-0.5490
0.7427
7.0700
54.9500
-11.5500
435
495
529
452
393