-0.1864
-0.9687
-0.1137
1.5400
-3.5000
-2.4500
422
473
512
433
488
-0.1913
-0.9740
-0.1215
1.4000
-2.3800
-3.5000
422
473
512
433
489
-0.1801
-0.9677
-0.1254
0.5600
-2.8700
-4.2000
422
472
511
433
487
-0.1781
-0.9706
-0.1322
5.6700
-3.5700
-1.9600
422
472
510
433
489
-0.1825
-0.9814
-0.1025
1.4700
-3.8500
-1.9600
421
471
510
433
488
-0.1859
-0.9618
-0.1020
5.7400
-7.0000
-1.6800
421
469
509
433
488
-0.1796
-0.9906
-0.1210
12.1800
-9.9400
-1.0500
417
464
508
432
487
-0.1932
-0.9618
-0.0913
4.7600
-5.6000
-1.8200
412
458
503
431
484
-0.1649
-0.9950
-0.0761
29.4700
-8.5400
-0.7000
404
452
499
430
485
-0.2230
-0.8921
-0.0181
34.0200
-5.3200
19.4600
395
446
486
426
482
-0.2352
-0.9365
0.0630
40.5300
-14.4200
37.4500
387
441
474
419
479
-0.3050
-0.9184
0.1425
52.1500
-21.5600
33.9500
378
432
461
417
480
-0.3353
-0.8481
0.2118
72.5200
-14.4200
44.7300
361
426
452
413
473
-0.3992
-0.7813
0.3260
87.8500
-25.3400
32.4800
347
418
448
410
466
-0.4656
-0.6998
0.4455
68.2500
-29.3300
30.5200
330
401
433
403
463
-0.5041
-0.6417
0.5178
64.1200
-20.2300
35.0700
307
379
416
393
463
-0.4812
-0.5680
0.5983
77.9100
1.8200
56.9100
287
356
392
388
460
-0.6446
-0.4563
0.6588
31.0800
-31.6400
41.3700
276
341
374
379
462
-0.5939
-0.3719
0.7232
38.3600
-17.0100
34.9300
272
336
361
375
460
-0.5905
-0.2664
0.7427
31.5000
-17.0100
33.3200
272
337
345
371
457
-0.6076
-0.1986
0.7613
36.9600
-12.0400
34.0200
271
339
321
369
461
-0.6056
-0.1240
0.7881
44.3100
-5.2500
34.6500
272
344
312
368
466
-0.5778
-0.0512
0.7525
44.9400
-11.7600
32.1300
268
340
306
363
469
-0.6202
0.0712
0.7959
47.8800
-0.2800
21.5600
266
339
299
361
478
-0.6285
0.1547
0.7969
39.4100
-3.5700
11.2000
269
342
297
363
485
-0.5778
0.2054
0.7510
44.8700
-5.1100
16.0300
268
341
299
363
491
-0.5924
0.2889
0.7476
31.7800
-6.1600
6.6500
254
321
299
363
493
-0.5944
0.2957
0.7525
8.1900
-5.1800
0.7700
247
321
300
362
493
-0.5744
0.3143
0.7252
17.2200
-8.8200
0.9800
237
312
301
361
492
-0.5871
0.3479
0.7442
6.5800
-13.4400
-2.8000
225
301
300
360
490
-0.5695
0.3030
0.7266
8.3300
-6.6500
-1.4000
215
297
294
357
492
-0.5568
0.3387
0.7496
0.5600
-4.2700
-4.2000
211
294
290
356
490
-0.5417
0.3157
0.7364
6.6500
-5.3900
-1.8200
208
290
288
355
493
-0.5427
0.3494
0.7808
2.7300
-2.8000
-1.6100
208
293
288
355
490
-0.5744
0.3680
0.7554
-1.1900
-4.1300
-5.7400
208
293
289
355
492
-0.5529
0.3445
0.7427
5.9500
-5.0400
-0.5600
208
291
289
354
492
-0.5451
0.3553
0.7496
3.0100
-4.4800
-1.0500
206
288
288
352
493
-0.5583
0.3538
0.7340
1.2600
-7.2100
-1.7500
206
288
288
352
493
-0.5588
0.3558
0.7544
-4.0600
-4.3400
-5.3200
208
288
289
354
490
-0.5427
0.3538
0.7491
5.8100
-3.7100
-4.4800
208
289
290
356
492
-0.5549
0.3611
0.7374
0.0000
-2.4500
-4.5500
209
290
291
358
489
-0.5671
0.3372
0.7247
0.3500
-3.4300
-4.2000
210
291
291
358
491
-0.5539
0.3348
0.7300
5.1800
-3.9200
-2.1000
210
292
292
359
489
-0.5485
0.3455
0.7310
5.3900
-4.9700
-0.0700
211
292
292
359
491
-0.5392
0.3572
0.7320
3.9200
-5.1100
-1.5400
211
293
293
359
488
-0.5480
0.3587
0.7418
-1.6800
-5.8100
-5.0400
212
293
294
359
490
-0.5617
0.3592
0.7559
-6.3000
-1.4000
-11.4100
213
294
294
359
489
-0.5695
0.3538
0.7515
-16.5900
0.2100
-17.6400
214
295
295
359
487
-0.5744
0.2845
0.7505
-17.9900
12.4600
-27.5800
214
296
296
360
486
-0.5866
0.2401
0.7535
-23.1700
13.9300
-30.4500
215
296
297
360
485
-0.6032
0.1776
0.7149
-39.6200
29.4700
-45.9200
216
297
298
360
477
-0.6856
0.1020
0.7125
-99.2600
42.2100
-79.6600
219
301
300
363
466
-0.7754
-0.0986
0.6500
-106.1900
26.5300
-98.9800
233
321
316
370
453
-0.6959
-0.2845
0.5475
-86.5900
2.5900
-70.1400
252
338
343
379
443
-0.6730
-0.4494
0.4924
-76.5100
-28.6300
-53.9000
286
363
396
389
440
-0.6139
-0.5524
0.4699
-70.9800
-22.4700
-37.2400
323
393
448
401
438
-0.5339
-0.7374
0.4358
-70.6300
-3.9900
-40.7400
358
414
470
416
436
-0.4182
-0.7271
0.3201
-70.1400
0.8400
-31.1500
369
432
482
425
440
-0.5070
-0.8442
0.2294
-69.5100
6.1600
-37.0300
371
439
489
429
442
-0.3963
-0.8960
0.0327
-91.4900
12.3200
-17.5000
370
446
495
431
445
-0.3831
-0.8686
-0.0849
-63.5600
8.3300
-11.9700
370
450
498
432
448
-0.3850
-0.9365
-0.1610
-36.8200
10.5000
-16.2400
369
452
499
432
448
-0.3226
-0.9096
-0.2006
-7.4200
6.0200
-17.6400
369
452
499
431
450
-0.3109
-0.8940
-0.2201
-14.8400
3.0100
-16.8700
369
453
499
431
450
-0.3270
-0.9111
-0.2596
-36.7500
10.3600
-23.5900
369
453
500
431
452
-0.2606
-0.8847
-0.3411
-48.1600
11.0600
-16.5900
368
453
500
431
454
-0.2264
-0.8579
-0.3860
-20.0900
3.7100
-6.5100
368
454
500
430
452
-0.2362
-0.8774
-0.4568
-2.9400
6.5800
-9.0300
369
454
500
430
456
-0.2186
-0.8584
-0.4573
-2.1700
9.6600
-4.4800
369
454
501
430
456
-0.1884
-0.8574
-0.4475
-8.7500
1.7500
1.7500
369
453
500
430
460
-0.2201
-0.8457
-0.4851
3.2900
1.4700
-6.6500
369
453
500
431
459
-0.1932
-0.8423
-0.4421
14.2100
-6.3700
-5.8100
369
453
500
431
462
-0.1981
-0.8769
-0.4270
6.3000
-7.7000
-3.8500
369
453
499
431
462
-0.2255
-0.8686
-0.4348
5.8800
-0.1400
-2.1700
369
453
500
431
462
-0.2040
-0.8843
-0.4055
2.3100
-0.0700
-2.6600
370
453
500
431
462
-0.1967
-0.8608
-0.4460
-3.9900
-2.6600
-4.5500
370
453
500
431
463
-0.2084
-0.8691
-0.4631
-1.1200
4.0600
-6.2300
370
454
500
431
463
-0.1830
-0.8769
-0.4416
10.8500
1.6800
-8.1200
371
454
500
431
464
-0.1713
-0.8833
-0.4299
10.2200
1.4700
-6.6500
371
454
500
431
465
-0.1781
-0.8784
-0.4163
7.1400
-2.8000
-3.0100
372
454
500
431
464
-0.1654
-0.8911
-0.4197
8.8900
-4.4800
-1.1200
373
454
500
431
464
-0.1815
-0.8818
-0.4324
8.4700
-4.4800
-4.0600
373
454
501
431
462
-0.1610
-0.8882
-0.4002
11.9000
-6.6500
-3.1500
373
454
501
431
464
-0.1688
-0.9004
-0.3792
4.9000
-5.5300
0.1400
373
454
500
431
462
-0.1791
-0.8843
-0.3860
10.1500
-5.2500
2.8700
373
454
500
430
464
-0.1874
-0.9096
-0.3660
13.4400
-7.3500
3.2900
373
454
499
430
462
-0.1859
-0.9287
-0.3523
29.1200
0.4900
13.5100
372
454
498
429
463
-0.2128
-0.9033
-0.2528
51.1700
-5.9500
30.3100
368
450
493
427
462
-0.2928
-0.8764
-0.1703
77.2800
-18.7600
25.1300
366
441
486
422
457
-0.2679
-1.2620
-0.0781
120.6100
-24.1500
38.2900
350
421
473
414
459
-0.4133
-0.8891
0.0722
59.8500
-8.2600
48.7900
337
413
471
411
457
-0.5334
-0.8638
0.1566
37.1000
-4.7600
32.0600
320
399
469
406
451
-0.5148
-0.7759
0.2225
89.2500
-7.4200
77.8400
318
395
464
402
451
-0.6368
-0.6461
0.2879
99.8200
-41.8600
71.1900
296
367
452
395
455
-0.6876
-0.5573
0.5236
49.5600
-16.7300
48.3700
286
354
438
384
460
-0.6886
-0.4412
0.5266
17.9200
-12.3900
42.9800
271
338
413
371
466
-0.6930
-0.8930
0.4563
29.3300
-25.4800
45.2200
257
327
386
359
477
-0.7125
-0.2869
0.5529
30.3100
-14.4200
44.4500
243
316
360
350
481
-0.7598
-0.1884
0.5958
42.8400
-24.9200
39.3400
232
308
343
348
485
-0.7549
-0.0849
0.6622
51.9400
-33.3200
35.1400
224
302
330
346
490
-0.6861
0.0244
0.6812
45.9200
-31.8500
34.0900
219
296
320
345
491
-0.6715
0.0854
0.7013
43.4700
-32.6200
31.7100
218
295
319
343
495
-0.6051
0.1884
0.7374
39.0600
-0.6300
22.0500
217
301
319
343
496
-0.6041
0.2743
0.7530
16.1700
-13.3700
10.3600
217
302
318
343
493
-0.5900
0.2591
0.7471
17.9200
-8.8900
3.7100
216
302
317
343
495
-0.6066
0.3045
0.7564
16.6600
-10.1500
1.8900
216
305
319
343
495
-0.6027
0.3099
0.7154
2.2400
-7.5600
-3.9900
217
305
320
343
493
-0.5793
0.3167
0.7486
5.1100
-8.1200
-5.9500
218
306
322
344
496
-0.5475
0.3157
0.7491
-4.8300
-6.1600
-2.7300
219
307
322
344
494
-0.5495
0.3089
0.7364
0.9100
-7.9100
-0.7000
219
307
323
345
497
-0.5666
0.3216
0.7647
3.0800
-4.4800
-3.4300
220
308
324
345
494
-0.5573
0.3162
0.7554
2.9400
-2.0300
-4.0600
220
308
324
345
497
-0.5651
0.3294
0.7466
-3.4300
-4.5500
-5.8100
221
309
325
345
496
-0.5553
0.3109
0.7374
6.3700
-4.8300
-1.6800
221
309
325
345
496
-0.5768
0.3045
0.7535
5.3900
-4.6200
-5.0400
221
309
326
345
496
-0.5480
0.3026
0.7559
0.4900
-4.7600
-3.6400
222
309
326
345
493
-0.5495
0.3162
0.7403
3.7800
-6.0200
-0.8400
222
310
327
345
495
-0.5602
0.3118
0.7525
6.6500
-4.9000
-0.9800
222
310
327
345
493
-0.5641
0.3245
0.7662
0.7700
-4.6900
-1.6800
223
311
328
345
495
-0.5666
0.3411
0.7486
1.5400
-4.1300
-6.8600
223
311
328
345
492
-0.5485
0.3235
0.7476
-0.2800
-2.3100
-5.4600
223
311
329
345
494
-0.5446
0.3172
0.7501
0.4200
-3.5000
-2.8700
224
311
329
345
491
-0.5617
0.3050
0.7442
1.6800
-3.8500
-5.5300
224
312
329
345
493
-0.5578
0.3045
0.7510
-1.0500
-3.1500
-4.7600
224
312
330
346
493
-0.5490
0.2987
0.7618
3.0800
-4.7600
0.0000
224
312
330
346
494
-0.5524
0.3011
0.7515
8.1200
-4.4100
0.6300
224
312
330
346
494
-0.5666
0.3265
0.7486
7.5600
-4.7600
-2.9400
225
313
330
346
494
-0.5505
0.3357
0.7466
0.4200
-3.6400
-3.0800
225
313
331
346
493
-0.5612
0.3260
0.7354
0.3500
-1.0500
-8.3300
225
313
331
347
491
-0.5763
0.3294
0.7515
-12.3200
0.1400
-17.3600
225
313
331
347
488
-0.5749
0.2874
0.7452
-23.1000
13.9300
-34.0200
226
313
332
348
483
-0.6417
0.2015
0.7315
-45.4300
27.1600
-56.0700
227
314
335
350
471
-0.6373
0.0883
0.7076
-70.4900
36.1200
-79.6600
232
319
344
353
466
-0.6651
-0.0561
0.6295
-91.3500
13.7200
-80.2900
250
334
372
358
462
-0.7149
-0.2201
0.6476
-76.6500
9.0300
-86.4500
279
353
404
367
460
-0.6627
-0.4075
0.5309
-72.2400
-1.9600
-87.2900
310
378
436
378
458
-0.6227
-0.5846
0.4958
-62.5800
8.4000
-62.6500
350
402
457
391
450
-0.5280
-0.7257
0.3767
-57.4700
7.4200
-47.1100
373
415
471
405
447
-0.4085
-0.7710
0.2957
-61.8100
1.4000
-30.5200
388
426
483
419
449
-0.4265
-0.9794
0.2660
-49.1400
12.7400
-36.2600
397
436
493
427
448
-0.3616
-0.8974
0.2006
-75.5300
-3.7100
-37.1000
403
443
498
429
456
-0.3206
-0.9389
0.0332
-58.5900
-3.2900
-28.7000
407
448
500
431
461
-0.3118
-0.9448
-0.0449
-56.9100
11.6900
-18.5500
410
452
501
431
462
-0.2523
-0.9331
-0.1069
-25.4800
20.3700
-10.1500
413
456
502
432
466
-0.2323
-0.9121
-0.1357
1.0500
-9.9400
-13.8600
414
457
502
432
466
-0.2767
-0.9399
-0.1620
4.0600
-0.3500
-13.6500
414
457
502
432
467
-0.2650
-0.9418
-0.1576
-1.2600
5.6000
-7.2800
414
457
502
432
466
-0.2206
-0.9170
-0.1630
9.5900
2.0300
-5.8800
414
457
501
433
467
-0.2357
-0.9575
-0.1420
6.3000
7.8400
-7.7000
415
458
502
433
467
-0.2147
-0.9496
-0.1493
10.5700
2.3100
-4.1300
415
457
501
433
465
-0.2157
-0.9697
-0.1142
6.6500
0.9100
-4.6200
415
457
501
433
469
-0.2162
-0.9823
-0.1230
12.0400
5.0400
-8.8200
415
457
501
433
466
-0.1767
-0.9584
-0.1005
21.4200
4.6900
-5.9500
415
457
501
432
468
-0.1957
-0.9536
-0.0678
17.8500
-2.1000
-0.3500
415
457
500
432
466
-0.2098
-0.9643
-0.0322
5.2500
-1.1900
-0.9100
415
457
500
431
470
-0.1776
-0.9780
-0.1005
13.6500
-4.9700
-2.0300
415
457
500
431
471
-0.2001
-0.9457
0.0000
18.8300
-6.3000
1.6800
415
456
499
430
472
-0.2474
-0.9697
-0.0176
16.8000
-6.7900
6.2300
415
456
498
430
473
-0.2484
-0.9443
0.0337
19.6700
1.1200
9.6600
415
456
498
429
473
-0.2704
-0.9736
0.0776
29.1200
3.5700
6.7200
414
456
498
428
473
-0.2538
-0.9496
0.1405
29.1900
1.8900
10.7100
413
457
498
428
470
-0.2865
-0.9814
0.1742
41.2300
-1.8900
15.1900
409
455
498
426
471
-0.3401
-0.8716
0.2108
54.6000
-10.4300
18.0600
370
441
491
414
470
-0.3553
-0.8125
0.3162
43.9600
-6.3700
21.8400
354
431
483
402
471
-0.4265
-0.8150
0.3260
20.6500
-34.5100
19.2500
324
406
473
383
470
-0.4163
-0.7808
0.3748
48.2300
-31.9900
26.6700
306
395
471
374
467
-0.4797
-0.8018
0.4333
42.4900
-22.0500
31.2200
284
374
458
369
465
-0.4680
-0.6690
0.5539
91.0000
-4.4800
32.9700
268
360
435
365
460
-0.4856
-0.5563
0.6139
52.2200
-26.6000
35.2100
257
352
416
355
458
-0.5734
-0.4958
0.6671
31.7100
-16.7300
17.0800
245
340
392
348
465
-0.5519
-0.4577
0.6993
40.0400
-9.5900
35.9800
231
325
362
345
476
-0.5744
-0.3196
0.7198
56.0700
-10.2200
39.9000
225
313
346
342
477
-0.5734
-0.2274
0.7681
57.1900
-15.1200
29.5400
219
306
331
340
485
-0.5915
-0.1591
0.7730
48.0900
-17.0100
20.6500
217
303
319
338
491
-0.5846
-0.0932
0.8032
53.8300
-14.5600
26.8100
216
304
317
338
491
-0.5441
0.0176
0.8145
36.8200
-4.6900
12.2500
217
304
317
339
485
-0.5651
0.0722
0.8145
30.9400
-5.1800
10.7100
217
304
317
339
489
-0.5353
0.1274
0.8032
39.2700
-3.6400
12.4600
218
305
318
340
487
-0.5524
0.1893
0.7945
35.2800
-6.5800
12.5300
219
306
320
342
489
-0.5661
0.2445
0.7769
19.4600
1.2600
0.2100
220
307
321
342
490
-0.5768
0.2767
0.7788
19.7400
-3.4300
-3.8500
221
308
322
343
486
-0.5470
0.3055
0.7862
-1.6800
-8.5400
-2.1000
221
309
323
343
488
-0.5500
0.2972
0.7657
9.5200
-7.2100
1.9600
222
309
324
343
485
-0.5397
0.3074
0.7535
12.1800
-5.8800
0.7000
222
310
324
343
487
-0.5353
0.3314
0.7671
5.3200
-6.4400
0.1400
223
310
325
343
484
-0.5344
0.3294
0.7618
3.5700
-4.8300
-1.6800
223
310
325
343
487
-0.5173
0.3304
0.7662
6.3700
-6.3000
0.2800
223
311
326
344
484
-0.5158
0.3499
0.7657
9.4500
-3.8500
-0.3500
224
311
326
344
487
-0.5251
0.3514
0.7608
12.1800
-2.5900
-2.1700
224
311
326
344
484
-0.5295
0.3645
0.7501
3.7800
-3.2200
-2.8700
224
312
327
345
487
-0.5114
0.3621
0.7432
14.0000
-5.3200
0.6300
225
312
327
345
491
-0.5192
0.3928
0.7584
9.6600
-5.3900
-0.7700
225
312
327
346
492
-0.5168
0.3963
0.7457
8.7500
-4.6900
-0.8400
225
312
328
346
498
-0.5124
0.4050
0.7442
6.5100
-6.5100
-0.9100
225
313
328
347
499
-0.5090
0.4080
0.7388
4.9700
-5.4600
-0.2800
226
313
329
348
501
-0.5148
0.4231
0.7452
3.2900
-5.3200
-2.9400
226
313
329
348
498
-0.4982
0.4192
0.7330
5.3900
-2.7300
-1.6100
226
314
330
348
498
-0.4997
0.4207
0.7379
4.2000
-3.6400
-0.7000
226
314
330
348
494
-0.5075
0.4236
0.7427
0.9100
-4.9700
-3.0800
227
314
330
348
496
-0.4968
0.4358
0.7335
2.5900
-4.6900
-2.1000
227
314
330
349
493
-0.5031
0.4416
0.7457
2.8000
-4.6900
-4.4800
227
314
331
349
495
-0.4973
0.4348
0.7340
6.7200
-3.9900
-1.5400
227
314
331
349
495
-0.4992
0.4451
0.7232
3.7800
-3.9200
-2.7300
227
314
331
349
494
-0.5061
0.4475
0.7330
5.3200
-3.2200
-0.8400
227
314
331
349
494
-0.5056
0.4514
0.7296
4.8300
-3.3600
-2.1000
228
314
331
349
494
-0.4968
0.4436
0.7286
2.3100
-4.8300
-2.1000
228
315
331
349
494
-0.5090
0.4563
0.7325
0.0000
-5.5300
-4.3400
228
315
332
350
493
-0.5109
0.4470
0.7325
-8.0500
-5.6000
-15.2600
228
315
332
350
490
-0.5353
0.4202
0.7710
-48.7900
-4.9000
-43.7500
229
315
333
350
481
-0.5851
0.3616
0.8125
-106.2600
-7.3500
-86.3100
229
318
338
349
473
-0.5944
0.1435
0.8145
-114.6600
-4.1300
-109.5500
255
344
378
355
463
-0.5207
-0.1708
0.7447
-90.6500
-7.0700
-76.7900
295
373
427
366
450
-0.4460
-0.3445
0.7188
-76.6500
-19.8800
-44.0300
325
399
455
380
442
-0.4382
-0.5173
0.6749
-82.8800
-21.8400
-32.6900
345
412
460
391
443
-0.4158
-0.6529
0.6417
-66.5700
-12.3200
-30.5900
361
421
466
404
444
-0.3880
-0.7374
0.4724
-79.1000
-9.8000
-20.0900
368
430
473
413
448
-0.3860
-0.8291
0.4509
-66.7800
4.9700
-10.5000
376
440
482
420
451
-0.3260
-0.8657
0.3621
-74.4100
15.8900
-0.8400
381
446
488
426
454
-0.3274
-0.9077
0.2250
-62.8600
10.8500
-4.6200
383
451
493
431
460
-0.3382
-0.9209
0.0195
-30.3100
-3.7800
-10.9200
387
457
498
434
461
-0.3304
-0.9145
0.0795
-16.7300
-2.4500
-4.2700
387
460
500
434
460
-0.3255
-0.9326
0.0761
-5.4600
-4.5500
-9.3100
387
462
501
434
463
-0.3177
-0.9306
0.0883
-6.6500
-3.9200
-6.3000
387
462
502
434
463
-0.3050
-0.9394
0.0839
-16.2400
1.1900
0.9800
387
464
503
434
468
-0.3240
-0.9326
0.0146
-6.2300
-4.9000
-4.5500
387
466
506
434
468
-0.3323
-0.9248
0.0181
2.1000
-6.6500
-4.6200
387
467
507
434
470
-0.3143
-0.9135
0.0254
3.7100
-4.8300
-0.5600
387
467
507
434
470
-0.3357
-0.9384
0.0307
5.3200
-5.1800
0.5600
387
468
507
433
473
-0.3387
-0.9389
0.0205
4.9000
-3.7800
-4.2700
387
467
507
432
471
-0.3270
-0.9292
0.0488
3.9200
-2.5200
-0.3500
387
468
507
432
474
-0.3372
-0.9287
0.0483
-2.7300
-3.0800
-3.6400
387
468
507
431
472
-0.3294
-0.9165
0.0273
-0.9100
-2.5900
-3.2900
386
467
507
431
475
-0.3294
-0.9233
0.0254
2.9400
-2.8000
-3.1500
386
467
507
431
473
-0.3353
-0.9292
0.0351
2.3100
-3.2900
-3.5000
386
467
507
430
476
-0.3279
-0.9267
0.0386
2.4500
-3.7100
-3.0100
386
467
507
429
474
-0.3377
-0.9306
0.0317
4.6200
-3.1500
-4.9000
386
467
506
427
477
-0.3265
-0.9248
0.0449
1.4700
-4.1300
-1.6800
385
467
506
427
475
-0.3426
-0.9340
0.0342
7.0700
-5.8800
-2.9400
384
468
507
426
478
-0.3377
-0.9414
0.0415
2.7300
-3.4300
-2.3100
381
468
507
426
476
-0.3431
-0.9272
0.0288
1.5400
-1.4000
-3.5700
381
468
507
426
479
-0.3406
-0.9106
0.0371
0.9800
-2.1000
-2.3800
381
468
507
426
479
-0.3392
-0.9301
0.0454
3.2200
-2.3800
-2.5900
381
468
507
426
479
-0.3387
-0.9248
0.0410
0.9100
-1.2600
-4.6900
382
468
507
426
478
-0.3289
-0.9296
0.0356
-0.7700
-0.2100
-4.4100
383
467
507
426
479
-0.3294
-0.9311
0.0205
-1.2600
-3.0100
-4.8300
383
467
507
426
481
-0.3318
-0.9560
0.0176
8.1200
-7.2100
-1.5400
380
462
505
424
480
-0.3221
-0.9453
-0.2289
50.1200
1.4700
7.9800
359
434
487
418
480
-0.2791
-0.8174
0.1215
47.7400
-6.4400
22.8200
336
418
476
407
480
-0.3997
-0.8847
0.1972
56.0700
-31.6400
21.4200
315
404
463
396
487
-0.4128
-0.8355
0.2982
67.6200
-36.9600
10.7800
303
390
444
387
487
-0.4621
-0.7203
0.3933
85.3300
-41.4400
27.0200
291
380
426
379
484
-0.4885
-0.6559
0.5275
89.2500
-28.2100
21.7700
278
364
407
380
479
-0.4563
-0.7037
0.6466
64.6800
-29.4000
38.2200
266
350
385
372
484
-0.5388
-0.4651
0.6759
27.5800
-10.9200
33.5300
260
344
371
366
489
-0.4685
-0.6539
0.6920
33.2500
-28.3500
31.5700
251
336
350
363
496
-0.5436
-0.3631
0.7471
52.2900
-9.9400
40.9500
247
332
335
359
502
-0.5549
-0.2484
0.7354
68.3200
-10.8500
36.1900
242
328
320
358
509
-0.5573
-0.1196
0.8135
61.1100
-6.7900
32.7600
240
327
315
358
509
-0.5710
-0.0327
0.7803
62.7200
-14.0700
30.5900
240
328
315
359
507
-0.5700
0.0961
0.7969
70.2800
-10.2900
37.5900
241
331
317
359
506
-0.5500
0.2191
0.8154
50.6100
-12.5300
29.5400
241
332
317
359
507
-0.5104
0.2982
0.8008
38.7800
-6.3700
14.3500
241
334
319
359
508
-0.5007
0.3723
0.7959
10.7800
-6.7900
3.0100
239
335
321
356
506
-0.5056
0.3782
0.7735
5.3900
-2.3100
-0.4200
238
335
322
357
507
-0.4914
0.3821
0.7691
4.9000
-5.6700
-1.4000
235
332
323
357
501
-0.4953
0.3850
0.7671
7.9800
-5.1100
-1.1900
231
328
324
358
503
-0.4914
0.3889
0.7671
0.9800
-2.6600
-2.0300
232
329
324
358
501
-0.4895
0.3953
0.7715
4.3400
-3.9900
-2.3100
232
330
324
358
502
-0.4900
0.3977
0.7745
3.3600
-60.6900
-4.4100
233
333
326
359
501
-0.4748
0.4002
0.7613
5.1800
-2.5900
-2.8000
233
333
327
359
499
-0.4817
0.4046
0.7715
3.9900
-3.6400
-3.8500
234
334
328
360
501
-0.4792
0.4138
0.7662
2.4500
-3.9900
-3.0100
234
334
328
360
497
-0.4656
0.4138
0.7671
2.2400
-5.2500
-0.9100
234
335
328
360
500
-0.4968
0.4124
0.7471
2.1700
-4.4800
-2.3100
235
335
329
360
497
-0.4831
0.4197
0.7613
7.0700
-4.6900
-2.3800
235
335
329
360
499
-0.4763
0.4309
0.7745
2.2400
-4.9700
-3.2200
236
336
329
360
499
-0.4719
0.4207
0.7540
-0.0700
-4.5500
-3.7800
236
336
330
360
499
-0.4817
0.4187
0.7574
4.2000
-4.2000
-1.6800
236
336
330
360
499
-0.4734
0.4221
0.7588
5.8100
-5.3200
-2.1000
237
336
330
360
496
-0.4826
0.4226
0.7579
3.6400
-5.3900
-2.5200
237
337
330
360
499
-0.4636
0.4309
0.7540
3.6400
-3.7800
-1.6800
237
337
330
360
496
-0.4792
0.4275
0.7520
4.1300
-3.0800
-3.9900
237
337
330
360
498
-0.4709
0.4168
0.7491
4.2700
-3.9900
-1.8900
237
337
330
360
496
-0.4709
0.4460
0.7588
6.3000
-5.1100
-1.9600
238
337
331
360
498
-0.4699
0.4421
0.7569
2.4500
-4.5500
-3.2900
238
337
331
360
498
-0.4651
0.4446
0.7544
4.9700
-3.5700
-2.1000
238
338
331
360
498
-0.4690
0.4480
0.7471
4.3400
-3.0100
-4.4100
238
338
331
360
498
-0.4534
0.4514
0.7447
7.4200
-5.8100
-0.3500
238
338
331
360
495
-0.4768
0.4651
0.7613
4.5500
-5.8100
-3.3600
238
337
331
358
497
-0.4543
0.4509
0.7496
0.1400
-4.6900
-2.3800
238
338
332
359
495
-0.4660
0.4524
0.7530
2.3800
-4.3400
-3.0100
238
338
332
359
497
-0.4577
0.4573
0.7540
0.0000
-4.6900
-3.2900
238
338
332
359
494
-0.4621
0.4504
0.7491
1.1200
-3.5700
-4.0600
238
338
332
359
497
-0.4616
0.4553
0.7447
1.1900
-4.7600
-3.2200
239
338
332
359
494
-0.4660
0.4553
0.7618
3.5000
-5.3900
-3.1500
239
338
332
359
497
-0.4543
0.4519
0.7549
2.5900
-4.6900
-3.0100
238
338
332
359
494
-0.4656
0.4504
0.7466
3.4300
-2.9400
-2.5900
239
338
332
359
496
-0.4651
0.4636
0.7637
-6.2300
-2.3100
-6.0200
239
338
332
359
495
-0.4612
0.4455
0.7618
-11.2700
-4.6200
-11.4800
240
338
333
360
492
-0.4860
0.4119
0.7808
-28.4200
-4.1300
-36.1200
241
340
336
359
491
-0.5070
0.3494
0.8154
-53.1300
5.1800
-57.9600
247
345
346
358
484
-0.5480
0.1996
0.8237
-100.0300
2.1700
-82.1100
267
367
378
359
478
-0.5339
-0.0102
0.8003
-68.7400
-7.4900
-67.6200
294
389
417
363
478
-0.5344
-0.1498
0.8311
-76.7200
-6.0900
-61.2500
310
400
441
367
473
-0.4743
-0.3294
0.7715
-52.9900
-4.8300
-50.6800
327
414
459
376
466
-0.4529
-0.4109
0.7574
-68.1800
-9.3800
-36.8200
347
425
472
389
462
-0.4128
-0.4675
0.6871
-57.3300
-0.7700
-37.6600
362
433
479
398
456
-0.3958
-0.6368
0.5851
-70.7700
-19.7400
-28.6300
369
442
487
409
455
-0.3831
-0.6915
0.5846
-71.6800
-11.9700
-27.3000
372
445
490
415
457
-0.3162
-0.7676
0.4924
-93.3800
-1.3300
-35.8400
373
445
491
418
462
-0.2094
-0.8764
0.3221
-84.7700
0.4900
-11.3400
377
446
492
420
467
-0.2723
-0.9023
0.1918
-66.6400
3.4300
-10.0100
380
447
493
423
471
-0.2913
-0.9311
0.1161
-43.8900
9.2400
-6.7200
380
448
493
425
474
-0.2855
-0.9633
0.0444
-39.6200
3.1500
-9.8700
381
450
493
426
474
-0.2713
-0.9453
-0.0112
-36.4000
3.8500
-6.3700
380
452
494
428
478
-0.2377
-0.9531
-0.0981
-26.5300
0.0700
-7.3500
380
454
495
433
478
-0.2547
-0.9570
-0.1074
0.8400
0.4200
-4.2700
381
456
497
435
478
-0.2567
-0.9472
-0.0991
0.7700
-0.9100
-0.7000
381
458
498
435
477
-0.2660
-0.9472
-0.0917
4.5500
-2.9400
-1.6800
381
459
500
435
477
-0.2572
-0.9467
-0.0981
1.1900
-3.9900
-0.2800
382
460
500
435
477
-0.2669
-0.9384
-0.1078
5.7400
-6.2300
-0.4200
382
460
500
435
475
-0.2708
-0.9433
-0.0849
7.2800
-6.1600
-1.3300
382
460
500
435
479
-0.2777
-0.9701
-0.0859
3.2900
-1.3300
-3.7800
382
460
500
435
476
-0.2645
-0.9521
-0.0703
2.0300
-1.9600
-1.1900
382
460
500
434
479
-0.2782
-0.9550
-0.0893
-1.3300
-0.5600
-4.0600
382
460
500
434
476
-0.2606
-0.9448
-0.0849
0.5600
-2.2400
-4.7600
382
460
500
434
479
-0.2660
-0.9560
-0.0971
0.0700
-2.8700
-5.8800
382
460
500
434
479
-0.2591
-0.9496
-0.0937
-0.4900
-3.7800
-5.6700
382
460
500
434
480
-0.2577
-0.9575
-0.1098
-1.2600
-3.3600
-4.0600
382
460
500
434
480
-0.2635
-0.9531
-0.1098
1.1200
-2.1000
-3.7800
382
460
500
434
478
-0.2513
-0.9506
-0.1098
-0.0700
-2.3800
-3.6400
382
460
500
434
480
-0.2616
-0.9516
-0.1108
3.5700
-2.1000
-3.0100
383
461
500
434
478
-0.2557
-0.9536
-0.1010
4.2000
-3.6400
-3.7100
384
462
500
432
480
-0.2596
-0.9628
-0.1039
-6.7200
-0.7000
-5.9500
385
463
501
432
481
-0.2474
-0.9399
-0.1401
-1.8200
-2.5900
-1.0500
386
464
501
433
482
-0.2518
-0.9570
-0.1396
5.7400
-5.0400
-2.1000
385
464
501
435
482
-0.2460
-0.9531
-0.1186
13.4400
-6.3000
2.9400
383
463
501
434
479
-0.2513
-0.9360
-0.0898
52.9200
-18.3400
12.1800
379
456
503
431
480
-0.2664
-0.9130
0.0317
54.1100
-11.4800
22.4000
372
447
502
426
477
-0.3177
-0.9682
0.1254
52.5000
-11.0600
15.6100
355
423
502
423
472
-0.3514
-0.9760
0.2279
81.7600
3.6400
30.8700
345
413
495
416
471
-0.3109
-0.8555
0.3655
92.5400
-8.6100
25.0600
319
387
490
417
468
-0.4041
-0.7330
0.4231
44.6600
-24.2900
37.0300
283
353
491
416
468
-0.4773
-0.7408
0.5383
45.5000
-22.7500
26.4600
263
327
492
416
475
-0.4329
-0.6198
0.5636
40.3200
-21.2100
26.1800
246
311
492
413
479
-0.5256
-0.5768
0.6154
59.2200
-16.4500
24.5000
239
307
490
405
478
-0.4963
-0.4416
0.2425
35.7000
-21.2800
17.9200
234
305
488
397
488
-0.4900
-0.4270
0.6822
59.9900
-23.1000
21.9100
229
295
486
395
496
-0.4875
-0.3123
0.7554
70.7000
-16.5200
33.1800
226
293
485
387
509
-0.5051
-0.1606
0.8550
73.9200
-24.1500
24.7100
230
300
487
382
509
-0.4997
-0.0610
0.8911
31.7800
-17.1500
15.4000
232
302
488
380
514
-0.4890
-0.0137
0.8452
39.7600
-7.7000
14.9800
234
303
475
375
514
-0.4748
0.0795
0.8755
25.4800
-9.2400
6.0900
235
304
455
374
511
-0.4763
0.1074
0.8525
12.3200
-6.2300
4.0600
236
304
422
370
514
-0.4514
0.1118
0.8862
0.9100
-5.1800
0.0000
237
306
376
368
513
-0.4480
0.1147
0.8618
6.0900
-7.0700
-0.5600
237
306
335
364
511
-0.4543
0.1142
0.8511
8.1900
-3.4300
-2.1000
237
306
321
363
509
-0.4568
0.1210
0.8701
5.3200
-4.3400
-1.9600
237
306
316
361
506
-0.4524
0.1332
0.8555
10.1500
-4.0600
-1.9600
237
305
315
359
506
-0.4597
0.1274
0.8545
7.3500
-2.6600
-2.4500
237
304
315
360
503
-0.4621
0.1337
0.8579
12.6700
-1.4700
0.6300
237
303
315
361
498
-0.4587
0.1562
0.8530
11.9700
-3.6400
-0.7000
238
304
316
362
497
-0.4573
0.1869
0.8745
6.0900
-2.7300
-2.0300
238
305
318
363
495
-0.4568
0.1850
0.8525
6.5100
-3.9900
-0.3500
238
306
320
363
497
-0.4675
0.1840
0.8560
5.0400
-5.0400
-2.2400
238
306
321
363
495
-0.4568
0.1923
0.8672
4.9000
-5.1800
-0.1400
239
307
322
363
497
-0.4514
0.2186
0.8525
7.6300
-6.5100
-1.2600
239
308
323
363
495
-0.4548
0.2216
0.8608
5.7400
-3.6400
-0.9800
239
308
324
363
497
-0.4455
0.2206
0.8564
2.3100
-3.7100
-3.1500
240
308
325
363
497
-0.4460
0.2201
0.8599
6.7200
-3.9200
-1.1200
240
309
325
363
496
-0.4514
0.2435
0.8618
6.7900
-4.0600
-2.2400
240
309
326
363
496
-0.4382
0.2455
0.8477
5.3200
-4.6900
-1.0500
240
309
326
362
494
-0.4494
0.2572
0.8516
5.1100
-2.9400
-1.6800
240
309
327
362
496
-0.4436
0.2523
0.8491
-0.1400
-4.4100
-3.0800
240
309
327
362
493
-0.4475
0.2489
0.8423
2.0300
-3.9900
-2.4500
240
309
327
362
495
-0.4441
0.2567
0.8520
2.9400
-4.6900
-2.5200
240
309
327
360
493
-0.4524
0.2625
0.8438
5.1800
-3.5700
-2.3800
241
310
327
357
495
-0.4514
0.2552
0.8418
8.3300
-3.2200
-1.7500
241
310
327
357
495
-0.4499
0.2567
0.8296
3.8500
-3.3600
-3.0800
241
310
327
357
495
-0.4499
0.2601
0.8418
3.9900
-3.0800
-2.5200
241
310
328
358
495
-0.4587
0.2621
0.8316
1.6100
-3.1500
-4.4100
241
310
328
358
495
-0.4592
0.2616
0.8364
3.2200
-3.8500
-1.3300
241
310
328
358
495
-0.4538
0.2650
0.8364
3.1500
-3.1500
-2.6600
241
310
328
357
493
-0.4558
0.2669
0.8389
3.8500
-4.2700
-2.5200
242
311
328
357
495
-0.4558
0.2679
0.8281
4.1300
-3.3600
-3.6400
242
311
328
357
493
-0.4514
0.2718
0.8462
-5.7400
-1.4000
-6.7200
242
312
328
359
495
-0.4763
0.2489
0.8462
-15.3300
-0.7700
-16.7300
242
312
330
360
494
-0.4934
0.2103
0.8725
-48.2300
8.4000
-41.2300
242
315
335
361
490
-0.5124
0.1064
0.8769
-102.3400
5.5300
-65.6600
248
322
349
365
488
-0.5012
-0.0947
0.7388
-96.4600
4.9700
-56.1400
275
355
387
373
481
-0.4909
-0.2650
0.8081
-82.4600
6.0200
-52.5000
299
377
425
381
466
-0.4826
-0.4124
0.7266
-79.1000
3.7800
-44.5200
318
392
450
391
460
-0.4582
-0.5739
0.6500
-63.3500
-16.0300
-38.7100
331
403
457
399
458
-0.3860
-0.6515
0.6534
-64.7500
-24.5000
-31.6400
345
415
464
407
454
-0.3738
-0.7476
0.5270
-66.6400
-6.7900
-23.3100
356
422
469
414
456
-0.3567
-0.7735
0.4558
-83.0900
-3.8500
-16.8000
359
424
469
417
457
-0.3372
-0.8886
0.2845
-69.8600
-5.6700
-13.8600
362
426
469
421
458
-0.3211
-0.8564
0.2425
-49.2800
-6.1600
-17.3600
366
431
471
423
462
-0.2752
-0.9184
0.1654
-51.5200
1.0500
-6.8600
371
440
480
425
463
-0.2826
-0.9379
0.0859
-55.3700
-1.1200
-13.2300
377
449
487
428
464
-0.2528
-0.9565
0.0005
-37.9400
-0.1400
-4.4100
380
459
495
434
464
-0.2621
-0.9579
-0.0615
-22.4700
2.9400
1.2600
384
467
499
435
461
-0.2674
-0.9448
-0.0659
-18.0600
-2.6600
-1.4000
387
472
503
435
464
-0.2767
-0.9331
-0.0859
-2.1700
-1.9600
-4.4100
388
476
506
436
461
-0.2669
-0.9404
-0.0898
-3.5000
-2.3800
-2.9400
389
477
508
436
463
-0.2630
-0.9448
-0.1025
0.3500
-3.7800
-1.1900
391
480
511
436
464
-0.2674
-0.9550
-0.0966
-1.1200
-2.9400
-0.4900
391
482
512
437
464
-0.2718
-0.9428
-0.1083
1.6800
-4.0600
-1.7500
392
483
513
437
464
-0.2782
-0.9521
-0.0981
-1.6800
-1.6100
-1.6100
393
483
514
437
465
-0.2757
-0.9443
-0.1005
-1.3300
-2.5200
-1.2600
395
485
515
437
465
-0.2757
-0.9448
-0.1235
4.2700
-5.1800
-1.5400
397
488
515
437
465
-0.2869
-0.9404
-0.1210
-0.1400
-2.7300
-2.3800
398
488
516
437
465
-0.2772
-0.9423
-0.1244
3.7100
-4.2000
-1.6800
398
489
516
437
463
-0.2923
-0.9492
-0.1152
-1.3300
-3.5700
-3.9200
399
489
516
437
465
-0.2777
-0.9365
-0.1205
-0.9100
-5.1100
-0.5600
399
489
516
437
463
-0.2889
-0.9384
-0.1357
3.6400
-4.6200
-3.6400
399
490
516
437
465
-0.2933
-0.9443
-0.1225
2.5900
-3.8500
-2.5900
400
490
516
437
463
-0.2860
-0.9370
-0.1205
-0.6300
-3.9200
-2.1700
400
490
516
437
465
-0.2850
-0.9462
-0.1391
-1.7500
-3.7100
-3.5700
400
490
516
437
465
-0.2874
-0.9233
-0.1244
2.6600
-3.9900
-1.8200
401
491
516
437
465
-0.2894
-0.9477
-0.1264
0.9800
-4.5500
-2.5900
401
491
516
437
465
-0.2884
-0.9399
-0.1362
3.2900
-3.8500
-1.6100
401
491
516
437
465
-0.2894
-0.9345
-0.1254
13.5100
-5.1100
-0.5600
401
490
516
438
466
-0.3016
-0.9511
-0.1137
30.8700
-8.6100
-3.5000
400
489
516
437
464
-0.3021
-0.9536
-0.0737
31.0100
-11.7600
2.3800
396
484
515
437
467
-0.3211
-0.9482
-0.0181
23.5900
-4.9700
4.9700
391
478
514
437
468
-0.3216
-0.9667
0.0098
38.8500
-7.4200
2.1700
385
468
510
437
469
-0.3270
-0.9379
0.0337
20.8600
-0.2800
4.9700
379
461
506
437
469
-0.3538
-0.9282
0.0771
23.9400
-2.5200
6.2300
371
452
499
436
469
-0.3445
-0.8926
0.1396
37.0300
-3.8500
12.1100
357
439
490
433
470
-0.3792
-0.8969
0.1684
44.7300
-7.7000
10.8500
347
431
477
430
467
-0.3958
-0.8769
0.2318
43.7500
-11.1300
14.6300
333
419
461
427
469
-0.3655
-0.8569
0.3030
54.7400
-11.8300
14.0700
322
405
451
421
469
-0.4299
-0.7725
0.3367
75.2500
-14.9800
-1.1200
305
384
428
415
471
-0.4870
-0.7261
0.4929
45.2900
-11.8300
14.0000
288
367
410
405
477
-0.4465
-0.6769
0.5524
55.3000
-13.8600
19.4600
278
351
394
396
480
-0.4768
-0.6930
0.6071
24.6400
-21.3500
15.8200
266
341
374
389
481
-0.4914
-0.6037
0.6090
38.9200
-8.5400
12.7400
252
326
352
376
489
-0.4675
-0.5632
0.6710
41.5800
-16.5200
17.2900
238
310
325
370
498
-0.5017
-0.4826
0.7242
44.5900
-7.0000
20.2300
227
297
309
360
510
-0.5256
-0.3919
0.7169
81.5500
-13.7900
25.1300
221
290
301
346
519
-0.4812
-0.2606
0.8169
72.3800
-16.7300
23.7300
219
286
301
342
531
-0.5144
-0.1493
0.8364
81.2700
-12.4600
29.0500
219
287
301
342
538
-0.5114
-0.0024
0.8667
75.5300
3.7800
23.9400
220
288
304
342
539
-0.5251
0.1444
0.8511
78.5400
-11.6200
26.9500
220
289
306
342
531
-0.4670
0.2313
0.8208
53.7600
-10.9900
24.0100
221
291
307
344
522
-0.4680
0.3231
0.8213
31.6400
-9.5900
12.9500
222
293
310
346
520
-0.4807
0.3592
0.8047
26.0400
-5.8100
10.9200
223
295
310
346
519
-0.4387
0.3997
0.7823
37.8700
4.1300
10.1500
223
296
312
347
520
-0.4377
0.4616
0.7593
25.5500
-6.0900
8.3300
223
297
313
346
517
-0.4519
0.4851
0.7666
7.6300
-5.6000
0.7000
223
298
314
346
519
-0.4231
0.4904
0.7520
4.6900
-6.5100
3.0800
223
299
314
346
516
-0.4241
0.5017
0.7510
1.1200
-2.2400
-5.1800
224
299
314
347
518
-0.4333
0.4943
0.7486
-2.8000
-1.4700
-7.1400
224
300
315
347
517
-0.4192
0.4846
0.7422
2.7300
-3.5000
-2.0300
224
301
315
347
514
-0.4412
0.4919
0.7501
3.8500
-4.0600
-1.7500
225
302
316
348
517
-0.4246
0.4924
0.7466
2.9400
-4.2000
-2.4500
225
302
316
348
514
-0.4314
0.5017
0.7437
0.4900
-3.1500
-2.6600
225
302
317
348
516
-0.4387
0.4904
0.7369
2.1000
-3.3600
-2.8000
225
303
318
348
516
-0.4382
0.5012
0.7515
1.3300
-3.4300
-4.3400
226
303
318
348
515
-0.4333
0.4929
0.7422
2.8700
-5.2500
-1.6100
226
304
319
348
515
-0.4241
0.4846
0.7427
3.6400
-4.1300
-4.0600
226
304
319
348
512
-0.4329
0.5070
0.7505
0.7000
-4.1300
-4.9700
227
304
319
348
515
-0.4236
0.4895
0.7486
2.7300
-5.0400
-3.4300
226
304
319
348
514
-0.4285
0.5007
0.7549
3.2900
-5.1800
-1.8200
227
305
320
349
514
-0.4294
0.5090
0.7413
1.4000
-4.6200
-3.2200
227
305
320
349
514
-0.4246
0.5036
0.7505
1.8900
-4.7600
-3.5000
227
305
320
349
511
-0.4075
0.5026
0.7530
2.1700
-4.4100
-2.8700
228
305
321
349
514
-0.4241
0.4997
0.7471
2.5200
-3.4300
-2.5900
228
305
321
349
511
-0.4265
0.5022
0.7486
1.8900
-2.3800
-3.5000
228
306
321
349
513
-0.4319
0.4856
0.7413
1.8200
-3.7800
-4.9700
228
306
321
349
513
-0.4216
0.4987
0.7476
3.1500
-4.1300
-3.3600
228
306
322
350
511
-0.4241
0.4997
0.7496
0.9100
-3.5700
-4.4800
228
306
322
350
513
-0.4207
0.4939
0.7437
1.9600
-4.8300
-3.5000
229
306
322
350
510
-0.4265
0.5051
0.7520
2.7300
-4.9000
-2.8000
229
307
322
350
512
-0.4304
0.5041
0.7447
4.6900
-4.6200
-3.2900
229
307
322
350
512
-0.4270
0.4997
0.7481
-2.1700
-2.5900
-6.5800
229
307
323
350
509
-0.4294
0.4909
0.7613
-7.2100
-2.6600
-10.2900
229
307
323
350
510
-0.4372
0.4646
0.7613
-24.7100
-4.8300
-26.3900
230
308
324
351
505
-0.4704
0.4451
0.8189
-52.9900
4.4800
-44.9400
237
316
333
352
494
-0.4826
0.2874
0.8340
-105.2800
-3.4300
-71.4700
248
329
350
356
489
-0.5246
0.0639
0.8447
-100.8700
-2.1700
-60.7600
256
338
363
356
482
-0.4685
-0.1186
0.8120
-86.7300
1.0500
-53.3400
274
355
388
357
476
-0.4826
-0.2752
0.7954
-69.5100
-6.9300
-44.2400
292
372
414
361
469
-0.4758
-0.3455
0.7447
-49.7000
0.5600
-27.3700
309
386
431
368
454
-0.4714
-0.5754
0.7369
-55.5800
-1.5400
-21.8400
322
400
443
377
453
-0.4494
-0.5422
0.6466
-58.1700
-3.0100
-20.6500
336
411
454
387
452
-0.3987
-0.6456
0.5846
-70.1400
-4.5500
-22.3300
349
420
464
397
451
-0.3396
-0.6793
0.5148
-66.2200
-13.7200
-18.3400
361
431
481
408
449
-0.3279
-0.7706
0.4094
-68.3900
-14.2800
-18.3400
372
444
497
421
452
-0.3050
-0.8813
0.3323
-64.6800
-7.2100
-17.7800
375
452
502
427
452
-0.3113
-0.9004
0.1649
-61.4600
0.0700
-16.1000
379
458
505
428
451
-0.2552
-0.9511
0.1420
-56.6300
15.0500
-2.4500
380
464
507
430
456
-0.2494
-0.9589
0.0561
-30.3100
1.5400
-4.1300
381
470
510
432
457
-0.2611
-0.9428
0.0351
-8.5400
-4.9000
-10.0800
382
472
511
432
458
-0.2562
-0.9540
0.0132
-23.9400
-3.0100
-8.1200
382
474
513
433
459
-0.2494
-0.9584
-0.0264
-25.7600
1.9600
2.1000
382
477
514
433
461
-0.2572
-0.9306
-0.0556
-36.9600
5.2500
11.7600
383
480
515
435
467
-0.2874
-0.9667
-0.1537
-29.4700
1.1900
9.3100
385
483
517
438
468
-0.3079
-0.9248
-0.1972
0.8400
-3.2900
-7.3500
385
484
518
439
471
-0.2865
-0.9365
-0.1771
-7.6300
-0.9800
-1.6800
386
485
518
439
469
-0.2948
-0.9135
-0.1820
-1.0500
-2.9400
-3.0800
387
485
518
439
472
-0.2996
-0.9267
-0.2030
2.4500
-3.5700
-2.8000
387
486
518
439
473
-0.3011
-0.9287
-0.1972
0.6300
-3.3600
-6.0900
387
486
518
439
474
-0.2957
-0.9194
-0.2089
3.0100
-3.2900
-2.5900
387
486
518
439
475
-0.2987
-0.9262
-0.1859
-1.3300
-2.5200
-4.4100
387
486
518
439
472
-0.2869
-0.9189
-0.2045
2.8700
-3.2900
-2.5200
387
486
518
438
474
-0.2991
-0.9384
-0.1976
1.2600
-2.8700
-3.1500
387
486
518
438
472
-0.2826
-0.9213
-0.2015
0.9800
-3.4300
-3.8500
387
486
518
438
474
-0.2894
-0.9292
-0.2118
-3.0100
-2.2400
-4.4100
387
486
518
438
473
-0.2762
-0.9126
-0.2142
0.0000
-2.8700
-3.8500
387
486
518
438
475
-0.2874
-0.9233
-0.2216
6.2300
-5.4600
-3.5700
387
486
518
438
475
-0.2757
-0.9418
-0.2255
33.6000
-4.4800
-1.8200
386
480
518
438
474
-0.2884
-0.9501
-0.1693
44.7300
-9.5900
2.1700
380
473
518
438
473
-0.2918
-0.9209
-0.0561
33.8100
-11.2700
8.6800
377
467
517
439
471
-0.2913
-0.9389
-0.0151
46.5500
-4.9700
8.8200
375
462
514
438
472
-0.3396
-0.9262
0.0312
42.9100
-5.9500
3.1500
372
459
509
436
470
-0.3074
-0.9262
0.1210
43.4000
-5.6000
10.9900
368
450
500
432
469
-0.3528
-0.8940
0.1845
49.2800
-0.9100
16.5200
359
440
491
428
468
-0.3880
-0.9028
0.2381
62.5100
-6.8600
21.6300
355
438
481
421
466
-0.3977
-0.8525
0.3416
67.2700
-5.6000
24.4300
349
435
471
413
466
-0.4187
-0.8296
0.4133
87.1500
-14.5600
42.7000
336
419
460
412
467
-0.4602
-0.5983
0.5266
69.2300
-31.4300
22.9600
317
400
444
396
467
-0.5466
-0.5846
0.6032
52.0100
-14.2800
28.7000
292
368
430
380
480
-0.4987
-0.4748
0.6242
60.4800
-18.4800
44.5900
278
349
417
378
486
-0.5339
-0.3831
0.6681
68.1100
-15.2600
37.0300
265
335
395
367
500
-0.5646
-0.3167
0.7408
80.0100
-8.1900
36.6100
242
315
363
356
512
-0.5841
-0.1708
0.7910
75.3200
-0.5600
34.4400
232
306
348
349
519
-0.5812
-0.0288
0.8218
62.1600
-9.5200
30.6600
224
296
330
345
521
-0.5588
0.0542
0.7867
38.1500
-3.2200
21.4900
219
288
314
338
515
-0.5651
0.1318
0.7798
60.3400
-15.3300
29.6800
219
287
310
337
516
-0.5597
0.2284
0.7950
48.1600
-13.0200
15.5400
219
286
307
335
515
-0.5222
0.3030
0.7881
24.8500
-14.8400
9.0300
218
286
305
332
516
-0.5207
0.3235
0.7823
9.4500
-6.9300
-3.7100
218
290
307
332
512
-0.5139
0.3294
0.7793
3.6400
-3.8500
-4.7600
219
292
308
333
514
-0.5046
0.3294
0.7862
0.4200
-5.1100
-2.9400
220
293
310
333
510
-0.5114
0.3279
0.7764
5.9500
-5.7400
-2.5200
221
294
311
334
512
-0.5158
0.3274
0.7832
1.1900
-3.8500
-4.7600
222
294
312
335
511
-0.5080
0.3299
0.7867
2.3100
-5.3900
-2.3800
223
295
313
336
510
-0.5104
0.3304
0.7852
4.2000
-3.9900
-2.4500
223
296
314
336
510
-0.5065
0.3304
0.7818
1.9600
-3.8500
-4.5500
223
297
315
337
507
-0.5051
0.3333
0.7793
2.8000
-4.1300
-3.2900
224
298
315
337
509
-0.5046
0.3387
0.7842
3.2200
-4.8300
-2.9400
224
298
316
337
507
-0.5022
0.3387
0.7759
7.9100
-7.2800
1.8900
225
299
317
338
509
-0.5022
0.3445
0.7964
5.4600
-2.1000
-5.5300
225
299
317
338
509
-0.3792
0.3504
0.7862
3.7800
-4.3400
-3.8500
225
299
318
338
509
-0.5022
0.3445
0.7710
4.7600
-4.4800
-3.0800
226
300
318
338
509
-0.5085
0.3494
0.7764
5.4600
-4.9700
-2.3100
226
300
318
339
506
-0.5065
0.3582
0.7823
0.9100
-5.3900
-2.9400
226
300
318
339
508
-0.4982
0.3650
0.7818
3.0100
-2.8000
-3.7100
226
301
319
339
506
-0.4865
0.3611
0.7686
3.7100
-4.2700
-1.5400
227
301
319
340
508
-0.5002
0.3592
0.7657
4.3400
-4.9700
-2.7300
227
302
320
340
508
-0.4997
0.3640
0.7871
5.3900
-2.5200
-3.2200
227
303
320
340
505
-0.5046
0.3562
0.7671
4.9000
-2.7300
-2.5200
227
303
320
340
507
-0.4939
0.3684
0.7730
4.4800
-4.3400
-1.0500
227
303
320
340
505
-0.4978
0.3675
0.7676
1.9600
-4.0600
-3.0100
228
303
321
340
507
-0.4982
0.3733
0.7725
1.8900
-2.6600
-2.4500
228
303
321
341
505
-0.5026
0.3767
0.7681
2.0300
-4.2700
-3.2200
228
303
321
341
507
-0.4978
0.3777
0.7696
1.9600
-3.2200
-2.3800
228
304
322
341
507
-0.5017
0.3709
0.7647
5.3200
-4.1300
-2.2400
228
304
322
341
504
-0.4934
0.3753
0.7608
5.0400
-4.4800
-2.5900
228
304
322
341
507
-0.4919
0.3924
0.7691
4.8300
-5.1800
-1.9600
228
304
322
341
505
-0.4997
0.3831
0.7710
4.2000
-4.2000
-2.2400
229
304
322
342
507
-0.4958
0.3972
0.7691
3.7100
-3.8500
-2.5900
229
304
322
342
504
-0.4924
0.3919
0.7530
4.9700
-4.6200
-1.0500
229
304
322
342
506
-0.5002
0.4011
0.7681
2.9400
-3.7800
-3.5700
229
304
322
342
506
-0.4924
0.4016
0.7564
2.4500
-4.1300
-3.2900
229
305
323
342
504
-0.4968
0.4060
0.7588
-2.4500
-4.2700
-3.9200
229
305
323
342
506
-0.5109
0.3889
0.7549
-2.3800
-1.2600
-8.4000
229
305
323
342
503
-0.5012
0.3670
0.7549
-3.0800
-4.1300
-5.3900
229
305
323
342
505
-0.5173
0.3772
0.7930
-11.6900
-0.6300
-11.4800
229
305
323
343
505
-0.5163
0.3499
0.8023
-40.9500
11.2000
-33.6000
230
307
325
344
500
-0.5573
0.3733
0.7691
-44.3100
9.8700
-45.4300
236
316
338
347
499
-0.5529
0.1025
0.7652
-61.0400
9.4500
-53.6200
247
329
354
351
498
-0.5929
-0.0712
0.7623
-75.6000
7.3500
-59.7800
257
339
367
354
496
-0.5719
-0.1703
0.7164
-97.2300
3.1500
-72.8700
269
352
378
354
490
-0.5900
-0.3436
0.7017
-79.4500
-4.1300
-58.9400
285
365
391
359
480
-0.5388
-0.5075
0.6817
-80.2900
-18.5500
-39.3400
309
387
426
373
473
-0.4885
-0.6446
0.6056
-68.8800
-9.3800
-34.3000
337
410
452
388
467
-0.4163
-0.7525
0.4719
-89.1800
-12.2500
-32.8300
356
424
470
402
466
-0.3875
-0.7984
0.4485
-86.1000
-0.9800
-22.4700
369
436
480
411
466
-0.3367
-0.8623
0.2777
-70.4200
-1.1200
-8.9600
372
442
487
416
466
-0.3333
-0.8960
0.1903
-63.2800
1.3300
-17.5700
376
447
491
420
470
-0.3250
-0.9213
0.1108
-56.0000
2.7300
-22.6800
379
451
493
423
471
-0.2830
-0.9394
0.0312
-30.3800
-2.3100
-12.8800
382
457
496
426
469
-0.2635
-0.9496
-0.0098
-22.1900
-0.8400
-7.6300
384
462
498
429
473
-0.2674
-0.9374
-0.0527
-15.9600
-0.0700
-6.9300
384
466
500
431
473
-0.2713
-0.9643
-0.0834
-5.0400
-1.9600
-7.2100
385
469
502
431
474
-0.2640
-0.9433
-0.0791
-7.9100
-2.1000
-3.7100
386
471
504
432
474
-0.2572
-0.9487
-0.0795
0.0700
-3.5700
-3.3600
386
473
505
432
472
-0.2552
-0.9609
-0.0781
0.0000
-4.3400
-3.0800
387
474
506
432
474
-0.2586
-0.9555
-0.0971
-1.4000
-2.4500
-2.4500
387
475
507
432
473
-0.2562
-0.9399
-0.0956
1.6100
-3.9900
-2.2400
387
475
508
432
475
-0.2621
-0.9570
-0.0932
-0.4900
-4.3400
-3.7800
387
475
508
432
473
-0.2538
-0.9575
-0.0991
-4.4100
-1.4700
-4.5500
387
476
508
433
475
-0.2513
-0.9448
-0.0996
-1.9600
-3.8500
-1.7500
389
477
508
433
475
-0.2572
-0.9462
-0.1078
-3.7100
-2.1000
-2.8000
390
478
508
433
475
-0.2494
-0.9414
-0.1161
-1.3300
-4.6200
-2.5900
391
479
509
433
475
-0.2586
-0.9506
-0.1235
-3.0100
-3.4300
-1.2600
392
480
510
433
473
-0.2552
-0.9496
-0.1303
0.9800
-3.5700
-1.0500
392
481
511
433
476
-0.2616
-0.9492
-0.1342
-0.1400
-3.8500
-1.6100
392
482
512
433
474
-0.2567
-0.9521
-0.1381
2.3800
-3.3600
-2.7300
392
482
512
433
476
-0.2479
-0.9545
-0.1342
1.4700
-3.7100
1.7500
393
482
513
433
476
-0.2635
-0.9467
-0.1352
0.4200
-4.5500
-2.7300
393
483
513
433
476
-0.2582
-0.9457
-0.1357
5.0400
-4.6900
-2.5900
393
483
513
433
476
-0.2718
-0.9555
-0.1371
2.6600
-4.2700
-2.8000
393
483
513
433
475
-0.2640
-0.9296
-0.1322
14.2800
-2.3800
1.8200
393
483
513
433
476
-0.2743
-0.9472
-0.0942
29.4700
-5.8800
2.1700
394
481
512
433
474
-0.2855
-0.9731
-0.0766
23.1700
-7.6300
8.6100
391
477
512
432
477
-0.2938
-0.9360
-0.0063
20.8600
-1.2600
2.8000
390
467
510
432
476
-0.2899
-0.9311
0.0259
39.2700
-3.2900
3.2200
383
452
507
430
475
-0.2884
-0.9277
0.0971
46.1300
-3.7800
12.1800
371
446
499
422
472
-0.3416
-0.9067
0.1923
51.9400
-1.4700
9.0300
361
436
486
418
466
-0.2913
-0.9262
0.3523
53.5500
-10.1500
8.4700
335
409
472
410
467
-0.3401
-0.8764
0.2655
44.1000
-12.9500
13.3700
320
396
462
396
465
-0.3533
-0.8760
0.3699
14.3500
-6.7200
26.1800
292
364
443
378
466
-0.4011
-0.7993
0.3826
20.1600
-21.4200
43.1900
282
356
430
366
469
-0.4924
-0.7915
0.4006
36.4000
-12.6000
40.1100
270
340
398
353
472
-0.5261
-0.6661
0.5305
50.2600
-13.7200
33.6000
250
321
367
338
477
-0.5026
-0.6866
0.5373
40.9500
-18.4100
38.0800
238
310
348
337
482
-0.5407
-0.6212
0.5856
55.7200
-13.6500
28.0000
231
303
335
331
492
-0.5270
-0.5158
0.6612
50.2600
-9.1700
27.6500
225
297
322
329
501
-0.5588
-0.4031
0.6676
79.7300
-10.9900
36.3300
223
294
316
335
511
-0.5934
-0.2928
0.7364
65.0300
-2.0300
25.0600
221
291
310
337
520
-0.5934
-0.1840
0.7666
56.7700
-8.4700
25.4800
219
289
307
335
525
-0.5700
-0.0996
0.7906
54.7400
-11.9000
22.8200
220
291
310
332
524
-0.5905
0.0059
0.7828
49.4200
-14.1400
16.6600
220
292
311
330
523
-0.5729
0.0961
0.7910
45.5000
-11.7600
14.7000
221
294
312
331
525
-0.5549
0.1596
0.7906
37.5900
-11.4100
8.3300
222
296
314
330
522
-0.5558
0.2050
0.8047
20.6500
-8.0500
2.8000
223
297
316
329
520
-0.5236
0.2455
0.8115
11.9700
-8.6100
2.8000
224
298
319
329
520
-0.5173
0.2552
0.8013
14.2800
-8.4000
1.8900
225
300
321
329
519
-0.5041
0.2772
0.7993
6.2300
-6.0200
0.4200
225
300
321
329
515
-0.5290
0.2806
0.7989
3.5700
-6.9300
-0.6300
225
300
321
330
516
-0.5046
0.2874
0.8028
3.7100
-5.1100
-1.8900
226
302
322
332
512
-0.5197
0.2850
0.7969
4.8300
-4.8300
-2.1700
226
302
323
332
514
-0.5095
0.2879
0.7901
3.5700
-2.5200
-2.2400
226
303
323
333
513
-0.5192
0.2996
0.8032
3.3600
-3.6400
-3.4300
227
303
323
333
511
-0.5158
0.2918
0.7896
3.5000
-3.9900
-2.4500
227
303
324
333
511
-0.5163
0.2962
0.7920
3.6400
-4.8300
-1.9600
227
304
324
334
508
-0.5148
0.2923
0.7915
2.7300
-4.6200
-2.1700
228
304
325
334
510
-0.5144
0.3055
0.7964
2.2400
-4.2700
-2.1700
228
305
325
334
508
-0.5139
0.3070
0.7954
3.5000
-4.0600
-3.7100
228
305
325
334
510
-0.4978
0.3143
0.7881
1.4000
-4.7600
-2.4500
228
305
325
334
509
-0.5134
0.3021
0.7910
3.4300
-3.9200
-3.4300
228
305
325
335
507
-0.4963
0.3016
0.7954
2.3800
-4.0600
-2.8700
229
305
325
335
509
-0.5085
0.3133
0.7954
1.3300
-3.7100
-4.3400
229
306
326
335
506
-0.5022
0.3006
0.7891
2.1700
-4.2700
-3.2200
229
306
326
335
508
-0.5061
0.3016
0.7896
2.8000
-4.1300
-2.9400
229
306
326
335
508
-0.5095
0.3094
0.7876
2.4500
-4.7600
-3.0100
229
306
326
335
508
-0.5041
0.3084
0.7901
2.8700
-3.9900
-2.3100
229
306
327
336
508
-0.5085
0.3138
0.7950
3.2900
-4.4100
-2.8000
229
307
327
336
506
-0.4939
0.3089
0.7852
2.2400
-4.3400
-2.6600
229
307
327
336
508
-0.5070
0.3250
0.7915
2.8000
-4.1300
-2.9400
229
307
327
336
506
-0.4924
0.3113
0.7910
3.5700
-4.4800
-2.8700
229
307
327
336
508
-0.4987
0.3162
0.7993
3.7100
-4.4800
-2.5900
229
307
328
336
508
-0.4958
0.3255
0.7984
1.5400
-3.6400
-3.1500
230
307
328
336
508
-0.4963
0.3299
0.7989
1.8900
-3.6400
-5.1800
230
307
328
336
508
-0.4914
0.3270
0.8062
-3.0100
-1.4700
-8.1900
230
308
328
336
505
-0.5007
0.3152
0.7945
-10.4300
-1.1200
-10.0100
230
308
328
336
506
-0.5212
0.2899
0.8052
-23.1700
0.7700
-19.1800
231
307
328
337
503
-0.5353
0.2430
0.8096
-44.8000
3.6400
-36.8200
232
308
328
339
496
-0.5700
0.1054
0.7862
-69.5800
6.5100
-47.6000
237
313
336
342
493
-0.5871
-0.0834
0.7950
-96.3200
3.1500
-66.8500
241
319
341
345
488
-0.5290
-0.3128
0.7618
-112.6300
1.4000
-66.4300
252
329
355
346
482
-0.5026
-0.4851
0.6808
-85.4000
6.3000
-55.7900
274
349
385
353
471
-0.4817
-0.5905
0.6100
-84.7700
-7.2800
-49.0700
296
369
413
358
462
-0.4446
-0.7457
0.5065
-90.3700
-10.7100
-36.6100
316
387
434
364
464
-0.3211
-0.8252
0.4231
-51.2400
-12.1100
-21.0700
339
407
451
379
462
-0.3055
-0.8350
0.3880
-58.8000
-13.0200
-13.5800
361
423
468
394
466
-0.2733
-0.8999
0.2660
-61.7400
-2.5900
-14.2800
368
431
475
403
468
-0.2884
-0.9360
0.2220
-66.9900
14.5600
-14.7000
372
433
478
406
468
-0.2255
-0.9687
0.0581
-53.1300
6.7900
-13.8600
377
435
480
414
472
-0.2377
-0.8725
-0.0512
-21.9800
2.5900
-6.8600
383
444
488
422
472
-0.2396
-1.0414
-0.1088
-25.2700
1.6800
-1.2600
387
451
495
426
475
-0.2411
-0.9443
-0.1078
-13.7200
-3.6400
-3.0800
388
456
499
428
478
-0.2503
-0.9555
-0.1303
-9.5900
-1.6800
-1.6100
389
462
503
428
480
-0.2479
-0.9482
-0.1332
-3.0800
-1.6100
-2.3100
390
464
505
429
480
-0.2425
-0.9409
-0.1498
0.2100
-4.2000
0.4900
391
467
506
429
481
-0.2582
-0.9414
-0.1542
2.5200
-3.5700
-2.2400
392
471
509
429
480
-0.2616
-0.9633
-0.1420
0.9800
-0.7000
-2.0300
393
475
512
429
482
-0.2542
-0.9389
-0.1571
-0.2100
-1.0500
-0.4200
393
475
513
429
479
-0.2621
-0.9252
-0.1859
0.7000
-2.1000
-1.2600
393
475
513
428
482
-0.2728
-0.9374
-0.1693
2.1000
-2.4500
-2.3100
394
476
514
428
482
-0.2640
-0.9311
-0.1630
2.5200
-2.5900
-1.8200
394
477
515
427
481
-0.2752
-0.9414
-0.1674
1.1200
-1.4700
-2.9400
395
478
515
427
482
-0.2674
-0.9228
-0.1825
-2.3800
-2.4500
-3.2900
395
478
515
426
480
-0.2650
-0.9409
-0.1913
-2.8000
-3.2900
-3.8500
395
478
515
426
483
-0.2772
-0.9316
-0.1903
-2.3100
-3.0800
-5.8800
395
478
516
426
481
-0.2669
-0.9209
-0.1981
0.5600
-3.9900
-3.0800
396
479
517
427
484
-0.2640
-0.9326
-0.1859
3.7100
-3.6400
-2.1700
396
479
517
426
485
-0.2596
-0.9394
-0.1859
9.4500
-2.6600
-2.4500
396
478
517
426
488
-0.2694
-0.9292
-0.1767
25.7600
-5.7400
-6.0900
396
476
517
426
488
-0.2523
-0.9423
-0.1552
29.8900
-6.8600
0.8400
393
473
517
426
485
-0.2733
-0.9584
-0.0810
11.0600
0.8400
1.5400
392
472
517
426
487
-0.2723
-0.9579
-0.0893
30.3800
2.9400
-2.1700
389
467
516
427
488
-0.2782
-0.9501
-0.0556
42.6300
0.5600
0.3500
383
461
515
427
488
-0.2884
-0.9692
0.0244
28.9100
-9.8000
6.7900
375
454
512
428
489
-0.3279
-0.8965
0.0312
18.8300
-7.3500
9.1000
353
431
504
427
491
-0.3211
-0.9370
0.0620
28.8400
-10.9200
17.5700
322
399
494
425
493
-0.3123
-0.9540
0.1049
45.7800
-10.9900
23.0300
288
355
482
419
495
-0.3636
-0.8921
0.1679
127.6800
34.4400
47.0400
253
309
478
406
491
-0.4509
-0.7300
0.4021
79.8700
-9.3800
38.2900
243
308
474
405
487
-0.5339
-0.6154
0.4055
38.0800
-22.9600
28.9800
241
311
464
394
489
-0.5314
-0.6476
0.4826
30.0300
-15.3300
39.0600
236
310
445
381
495
-0.5915
-0.5612
0.5495
62.5100
-14.0000
48.1600
233
305
433
375
498
-0.6115
-0.4499
0.6246
66.2900
-16.3100
43.4000
230
301
421
374
506
-0.6246
-0.3499
0.6866
72.5200
-24.6400
37.8700
226
296
420
366
511
-0.6232
-0.2255
0.7169
70.9800
-20.3700
29.8200
228
299
423
361
513
-0.6329
-0.1840
0.7530
48.7900
-12.3900
20.7200
230
302
411
358
519
-0.6232
-0.1005
0.7520
32.4100
-14.7000
18.6200
231
305
387
354
519
-0.5876
-0.0303
0.7779
30.4500
-9.7300
7.2100
232
307
362
351
522
-0.5827
0.0146
0.7906
13.5100
-5.9500
2.0300
233
309
344
349
522
-0.5714
0.0254
0.7993
11.2700
-8.6100
2.4500
233
309
330
345
520
-0.5846
0.0405
0.7925
11.9000
-5.7400
2.3100
233
309
318
342
521
-0.5729
0.0595
0.7881
14.4900
-6.7200
2.8000
233
309
316
341
520
-0.5724
0.0727
0.8120
11.9700
-11.9000
6.0900
234
310
316
342
518
-0.5690
0.1064
0.8115
11.3400
-7.9800
2.8000
234
311
318
342
520
-0.5514
0.1191
0.7935
14.5600
-6.4400
1.2600
234
311
319
342
520
-0.5558
0.1322
0.8067
14.3500
-6.7900
1.3300
234
312
320
342
517
-0.5373
0.1444
0.8047
8.2600
-6.2300
-0.0700
235
312
321
342
518
-0.5495
0.1645
0.8130
4.4800
-5.8800
-1.4000
235
313
322
342
518
-0.5319
0.1527
0.8062
2.2400
-3.7100
-0.0700
235
313
323
342
518
-0.5334
0.1669
0.8130
5.0400
-6.7900
-2.5200
236
314
324
342
518
-0.5353
0.1767
0.8169
7.3500
-4.4100
-3.0100
236
314
324
342
515
-0.5339
0.1688
0.8096
5.9500
-5.1100
-1.7500
236
314
325
341
517
-0.5348
0.1835
0.8145
2.2400
-4.2000
-3.5700
236
314
326
341
517
-0.5295
0.1737
0.8018
7.7700
-6.0200
-0.9800
236
315
326
341
517
-0.5295
0.1845
0.8101
6.0200
-4.4800
-1.1900
237
315
327
340
517
-0.5339
0.1913
0.8037
2.7300
-2.9400
-2.1000
237
315
327
340
514
-0.5280
0.1976
0.8125
3.3600
-5.1800
-2.9400
237
315
328
340
516
-0.5300
0.1923
0.8076
4.5500
-5.0400
-3.2900
237
316
328
340
514
-0.5231
0.2020
0.8067
5.6000
-4.4100
-2.5900
238
316
328
340
516
-0.5270
0.1967
0.8189
3.2200
-4.8300
-2.2400
238
316
329
340
515
-0.5270
0.2030
0.8096
3.3600
-4.7600
-1.7500
238
316
329
340
513
-0.5309
0.2001
0.8208
3.5000
-4.7600
-3.2900
238
317
329
340
515
-0.5158
0.2030
0.8159
4.0600
-4.2700
-1.5400
238
317
329
339
513
-0.5173
0.2015
0.8115
1.7500
-4.8300
-3.6400
238
317
329
339
515
-0.5119
0.2050
0.8154
1.3300
-4.4100
-3.1500
239
317
330
340
515
-0.5119
0.2030
0.8164
1.1200
-4.6900
-2.4500
239
317
330
340
512
-0.5144
0.2079
0.8169
2.7300
-3.9900
-2.7300
239
317
330
339
514
-0.5056
0.2045
0.8140
2.6600
-4.5500
-1.8900
239
317
330
340
512
-0.5231
0.2089
0.8150
1.5400
-3.5700
-3.0800
239
318
331
340
514
-0.5104
0.2098
0.8213
-0.1400
-1.8900
-3.6400
239
318
331
340
514
-0.5139
0.2011
0.8076
1.1200
-3.7100
-2.7300
239
318
331
340
511
-0.5192
0.1991
0.8032
3.4300
-4.6200
-2.4500
239
318
332
340
514
-0.5212
0.2030
0.8213
3.3600
-3.3600
-3.9900
239
319
332
340
511
-0.5226
0.2045
0.8272
0.9100
-1.8900
-3.3600
240
319
332
340
513
-0.5129
0.1986
0.8096
0.5600
-3.5700
-2.6600
240
319
332
340
513
-0.5266
0.2001
0.8150
2.5200
-3.2200
-3.2200
240
319
332
340
513
-0.5256
0.1928
0.8047
3.5700
-3.8500
-1.8200
240
319
333
340
513
-0.5231
0.2015
0.8150
2.5900
-3.1500
-2.6600
240
319
333
340
510
-0.5168
0.2015
0.8154
-0.8400
-2.0300
-3.4300
240
319
333
340
513
-0.5173
0.1957
0.7993
3.4300
-4.4100
-1.3300
240
319
333
340
512
-0.5358
0.2094
0.8164
4.5500
-2.8000
-2.1000
240
319
333
340
512
-0.5305
0.2001
0.8120
6.9300
-4.8300
-0.6300
240
319
333
340
512
-0.5207
0.2279
0.8281
0.6300
-3.2200
-3.7800
240
319
333
339
510
-0.5173
0.2191
0.7969
6.0200
-4.9000
-1.9600
240
319
333
339
512
-0.5300
0.2201
0.8101
4.2000
-3.7100
-4.4100
240
319
333
339
510
-0.5295
0.2245
0.8159
-1.8900
-2.3800
-6.3700
240
319
333
340
512
-0.5114
0.2152
0.8052
-4.3400
-2.5900
-5.6000
240
319
333
340
512
-0.5324
0.1972
0.8042
3.0800
-3.0100
-4.9700
240
320
332
340
509
-0.5197
0.2050
0.8184
-2.1700
0.4900
-7.7000
240
319
332
340
511
-0.5319
0.1723
0.8062
-21.5600
5.3200
-16.2400
240
319
331
341
509
-0.5690
0.0986
0.8091
-63.9100
15.3300
-39.4100
242
320
334
344
498
-0.5866
-0.0078
0.7876
-97.5100
17.9900
-65.5200
255
333
352
349
491
-0.6178
-0.2074
0.7447
-95.6200
8.1900
-64.2600
277
352
374
355
483
-0.5612
-0.3616
0.6656
-77.8400
2.5200
-49.8400
303
372
405
367
466
-0.4709
-0.4753
0.6300
-50.6800
-7.7000
-44.3100
329
391
426
383
459
-0.5012
-0.5934
0.6041
-69.5800
6.5800
-31.7100
362
415
453
403
455
-0.4685
-0.6661
0.4958
-80.6400
2.5900
-36.1900
381
433
473
414
452
-0.4241
-0.7764
0.3719
-70.2800
4.4100
-41.3000
384
443
483
419
455
-0.4109
-0.8355
0.2938
-60.7600
1.8200
-31.7800
386
448
489
421
460
-0.3489
-0.8789
0.1850
-68.3200
8.2600
-22.9600
385
451
492
422
465
-0.3231
-0.9228
0.0898
-52.0100
2.2400
-18.4100
384
453
494
422
469
-0.1693
-0.8799
0.0981
-14.7000
4.5500
-10.0100
383
454
496
423
469
-0.3113
-0.9350
0.0059
-8.8900
-0.9800
-5.3200
383
455
498
424
473
-0.3143
-0.9492
-0.0063
-14.4200
0.7700
-9.0300
383
457
499
424
474
-0.2943
-0.9423
-0.0464
-6.0900
-2.4500
-3.8500
383
458
500
424
476
-0.2938
-0.9453
-0.0566
-5.6700
-0.9800
-6.0900
382
458
500
424
477
-0.2806
-0.9477
-0.0644
-0.8400
-2.7300
-3.6400
382
458
500
424
475
-0.2826
-0.9584
-0.0630
-1.5400
-1.4000
-6.5100
381
458
501
424
477
-0.2718
-0.9462
-0.0717
-1.6100
-1.4700
-3.5000
381
458
501
424
477
-0.2757
-0.9282
-0.0732
0.6300
-4.2000
-3.2900
381
459
501
424
480
-0.2752
-0.9448
-0.0712
1.6100
-2.6600
-3.9900
381
459
502
424
481
-0.2738
-0.9511
-0.0771
2.1700
-3.4300
-3.1500
381
459
502
423
482
-0.2762
-0.9516
-0.0781
3.2200
-3.2900
-2.2400
381
460
503
423
482
-0.2743
-0.9584
-0.0776
-1.4000
-2.5200
-2.8700
381
460
503
423
481
-0.2723
-0.9501
-0.0893
1.9600
-1.6800
-2.7300
381
460
503
423
485
-0.2777
-0.9540
-0.0747
1.1900
-2.3100
-0.9800
381
461
504
423
483
-0.2733
-0.9584
-0.0815
0.9800
-2.3100
-3.8500
381
461
504
423
486
-0.2689
-0.9428
-0.0820
-0.8400
-2.8000
-5.0400
381
461
505
423
486
-0.2635
-0.9467
-0.0830
3.5700
-2.8700
-3.6400
381
461
505
423
486
-0.2733
-0.9516
-0.0864
1.0500
-1.4700
-6.0900
380
461
505
423
487
-0.2625
-0.9526
-0.0834
0.0000
-2.4500
-3.2200
380
461
505
423
485
-0.2606
-0.9457
-0.0888
5.8100
-3.2900
-1.1200
380
461
506
423
487
-0.2577
-0.9531
-0.0742
5.8800
-5.8800
2.0300
380
461
506
424
484
-0.2718
-0.9604
-0.0708
8.1900
-4.6900
2.5200
380
461
506
424
486
-0.2723
-0.9482
-0.0429
26.4600
-6.8600
5.1100
378
460
505
424
484
-0.2928
-0.9555
-0.0386
27.0200
-2.3100
9.1000
374
456
502
424
486
-0.2874
-0.9555
0.0605
34.0900
-4.0600
13.3700
369
446
494
421
487
-0.1513
-0.9067
0.0512
33.9500
-9.4500
12.3900
363
439
484
415
486
-0.3592
-0.8784
0.1191
36.8200
-9.8000
7.0000
344
425
475
407
489
-0.3704
-0.9038
0.1371
30.5900
-6.4400
32.2000
330
410
472
400
493
-0.4372
-0.9116
0.1932
54.3900
-6.0900
35.0700
310
386
469
385
494
-0.4973
-0.7852
0.2869
34.9300
-7.5600
40.2500
295
369
467
388
499
-0.5539
-0.7554
0.2840
74.6200
-9.5200
43.9600
278
344
458
376
497
-0.5836
-0.6871
0.3894
88.4100
-22.6800
56.1400
270
339
453
372
501
-0.6520
-0.5109
0.5231
71.8200
-20.5800
44.9400
258
330
455
364
509
-0.7086
-0.4397
0.5632
47.1800
-21.2100
25.6900
246
318
457
356
519
-0.6847
-0.3714
0.6095
40.7400
-20.0200
17.5000
233
303
458
348
527
-0.6608
-0.2865
0.6490
42.3500
-22.9600
18.9000
226
294
459
339
532
-0.6505
-0.2347
0.6861
51.1000
-22.3300
19.7400
227
297
457
334
532
-0.6651
-0.0547
0.6954
47.2500
-26.2500
18.9700
228
301
439
332
532
-0.6564
-0.0830
0.7325
38.9900
-18.9000
10.1500
228
304
429
331
530
-0.5890
-0.0073
0.7828
33.1800
-16.2400
10.3600
229
306
418
331
532
-0.5934
-0.0034
0.7803
20.5100
-18.3400
11.4100
231
311
390
330
532
-0.5549
0.0610
0.8086
20.3700
-11.7600
7.5600
232
313
363
330
532
-0.5553
0.0981
0.8062
21.9100
-8.6100
6.5800
232
315
352
330
530
-0.5485
0.1303
0.7993
29.3300
-11.5500
6.0200
233
316
345
329
529
-0.5417
0.1874
0.8306
21.5600
-10.2900
1.8900
233
316
339
329
526
-0.5275
0.2050
0.7974
14.2800
-6.7200
-0.4200
233
317
339
328
523
-0.5305
0.2269
0.7979
14.8400
-5.3900
-1.2600
234
317
338
328
525
-0.5183
0.2347
0.8057
4.5500
-5.7400
-0.9800
234
318
338
329
524
-0.5168
0.2294
0.8081
8.8200
-6.5800
-1.4000
234
318
336
329
522
-0.5202
0.2420
0.8028
5.8100
-5.2500
-2.8700
235
318
333
329
525
-0.5124
0.2635
0.8091
6.0200
-4.4800
-1.4000
235
319
331
328
525
-0.5226
0.2679
0.8154
2.5200
-5.3200
-3.4300
235
319
332
328
523
-0.5056
0.2728
0.8130
0.7000
-3.6400
-3.3600
235
320
333
329
525
-0.5144
0.2572
0.8106
0.7700
-3.2200
-3.6400
235
320
334
329
522
-0.5178
0.2533
0.7993
5.0400
-4.8300
-2.0300
235
320
334
329
524
-0.5178
0.2640
0.8111
3.2900
-3.9900
-3.3600
236
320
335
329
524
-0.5056
0.2660
0.7954
4.4100
-3.7100
-3.0100
236
321
336
329
521
-0.5085
0.2650
0.7910
3.3600
-4.0600
-2.3800
237
321
336
330
524
-0.5100
0.2743
0.8062
1.5400
-4.6900
-3.7800
237
321
337
330
521
-0.5095
0.2591
0.7915
3.9900
-4.8300
-2.4500
237
322
337
330
523
-0.5168
0.2738
0.8003
3.3600
-2.8700
-4.4100
237
322
338
330
523
-0.5026
0.2723
0.7954
2.9400
-4.2700
-3.0800
237
322
338
330
521
-0.5095
0.2733
0.8018
5.3200
-3.9900
-2.9400
238
322
339
330
523
-0.5031
0.2767
0.7945
6.7200
-3.7800
-2.1000
238
323
339
330
523
-0.4958
0.2757
0.8003
3.5000
-3.7800
-2.1000
238
323
339
330
521
-0.5139
0.2918
0.7945
6.0200
-4.6200
-3.2200
238
323
340
330
523
-0.5129
0.2899
0.8042
3.2200
-3.2900
-3.5000
238
323
340
331
521
-0.5002
0.2913
0.7881
0.7700
-3.1500
-3.0100
238
323
341
331
523
-0.5119
0.2977
0.7964
-1.4700
-5.0400
-3.8500
238
323
341
331
523
-0.5163
0.2879
0.8018
0.3500
-1.7500
-4.5500
239
324
341
331
521
-0.5114
0.2855
0.7906
2.1000
-4.0600
-2.6600
239
324
341
331
523
-0.5095
0.2850
0.7979
-1.1200
-2.5900
-4.4100
239
324
342
331
522
-0.4963
0.2855
0.8072
-5.8800
-1.0500
-5.7400
239
324
342
331
519
-0.5036
0.2616
0.8003
-0.9100
-2.7300
-3.2200
239
324
342
332
522
-0.5378
0.2616
0.7959
-0.7700
-2.3800
-6.3000
240
324
343
332
519
-0.5212
0.2469
0.7935
-5.3200
-1.9600
-6.0200
240
325
343
332
521
-0.5402
0.2460
0.8125
-20.5800
4.7600
-15.8200
240
325
343
333
519
-0.5319
0.2152
0.8052
-13.3700
2.3100
-11.1300
240
325
343
335
519
-0.5695
0.1928
0.8120
-27.0200
7.5600
-23.7300
240
324
340
335
513
-0.6037
0.1205
0.8032
-60.8300
15.3300
-36.4000
241
324
335
336
515
-0.6046
-0.0161
0.7681
-66.9200
13.4400
-38.4300
243
323
331
337
518
-0.6071
-0.1630
0.7300
-60.3400
12.9500
-39.5500
247
325
332
340
518
-0.6232
-0.2621
0.6939
-53.9000
6.7900
-47.7400
255
329
340
347
506
-0.6115
-0.4080
0.6539
-41.9300
3.5000
-60.9000
259
331
347
355
499
-0.5656
-0.4621
0.6159
-71.4000
-1.1900
-61.7400
269
334
378
370
480
-0.5104
-0.6417
0.5602
-60.6200
0.0000
-56.2800
293
349
399
390
471
-0.4621
-0.7442
0.4451
-68.8800
-1.2600
-42.9800
327
364
424
402
467
-0.3758
-0.7530
0.3680
-68.0400
-3.1500
-29.6100
355
382
446
406
470
-0.3831
-0.9126
0.2869
-71.2600
-9.9400
-34.9300
376
396
461
409
473
-0.2669
-0.9287
0.1679
-59.1500
-10.5000
-19.3900
383
402
472
412
476
-0.2816
-0.9374
0.0922
-74.7600
-8.3300
-11.9700
391
411
482
414
483
-0.2621
-0.9667
-0.0434
-60.6200
-1.7500
-4.8300
399
425
495
418
489
-0.2743
-0.9355
-0.1352
-43.0500
-2.1700
-6.7200
406
436
503
425
490
-0.2713
-0.9414
-0.2040
-32.0600
1.1900
-2.1700
411
445
511
429
495
-0.2782
-0.9121
-0.2377
-6.0200
-3.2200
0.4200
415
455
517
431
496
-0.2718
-0.9301
-0.2196
1.6800
-1.4000
1.0500
418
464
521
432
494
-0.2791
-0.9174
-0.2001
3.2200
-3.5000
3.0800
421
472
524
432
495
-0.2821
-0.9213
-0.2069
-1.1900
-6.8600
1.8200
424
478
526
433
493
-0.3001
-0.9292
-0.2303
-13.5800
-1.1900
-1.5400
427
481
527
433
495
-0.2987
-0.9038
-0.2489
-10.6400
-0.4200
-3.7100
428
483
528
434
497
-0.2948
-0.9018
-0.2494
-26.0400
-11.9700
7.9800
429
484
528
436
506
-0.3113
-0.8940
-0.3528
-6.5800
-7.0000
11.4100
430
483
529
437
505
-0.3562
-0.8779
-0.3338
3.5700
-3.0800
-4.8300
430
483
529
437
507
-0.3348
-0.8818
-0.3016
-0.8400
-2.5200
-3.3600
430
483
529
437
507
-0.3382
-0.8530
-0.3104
3.7800
-4.5500
-1.4700
430
482
529
437
507
-0.3382
-0.8799
-0.3084
8.8900
-4.0600
-4.5500
430
481
528
436
506
-0.3270
-0.8784
-0.2987
4.8300
-3.9200
-4.2000
430
480
528
436
503
-0.3338
-0.8769
-0.2879
3.7100
-4.2000
-1.9600
429
479
528
436
506
-0.3401
-0.8882
-0.2943
4.3400
-1.8200
-5.8100
429
479
528
435
505
-0.3235
-0.8843
-0.2908
4.6200
-3.2900
-1.1900
429
478
528
436
503
-0.3421
-0.8891
-0.2835
3.4300
-2.2400
-5.0400
429
478
528
435
505
-0.3343
-0.8794
-0.2816
2.2400
-2.5200
-4.9000
429
478
528
436
504
-0.3279
-0.8926
-0.2840
3.1500
-1.9600
-4.7600
429
478
528
436
501
-0.3172
-0.8901
-0.2733
3.7800
-3.9200
-3.0800
429
478
528
435
503
-0.3289
-0.8872
-0.2777
2.3800
-3.9900
-3.2900
429
477
528
435
500
-0.3274
-0.8862
-0.2728
8.6100
-0.7700
-1.8200
429
477
528
435
503
-0.3260
-0.8886
-0.2528
25.6200
2.6600
0.5600
428
473
526
434
503
-0.3372
-0.9184
-0.2259
24.2900
-2.8000
-1.7500
427
471
524
434
500
-0.3377
-0.9189
-0.2054
28.5600
-2.7300
1.6100
425
470
521
432
503
-0.3543
-0.9233
-0.1737
34.6500
-2.2400
3.0800
422
468
517
431
504
-0.3533
-0.9277
-0.1147
34.4400
-1.8900
4.0600
417
463
506
423
504
-0.3709
-0.9179
-0.0483
33.2500
-2.8000
3.1500
406
458
499
417
507
-0.3616
-0.9204
-0.0273
37.1000
-4.8300
5.1800
386
446
488
410
509
-0.3850
-0.9087
0.0234
40.1100
-1.4700
0.2100
361
432
473
401
508
-0.3933
-0.9135
0.0659
62.7200
-4.0600
16.0300
303
393
455
392
511
-0.3719
-0.9072
0.1547
69.0200
-13.3700
9.3800
273
362
445
387
511
-0.4743
-0.8721
0.2928
45.3600
-7.9100
13.3700
257
329
414
377
513
-0.4260
-0.7823
0.2982
39.4100
-12.5300
17.9900
243
313
383
369
518
-0.5485
-0.7471
0.3909
53.9700
-22.4000
18.4100
232
310
359
358
519
-0.4616
-0.6949
0.4709
39.4800
-10.9900
19.9500
223
301
342
351
525
-0.5031
-0.6446
0.5002
41.3700
-11.0600
19.5300
218
291
326
344
533
-0.5002
-0.6159
0.5383
41.7900
-0.0700
26.8100
214
286
310
339
539
-0.5724
-0.5368
0.5890
34.9300
-10.5700
25.2000
211
283
302
335
550
-0.5919
-0.4782
0.6193
38.0100
-10.2200
29.1200
212
282
301
335
557
-0.5988
-0.4290
0.6349
49.4200
-13.0200
32.0600
214
282
302
335
559
-0.6212
-0.3314
0.6978
62.3000
-17.5000
28.1400
215
283
302
335
556
-0.5910
-0.2235
0.7593
43.6100
-12.4600
17.7100
216
284
304
335
558
-0.5973
-0.1552
0.7642
33.1100
-15.5400
19.3200
217
286
304
332
561
-0.5934
-0.0893
0.7813
51.2400
-18.0600
24.7800
218
287
305
331
565
-0.5749
-0.0054
0.7857
63.2800
-14.3500
14.8400
219
288
307
329
570
-0.5510
0.0917
0.8174
37.2400
-11.7600
11.7600
220
289
308
328
568
-0.5451
0.1444
0.8057
24.1500
-8.8900
6.7900
220
290
310
327
567
-0.5251
0.1854
0.8174
21.3500
-10.3600
5.7400
221
290
311
328
565
-0.5392
0.2137
0.7974
18.7600
-6.1600
0.4200
221
291
312
328
562
-0.5241
0.2367
0.8125
14.9800
-6.2300
0.0000
222
292
313
329
563
-0.5197
0.2577
0.8008
11.2000
-5.1100
0.1400
222
292
313
330
559
-0.5144
0.2625
0.7959
9.2400
-4.4100
-0.7000
223
293
314
330
558
-0.5148
0.2713
0.7793
13.0200
-6.0900
-0.1400
223
293
315
330
560
-0.5104
0.2918
0.7906
14.5600
-6.7900
-1.9600
223
293
315
330
559
-0.4924
0.3167
0.8028
9.7300
-6.3000
-0.9100
223
294
315
330
556
-0.5012
0.3221
0.7886
4.2700
-4.3400
-2.3100
224
294
316
330
555
-0.5085
0.3250
0.7764
6.8600
-4.8300
-2.3100
224
294
316
330
557
-0.5017
0.3260
0.7867
3.7100
-4.6200
-3.1500
224
294
317
330
557
-0.4904
0.3299
0.7925
-1.8200
-4.2700
-3.8500
224
295
317
331
554
-0.4914
0.3206
0.7871
2.3800
-4.0600
-3.1500
224
295
317
331
555
-0.4934
0.3187
0.7871
3.1500
-3.5700
-3.7800
225
295
318
332
555
-0.6227
0.3211
0.7808
2.3800
-4.2700
-3.2200
225
296
318
332
553
-0.5007
0.3196
0.7803
5.1800
-4.4800
-2.1700
225
296
318
332
553
-0.4963
0.3201
0.7774
3.4300
-4.5500
-3.3600
225
296
319
332
555
-0.4934
0.3231
0.7788
3.0800
-4.9000
-3.7800
225
296
319
333
555
-0.4963
0.3299
0.7959
1.4000
-4.6200
-3.5000
225
296
319
333
552
-0.4841
0.3196
0.7857
5.3900
-3.7100
-2.9400
225
296
319
333
554
-0.4978
0.3318
0.7974
1.3300
-3.2900
-2.2400
226
297
320
333
554
-0.4992
0.3362
0.7867
1.4000
-4.9000
-3.0800
226
297
320
333
551
-0.4978
0.3343
0.7945
2.3100
-3.9200
-2.9400
226
297
320
334
553
-0.4914
0.3231
0.7793
1.1900
-3.3600
-3.0800
226
297
320
334
553
-0.4939
0.3265
0.7925
3.5700
-3.8500
-2.5900
226
297
321
334
551
-0.4924
0.3328
0.7998
1.9600
-4.2700
-2.8700
226
297
321
334
551
-0.4856
0.3338
0.7867
1.4700
-3.9200
-2.1000
226
298
321
334
553
-0.4943
0.3348
0.7881
1.9600
-4.7600
-2.4500
227
298
321
334
550
-0.5026
0.3304
0.7876
1.4700
-4.2700
-2.8700
227
298
321
334
550
-0.4904
0.3411
0.7959
1.4000
-3.4300
-3.2200
227
298
321
334
552
-0.4895
0.3294
0.7876
0.3500
-3.8500
-2.3100
227
298
322
334
552
-0.4963
0.3377
0.7784
3.2200
-4.7600
-1.6100
227
298
322
334
549
-0.4919
0.3377
0.7920
5.3900
-4.9000
-1.8900
227
298
322
334
551
-0.4846
0.3416
0.7876
2.8000
-2.3800
-3.0800
227
299
322
334
552
-0.4900
0.3392
0.7818
1.1900
-3.0100
-2.7300
227
299
322
334
549
-0.4875
0.3377
0.7818
3.4300
-4.4100
-2.3800
227
299
322
334
551
-0.5022
0.3440
0.7974
0.9800
-1.6800
-5.0400
227
299
322
334
550
-0.4953
0.3314
0.7764
-1.5400
-1.3300
-3.7800
227
299
323
335
547
-0.4934
0.3372
0.7886
-5.1100
-0.9800
-5.7400
227
299
323
335
545
-0.5002
0.3148
0.8047
-21.0000
5.7400
-29.4700
227
300
323
336
539
-0.5270
0.2586
0.8072
-36.1200
12.1100
-32.4100
227
302
327
336
529
-0.5368
0.1698
0.7686
-37.4500
12.3200
-31.9900
229
307
333
336
521
-0.5910
0.0576
0.7842
-91.7700
10.0800
-55.7200
240
321
351
339
509
-0.6046
-0.1200
0.7642
-104.5100
0.7700
-70.1400
265
343
381
350
491
-0.6329
-0.3284
0.6739
-113.1900
-6.8600
-63.0700
302
376
416
372
470
-0.5480
-0.5314
0.6002
-95.6200
-2.9400
-51.2400
330
389
431
393
462
-0.4865
-0.6666
0.5422
-100.8000
-2.1700
-48.3700
349
391
431
404
459
-0.4573
-0.7520
0.4226
-78.6100
-7.8400
-40.7400
363
395
434
408
466
-0.3870
-0.8896
0.3172
-79.5200
-4.6200
-22.3300
373
400
438
409
471
-0.3875
-0.7793
0.2108
-79.5200
-1.8900
-26.0400
379
402
441
410
474
-0.3348
-0.9365
0.0991
-63.9800
0.0000
-17.3600
383
403
441
412
481
-0.2908
-0.9272
-0.0098
-45.2900
-0.3500
-16.5900
386
403
443
414
484
-0.3016
-0.9384
-0.0600
-48.0900
-0.6300
-11.4100
389
404
449
417
488
-0.2777
-0.9243
-0.1518
-38.7800
-1.3300
-8.7500
391
404
452
420
494
-0.2708
-0.9238
-0.2118
-10.3600
-2.0300
-4.1300
392
404
453
420
495
-0.2679
-0.9165
-0.2172
8.6100
-3.0800
-1.5400
392
404
453
420
493
-0.2913
-0.9389
-0.1918
-5.1800
-1.5400
-5.3200
392
404
453
420
495
-0.2860
-0.9243
-0.2123
-14.4200
-2.5900
-6.1600
393
404
454
420
495
-0.2664
-0.9150
-0.2362
-2.5900
-2.7300
-4.8300
393
404
454
420
493
-0.2679
-0.9140
-0.2264
-3.7800
-2.5900
-5.4600
393
405
455
420
496
-0.2630
-0.9340
-0.2411
-11.5500
-3.7800
-5.6000
393
405
456
421
497
-0.2533
-0.9048
-0.2762
0.0700
-4.9700
-4.6900
393
405
456
421
495
-0.2542
-0.9213
-0.2704
1.7500
-5.0400
-3.4300
393
405
457
421
497
-0.2582
-0.9179
-0.2704
-2.0300
-5.0400
-4.5500
393
405
461
422
498
-0.2704
-0.9199
-0.2791
0.4200
-4.3400
-3.7800
393
405
463
422
499
-0.2572
-0.9077
-0.2689
0.0000
-5.4600
-2.2400
393
406
464
422
500
-0.2586
-0.9155
-0.2796
2.1700
-3.8500
-2.1000
393
406
465
423
498
-0.2650
-0.9155
-0.2669
4.9000
-2.5200
-2.1000
393
406
468
422
500
-0.2621
-0.9130
-0.2562
2.1000
-2.3800
-3.1500
393
406
469
422
500
-0.2557
-0.9228
-0.2586
-4.5500
-2.3800
-4.2000
393
407
469
423
497
-0.2611
-0.9082
-0.2806
0.7000
-3.5000
-2.3100
393
407
469
423
499
-0.2611
-0.9160
-0.2694
2.5900
-3.2200
-2.6600
393
407
469
423
497
-0.2538
-0.9145
-0.2757
1.4700
-3.0100
-2.8000
393
407
469
423
499
-0.2562
-0.9160
-0.2747
1.1200
-2.6600
-3.1500
393
407
469
422
499
-0.2542
-0.9194
-0.2684
2.2400
-2.7300
-2.6600
395
413
471
423
497
-0.2494
-0.9160
-0.2704
3.3600
-3.5000
-2.8700
395
415
472
423
499
-0.2596
-0.9243
-0.2728
2.1700
-2.8700
-2.6600
396
416
474
423
496
-0.2518
-0.9067
-0.2718
5.9500
-3.3600
-1.2600
396
416
485
423
499
-0.2625
-0.9287
-0.2752
4.9700
-3.6400
-2.2400
396
419
498
423
499
-0.2533
-0.9311
-0.2660
3.0100
-3.0100
-3.3600
400
431
508
423
496
-0.2650
-0.9179
-0.2586
1.4700
-2.8000
-0.3500
408
448
516
424
498
-0.2596
-0.9233
-0.2635
0.2100
-2.1700
-1.1900
418
465
521
425
497
-0.2577
-0.9199
-0.2743
-1.9600
-5.6700
-1.0500
425
476
524
427
496
-0.2762
-0.9150
-0.2782
-0.4200
-4.2700
-3.5000
429
482
527
428
495
-0.2572
-0.9008
-0.2845
2.3100
-5.1100
-0.2100
431
486
528
429
492
-0.2645
-0.9209
-0.2708
7.5600
-2.3100
-1.8200
431
485
528
430
494
-0.2679
-0.8940
-0.2250
33.6700
-1.1200
5.1100
429
480
527
430
493
-0.2625
-0.9331
-0.2186
53.9000
-2.1700
8.6100
417
473
521
428
488
-0.3177
-0.9823
-0.1337
70.2800
0.6300
18.1300
402
466
510
420
486
-0.3338
-1.0033
-0.0376
102.4800
5.7400
39.3400
364
442
491
403
482
-0.3650
-0.9033
0.0966
79.5200
-2.7300
49.2100
307
380
477
382
482
-0.4948
-0.8291
0.3055
59.7800
-10.9900
42.8400
276
336
469
371
487
-0.5207
-0.6764
0.4046
85.4700
-4.4100
38.2900
250
313
426
362
492
-0.5446
-0.7598
0.4260
80.3600
-6.8600
47.1800
236
301
381
352
499
-0.6212
-0.5695
0.4748
60.9700
-3.3600
56.1400
227
291
343
350
509
-0.6354
-0.5095
0.4797
71.8200
-17.2900
46.2700
218
282
318
341
520
-0.6651
-0.3518
0.5300
136.2900
-36.5400
79.1700
217
277
305
338
543
-0.6769
-0.0561
0.7730
95.5500
-49.2800
49.9800
217
278
304
333
543
-0.6730
0.1230
0.7676
93.3800
-26.1800
21.2800
218
281
306
331
534
-0.5812
0.1918
0.7393
85.4000
-22.6100
16.6600
219
283
309
329
529
-0.5475
0.3558
0.7325
41.3700
-18.0600
8.6800
220
290
315
329
527
-0.5573
0.4070
0.7320
42.1400
-13.1600
4.4800
221
291
318
329
522
-0.5139
0.4314
0.7208
23.9400
-11.4800
7.4200
221
292
320
328
515
-0.5236
0.4821
0.7135
14.4900
-11.5500
5.9500
221
293
322
325
513
-0.4758
0.4787
0.6895
20.7900
-13.0900
10.6400
222
293
324
325
504
-0.4812
0.5251
0.6983
13.0200
-8.0500
0.9100
222
293
325
325
498
-0.4802
0.5261
0.6744
13.7900
-5.8800
-0.9800
222
294
326
324
498
-0.4695
0.5319
0.6730
8.6800
-5.4600
-0.2100
223
294
326
325
497
-0.4748
0.5412
0.6808
12.7400
-6.6500
-2.3100
223
294
327
325
494
-0.4582
0.5568
0.6759
6.7200
-5.2500
-0.4900
223
294
327
326
495
-0.4734
0.5690
0.6817
7.5600
-7.1400
-2.5200
223
295
327
327
492
-0.4641
0.5671
0.6593
9.3100
-5.8800
-2.7300
224
295
327
327
494
-0.4568
0.5763
0.6617
8.6800
-5.7400
-2.2400
224
296
328
328
491
-0.4558
0.5836
0.6637
0.9800
-4.9700
-2.7300
224
296
328
328
493
-0.4563
0.5846
0.6622
-1.4700
-4.7600
-2.4500
225
297
328
328
493
-0.4616
0.5954
0.6666
1.2600
-5.6000
-2.8000
225
297
329
329
492
-0.4543
0.5880
0.6632
3.2200
-3.3600
-2.8700
225
297
329
329
492
-0.4485
0.5783
0.6525
4.1300
-4.4800
-2.9400
225
298
329
329
492
-0.4451
0.5832
0.6510
5.6700
-4.1300
-2.5200
225
298
329
329
492
-0.4592
0.5812
0.6622
5.1800
-3.8500
-4.6200
226
298
330
329
490
-0.4538
0.5802
0.6539
6.5800
-4.4100
-4.9000
226
298
330
330
492
-0.4509
0.6037
0.6559
3.2200
-4.1300
-3.6400
226
299
330
329
490
-0.4538
0.5910
0.6505
2.4500
-3.2900
-3.7800
226
299
330
329
492
-0.4397
0.5958
0.6593
6.7200
-3.1500
-1.7500
227
299
330
330
489
-0.4636
0.5910
0.6427
5.9500
-4.0600
-4.6900
227
299
330
330
491
-0.4480
0.6066
0.6515
6.3000
-2.5900
-1.7500
227
300
330
330
489
-0.4524
0.6061
0.6583
-0.5600
-3.0800
-1.4000
228
300
330
330
491
-0.4626
0.6066
0.6544
-6.6500
-3.2200
-5.3200
228
300
331
330
491
-0.4504
0.6027
0.6681
-6.3000
-3.5000
-6.6500
228
301
331
331
490
-0.4577
0.5812
0.6651
-3.0800
-4.7600
-8.6800
228
301
331
331
490
-0.4724
0.5763
0.6744
-3.7100
-2.7300
-12.3200
229
302
331
332
486
-0.4534
0.5549
0.6671
-17.5000
-2.2400
-11.8300
229
303
332
333
487
-0.4929
0.5192
0.7286
-102.0600
9.5200
-31.4300
233
310
338
338
475
-0.5388
0.3597
0.7437
-151.4800
25.9000
-57.2600
242
319
349
344
464
-0.5519
0.1781
0.8350
-158.7600
6.7900
-52.8500
255
330
365
352
467
-0.5758
-0.1118
0.7540
-135.2400
-16.8000
-74.0600
268
341
382
354
479
-0.5436
-0.2567
0.7081
-96.8800
-35.4200
-69.7900
291
362
411
361
462
-0.4812
-0.5417
0.6705
-74.1300
-32.4100
-67.7600
313
386
436
370
449
-0.2991
-0.6271
0.6442
-67.1300
-37.7300
-50.4700
317
394
444
373
440
-0.2782
-0.7774
0.5680
-50.6800
-34.7900
-54.0400
321
401
447
380
440
-0.1474
-0.8481
0.5090
-45.9200
-33.8100
-38.7800
324
404
450
385
435
-0.0742
-0.8940
0.4216
-72.7300
-25.4800
-28.5600
330
412
456
393
436
-0.0268
-0.8965
0.3582
-79.2400
-34.5800
-41.0200
341
422
467
406
433
0.0688
-0.9906
0.1708
-82.4600
-19.7400
-11.3400
349
430
474
417
431
0.1186
-1.0102
0.0878
-72.9400
-6.0200
-2.5900
354
434
478
423
433
0.0678
-1.0336
-0.0015
-91.4200
-10.7100
-12.7400
356
439
488
426
432
0.0673
-0.9496
-0.2050
-66.9200
-8.2600
10.7100
360
446
500
427
436
0.0532
-0.9267
-0.2621
-36.9600
-5.8100
-4.9000
362
450
504
428
436
0.0405
-0.9867
-0.3143
-19.1800
1.6800
3.2200
364
453
506
430
439
0.0791
-0.9706
-0.3475
-50.9600
6.5100
26.4600
364
453
505
431
440
-0.0420
-0.8930
-0.3123
-25.8300
11.5500
1.4700
365
452
504
431
445
0.0059
-0.8594
-0.4333
-14.4200
8.6800
-5.0400
365
453
504
432
447
0.0137
-0.8755
-0.4470
16.3800
13.0200
-3.2200
365
453
504
435
451
0.0259
-0.9082
-0.3933
6.5800
11.2700
2.4500
366
453
505
437
457
0.0727
-0.8823
-0.4690
5.6000
-5.0400
-6.0200
366
453
505
437
460
0.0405
-0.9067
-0.4153
18.6200
-12.2500
-10.2900
367
453
505
438
460
0.0356
-0.9204
-0.3953
-0.1400
-6.0200
5.1100
367
452
505
438
463
0.0215
-0.8960
-0.4216
1.1900
-3.3600
-1.5400
368
453
505
438
465
0.0654
-0.9194
-0.4177
11.4800
-7.9100
-2.3800
368
453
506
438
465
0.0595
-0.9194
-0.3772
13.3700
-10.0800
-4.3400
369
453
506
439
470
0.0312
-0.9399
-0.3997
7.1400
-9.5900
-1.6800
370
453
507
440
471
0.0059
-0.9238
-0.3875
4.8300
-4.7600
-7.9100
371
453
507
440
475
0.0224
-0.9326
-0.3514
8.4000
-3.5000
-7.1400
371
453
507
440
474
0.0102
-0.9262
-0.3782
2.8000
0.7000
-4.4100
371
453
507
440
486
0.0307
-0.9257
-0.3362
10.3600
1.0500
2.1000
372
453
507
440
486
0.0337
-0.9531
-0.3562
-7.2800
-4.7600
23.7300
373
451
508
440
487
-0.0468
-0.9594
-0.3865
-4.0600
-0.7000
0.0700
373
451
508
439
495
-0.0473
-0.9233
-0.3841
1.3300
7.8400
-4.9700
374
451
508
439
494
0.0439
-0.9121
-0.3216
-0.0700
-5.3200
-13.0900
374
452
508
440
488
0.0151
-0.9345
-0.3806
16.6600
-5.6700
-16.1000
374
452
508
441
481
0.0332
-0.9765
-0.3030
2.4500
-6.1600
-18.9700
374
452
507
441
474
0.0288
-0.9043
-0.3601
-1.6800
-7.9100
-7.2800
374
453
507
442
489
0.0771
-0.9257
-0.3382
17.1500
-14.0700
-0.1400
374
452
507
442
502
-0.0063
-0.9672
-0.2894
4.5500
-6.1600
5.7400
374
452
507
443
501
0.0029
-0.9536
-0.3587
-0.9800
-3.3600
0.9800
374
452
507
443
495
-0.0078
-0.9467
-0.3221
4.1300
1.2600
-5.2500
374
452
507
443
495
0.0634
-0.9399
-0.2933
-0.8400
-7.9800
-5.4600
374
452
507
443
491
0.0449
-0.9555
-0.2869
0.0000
-7.6300
4.2000
374
452
506
443
484
0.0283
-0.9672
-0.3333
3.1500
-10.2900
2.7300
374
451
506
443
474
-0.0927
-0.9521
-0.3816
5.2500
0.9800
-4.9700
374
451
506
443
471
0.0205
-0.9238
-0.2879
-0.2800
-5.9500
-4.0600
374
451
506
444
472
-0.0093
-0.9414
-0.3348
1.6800
-3.7800
-2.1000
374
451
506
444
481
-0.0117
-0.9550
-0.3270
-2.3100
5.9500
4.0600
374
451
505
444
485
0.0054
-0.9292
-0.3216
2.5200
-3.0100
-0.4200
374
451
505
444
482
-0.0132
-0.9448
-0.3367
2.5200
-10.2900
-9.3100
374
450
504
444
482
-0.0268
-0.9555
-0.3226
1.6800
-2.3800
-0.7700
374
450
504
444
483
0.0415
-0.9482
-0.3001
2.2400
-8.0500
-4.1300
374
450
504
443
495
0.0190
-0.9306
-0.3323
8.1200
-13.7900
0.4200
374
449
504
442
503
-0.0586
-0.9945
-0.3279
3.9900
-5.6000
-11.4800
374
449
504
441
518
0.0127
-0.9316
-0.3074
-5.8100
-0.4200
-1.4700
374
449
504
441
521
-0.0020
-0.9521
-0.3113
9.5900
-7.3500
-8.1200
374
450
503
440
517
0.0044
-0.9638
-0.3152
1.7500
-8.8900
-10.3600
374
450
503
440
517
-0.0078
-0.9487
-0.3265
-2.5900
2.7300
5.7400
374
450
503
440
518
0.0073
-0.9418
-0.3231
0.9800
-1.4000
-3.5000
374
450
503
440
513
0.0259
-0.9428
-0.3192
-1.6800
-4.6900
-0.9800
374
450
502
440
510
-0.0044
-0.9243
-0.3445
4.2000
-0.9800
5.7400
374
450
502
439
505
-0.0034
-0.9433
-0.3401
2.3100
-4.4800
-3.6400
374
449
502
440
497
-0.0083
-0.9477
-0.3060
2.3800
-7.7000
-7.6300
374
449
502
440
491
-0.0142
-0.9384
-0.3450
0.7700
-8.8200
-8.1200
374
449
502
440
485
-0.0015
-0.9550
-0.3387
0.4200
-4.3400
2.3800
374
449
502
440
490
-0.0210
-0.9296
-0.3601
0.9100
-2.1700
1.9600
374
449
502
441
492
0.0039
-0.9233
-0.3421
7.7700
-4.9000
-9.1000
374
449
501
441
492
-0.0117
-0.9433
-0.3211
8.3300
-1.6800
-6.5800
374
449
501
442
505
0.0093
-0.9404
-0.3245
3.2200
-5.1100
-7.8400
374
449
501
441
506
0.0107
-0.9448
-0.3128
-3.6400
-4.9000
-4.6900
374
448
501
441
511
0.0020
-0.9252
-0.3465
3.7100
-2.2400
-2.3100
374
449
501
441
509
0.0317
-0.9492
-0.3011
1.9600
-6.3700
-6.1600
374
449
501
441
504
0.0049
-0.9604
-0.3070
1.6800
-1.6800
-4.6900
373
449
501
440
515
-0.0020
-0.9428
-0.3299
3.1500
-1.2600
-11.1300
374
449
500
440
553
0.0537
-0.9448
-0.3030
3.5700
-6.1600
-6.0900
374
449
501
440
556
0.0142
-0.9482
-0.3416
-1.7500
-1.1900
-4.7600
374
449
501
440
549
0.0488
-0.9379
-0.3192
0.7700
-3.4300
-4.0600
374
450
501
440
543
0.0537
-0.9633
-0.3177
2.3100
-3.0800
-0.3500
374
450
501
440
543
0.0137
-0.9457
-0.3401
3.9900
0.4200
-4.9700
374
450
501
440
548
0.0327
-0.9428
-0.3299
0.2100
-0.7000
-5.2500
374
450
501
439
554
0.0161
-0.9706
-0.3640
3.2900
-4.4100
-3.2900
374
450
501
439
561
0.0527
-0.9370
-0.2655
5.9500
-5.4600
-0.4200
374
449
501
439
572