-0.1957
-0.9536
-0.2552
2.0300
-2.9400
-4.2000
378
457
501
417
501
-0.1762
-0.9326
-0.2494
-0.7000
-4.6200
0.2800
378
457
501
417
499
-0.1810
-0.9374
-0.2708
1.8900
-6.0200
-1.9600
378
457
500
418
501
-0.1952
-0.9340
-0.2523
4.4800
-5.6000
-1.3300
378
457
500
418
501
-0.1976
-0.9370
-0.2533
1.3300
-3.5000
2.3800
378
457
499
419
499
-0.2015
-0.9506
-0.2342
1.4700
-3.5700
-2.3100
378
458
497
419
501
-0.1991
-0.9277
-0.3328
-3.2900
-6.9300
2.5900
378
458
499
419
499
-0.2142
-0.9404
-0.2508
-4.9700
-8.8200
-0.5600
378
467
501
420
501
-0.2176
-0.9262
-0.2767
-2.2400
-7.2100
0.6300
383
479
504
420
501
-0.2220
-0.9404
-0.2713
-4.6200
-5.8100
-1.0500
385
484
507
420
499
-0.2333
-0.9248
-0.2865
-7.9100
-4.0600
-1.0500
385
485
510
421
501
-0.2391
-0.9248
-0.2752
0.7700
-2.4500
-2.2400
384
482
511
422
501
-0.2255
-0.9292
-0.2894
2.0300
-2.8700
-1.8900
380
472
511
422
499
-0.2157
-0.9287
-0.2918
3.1500
-5.6000
-2.1000
367
446
511
423
502
-0.2308
-0.9252
-0.2786
1.1200
-5.4600
-1.1200
346
420
511
423
503
-0.2347
-0.9170
-0.2762
0.8400
-5.8800
-1.6800
317
388
511
424
505
-0.2372
-0.9140
-0.2733
6.3000
-6.5100
3.0100
299
367
512
425
511
-0.2489
-0.9243
-0.2767
2.1000
-4.4100
-2.5900
286
350
511
426
516
-0.2499
-0.9057
-0.2704
3.5000
-2.3800
-3.7800
268
329
511
427
525
-0.2279
-0.9184
-0.2664
-4.3400
-7.2800
-3.7100
252
310
510
427
530
-0.2357
-0.9038
-0.2855
-1.1900
-6.1600
-3.2200
242
301
509
426
531
-0.2542
-0.9267
-0.2850
-1.6800
-4.6900
-3.1500
234
292
508
425
533
-0.2308
-0.9238
-0.2933
1.1200
-3.7800
-4.7600
231
289
508
425
539
-0.2406
-0.9379
-0.6461
3.2200
-13.0200
-7.7700
227
287
509
421
550
-0.1972
-0.9135
-0.2982
-26.4600
-6.5800
-15.2600
227
288
511
400
571
-0.2611
-0.9301
-0.6368
18.7600
13.2300
0.4200
233
298
516
382
598
-0.2128
-0.9550
-0.3645
31.2200
9.2400
-4.1300
233
299
520
394
646
-0.2713
-0.9697
-0.2377
24.0100
14.9800
4.2000
224
289
519
416
705
-0.2059
-0.9331
-0.2704
33.2500
-7.0700
-1.5400
214
284
512
420
749
-0.2416
-1.0014
-0.2342
33.3200
-13.4400
-6.3000
208
284
500
420
762
-0.2591
-0.9794
-0.1562
8.1900
-4.4100
-2.5900
207
285
491
414
749
-0.2625
-0.9355
-0.2377
17.9200
-3.2200
-2.4500
208
285
478
409
736
-0.2733
-0.9579
-0.0059
5.6700
0.0000
-1.8900
208
285
459
400
729
-0.2313
-0.9492
-0.1664
10.2200
-2.0300
-3.8500
207
283
428
398
722
-0.2577
-0.9692
-0.1303
17.9200
-2.6600
-8.6800
208
284
415
398
721
-0.2552
-0.9653
-0.1347
-7.7700
-0.4200
-1.4000
210
285
420
401
714
-0.2577
-0.9360
-0.1386
-1.6800
-1.8900
-2.3100
212
287
431
404
708
-0.2484
-0.9213
-0.1415
-4.3400
-4.3400
-3.7100
213
288
443
405
705
-0.2420
-0.9301
-0.1630
2.3800
-6.3000
0.7700
215
290
446
405
701
-0.2425
-0.9345
-0.1283
-3.0100
-3.0100
-3.2200
215
290
446
405
701
-0.2308
-0.9399
-0.1737
-10.2200
-1.8900
-0.8400
215
291
447
405
701
-0.2464
-0.9516
-0.1728
-2.1000
-3.1500
-2.7300
216
291
448
406
699
-0.2494
-0.9316
-0.1742
-1.8900
-2.2400
-6.8600
217
291
449
406
698
-0.2367
-0.9462
-0.1776
-3.0100
-2.8000
-3.2200
217
292
449
406
697
-0.2416
-0.9687
-0.1972
-5.0400
0.3500
-6.6500
218
292
449
406
695
-0.2220
-0.9487
-0.2113
1.8900
-2.5200
-7.1400
218
293
449
406
695
-0.2269
-0.9628
-0.2050
1.0500
-5.7400
-7.2800
219
293
450
406
692
-0.2323
-0.9462
-0.2318
7.7700
-9.1700
-6.0200
219
293
450
406
687
-0.2269
-0.9540
-0.2147
4.7600
-4.1300
-4.0600
220
293
450
406
684
-0.2245
-0.9477
-0.2069
0.2100
-4.3400
-3.3600
220
293
450
406
683
-0.2196
-0.9409
-0.2084
-0.2100
-4.4800
-3.2900
220
294
450
406
682
-0.2128
-0.9443
-0.2054
0.7000
-5.9500
-3.9200
221
294
450
406
680
-0.2264
-0.9443
-0.2152
1.1200
-4.5500
-3.2900
221
295
451
406
680
-0.2137
-0.9433
-0.2035
2.1000
-4.6900
-2.7300
222
295
451
406
680
-0.2181
-0.9414
-0.2079
0.2100
-3.5700
-3.2200
222
295
451
406
681
-0.2186
-0.9467
-0.2006
-1.0500
-4.0600
-1.6100
222
296
451
406
684
-0.2128
-0.9379
-0.2147
-0.9100
-3.0800
-3.0800
222
296
451
406
683
-0.2167
-0.9448
-0.2255
3.0100
-3.2900
-2.0300
222
296
451
406
681
-0.2191
-0.9521
-0.2142
0.8400
-3.6400
-3.9900
222
296
451
406
682
-0.2059
-0.9379
-0.2079
2.1700
-4.0600
-5.2500
222
296
451
405
682
-0.2015
-0.9443
-0.2245
1.8200
-4.9000
-1.8900
222
296
451
405
682
-0.2103
-0.9511
-0.2118
-2.8700
-4.5500
-3.9200
223
297
451
405
681
-0.2201
-0.9355
-0.2152
-11.2700
-4.9700
-6.5100
223
297
451
405
678
-0.2040
-0.9409
-0.2323
0.7700
-4.6200
-2.5200
224
298
451
404
674
-0.2035
-0.9394
-0.2054
-18.1300
-3.8500
-8.5400
230
297
457
401
655
-0.1893
-0.9394
-0.2840
-9.1000
-8.1900
-5.4600
240
299
470
399
610
-0.1908
-0.9472
-0.2850
-6.0900
-6.3700
-10.1500
255
315
477
400
572
-0.1679
-0.9355
-0.2855
-1.3300
-6.0900
-9.4500
272
333
483
400
541
-0.1200
-0.9350
-0.3045
4.2700
-10.4300
-6.6500
303
372
491
405
526
-0.1581
-0.9516
-0.2913
3.5000
-8.5400
-4.9700
333
412
496
417
515
-0.1606
-0.9340
-0.2826
-8.4700
-8.9600
-5.0400
358
447
503
427
505
-0.1557
-0.9165
-0.3387
0.1400
-5.2500
-1.4000
374
470
509
438
483
-0.1347
-0.9467
-0.2996
-6.4400
-14.5600
-1.7500
382
481
513
445
473
-0.1576
-0.9248
-0.3157
-4.6200
-9.9400
-2.3800
387
486
515
450
460
-0.1532
-0.9360
-0.3274
3.2900
-5.0400
-4.4800
392
488
516
452
454
-0.1562
-0.9306
-0.3172
1.5400
-3.9900
-2.3100
394
490
517
453
451
-0.1581
-0.9277
-0.3226
3.3600
-3.7100
-0.7000
394
490
517
453
451
-0.1649
-0.9311
-0.3148
2.1700
-2.1000
-1.8200
394
490
517
453
449
-0.1615
-0.9160
-0.3196
2.3800
-3.9200
-1.3300
395
489
518
454
452
-0.1601
-0.9204
-0.3226
2.6600
-4.2700
-0.9800
394
488
518
454
450
-0.1591
-0.9228
-0.3162
2.8700
-6.5100
-2.8000
394
488
517
454
453
-0.1625
-0.9404
-0.3128
4.5500
-6.0200
-2.3100
394
487
517
454
452
-0.1703
-0.9389
-0.3035
4.6200
-2.5200
-3.0800
394
486
517
454
455
-0.1635
-0.9262
-0.3177
2.8700
-2.3100
-0.5600
394
485
517
453
455
-0.1674
-0.9321
-0.3094
2.2400
-1.9600
-1.5400
393
483
516
453
459
-0.1728
-0.9262
-0.2991
0.0700
-2.4500
-4.1300
392
478
516
452
459
-0.1542
-0.9170
-0.3260
-1.8200
-2.5900
0.9100
390
467
516
452
465
-0.1728
-0.9204
-0.3118
1.4700
-2.5900
-3.7100
387
457
515
452
468
-0.1601
-0.9267
-0.3226
5.1800
-4.2700
-2.9400
372
431
514
451
474
-0.1679
-0.9365
-0.3118
3.7800
-5.7400
-2.9400
356
410
513
451
477
-0.1791
-0.9248
-0.3094
0.0000
-5.2500
0.7000
339
390
511
451
482
-0.1732
-0.9292
-0.3089
3.2900
-4.0600
-0.0700
323
373
510
450
489
-0.1649
-0.9296
-0.3113
1.2600
-5.1800
-1.0500
301
351
508
448
497
-0.1810
-0.9213
-0.2908
9.9400
-6.4400
0.5600
272
321
505
446
507
-0.1845
-0.9340
-0.2899
4.4100
-4.0600
-2.3100
252
302
503
444
515
-0.1781
-0.9301
-0.2894
1.6100
-5.6000
-1.4000
241
292
501
439
529
-0.1845
-0.9199
-0.2865
-6.7900
-9.3800
-3.0100
235
289
501
432
556
-0.1859
-0.9223
-0.3333
-7.6300
-7.1400
-6.1600
235
289
505
421
591
-0.1684
-0.9360
-0.3640
-8.3300
0.2100
-3.2200
236
290
509
400
634
-0.1972
-0.9433
-0.3357
12.4600
2.1700
-1.4000
232
287
511
395
697
-0.1879
-0.9277
-0.3187
1.5400
-1.0500
3.5700
221
282
512
396
752
-0.1884
-0.9130
-0.3240
1.8900
-3.3600
5.8100
215
280
511
397
783
-0.1854
-0.9218
-0.2821
12.2500
-2.3800
4.7600
211
282
515
396
800
-0.2269
-0.9228
-0.2977
0.2800
-4.2700
-6.7900
210
281
517
397
797
-0.2216
-0.9204
-0.3094
2.8700
-3.2900
-7.4900
209
282
518
396
791
-0.2152
-0.9130
-0.3011
6.9300
-1.8900
-2.3100
209
282
515
397
775
-0.2211
-0.9267
-0.3021
17.2900
3.0800
-1.8900
210
282
504
398
758
-0.1820
-0.9477
-0.2308
16.2400
2.5900
0.4200
210
282
493
397
749
-0.1942
-0.9399
-0.2225
15.4000
-0.9100
-5.6700
211
282
481
394
742
-0.1942
-0.9496
-0.2206
2.5900
-3.5700
-3.2900
212
283
464
388
737
-0.1923
-0.9545
-0.2264
5.2500
-4.2000
-2.9400
213
284
448
383
730
-0.1786
-0.9755
-0.2059
4.3400
-3.8500
-0.0700
214
284
434
383
718
-0.1942
-0.9457
-0.2045
16.3800
-7.0000
-3.5000
215
285
430
384
713
-0.2015
-0.9570
-0.1942
5.9500
-7.2100
0.3500
216
286
428
386
705
-0.2333
-0.9594
-0.1932
2.2400
-4.4100
-2.8000
217
286
429
387
705
-0.2045
-0.9487
-0.2001
-2.2400
-4.1300
-2.3100
217
287
432
388
699
-0.2030
-0.9579
-0.2035
0.9100
-5.6000
-4.7600
219
288
435
389
696
-0.1957
-0.9555
-0.2206
-3.8500
-3.5000
-0.7000
220
289
438
392
691
-0.2089
-0.9467
-0.2259
-2.5200
-3.9200
-2.2400
221
290
442
394
688
-0.2103
-0.9374
-0.2172
-8.3300
-0.6300
-1.8200
222
290
447
396
682
-0.1937
-0.9321
-0.2338
0.9100
-1.5400
-3.9900
222
291
450
397
678
-0.1918
-0.9404
-0.2342
5.8100
-5.2500
-6.0900
223
291
452
398
679
-0.1972
-0.9428
-0.2333
0.8400
-2.9400
-1.5400
223
292
453
399
678
-0.2035
-0.9433
-0.2362
0.4900
-3.9200
-5.5300
224
292
454
399
674
-0.1820
-0.9350
-0.2362
2.5200
-5.4600
-6.1600
224
292
455
399
673
-0.1898
-0.9521
-0.2333
6.4400
-6.0900
-8.2600
225
293
455
399
670
-0.1952
-0.9394
-0.2274
2.8000
-5.8800
-5.3200
225
293
455
399
672
-0.2059
-0.9418
-0.2328
3.4300
-5.4600
-4.2000
225
293
455
399
672
-0.2035
-0.9428
-0.2342
-1.2600
-3.8500
-3.2900
226
294
456
399
670
-0.2113
-0.9443
-0.2352
-0.1400
-2.4500
-2.2400
227
294
456
399
668
-0.1869
-0.9355
-0.2435
-1.8200
-2.8700
-1.2600
227
295
458
399
665
-0.2084
-0.9340
-0.2435
1.6800
-1.9600
-1.6100
228
295
460
400
663
-0.1986
-0.9457
-0.2284
-0.3500
-3.7100
-1.1200
228
295
460
400
663
-0.1869
-0.9345
-0.2391
2.5200
-3.2200
0.0000
228
295
464
401
662
-0.1962
-0.9438
-0.2294
5.6700
-2.8000
0.8400
228
295
470
403
662
-0.2098
-0.9394
-0.2303
-1.5400
-3.3600
-4.1300
229
296
472
403
664
-0.1893
-0.9409
-0.2230
8.8200
-6.0200
-4.6200
229
296
475
404
664
-0.1937
-0.9667
-0.2338
-4.6200
-6.5800
-5.8800
231
295
475
404
657
-0.1976
-0.9379
-0.2391
-4.4800
-8.1900
-8.6100
234
296
476
403
651
-0.1942
-0.9472
-0.2484
0.0000
-4.6200
-2.5900
236
295
480
403
648
-0.1923
-0.9150
-0.2338
-5.4600
-4.5500
-2.2400
238
293
488
404
642
-0.2084
-0.9257
-0.2635
-2.9400
-7.6300
-3.8500
241
293
497
406
639
-0.1923
-0.9374
-0.2435
-2.6600
-3.9200
2.0300
244
293
500
407
628
-0.2137
-0.9331
-0.2557
-5.1100
-4.0600
-5.1800
247
295
504
409
606
-0.1869
-0.9292
-0.2772
-7.4900
-8.6100
-5.5300
255
305
509
414
572
-0.1669
-0.9438
-0.2840
-0.5600
-11.4100
-1.8200
264
332
507
439
543
-0.1874
-0.9555
-0.2762
0.9800
-4.6200
-2.8000
281
380
498
446
520
-0.1771
-0.9316
-0.2943
-1.2600
-3.4300
-1.4700
322
427
502
450
511
-0.1864
-0.9272
-0.3123
2.2400
-3.6400
-5.7400
357
456
507
453
501
-0.1708
-0.9267
-0.3065
-1.3300
-7.5600
-6.0900
378
478
511
456
483
-0.1801
-0.9316
-0.3123
2.7300
-7.4200
-4.5500
394
490
514
457
481
-0.1771
-0.9218
-0.3104
4.4100
-4.0600
-4.3400
398
494
515
458
478
-0.1645
-0.9218
-0.2991
2.7300
-4.4100
-1.9600
399
495
515
458
480
-0.1864
-0.9340
-0.3070
3.9200
-4.5500
-3.5700
399
496
515
458
480
-0.1913
-0.9267
-0.2972
3.0100
-5.6000
-3.0800
400
497
515
459
479
-0.1810
-0.9423
-0.3074
3.3600
-5.3900
-3.6400
400
497
515
459
480
-0.1830
-0.9223
-0.2938
4.6900
-5.0400
-2.7300
400
496
515
459
478
-0.1898
-0.9170
-0.2913
4.6200
-5.8800
-2.5200
400
496
515
458
480
-0.1918
-0.9448
-0.2879
3.2900
-4.0600
-6.7200
400
495
515
458
478
-0.1835
-0.9331
-0.2952
0.9100
-1.6800
-4.0600
400
495
515
458
481
-0.1747
-0.9301
-0.2957
3.1500
-4.0600
-4.6900
400
494
515
458
481
-0.1752
-0.9243
-0.2850
2.3100
-5.0400
-3.1500
400
493
515
458
482
-0.1825
-0.9292
-0.3050
-2.2400
-5.6000
-6.1600
399
488
515
457
485
-0.1801
-0.9301
-0.3133
-0.4900
-1.8200
-4.2700
398
478
515
456
484
-0.1762
-0.9292
-0.2835
-3.1500
-3.2200
-3.6400
396
466
515
456
489
-0.1903
-0.9252
-0.3143
-5.9500
-2.4500
-1.2600
388
448
514
454
493
-0.1889
-0.9106
-0.3045
2.0300
-0.9800
-2.6600
356
408
514
453
499
-0.1776
-0.9262
-0.3016
5.7400
-1.3300
-2.5900
332
337
513
451
512
-0.1684
-0.9170
-0.3109
9.8000
-3.7800
-4.7600
309
303
512
450
519
-0.1874
-0.9296
-0.2860
16.5200
-4.7600
-7.4900
287
281
510
448
529
-0.1688
-0.8926
-0.2679
5.2500
-4.9000
-5.6700
274
274
507
442
545
-0.1586
-0.9404
-0.2772
-7.2800
-11.5500
-5.5300
275
275
507
437
573
-0.1474
-0.9306
-0.2889
-14.8400
-5.1100
-12.5300
279
280
510
433
603
-0.1620
-0.9243
-0.3196
-7.6300
3.6400
-10.2900
284
281
515
406
621
-0.1337
-0.9355
-0.3421
10.1500
6.9300
4.4800
288
280
520
385
644
-0.1410
-0.9516
-0.2860
20.3700
0.6300
0.8400
288
278
525
391
665
-0.1845
-0.9370
-0.2518
24.8500
-2.6600
1.3300
286
276
521
397
668
-0.1649
-0.9399
-0.2547
15.8900
-1.8900
1.6800
287
276
512
401
663
-0.1635
-0.9550
-0.2303
13.2300
-2.2400
0.7700
288
277
505
400
659
-0.1688
-0.9560
-0.2377
18.1300
-1.8900
2.9400
289
276
496
398
652
-0.2094
-0.9511
-0.1810
26.1100
3.7800
-2.0300
290
275
491
394
652
-0.1601
-0.9575
-0.1283
-4.6200
-3.8500
-2.9400
290
276
488
393
653
-0.1718
-0.9804
-0.1786
4.2700
-6.0200
-7.4900
290
277
488
393
651
-0.1918
-0.9682
-0.1552
1.1900
-2.3800
-1.0500
290
277
489
394
650
-0.1869
-0.9487
-0.1850
0.4200
-2.7300
-2.3100
289
278
487
392
649
-0.1664
-0.9579
-0.1874
-0.0700
-3.2900
1.1200
289
279
485
391
649
-0.1674
-0.9692
-0.1859
0.7700
-4.4800
-2.6600
290
280
479
389
647
-0.1728
-0.9638
-0.1767
-2.8000
-3.5700
-1.5400
290
280
476
387
647
-0.1664
-0.9487
-0.1825
-11.5500
-3.5700
-2.3100
290
281
474
387
646
-0.1440
-0.9448
-0.2186
-13.8600
-4.7600
-8.6800
290
281
475
387
643
-0.1698
-0.9794
-0.2684
-23.9400
-7.7000
-6.2300
292
282
477
388
634
-0.1688
-0.9130
-0.2704
-22.2600
-10.5000
-4.5500
292
283
481
391
635
-0.1679
-0.9111
-0.3045
-6.7900
-6.6500
0.2100
292
283
481
390
631
-0.1493
-0.9516
-0.3123
-10.1500
-9.1700
0.9100
292
284
481
390
631
-0.1527
-0.9550
-0.3645
-12.2500
-4.3400
-12.4600
292
284
482
388
621
-0.1645
-0.9018
-0.2948
-10.9900
-7.2100
-9.8000
292
284
482
384
620
-0.1732
-0.8662
-0.3382
-11.6200
-10.0100
-9.6600
293
284
482
382
620
-0.1801
-0.8818
-0.3811
-14.0700
0.4900
-4.4800
293
281
482
380
619
-0.1054
-0.8740
-0.4329
-6.0900
-6.9300
-3.9200
293
278
482
380
618
-0.1347
-0.9257
-0.4075
-7.9800
-0.2100
-3.8500
293
278
482
380
615
-0.0976
-0.8779
-0.4494
-4.3400
-9.1700
-5.8100
293
278
482
378
614
-0.1249
-0.9311
-0.4104
-15.9600
-8.2600
-16.0300
293
272
482
389
612
-0.0791
-0.8442
-0.4241
2.7300
-12.1100
-8.9600
295
275
484
390
611
-0.1142
-0.8867
-0.4343
1.7500
-5.9500
-6.7900
296
277
485
391
609
-0.1108
-0.8799
-0.4294
9.3800
-4.5500
-4.8300
299
276
488
392
607
-0.1005
-0.8647
-0.4143
12.7400
-14.4900
-7.8400
302
278
488
392
604
-0.1205
-0.8530
-0.3714
18.7600
-6.8600
0.0700
308
282
489
393
598
-0.1249
-0.9628
-0.3865
26.7400
0.9800
-2.3800
313
288
496
396
594
-0.1176
-0.9257
-0.3436
18.4800
-2.1700
0.0700
320
294
504
401
584
-0.0961
-0.9174
-0.3353
18.9700
-2.3800
-2.1700
326
306
507
407
574
-0.1059
-0.9492
-0.2762
35.2800
3.7800
-1.0500
333
326
508
413
565
-0.1249
-0.9677
-0.2347
29.0500
2.1000
-1.8900
346
370
508
422
554
-0.1235
-0.9604
-0.2123
11.0600
-2.8700
-1.0500
376
428
512
432
543
-0.1147
-0.9648
-0.1757
8.4000
-8.6800
-3.2200
408
456
516
441
529
-0.1181
-0.9697
-0.1825
5.9500
-6.3700
-2.4500
403
479
517
448
521
-0.1347
-0.9828
-0.1737
2.8700
-3.3600
-2.8000
405
488
519
452
512
-0.1039
-0.9526
-0.1649
-0.3500
-3.3600
2.3800
406
490
519
454
505
-0.1176
-0.9662
-0.1547
2.8700
-4.2700
-0.0700
407
492
520
456
499
-0.1283
-0.9672
-0.1630
6.3700
-3.4300
0.1400
408
494
521
459
494
-0.1469
-0.9745
-0.1532
6.7200
-3.9900
-7.0700
408
495
523
460
492
-0.1288
-0.9911
-0.1513
5.6000
0.7000
-2.5900
408
495
523
460
490
-0.1196
-0.9784
-0.1454
-0.5600
-1.7500
-2.1700
408
496
524
460
487
-0.1322
-0.9784
-0.1523
-0.4200
-4.2000
-3.8500
408
495
524
460
489
-0.1249
-0.9731
-0.1757
5.0400
-2.8000
-3.3600
407
495
524
460
489
-0.1264
-0.9804
-0.1391
2.4500
-3.9200
-5.6700
407
495
524
459
489
-0.1171
-0.9780
-0.1635
4.1300
-4.2000
-5.2500
407
495
524
459
488
-0.1176
-0.9794
-0.1566
2.8000
-6.6500
-3.7800
406
495
524
458
486
-0.1181
-0.9877
-0.1347
4.5500
-4.1300
-4.3400
406
495
524
458
488
-0.1132
-0.9853
-0.1459
1.4700
-3.2900
-4.7600
405
495
524
458
485
-0.1035
-0.9716
-0.1649
2.0300
-3.6400
-3.8500
405
495
524
457
488
-0.1098
-0.9701
-0.1708
2.7300
-3.0800
-0.7000
404
494
524
455
488
-0.1069
-0.9672
-0.1537
2.3800
-5.0400
-4.1300
403
494
524
452
489
-0.0908
-0.9862
-0.1664
-15.2600
-2.8000
2.5200
400
490
523
449
491
-0.1225
-0.9760
-0.2050
-10.0100
-4.4100
-1.8200
386
466
523
446
495
-0.1215
-0.9716
-0.1962
-9.0300
-2.7300
-2.9400
357
427
523
443
504
-0.1166
-0.9667
-0.2172
-4.8300
-4.0600
-2.2400
330
384
522
439
509
-0.1200
-0.9570
-0.2313
-7.9100
-9.5900
-12.6700
291
340
522
436
517
-0.1200
-0.9823
-0.2816
-6.5800
-4.0600
-11.7600
265
310
521
421
525
-0.0961
-0.9643
-0.2733
-9.1000
-6.5800
-11.6200
247
294
521
404
549
-0.0805
-0.9545
-0.2835
-3.7100
-15.0500
-5.1100
237
288
523
397
631
-0.0737
-0.9667
-0.2840
-1.6100
-16.9400
0.7000
227
283
525
392
669
-0.1357
-0.9614
-0.3284
-3.2200
-5.8800
-4.6900
224
279
526
388
700
-0.1259
-0.9516
-0.2533
6.7200
-1.2600
-4.2700
220
279
526
383
712
-0.1054
-0.9091
-0.2777
1.9600
-6.5800
-0.4200
218
278
523
386
708
-0.1391
-1.0185
-0.2865
22.5400
-0.6300
12.6000
216
278
510
396
703
-0.1440
-0.9794
-0.2464
29.8200
6.7900
11.4100
216
276
500
400
695
-0.1464
-0.9223
-0.2128
41.1600
-2.3800
1.5400
216
276
483
394
687
-0.1815
-0.9838
-0.1098
27.3000
-2.2400
-6.4400
216
273
463
387
685
-0.2186
-0.9457
-0.1235
20.2300
0.2800
-0.2800
217
272
441
385
683
-0.1601
-0.9604
-0.0639
-3.3600
-3.0100
1.1900
218
271
431
387
681
-0.1596
-0.9492
-0.1049
-24.5700
-8.4000
3.8500
220
273
435
388
679
-0.1654
-0.9526
-0.1547
-23.1000
-2.3100
-4.5500
222
276
436
388
672
-0.1557
-0.9614
-0.1850
-5.7400
0.5600
-1.5400
223
276
438
389
668
-0.1503
-0.9711
-0.1840
0.5600
-3.4300
-7.0000
224
277
440
389
667
-0.1449
-0.9711
-0.1889
5.3900
-4.6200
-9.2400
225
277
440
389
666
-0.1464
-0.9897
-0.1957
6.0900
-3.7100
-7.4200
226
278
441
389
665
-0.1625
-0.9833
-0.1825
2.0300
-4.4100
-5.9500
225
278
442
389
664
-0.1474
-0.9550
-0.1850
-1.8200
-5.6700
-4.4800
226
279
443
390
662
-0.1606
-0.9516
-0.1996
-1.4700
-5.1800
-3.2200
227
280
445
390
661
-0.1552
-0.9633
-0.1981
-2.4500
-4.4100
-2.5900
228
281
446
390
660
-0.1591
-0.9374
-0.1986
-2.4500
-2.8000
-0.5600
229
281
448
391
659
-0.1566
-0.9389
-0.2079
1.9600
-2.6600
1.8200
230
282
452
392
657
-0.1669
-0.9560
-0.2040
0.5600
-0.6300
0.4900
230
282
455
393
655
-0.1581
-0.9643
-0.2098
4.2000
-2.3100
-2.8700
231
283
457
393
653
-0.1083
-0.9726
-0.1825
1.1200
-5.1100
-2.6600
232
283
458
392
649
-0.1396
-0.9716
-0.2025
-2.3800
-5.3200
-3.9200
233
282
461
393
647
-0.1347
-0.9575
-0.2133
3.5700
-4.6900
-4.4800
233
283
465
393
646
-0.1401
-0.9643
-0.1947
5.1100
-2.1700
-2.9400
233
283
468
393
646
-0.1396
-0.9711
-0.1889
2.5200
-6.1600
-6.3700
234
283
468
393
646
-0.1449
-0.9770
-0.2103
-2.8000
-3.7100
-4.2000
234
283
467
393
645
-0.1440
-0.9570
-0.2133
4.3400
-2.8000
-1.6100
234
284
466
392
645
-0.1396
-0.9794
-0.1947
0.5600
-4.8300
-4.3400
234
284
466
392
644
-0.1283
-0.9516
-0.2264
7.2100
-8.0500
-7.0000
235
284
461
390
644
-0.1376
-0.9531
-0.1830
-0.1400
-3.9200
-1.1200
235
284
460
390
644
-0.1435
-0.9609
-0.2089
2.8000
-5.3200
-2.3100
235
284
459
390
644
-0.1513
-0.9638
-0.1898
0.1400
-4.3400
-2.1000
235
285
457
388
644
-0.1440
-0.9716
-0.1923
-0.6300
-3.0800
1.1200
236
284
455
386
642
-0.1654
-0.9643
-0.2167
-3.3600
-1.6800
3.2900
241
283
452
383
619
-0.1625
-0.9560
-0.2084
-4.4800
-3.9900
4.3400
248
288
456
384
589
-0.1776
-0.9511
-0.2406
-4.3400
-2.6600
0.9800
252
292
462
387
575
-0.1723
-0.9570
-0.2157
-0.0700
-1.4000
1.7500
256
297
487
398
568
-0.1635
-0.9345
-0.2142
-2.5200
-0.7000
-3.9200
264
305
503
412
563
-0.1688
-0.9594
-0.2381
13.3700
-0.9100
-3.2900
272
315
503
440
553
-0.1659
-0.9599
-0.2401
-2.7300
-3.5000
-4.8300
289
341
504
445
541
-0.1674
-0.9677
-0.2391
-0.5600
-3.0800
-8.8200
319
404
509
447
531
-0.1459
-0.9496
-0.2542
5.8100
-9.9400
-2.2400
344
448
514
450
523
-0.1410
-0.9360
-0.2406
7.6300
-29.6800
-4.8300
365
478
518
454
508
-0.1576
-0.9262
-0.2157
7.0700
-15.5400
-1.9600
377
490
520
459
487
-0.1791
-0.9428
-0.2074
-6.6500
-5.2500
-6.8600
388
494
521
461
482
-0.1508
-0.9448
-0.2225
6.5800
-6.3700
-5.0400
392
496
522
463
473
-0.1679
-0.9604
-0.2147
-2.1000
-4.4800
-2.7300
393
496
522
464
468
-0.1757
-0.9448
-0.2220
1.2600
-3.5700
-7.0000
395
497
523
465
464
-0.1484
-0.9389
-0.2094
-0.4200
-6.1600
-5.3900
396
497
523
465
461
-0.1532
-0.9501
-0.2147
2.2400
-5.9500
-3.6400
397
497
523
466
460
-0.1640
-0.9477
-0.2152
1.0500
-3.9200
-2.9400
398
497
523
466
459
-0.1537
-0.9492
-0.2186
6.3000
-2.3800
-1.4700
399
498
524
466
457
-0.1532
-0.9594
-0.2059
4.2000
-3.1500
-1.0500
400
498
524
467
457
-0.1596
-0.9560
-0.2054
2.5200
-2.5200
-2.1000
400
498
524
467
456
-0.1620
-0.9692
-0.2030
4.2700
-3.2200
-2.8000
400
498
524
467
455
-0.1591
-0.9755
-0.2050
2.3100
-4.7600
-3.6400
400
498
524
467
455
-0.1591
-0.9584
-0.2152
2.1000
-3.0100
-3.8500
400
498
524
467
455
-0.1640
-0.9584
-0.1991
1.6800
-4.3400
-5.3900
400
498
524
467
455
-0.1523
-0.9579
-0.2001
5.2500
-4.4100
-5.7400
400
498
524
467
455
-0.1562
-0.9589
-0.2103
3.7800
-3.7800
-4.4800
400
497
524
467
455
-0.1635
-0.9687
-0.2064
0.8400
-1.5400
-7.4200
400
497
524
466
455
-0.1527
-0.9653
-0.2181
6.7900
-1.8900
-4.4100
399
496
524
465
455
-0.1479
-0.9648
-0.2089
3.5000
-0.9100
0.7000
398
496
524
460
457
-0.1620
-0.9594
-0.2050
3.0100
-0.7000
-4.0600
392
492
524
449
461
-0.1537
-0.9740
-0.2425
-5.6700
4.3400
-7.8400
378
470
524
437
470
-0.1488
-0.9575
-0.2240
-16.3800
-1.8900
-9.8700
330
412
523
425
485
-0.0874
-0.9091
-0.1903
-5.6700
-0.2800
-11.9000
275
328
523
418
505
-0.1493
-0.9570
-0.3162
-1.8200
2.7300
-5.6700
242
289
523
409
527
-0.1279
-0.9199
-0.2484
-2.8700
-5.8100
-4.9000
231
277
522
402
567
-0.1396
-0.9511
-0.2645
5.0400
-9.8000
2.3100
225
272
522
391
617
-0.0922
-1.0063
-0.3045
5.7400
-7.1400
-6.3700
224
275
517
386
645
-0.0620
-0.9784
-0.2826
7.0000
-8.0500
-6.1600
222
275
501
397
659
-0.1083
-0.9223
-0.2723
26.2500
1.7500
-4.2700
222
276
486
403
661
-0.1357
-0.8818
-0.1801
22.3300
-1.8200
0.7000
221
277
482
402
667
-0.1762
-0.9789
-0.2001
8.1900
-2.5900
-2.3100
218
274
481
402
678
-0.1591
-0.9584
-0.1879
-13.9300
-6.5800
-4.9000
215
273
479
400
685
-0.1767
-0.9228
-0.2367
-28.2800
-7.4200
3.5700
213
273
479
399
696
-0.1366
-0.9282
-0.2918
-4.9000
-3.8500
-3.6400
213
275
478
399
695
-0.1732
-0.9184
-0.2586
-4.2000
0.0000
1.3300
213
277
479
400
693
-0.1386
-0.9448
-0.2704
7.2100
-0.2100
-1.4000
213
277
480
401
697
-0.1322
-0.9604
-0.2733
6.5800
-2.5900
-1.4700
212
275
481
402
709
-0.1596
-0.9526
-0.2723
4.1300
-1.5400
-1.6800
212
276
482
403
706
-0.1440
-0.9482
-0.2513
4.2000
-3.2200
-2.3100
213
278
482
403
704
-0.1581
-0.9506
-0.2669
3.7800
-4.2000
-2.5200
213
279
482
403
704
-0.1625
-0.9457
-0.2645
4.8300
-5.2500
-1.6100
213
278
483
403
710
-0.1767
-0.9570
-0.2362
-1.8900
-3.9900
-1.4700
213
278
483
404
709
-0.1806
-0.9301
-0.2655
-0.5600
-1.2600
0.2100
212
279
483
403
714
-0.1615
-0.9418
-0.2621
7.8400
-0.4900
-5.0400
212
280
480
402
713
-0.1581
-0.9565
-0.2450
1.4700
-0.8400
-4.4100
213
281
477
400
711
-0.1376
-0.9453
-0.2484
7.5600
-4.2000
-5.7400
213
281
474
399
707
-0.1498
-0.9633
-0.2411
2.8000
-4.9700
-7.4900
214
282
474
399
704
-0.1693
-0.9384
-0.2582
1.6100
-5.8100
-3.2900
215
283
472
398
701
-0.1591
-0.9599
-0.2567
5.6000
-2.8700
-4.2000
215
284
467
396
702
-0.1542
-0.9531
-0.2567
3.3600
-2.1700
-2.2400
215
284
466
395
698
-0.1498
-0.9638
-0.2440
1.4700
-4.2000
-4.5500
216
284
465
395
696
-0.1547
-0.9467
-0.2460
1.6800
-5.3900
-5.1800
217
284
466
396
694
-0.1532
-0.9487
-0.2377
1.8900
-4.7600
-2.1700
217
285
467
396
692
-0.1684
-0.9516
-0.2489
-1.4000
-3.5000
1.1900
218
286
468
396
690
-0.1728
-0.9282
-0.2586
1.4000
-3.1500
-0.0700
219
286
468
396
687
-0.1728
-0.9516
-0.2411
-6.3700
-3.2200
-0.8400
220
287
470
397
680
-0.1571
-0.9453
-0.2791
-3.7100
-4.6200
-1.6800
223
288
473
398
675
-0.1786
-0.9238
-0.2713
0.8400
-4.9700
-4.0600
226
288
477
399
660
-0.1552
-0.9482
-0.2577
1.0500
-5.6700
-1.5400
228
288
494
410
654
-0.1664
-0.9501
-0.2606
11.0600
-6.6500
-2.8000
230
286
503
428
638
-0.1952
-0.9292
-0.2386
-1.1200
-1.0500
-17.2200
244
295
503
433
582
-0.1610
-0.9311
-0.2640
-3.2200
-3.2200
-13.7200
286
347
503
433
534
-0.1171
-0.9487
-0.2733
3.3600
-6.0200
-9.2400
313
388
503
433
514
-0.1147
-0.9677
-0.2894
3.7100
-3.5700
-1.7500
337
425
506
435
503
-0.1264
-0.9482
-0.2816
12.3900
-1.6100
-4.6200
358
451
511
436
495
-0.1274
-0.9706
-0.2704
-2.8700
-4.4100
-5.9500
370
470
516
440
482
-0.1166
-0.9823
-0.2503
-0.3500
-7.7700
-8.1200
380
481
520
445
470
-0.1049
-0.9511
-0.2635
-7.1400
-6.3700
-3.2200
385
487
522
450
462
-0.1069
-0.9638
-0.2791
-4.6900
-3.2200
-7.7000
389
490
524
453
450
-0.1059
-0.9594
-0.2733
1.4000
-3.6400
-8.1200
392
493
526
457
440
-0.0776
-0.9379
-0.2728
6.0200
-6.3000
-4.9000
395
494
527
459
435
-0.0932
-0.9506
-0.2640
5.6700
-3.9200
-6.9300
397
495
528
460
432
-0.0883
-0.9638
-0.2752
10.2200
1.1200
-4.7600
399
497
528
463
430
-0.0903
-0.9658
-0.2367
4.2700
-3.0800
-2.0300
399
497
529
464
427
-0.0820
-0.9501
-0.2611
1.3300
-4.0600
-3.7800
399
497
529
464
430
-0.0747
-0.9628
-0.2538
3.3600
-4.9700
-5.2500
399
497
529
464
429
-0.0761
-0.9618
-0.2582
3.6400
-3.7100
-4.5500
399
497
529
464
429
-0.0805
-0.9575
-0.2479
1.6800
-3.0800
-2.3100
399
497
529
464
430
-0.0947
-0.9550
-0.2494
1.0500
-3.5000
-2.2400
399
497
529
464
430
-0.0815
-0.9536
-0.2616
3.9200
-2.9400
-3.4300
399
496
529
464
430
-0.0786
-0.9667
-0.2308
1.4700
-4.1300
-3.4300
398
496
529
464
428
-0.0708
-0.9609
-0.2464
1.4700
-5.8100
-2.4500
398
496
529
464
430
-0.0981
-0.9687
-0.2567
3.2900
-3.9900
-3.2900
398
496
529
464
431
-0.0795
-0.9677
-0.2518
2.5900
-4.0600
-2.8700
398
496
529
463
430
-0.0712
-0.9560
-0.2416
0.9800
-5.1800
-2.2400
398
495
529
462
431
-0.0610
-0.9584
-0.2362
-7.9800
-4.6200
-1.1900
393
491
529
459
440
-0.0791
-0.9560
-0.2904
1.5400
-4.9700
-4.6900
388
484
528
457
450
-0.0932
-0.9457
-0.2596
-14.9800
-6.7900
0.2800
378
462
527
452
463
-0.0820
-0.9545
-0.3006
-23.2400
-5.8100
-4.4100
362
420
525
441
487
-0.1601
-0.9160
-0.3553
1.8200
-0.7700
-7.1400
289
363
525
425
506
-0.0830
-0.9379
-0.3201
12.8800
-3.4300
-4.0600
248
303
523
416
532
-0.0639
-0.9311
-0.3001
7.8400
-1.6800
-3.9200
238
299
522
410
567
-0.1171
-0.9540
-0.3109
10.8500
-2.4500
-3.5000
227
293
521
408
608
-0.0654
-0.9462
-0.2840
7.7700
-6.5800
2.5900
218
282
519
404
630
-0.1205
-0.9467
-0.2772
-2.8000
-4.2700
4.2700
214
279
518
402
660
-0.1044
-0.9423
-0.3040
2.6600
-4.7600
0.1400
210
277
518
395
683
-0.1186
-0.9287
-0.2913
0.9800
-1.6100
-2.5200
209
275
519
386
681
-0.1035
-0.9262
-0.2835
14.0000
-4.2000
0.4900
209
276
514
394
672
-0.1235
-0.9340
-0.2762
11.5500
0.2100
9.2400
209
275
493
403
662
-0.1342
-0.9609
-0.2445
21.2100
-1.0500
7.4200
210
275
481
401
651
-0.1176
-0.9579
-0.1928
32.8300
-7.7000
9.8000
211
276
469
396
644
-0.1986
-0.9623
-0.1718
9.6600
-1.7500
-1.8200
212
277
456
393
639
-0.1869
-0.9428
-0.1532
7.0000
-2.4500
-3.7800
213
277
442
391
638
-0.1728
-0.9531
-0.1396
1.6800
-1.9600
-1.4700
213
277
438
392
637
-0.1703
-0.9716
-0.1449
-2.4500
-3.8500
-4.6200
214
278
441
393
635
-0.1840
-0.9643
-0.1615
-1.5400
-5.8100
0.2800
216
279
444
394
635
-0.2103
-0.9638
-0.1537
2.1700
-5.9500
-6.4400
216
280
448
395
633
-0.1864
-0.9526
-0.1566
-1.6800
-5.2500
-2.2400
217
281
450
396
631
-0.1869
-0.9526
-0.1645
1.0500
-3.6400
-2.1000
218
282
451
396
630
-0.1879
-0.9609
-0.1723
2.2400
-5.1100
-2.3800
219
282
451
396
629
-0.1879
-0.9653
-0.1688
2.1700
-3.5000
-0.1400
219
283
452
396
631
-0.1884
-0.9609
-0.1713
4.6200
-5.8800
-1.8900
219
283
453
396
631
-0.1928
-0.9682
-0.1640
4.7600
-3.0100
-1.8200
220
284
453
396
631
-0.1884
-0.9614
-0.1586
-0.5600
-3.7800
-3.0800
220
284
454
396
630
-0.1967
-0.9614
-0.1771
0.9800
-4.4100
-4.6900
221
285
454
396
630
-0.1869
-0.9682
-0.1737
3.5700
-6.2300
-6.5800
221
285
454
396
630
-0.1928
-0.9667
-0.1840
2.8700
-4.8300
-4.8300
221
285
454
396
630
-0.1854
-0.9609
-0.1747
3.7100
-5.0400
-1.9600
221
285
454
396
630
-0.1908
-0.9667
-0.1654
-0.8400
-3.2900
-4.3400
222
285
455
396
630
-0.1937
-0.9492
-0.1679
0.9800
-4.2700
-5.1800
222
285
455
396
629
-0.1791
-0.9594
-0.1757
-0.7700
-3.7100
-5.1100
223
286
455
396
629
-0.1684
-0.9584
-0.1732
3.4300
-4.9700
-3.6400
223
286
456
396
629
-0.1693
-0.9658
-0.1757
1.4000
-3.9200
-3.8500
223
286
457
396
626
-0.1732
-0.9653
-0.1840
3.2200
-4.8300
-5.1100
224
286
458
396
625
-0.1854
-0.9633
-0.1762
-5.3200
-6.1600
-9.8000
223
287
458
395
625
-0.1640
-0.9418
-0.1845
0.9100
-5.3200
-3.9900
224
287
460
395
624
-0.1762
-0.9643
-0.1840
-0.9100
-2.3100
-1.4700
224
287
460
396
624
-0.1742
-0.9496
-0.1898
-1.1900
-4.7600
-4.0600
224
288
463
395
623
-0.1649
-0.9555
-0.1913
0.9100
-5.6700
-1.8900
225
288
464
396
623
-0.1718
-0.9560
-0.1830
-0.0700
-5.3200
-3.2200
225
288
464
396
622
-0.1781
-0.9565
-0.1889
-4.6200
-5.6700
-4.0600
226
289
466
396
621
-0.1874
-0.9448
-0.1996
-9.5900
-4.9000
-4.0600
228
291
468
395
618
-0.1615
-0.9599
-0.2137
-7.0000
-5.4600
-4.4100
229
291
472
396
617
-0.1586
-0.9550
-0.2235
-6.7200
-5.4600
-4.8300
232
295
480
396
606
-0.1469
-0.9496
-0.2513
-4.4800
-7.7000
-6.0900
242
302
489
400
595
-0.1444
-0.9594
-0.2528
-1.1200
-5.3200
-9.1700
251
311
491
397
579
-0.1064
-0.9677
-0.2796
1.7500
-3.0100
-12.3200
263
324
492
396
566
-0.0898
-0.9350
-0.2547
-4.0600
-1.8900
-6.8600
281
350
493
402
555
-0.1244
-0.9531
-0.2635
2.8700
-7.7000
-11.0600
303
390
499
411
538
-0.0883
-0.9643
-0.2655
5.9500
-6.0200
-7.4900
333
427
506
419
524
-0.1103
-0.9599
-0.2704
0.0700
-3.7100
-4.2700
352
447
510
422
513
-0.1064
-0.9506
-0.2713
0.3500
-6.6500
-4.9000
363
458
512
424
502
-0.1103
-0.9501
-0.2591
1.3300
-5.8100
-5.6000
369
467
515
426
492
-0.0971
-0.9428
-0.2733
4.8300
-8.0500
-7.1400
374
471
517
427
480
-0.0903
-0.9599
-0.2621
1.7500
-5.9500
-8.4700
377
475
519
429
465
-0.0815
-0.9404
-0.2743
3.2200
-5.5300
-5.6700
381
481
522
433
446
-0.0883
-0.9604
-0.2596
3.5700
-5.3200
-4.8300
386
487
524
439
434
-0.0878
-0.9570
-0.2674
8.5400
-3.4300
-1.8200
393
491
525
443
427
-0.0932
-0.9594
-0.2396
0.7000
-6.0200
-0.4200
397
492
526
447
422
-0.1030
-0.9487
-0.2523
6.7900
-4.6900
-1.8200
401
494
526
451
416
-0.1054
-0.9697
-0.2216
1.4000
-5.8800
-3.6400
402
494
526
452
416
-0.1035
-0.9570
-0.2416
-1.0500
-5.0400
-6.9300
402
494
526
454
416
-0.0996
-0.9540
-0.2347
1.0500
-4.0600
-6.5800
402
494
526
454
415
-0.0913
-0.9614
-0.2440
3.5000
-4.3400
-2.2400
403
495
527
454
415
-0.0932
-0.9584
-0.2342
1.2600
-3.0800
-2.7300
403
496
527
454
416
-0.1000
-0.9487
-0.2450
1.9600
-3.0800
-1.0500
403
496
527
454
416
-0.0991
-0.9677
-0.2411
3.9900
-3.6400
-0.7700
403
495
527
454
416
-0.1020
-0.9618
-0.2333
1.1900
-3.4300
-3.9900
402
495
527
454
414
-0.1005
-0.9614
-0.2420
1.6100
-5.2500
-2.3100
402
495
527
454
417
-0.0986
-0.9536
-0.2328
6.4400
-4.4100
-3.2200
402
495
526
452
417
-0.0952
-0.9570
-0.2494
3.0800
-2.5900
-3.5700
402
495
526
451
418
-0.1035
-0.9648
-0.2377
-0.9100
-1.2600
-3.4300
401
494
526
450
420
-0.0947
-0.9560
-0.2333
-2.0300
-0.4900
-0.4900
399
482
526
447
424
-0.0961
-0.9658
-0.2220
-2.3100
-2.5900
-0.1400
396
461
526
444
431
-0.1000
-0.9648
-0.2523
-18.3400
-3.7100
-2.1000
388
430
525
438
438
-0.0956
-0.9521
-0.3065
-9.3100
-2.3800
-6.3700
370
401
524
429
449
-0.1157
-0.9594
-0.3216
-14.7000
0.9100
-2.3100
336
365
523
422
458
-0.0971
-0.9457
-0.3260
-4.8300
0.6300
-2.6600
305
331
522
415
479
-0.0976
-0.9472
-0.0932
14.0000
-1.1200
-5.8800
271
297
521
403
502
-0.0712
-0.9028
-0.3265
11.4800
-5.3200
0.4900
259
283
520
397
521
-0.0737
-0.9594
-0.3040
4.7600
-7.9800
-4.6200
261
272
516
396
541
-0.0800
-0.9506
-0.3196
3.5000
-2.0300
5.9500
263
274
507
401
566
-0.1074
-0.9589
-0.3328
11.8300
2.6600
0.4200
266
272
496
404
584
-0.0952
-0.9511
-0.3367
27.9300
6.4400
3.2200
269
268
489
407
589
-0.1005
-0.9204
-0.2518
33.8100
-0.3500
0.7000
270
266
476
401
588
-0.1010
-0.9965
-0.1732
12.2500
-1.6100
-1.7500
272
263
461
396
590
-0.1220
-0.9633
-0.2064
4.9000
-5.3200
-0.3500
273
264
445
392
592
-0.1303
-0.9570
-0.1752
-2.3800
-4.7600
2.3800
274
265
440
392
588
-0.1230
-0.9833
-0.1928
-4.6200
-4.1300
8.5400
275
266
445
395
585
-0.1376
-0.9423
-0.2108
-3.0100
-1.7500
2.8700
276
267
448
396
581
-0.1225
-0.9755
-0.2079
3.1500
-1.8900
-1.5400
277
268
450
397
580
-0.1259
-0.9643
-0.2308
4.8300
-3.3600
-3.7100
277
269
451
397
580
-0.1440
-0.9780
-0.2103
0.2100
-0.2800
1.3300
277
269
452
397
582
-0.1249
-0.9731
-0.2206
1.2600
-5.9500
-2.8700
278
270
454
397
581
-0.1371
-0.9589
-0.2020
-0.8400
-3.6400
-0.8400
278
271
455
398
581
-0.1298
-0.9462
-0.2211
3.5700
-6.5800
-3.3600
278
271
455
398
579
-0.1357
-0.9648
-0.2089
-0.4200
-3.5700
-1.6800
278
272
456
398
579
-0.1342
-0.9594
-0.2064
-0.2100
-5.1800
-1.6100
279
272
456
398
579
-0.1342
-0.9648
-0.2137
0.0000
-3.0100
-2.4500
279
273
456
398
581
-0.1303
-0.9584
-0.2172
-0.9800
-4.4100
-3.0100
279
273
457
397
581
-0.1425
-0.9677
-0.2284
0.7700
-4.4100
-3.7100
279
273
457
397
581
-0.1332
-0.9672
-0.2264
1.5400
-5.3200
-2.8000
279
274
457
397
579
-0.1347
-0.9550
-0.2381
1.6800
-5.5300
-2.8700
279
274
457
397
580
-0.1415
-0.9584
-0.2250
3.4300
-5.3900
-3.1500
279
275
458
397
582
-0.1357
-0.9555
-0.2274
2.6600
-4.1300
-2.1700
279
275
459
397
586
-0.1386
-0.9589
-0.2342
3.4300
-2.5900
-1.4000
279
275
459
397
586
-0.1318
-0.9614
-0.2167
2.3800
-3.7100
-2.2400
279
275
460
398
588
-0.1493
-0.9638
-0.2255
4.6200
-2.3800
-0.3500
279
275
460
398
589
-0.1366
-0.9648
-0.2211
6.0900
-3.0800
0.3500
279
273
461
398
594
-0.1401
-0.9618
-0.2206
3.9900
-4.8300
-2.0300
280
273
462
399
593
-0.1469
-0.9648
-0.2133
3.9200
-1.8200
-1.1200
280
272
463
399
591
-0.1396
-0.9599
-0.2142
4.3400
-4.4100
-1.7500
281
273
464
399
588
-0.1488
-0.9740
-0.2162
2.1700
-0.4200
-2.8000
285
274
466
399
581
-0.1484
-0.9540
-0.2186
3.5700
-3.5700
-2.3100
286
274
467
400
577
-0.1537
-0.9682
-0.2001
2.8700
-4.8300
-3.9200
286
274
468
400
576
-0.1405
-0.9633
-0.2103
-3.9900
-5.4600
-4.3400
288
276
468
400
572
-0.1449
-0.9516
-0.2133
-2.6600
-8.1200
-6.7900
291
281
469
400
566
-0.1381
-0.9599
-0.2303
-6.3700
-7.6300
-5.7400
294
289
471
399
544
-0.1347
-0.9462
-0.2562
0.3500
-5.2500
-4.2700
302
305
480
400
529
-0.1405
-0.9726
-0.2391
-1.3300
-3.1500
-3.7100
319
343
494
407
519
-0.1474
-0.9643
-0.3738
1.1200
-6.1600
-2.8000
339
372
504
415
514
-0.1322
-0.9623
-0.2274
4.3400
-4.6900
-10.8500
360
398
506
428
505
-0.1322
-0.9370
-0.2372
0.9100
-6.4400
-8.2600
377
423
510
434
493
-0.1249
-0.9487
-0.2708
14.2100
-7.7700
1.4700
379
456
516
441
483
-0.1376
-0.9467
-0.2006
9.8000
-8.6100
-0.4200
382
475
520
448
472
-0.1249
-0.9599
-0.2191
3.1500
-2.5200
-5.1800
386
485
522
451
466
-0.1352
-0.9789
-0.2172
3.5000
-6.1600
-5.7400
391
491
524
454
457
-0.1196
-0.9887
-0.2162
3.3600
-4.4800
-2.5900
394
495
525
457
452
-0.1220
-0.9760
-0.2147
7.5600
-3.7100
-2.7300
396
496
526
458
450
-0.1152
-0.9740
-0.2079
0.7700
-5.0400
-2.1700
397
497
526
459
449
-0.1230
-0.9633
-0.2123
2.7300
-3.8500
-1.4700
398
497
527
459
448
-0.1215
-0.9736
-0.2035
1.2600
-2.7300
-1.0500
398
497
527
460
448
-0.1269
-0.9682
-0.2118
4.9700
-2.5900
-0.3500
398
497
527
460
446
-0.1283
-0.9599
-0.1859
-1.4700
-2.5200
-1.4700
398
497
527
460
448
-0.1259
-0.9540
-0.1928
-0.4900
-3.8500
-3.2900
398
497
527
459
446
-0.1220
-0.9618
-0.2030
-0.3500
-2.1700
-4.2700
398
497
527
459
448
-0.1152
-0.9555
-0.2001
3.2900
-4.1300
-3.0100
397
497
527
459
446
-0.1274
-0.9726
-0.2186
1.2600
-2.1000
-3.5700
397
497
527
458
449
-0.1254
-0.9716
-0.1903
1.1900
-0.7000
-4.0600
394
492
526
457
449
-0.1054
-0.9667
-0.1996
-6.6500
-0.4200
-2.2400
392
486
526
454
457
-0.1225
-0.9731
-0.2142
-15.9600
-3.2900
-10.0800
385
472
525
443
463
-0.0971
-0.9565
-0.2503
-7.4900
-1.0500
-6.3000
376
438
525
426
469
-0.1005
-0.9677
-0.2655
-15.8900
-0.9800
-4.5500
339
381
525
415
481
-0.0834
-0.9340
-0.2757
-14.7700
0.0700
-21.0700
295
330
521
407
501
-0.0864
-0.9160
-0.3260
-10.7100
-3.7100
-6.5800
252
281
508
402
530
-0.0439
-0.9501
-0.3431
2.3100
-0.4900
-1.8200
244
277
494
397
552
-0.0664
-0.9311
-0.3265
35.2100
4.9700
11.7600
247
279
474
391
568
-0.0952
-0.9828
-0.2479
33.0400
2.7300
11.6900
248
277
465
391
566
-0.0952
-0.9277
-0.2133
24.5700
1.8200
12.3900
249
274
451
390
570
-0.1161
-0.9726
-0.2064
28.2800
4.2700
12.8800
248
269
430
392
575
-0.1674
-0.9189
-0.1566
10.2900
-2.2400
0.4200
248
269
416
394
575
-0.1430
-0.9711
-0.1269
-1.6100
-5.3200
-0.4200
249
269
412
395
576
-0.1259
-0.9589
-0.1801
-4.2700
-3.9200
-1.4000
250
270
418
396
573
-0.1532
-0.9599
-0.1610
-15.0500
-5.4600
-4.7600
251
271
421
397
574
-0.1269
-0.9496
-0.2128
-13.6500
-4.7600
-0.9100
251
273
422
397
575
-0.1244
-0.9433
-0.2318
4.9000
-5.6700
-5.5300
251
273
425
398
573
-0.1083
-0.9628
-0.1962
1.6800
-6.6500
-6.4400
252
274
428
399
570
-0.1254
-0.9340
-0.2108
-3.1500
-6.9300
-3.4300
253
275
431
400
569
-0.1254
-0.9331
-0.2074
-0.2100
-4.9700
-2.5900
256
275
433
400
569
-0.1376
-0.9648
-0.2264
4.4800
-3.5000
-2.5900
257
276
436
401
569
-0.1322
-0.9736
-0.2255
1.0500
-2.5200
-2.6600
258
277
436
401
566
-0.1401
-0.9614
-0.2333
-0.1400
-4.2700
-1.9600
259
277
437
401
566
-0.1283
-0.9579
-0.2274
6.2300
-5.1100
-3.6400
260
278
437
401
566
-0.1313
-0.9594
-0.2128
2.5200
-5.3200
-3.9900
261
279
437
401
569
-0.1391
-0.9516
-0.2440
2.1700
-4.9000
-4.1300
262
279
437
401
569
-0.1298
-0.9706
-0.2103
5.1800
-3.7100
-2.8700
262
279
438
401
566
-0.1318
-0.9692
-0.2196
3.5000
-4.9700
-1.2600
263
279
439
401
566
-0.1313
-0.9604
-0.2250
12.0400
-4.6900
-1.1900
264
280
440
401
565
-0.1362
-0.9799
-0.2040
12.7400
-3.5000
0.9100
264
279
441
402
566
-0.1537
-0.9770
-0.1889
4.4800
-1.1900
-0.7000
265
280
446
402
565
-0.1440
-0.9653
-0.1967
3.9900
-2.8000
0.6300
268
280
451
402
562
-0.1523
-0.9667
-0.1908
7.1400
-1.4700
-0.2100
269
280
454
402
561
-0.1479
-0.9706
-0.1781
8.6100
0.8400
2.3100
271
280
461
403
563
-0.1357
-0.9711
-0.1503
13.7200
-0.6300
-1.4700
276
280
472
403
561
-0.1635
-0.9594
-0.1391
7.5600
-4.0600
-5.9500
277
281
475
403
560
-0.1547
-0.9838
-0.1547
3.7100
-5.3200
-2.5900
278
282
481
403
557
-0.1610
-0.9423
-0.1381
6.5800
-6.9300
-2.6600
279
282
482
405
556
-0.1708
-0.9531
-0.1366
0.2800
-3.5700
-0.1400
279
282
482
406
558
-0.1537
-0.9560
-0.1791
21.7700
8.1200
14.7700
281
283
493
410
557
-0.2069
-1.0063
-0.1693
-1.1200
-1.1200
-8.2600
285
286
500
417
550
-0.1332
-0.9882
-0.0996
24.7800
-17.2900
-13.5100
296
298
504
428
533
-0.1405
-1.0155
-0.0322
8.1200
-14.0000
-20.4400
305
310
505
438
524
-0.1044
-1.0116
-0.0781
7.1400
-31.1500
-24.0100
335
360
506
440
515
-0.1142
-0.9848
-0.0590
6.5800
-9.4500
-6.1600
353
391
507
441
501
-0.0942
-1.1273
0.0517
-18.4800
25.2700
12.7400
360
400
507
442
490
-0.0332
-0.9882
-0.1444
-40.7400
20.8600
9.4500
365
408
508
441
485
-0.1093
-0.8560
-0.3231
-23.4500
-29.6800
-2.4500
369
421
508
441
484
-0.2001
-0.9501
-0.2669
-6.5100
-17.7100
-12.0400
369
432
511
442
480
-0.1352
-0.9555
-0.2640
11.5500
-0.0700
-2.8000
360
430
514
437
478
-0.1049
-0.9667
-0.1928
22.6100
-3.9200
-3.6400
359
430
515
433
480
-0.0966
-0.9984
-0.1542
0.3500
-7.2100
-1.4700
360
431
515
432
480
-0.1362
-0.9545
-0.2142
-12.1100
-10.0100
-3.6400
361
432
516
432
477
-0.1386
-0.9360
-0.2601
1.8200
-5.1800
-1.6800
362
437
516
429
479
-0.1532
-0.9706
-0.2298
-9.3800
-1.9600
-7.7000
362
438
519
418
476
-0.1030
-0.9487
-0.2367
0.2800
-8.6100
-6.0900
355
424
521
415
477
-0.1171
-0.9662
-0.2591
-0.9100
-4.8300
-0.7700
352
419
522
415
477
-0.1191
-0.9584
-0.2503
-3.4300
-2.4500
-6.7900
353
425
522
415
477
-0.1103
-0.9418
-0.2523
2.1700
-6.0200
-3.9900
357
434
522
418
475
-0.1015
-0.9599
-0.2386
2.1700
-6.2300
-6.2300
361
440
522
421
473
-0.0927
-0.9653
-0.2621
7.6300
-4.1300
-3.7100
364
444
523
425
475
-0.1030
-0.9599
-0.2479
3.1500
-4.2700
-6.2300
368
450
523
426
472
-0.0986
-0.9540
-0.2499
5.6700
-5.4600
-3.4300
373
457
523
430
468
-0.0991
-0.9643
-0.2420
5.8100
-6.3700
-2.1000
379
465
523
433
453
-0.0878
-0.9770
-0.2469
3.0100
-7.2100
-0.8400
384
474
524
437
443
-0.1044
-0.9555
-0.2381
-1.5400
-7.2100
-4.1300
387
479
524
441
431
-0.0956
-0.9623
-0.2494
1.9600
-7.4900
-1.0500
394
486
524
444
425
-0.1083
-0.9755
-0.2508
4.3400
-6.2300
-5.7400
397
488
525
444
424
-0.1064
-0.9618
-0.2386
1.9600
-3.9200
-5.9500
399
489
525
444
424
-0.1108
-0.9697
-0.2577
-0.4900
-0.1400
-1.6800
399
488
525
444
426
-0.0981
-0.9516
-0.2460
-5.2500
1.6100
0.5600
388
470
524
440
432
-0.1103
-0.9457
-0.2220
-0.2800
6.9300
0.0000
342
441
524
431
452
-0.1288
-0.9311
-0.3670
3.9900
2.5900
0.3500
306
396
524
426
472
-0.1313
-0.9423
-0.2474
-1.3300
1.3300
4.4100
276
328
522
422
484
-0.1113
-0.9614
-0.2674
-4.2700
-1.7500
3.2900
253
301
521
418
495
-0.1488
-0.9526
-0.2640
4.4100
3.6400
1.9600
243
293
521
413
534
-0.1693
-0.9599
-0.2757
9.2400
12.6000
6.3700
234
289
520
405
579
-0.1405
-0.9321
-0.2196
15.7500
-9.1700
-10.7800
228
282
518
407
613
-0.1220
-0.9384
-0.2133
6.9300
-6.6500
6.3700
224
279
509
414
625
-0.1132
-0.9296
-0.2089
27.5800
-7.7000
15.8200
221
275
490
412
620
-0.1942
-0.9887
-0.1776
34.8600
-4.0600
5.4600
221
276
473
403
613
-0.2059
-0.9794
-0.0756
27.0900
5.1800
-1.0500
220
276
453
398
609
-0.1606
-0.9760
-0.0464
9.7300
0.4200
0.0700
221
276
444
398
606
-0.1776
-0.9706
-0.0864
5.6000
-0.9800
-0.6300
222
276
442
399
602
-0.1498
-0.9755
-0.0488
2.3100
0.9800
-5.5300
223
275
439
400
602
-0.1420
-0.9941
-0.0766
-8.3300
-15.1200
-11.6200
224
276
440
400
597
-0.1664
-0.9697
-0.1030
-16.4500
-7.0700
-6.5800
225
278
442
400
597
-0.1791
-0.9555
-0.1318
-22.6800
-0.3500
-2.1700
225
279
444
400
598
-0.1698
-0.9531
-0.1581
-0.7700
-3.7100
2.5200
226
279
446
401
597
-0.1732
-0.9716
-0.1610
-7.1400
-2.9400
-1.6800
226
280
449
402
597
-0.1737
-0.9653
-0.1688
1.4000
0.1400
2.2400
227
281
451
403
593
-0.1737
-0.9638
-0.1825
1.6800
-3.2900
-5.6000
228
282
452
404
592
-0.1488
-0.9677
-0.1659
1.0500
0.9100
0.2800
228
282
456
405
591
-0.1776
-0.9545
-0.1976
5.3200
-4.9000
-3.5700
229
282
458
406
591
-0.1703
-0.9716
-0.1732
3.0800
-3.8500
-1.5400
229
283
459
406
593
-0.1718
-0.9662
-0.1723
0.7000
-3.2200
-2.1000
229
283
461
407
592
-0.1737
-0.9706
-0.1845
3.2900
-4.9000
-2.8700
230
283
462
407
591
-0.1708
-0.9755
-0.1762
2.3800
-3.9200
-2.8700
230
284
464
407
589
-0.1640
-0.9804
-0.1781
3.3600
-2.3100
-3.0100
230
284
466
407
588
-0.1669
-0.9658
-0.1664
3.8500
-4.2700
-5.0400
231
284
466
407
587
-0.1708
-0.9682
-0.1684
5.3900
-4.6900
-6.1600
231
284
466
407
589
-0.1718
-0.9643
-0.1581
1.2600
-3.9200
-4.6200
231
284
466
407
589
-0.1718
-0.9545
-0.1747
1.1900
-4.3400
-4.2000
231
285
466
407
589
-0.1762
-0.9614
-0.1684
2.4500
-4.9000
-5.3200
232
285
466
407
588
-0.1679
-0.9633
-0.1742
-0.2100
-6.1600
-9.7300
232
286
465
407
586
-0.1654
-0.9633
-0.1757
-6.6500
-6.5800
-5.4600
233
286
465
406
586
-0.1620
-0.9467
-0.1889
-8.7500
-10.0800
-6.4400
233
286
465
406
587
-0.1674
-0.9506
-0.2084
-7.8400
-6.0900
-8.2600
234
287
468
406
587
-0.1435
-0.9531
-0.2196
-9.5200
-10.0800
-6.0200
236
289
479
406
588
-0.1503
-0.9389
-0.2474
-8.5400
-14.0000
-5.9500
237
291
489
409
589
-0.1664
-0.9457
-0.2533
-2.3800
-8.5400
-9.1700
242
295
497
412
579
-0.1547
-0.9414
-0.2625
-13.4400
-10.8500
-13.7900
268
325
499
414
557
-0.1571
-0.9506
-0.2913
1.8200
-17.0100
-15.5400
308
381
508
420
537
-0.1474
-0.9433
-0.2718
11.9700
-5.8100
-8.8200
326
416
514
430
522
-0.1254
-0.9623
-0.2616
3.0800
-3.7100
-3.3600
333
427
517
436
514
-0.1171
-0.9438
-0.2826
11.3400
-9.2400
-3.8500
339
438
518
443
508
-0.1303
-0.9277
-0.2137
20.0200
-12.8100
-4.4100
352
454
522
452
494
-0.1298
-0.9579
-0.1976
8.4700
-7.4200
-5.3200
363
468
524
456
482
-0.1415
-0.9692
-0.2216
-0.5600
-4.1300
-2.1000
370
478
525
457
477
-0.1279
-0.9672
-0.2235
6.7200
-2.9400
0.4900
373
482
526
459
469
-0.1527
-0.9677
-0.2098
8.3300
-2.0300
-0.6300
375
485
527
460
468
-0.1391
-0.9677
-0.1854
2.7300
-3.4300
-2.0300
375
486
528
460
467
-0.1332
-0.9623
-0.1898
2.2400
-3.9200
0.2100
375
486
528
459
467
-0.1454
-0.9799
-0.2025
3.9900
-4.4100
-2.6600
375
486
529
459
466
-0.1405
-0.9750
-0.1957
0.8400
-2.5900
-0.6300
375
485
529
459
467
-0.1342
-0.9692
-0.1923
0.0700
-4.6200
-1.6100
373
483
529
459
467
-0.1435
-0.9653
-0.1889
-4.6200
-3.1500
-4.4800
373
482
529
459
467
-0.1313
-0.9575
-0.1962
1.4700
-3.2900
-1.9600
374
483
529
458
467
-0.1322
-0.9682
-0.1981
3.0800
-5.8100
-2.0300
374
483
529
458
467
-0.1337
-0.9692
-0.2030
3.5700
-3.7100
-2.4500
373
482
529
458
467
-0.1254
-0.9716
-0.2006
1.7500
-4.9700
-2.3800
373
482
529
457
465
-0.1376
-0.9623
-0.2074
0.2100
-4.5500
-3.2900
372
481
529
457
467
-0.1366
-0.9750
-0.2074
1.5400
-6.1600
-4.6900
371
481
529
456
465
-0.1337
-0.9682
-0.2054
-4.0600
-5.5300
-3.2900
368
478
529
454
469
-0.1191
-0.9872
-0.2289
-5.3200
-5.1100
-8.8200
363
470
528
446
471
-0.0986
-0.9862
-0.2508
-8.9600
-1.2600
5.3200
358
457
529
426
481
-0.0883
-0.9653
-0.2704
19.3900
-0.3500
-2.3800
342
431
529
421
493
-0.1020
-0.9833
-0.1928
12.8800
11.3400
-1.6800
327
393
529
423
518
-0.1601
-0.9077
-0.1869
3.5700
17.8500
7.4200
315
366
510
425
530
-0.1161
-0.9780
-0.1552
10.2200
0.2800
-1.6100
306
362
490
415
527
-0.1703
-0.9384
-0.1591
-1.6100
-1.1200
2.1000
300
357
475
408
522
-0.1454
-0.9418
-0.1518
-0.6300
-0.8400
6.8600
296
355
463
406
523
-0.1610
-0.9648
-0.1464
0.4900
6.4400
2.7300
298
359
444
403
523
-0.1069
-0.9438
-0.1606
3.3600
1.1200
0.9800
296
358
443
403
521
-0.1347
-0.9677
-0.1430
5.0400
-3.5700
0.4200
297
361
444
403
522
-0.1537
-0.9936
-0.1435
0.2100
2.1700
2.5200
295
361
452
405
522
-0.1498
-0.9438
-0.1371
12.3200
-6.8600
-2.6600
293
361
462
407
517
-0.1693
-0.9809
-0.1118
-2.2400
0.0000
-2.3800
294
362
469
407
517
-0.1669
-0.9570
-0.1366
-2.8000
-3.9900
-3.6400
296
363
470
407
515
-0.1581
-0.9682
-0.1371
-0.2100
-2.1700
-0.3500
295
360
471
407
509
-0.1474
-0.9784
-0.1459
2.1000
-1.1900
-1.8200
277
350
471
408
509
-0.1635
-0.9697
-0.1322
2.0300
-1.8900
-1.7500
266
338
470
408
507
-0.1562
-0.9843
-0.1523
-0.1400
-5.1800
-7.4200
258
321
469
408
505
-0.1420
-0.9711
-0.1484
0.0700
-5.3200
-4.1300
253
310
469
408
508
-0.1591
-0.9711
-0.1620
-3.3600
-5.8800
-1.1200
251
309
469
408
510
-0.1620
-0.9750
-0.1723
-2.8000
-2.1700
-3.6400
251
309
468
407
511
-0.1440
-0.9765
-0.1815
4.2000
-5.5300
-3.9900
250
307
468
407
518
-0.1527
-0.9862
-0.1728
0.5600
-4.0600
-5.1100
250
307
468
407
525
-0.1474
-0.9780
-0.1893
2.1000
-4.0600
-0.9100
249
307
468
407
526
-0.1688
-0.9658
-0.1767
2.1000
-2.2400
-2.5200
249
306
468
407
531
-0.1484
-0.9614
-0.1771
0.0000
-5.1800
-3.3600
250
306
468
407
530
-0.1552
-0.9589
-0.1781
0.8400
-5.7400
-4.6200
250
306
468
407
528
-0.1527
-0.9589
-0.1889
3.0800
-2.5900
-3.2200
251
307
468
407
530
-0.1523
-0.9643
-0.1776
1.4700
-4.7600
-3.9900
251
307
468
407
532
-0.1581
-0.9701
-0.1913
2.5900
-3.2900
-3.5000
251
306
468
407
533
-0.1420
-0.9618
-0.1737
-0.4900
-6.6500
-4.3400
246
306
468
407
539
-0.1625
-0.9492
-0.1835
1.6800
-5.1100
-3.6400
243
305
468
406
543
-0.1552
-0.9618
-0.1820
1.8900
-5.2500
-3.5000
244
306
468
406
543
-0.1503
-0.9560
-0.1879
1.0500
-4.6900
-3.7800
245
306
468
406
542
-0.1537
-0.9618
-0.1801
3.3600
-3.1500
-4.3400
245
306
468
406
545
-0.1420
-0.9726
-0.1893
4.1300
-6.1600
-2.5200
239
305
468
406
547
-0.1601
-0.9765
-0.1869
2.4500
-3.6400
-2.9400
239
306
468
406
544
-0.1552
-0.9716
-0.1869
0.2100
-4.1300
-3.5700
241
307
469
406
543
-0.1596
-0.9648
-0.1952
-1.4700
-4.1300
-8.8900
242
307
469
405
543
-0.1347
-0.9775
-0.1810
-4.5500
-6.5100
-8.7500
242
308
469
405
542
-0.1362
-0.9599
-0.2084
-14.4900
-9.5900
-8.0500
248
312
472
406
533
-0.1537
-0.9448
-0.2674
-4.7600
-7.9100
-3.2900
254
321
479
406
521
-0.1410
-0.9599
-0.2655
-7.0000
-2.8000
-3.3600
266
354
492
409
518
-0.1435
-0.9428
-0.2518
-6.7200
-8.6100
-0.0700
314
410
507
421
505
-0.1542
-0.9472
-0.2884
-7.2100
-17.8500
-2.4500
356
452
514
428
484
-0.1357
-0.9823
-0.2786
9.4500
-8.4000
-3.3600
371
469
518
436
471
-0.1576
-0.9740
-0.2816
-0.8400
-11.6200
-4.5500
382
483
523
445
457
-0.1474
-0.9872
-0.2869
1.1900
-10.9200
-9.3800
393
492
525
452
437
-0.1274
-0.9555
-0.2840
-3.7800
-8.1200
-8.8900
401
497
527
456
425
-0.1606
-0.9584
-0.3006
-1.5400
-6.8600
-6.6500
405
500
528
458
419
-0.1274
-0.9526
-0.2806
0.2100
-5.2500
-4.0600
406
501
529
459
416
-0.1215
-0.9540
-0.2869
3.5700
-5.4600
-2.7300
407
502
529
459
416
-0.1264
-0.9487
-0.2845
2.3800
-4.2000
-2.8700
407
502
530
459
415
-0.1166
-0.9555
-0.2884
0.7700
-2.2400
-1.6100
407
502
530
459
415
-0.1254
-0.9384
-0.2801
1.8200
-3.0100
-1.4700
407
502
530
459
415
-0.1147
-0.9379
-0.2767
-1.0500
-1.7500
-2.5900
407
501
530
459
415
-0.1127
-0.9423
-0.2918
2.3800
-2.3800
-4.2700
406
501
530
459
416
-0.1083
-0.9516
-0.2835
2.1700
-3.5000
-3.4300
406
501
530
459
415
-0.1147
-0.9516
-0.2830
2.4500
-3.7800
-3.5700
407
501
530
459
416
-0.1147
-0.9496
-0.2908
2.1000
-3.1500
-3.2200
407
501
530
458
416
-0.1064
-0.9448
-0.2762
0.7700
-3.1500
-2.9400
406
501
530
458
414
-0.1088
-0.9404
-0.2816
1.6100
-2.9400
-3.2200
406
501
530
458
416
-0.1039
-0.9487
-0.2777
0.9100
-1.5400
-3.3600
406
501
530
457
416
-0.0976
-0.9379
-0.2840
0.4200
-4.0600
-3.1500
406
501
530
457
416
-0.1035
-0.9453
-0.2840
4.4100
-3.2200
-5.1800
406
501
530
457
417
-0.0952
-0.9438
-0.2743
-2.0300
-4.3400
-2.9400
406
500
530
455
415
-0.1064
-0.9409
-0.2948
4.6200
-4.5500
-3.9200
406
500
530
454
418
-0.1103
-0.9575
-0.2796
3.6400
2.3800
-3.3600
406
498
530
454
421
-0.0937
-0.9399
-0.2689
-4.4100
-2.8700
0.0000
404
491
529
451
424
-0.1142
-0.9335
-0.2972
-2.2400
0.9100
-0.7000
401
482
529
449
431
-0.1152
-0.9448
-0.3026
-1.4000
-2.5200
-3.7800
392
448
528
449
435
-0.1059
-0.9399
-0.3060
-0.0700
-4.7600
-1.6100
379
428
528
448
445
-0.1118
-0.9272
-0.3143
2.5200
-7.4200
-2.6600
352
389
527
447
450
-0.1044
-0.9292
-0.3045
8.8900
-4.6900
-0.5600
306
331
524
447
460
-0.1479
-0.9443
-0.2977
6.9300
-4.8300
-2.1700
268
290
521
447
466
-0.1308
-0.9087
-0.2596
7.9800
-5.8800
-3.2200
251
272
518
443
478
-0.1430
-0.9448
-0.2718
4.4800
5.6700
-0.4200
267
268
518
429
488
-0.1078
-0.9506
-0.2996
14.4200
2.8700
4.3400
268
269
518
412
504
-0.1825
-0.9780
-0.2464
21.7700
9.3100
2.5900
270
274
518
408
515
-0.0795
-0.9501
-0.2079
22.4000
2.6600
2.0300
273
273
509
414
530
-0.1269
-0.9292
-0.2225
12.1800
-7.0700
10.0100
276
275
497
414
544
-0.1747
-0.9521
-0.1562
5.7400
5.8100
9.8700
280
276
482
404
551
-0.2108
-0.9648
-0.1630
12.7400
1.9600
1.9600
282
277
468
399
549
-0.1791
-0.9160
-0.1259
11.4800
-0.4200
6.0900
282
277
448
397
552
-0.1767
-0.9662
-0.1093
9.3800
1.8200
15.9600
283
277
439
397
554
-0.2020
-0.9438
-0.1318
8.3300
-2.3100
6.8600
285
279
439
397
553
-0.2006
-0.9877
-0.0791
7.7000
1.8200
0.8400
287
280
445
397
547
-0.1864
-0.9711
-0.0781
-0.9100
-5.8100
-3.0800
288
282
448
394
542
-0.1967
-0.9423
-0.1157
-0.7700
-3.7100
1.4000
289
283
450
393
543
-0.1942
-0.9531
-0.1035
0.6300
-5.9500
-3.3600
288
283
452
395
541
-0.1864
-0.9775
-0.1103
-2.0300
-0.4200
-5.6000
283
282
454
396
559
-0.1947
-0.9701
-0.1181
2.5900
-6.6500
-5.7400
283
280
455
397
563
-0.2074
-0.9784
-0.1357
1.7500
-3.5700
-4.1300
285
280
458
398
564
-0.2133
-0.9823
-0.1137
4.4800
-3.5700
-6.5100
285
278
460
400
567
-0.1976
-0.9677
-0.1230
6.3000
-4.1300
-1.8900
286
278
462
400
568
-0.2040
-0.9794
-0.1225
4.8300
-3.0800
-5.3200
286
276
464
401
573
-0.2020
-0.9770
-0.1113
2.6600
-4.1300
-4.2700
286
274
465
401
580
-0.2015
-0.9638
-0.1132
1.8900
-1.7500
-3.5000
286
273
466
401
591
-0.2001
-0.9740
-0.1108
1.7500
-4.4100
-6.5100
287
273
468
402
587
-0.1825
-0.9755
-0.1230
1.7500
-5.3900
-5.0400
288
273
468
402
585
-0.1947
-0.9711
-0.1318
3.0100
-3.1500
-4.5500
288
273
469
403
582
-0.1908
-0.9638
-0.1196
5.0400
-5.1800
-4.9700
288
272
469
403
582
-0.1986
-0.9653
-0.1152
3.0100
-1.7500
-2.8000
288
271
470
403
582
-0.1962
-0.9560
-0.1064
1.0500
-5.5300
-4.4100
289
272
470
403
581
-0.1952
-0.9628
-0.1118
-1.4000
-3.1500
-1.7500
289
272
470
404
580
-0.1942
-0.9648
-0.1157
-0.2100
-2.5900
-2.4500
290
272
471
404
578
-0.1859
-0.9687
-0.1166
-1.2600
-5.9500
-3.2200
290
272
471
403
576
-0.1903
-0.9716
-0.1235
2.0300
-3.9900
-2.4500
290
271
471
404
577
-0.1820
-0.9667
-0.1274
5.3900
-4.9000
-1.6800
289
271
471
404
578
-0.1879
-0.9658
-0.1205
4.4800
-1.6100
-0.9100
289
270
471
404
582
-0.1830
-0.9662
-0.1059
3.0800
-2.8700
-1.4700
289
270
471
404
581
-0.1859
-0.9770
-0.1152
0.1400
-2.2400
-3.3600
290
272
471
404
581
-0.1840
-0.9628
-0.1225
-6.5800
-7.0700
-10.5700
292
277
471
404
551
-0.1693
-0.9740
-0.1498
-21.6300
-23.0300
-2.4500
307
309
480
406
501
-0.1845
-0.9623
-0.2274
-36.8900
-14.7000
-9.9400
326
345
495
412
482
-0.1454
-0.9570
-0.2445
-6.0900
-8.5400
-9.2400
351
377
506
433
470
-0.1562
-0.9399
-0.2176
-13.1600
-14.7700
-11.1300
374
417
514
444
460
-0.1386
-0.9589
-0.2830
-4.9700
0.2800
-5.5300
381
458
519
446
453
-0.1332
-0.9438
-0.2679
4.9700
-11.2700
-4.6200
388
480
522
447
447
-0.1366
-0.9604
-0.2469
2.2400
-8.1900
-2.9400
396
489
524
449
442
-0.1435
-0.9482
-0.2479
-8.4000
-11.0600
-6.5800
400
494
525
451
436
-0.1552
-0.9218
-0.2650
-12.3200
-8.0500
-4.4100
402
496
526
454
431
-0.1303
-0.9277
-0.2782
1.8200
-8.1900
-6.1600
403
497
526
455
428
-0.1171
-0.9599
-0.2621
1.5400
-3.9900
-5.3900
404
497
526
456
426
-0.1137
-0.9433
-0.2728
1.0500
-7.0000
-4.7600
406
498
527
457
424
-0.1205
-0.9516
-0.2699
4.1300
-4.2700
-1.9600
407
498
527
459
422
-0.1196
-0.9521
-0.2772
2.0300
-1.8900
-3.2200
408
499
527
460
421
-0.1196
-0.9482
-0.2630
0.9100
-2.5200
-2.3100
409
499
527
460
421
-0.1171
-0.9511
-0.2699
0.3500
-6.3000
-5.8800
409
499
527
461
420
-0.1083
-0.9570
-0.3030
11.2700
-5.1100
-1.6800
410
500
527
461
420
-0.1196
-0.9711
-0.2640
3.9200
-1.7500
-3.9200
411
500
528
462
420
-0.1035
-0.9614
-0.2762
4.4100
-4.1300
-2.6600
411
500
528
461
418
-0.1322
-0.9594
-0.2635
1.8900
-3.2900
-3.3600
411
500
528
461
420
-0.1191
-0.9536
-0.2601
1.7500
-2.7300
-2.4500
411
500
528
461
420
-0.1152
-0.9477
-0.2552
2.5200
-3.5700
-1.8200
411
500
528
461
420
-0.1191
-0.9565
-0.2635
3.0800
-3.5700
-3.9900
411
500
528
461
420
-0.1064
-0.9540
-0.2660
3.1500
-3.0800
-3.5000
411
500
528
460
418
-0.1088
-0.9487
-0.2542
0.3500
-4.1300
-4.0600
411
500
528
460
419
-0.1078
-0.9428
-0.2596
1.1900
-2.8700
-4.1300
411
499
528
459
421
-0.1176
-0.9457
-0.2625
-4.6900
-3.5000
-1.4700
410
498
527
457
422
-0.1186
-0.9638
-0.2601
0.9100
-1.4700
-3.9900
409
496
527
448
423
-0.1127
-0.9384
-0.2582
0.7000
-3.0100
-3.7800
400
489
527
439
425
-0.1113
-0.9614
-0.2738
-5.1800
-0.6300
-4.8300
381
463
527
431
433
-0.0874
-0.9248
-0.2728
-5.7400
-5.3200
-2.4500
357
428
527
425
441
-0.1083
-0.9701
-0.2874
-8.4000
2.9400
-3.5000
329
384
526
412
453
-0.1078
-0.9374
-0.2977
-6.0200
0.6300
-1.6100
307
345
526
400
461
-0.1176
-0.9155
-0.3079
0.9800
0.2100
-4.4800
287
325
524
396
481
-0.1015
-0.9248
-0.2938
10.4300
-0.2100
1.2600
281
319
516
402
515
-0.1225
-0.9209
-0.2904
20.0900
4.3400
6.0200
279
324
499
410
523
-0.0971
-0.8950
-0.2425
18.4100
0.1400
4.5500
279
328
491
412
524
-0.1142
-0.9238
-0.1986
16.8000
0.4900
10.5700
274
325
483
409
523
-0.1435
-0.9360
-0.1889
9.1700
-0.7000
1.6100
267
319
470
402
529
-0.1459
-0.9550
-0.1752
4.2700
-1.1900
-2.4500
258
311
454
399
562
-0.1435
-0.9384
-0.1674
0.3500
-1.5400
0.4200
247
303
449
399
587
-0.1401
-0.9565
-0.1645
4.1300
2.4500
3.2200
240
299
447
398
603
-0.1337
-0.9711
-0.1459
3.1500
-5.8800
1.7500
237
294
448
399
626
-0.1664
-0.9745
-0.1728
3.7100
1.0500
3.7100
233
290
449
399
648
-0.1454
-0.9819
-0.1454
1.8900
-0.5600
-5.1800
232
289
448
400
647
-0.1186
-0.9692
-0.1825
9.3800
-3.9900
-1.3300
233
289
444
400
651
-0.1376
-0.9853
-0.1484
2.3100
-1.5400
-2.7300
234
290
444
400
645
-0.1249
-0.9662
-0.1562
0.2800
-4.6900
-4.5500
235
291
445
400
642
-0.1425
-0.9736
-0.1503
-1.2600
-3.6400
-3.7800
237
293
447
400
637
-0.1318
-0.9736
-0.1757
-1.8900
-6.3000
-3.8500
238
294
449
401
631
-0.1415
-0.9579
-0.1708
-1.7500
-4.6200
-3.5700
239
295
450
401
628
-0.1415
-0.9487
-0.1649
0.7000
-4.5500
-3.9200
240
296
450
401
627
-0.1474
-0.9692
-0.1767
-0.8400
-3.7800
-4.3400
240
296
450
401
627
-0.1376
-0.9721
-0.1767
2.1700
-2.7300
-3.9900
241
297
451
401
625
-0.1410
-0.9643
-0.1796
1.2600
-4.4800
-4.4800
241
297
452
401
624
-0.1410
-0.9633
-0.1776
3.0800
-5.3200
-4.0600
241
298
452
402
623
-0.1493
-0.9740
-0.1781
3.3600
-3.2900
-2.8700
242
298
452
401
622
-0.1425
-0.9750
-0.1869
4.3400
-4.4800
-1.4700
242
299
452
401
623
-0.1469
-0.9658
-0.1688
1.4700
-2.5200
-1.8200
242
300
453
401
623
-0.1464
-0.9658
-0.1786
0.0000
-2.8000
-1.4700
243
300
453
401
621
-0.1488
-0.9618
-0.1708
2.5200
-3.8500
-0.8400
243
301
453
402
620
-0.1537
-0.9658
-0.1771
0.6300
-2.8000
-2.4500
243
301
453
402
619
-0.1459
-0.9618
-0.1654
-1.4700
-4.9700
-2.8700
244
302
454
402
617
-0.1537
-0.9545
-0.1762
3.5000
-4.3400
-0.8400
245
303
454
402
612
-0.1444
-0.9706
-0.1713
2.9400
-3.9900
-3.2900
245
303
455
402
611
-0.1498
-0.9701
-0.1776
3.8500
-4.5500
-1.6100
246
304
458
402
610
-0.1532
-0.9736
-0.1508
-1.7500
-3.3600
-2.2400
245
304
462
403
609
-0.1459
-0.9614
-0.1757
2.7300
-3.9900
-1.5400
246
304
466
404
608
-0.1454
-0.9716
-0.1620
9.1700
-3.0100
-2.1000
246
306
469
402
607
-0.1459
-0.9853
-0.1562
-2.3100
-4.2000
-1.5400
246
306
473
402
606
-0.1454
-0.9662
-0.1732
-5.5300
-6.1600
-8.0500
247
307
478
403
604
-0.1366
-0.9789
-0.1962
-4.2700
-4.4800
-9.3800
248
309
482
405
597
-0.1181
-0.9682
-0.2001
1.6100
-6.2300
-0.8400
249
311
488
407
585
-0.1381
-0.9862
-0.2030
-4.7600
-2.8000
-0.4900
250
319
496
411
565
-0.1386
-0.9614
-0.2152
-11.4100
-9.5200
-9.6600
255
329
503
416
524
-0.1054
-0.9492
-0.2928
7.4200
-5.4600
-13.0200
267
353
508
431
507
-0.1147
-0.9477
-0.2440
-12.5300
-10.8500
-18.4800
300
398
514
438
491
-0.0639
-0.9331
-0.2542
-7.9800
-17.4300
-10.9200
339
439
519
443
469
-0.0727
-0.9492
-0.2474
7.9100
-10.6400
-8.5400
372
468
523
447
451
-0.0551
-0.9579
-0.2411
0.2800
-11.9700
-11.2000
391
487
525
450
439
-0.0449
-0.9433
-0.3748
1.8900
-7.5600
-7.4200
402
494
526
455
420
-0.0551
-0.9721
-0.2547
0.1400
-4.2700
-4.2700
406
496
527
457
413
-0.0542
-0.9433
-0.2420
2.5900
-7.9800
-8.6100
408
498
528
459
411
-0.0439
-0.9526
-0.2469
2.8000
-6.1600
-3.9900
409
499
528
460
410
-0.0454
-0.9638
-0.2357
6.3000
-5.5300
-4.4800
410
500
529
461
409
-0.0434
-0.9682
-0.2425
1.5400
-4.2000
-3.0100
410
500
529
461
409
-0.0420
-0.9726
-0.2386
4.2000
-2.5900
-3.2200
410
500
529
461
409
-0.0376
-0.9653
-0.2377
1.6800
-2.7300
-1.8900
410
500
529
461
410
-0.0688
-0.9487
-0.2201
2.7300
-3.3600
-3.7100
409
500
529
461
408
-0.0434
-0.9731
-0.2255
-0.1400
-5.0400
-3.3600
410
500
529
461
410
-0.0556
-0.9643
-0.2479
-0.2100
-4.7600
-3.5700
409
500
529
461
410
-0.0527
-0.9643
-0.2362
2.8000
-4.0600
-3.7800
409
500
530
461
410
-0.0459
-0.9658
-0.2303
0.5600
-5.0400
-3.3600
409
500
530
461
410
-0.0425
-0.9653
-0.2367
3.2200
-3.9900
-4.2700
409
500
530
461
410
-0.0346
-0.9599
-0.2416
3.0100
-4.0600
-4.2000
408
500
529
461
410
-0.0425
-0.9677
-0.2338
1.9600
-3.3600
-3.1500
408
500
530
461
411
-0.0366
-0.9594
-0.2318
0.7700
-4.4100
-3.1500
408
500
530
460
408
-0.0386
-0.9604
-0.2381
0.5600
-5.7400
-3.1500
408
500
530
460
411
-0.0371
-0.9565
-0.2386
3.5000
-4.3400
-6.3000
408
500
530
459
411
-0.0381
-0.9687
-0.2430
-5.0400
-5.1100
-2.6600
407
499
529
457
412
-0.0512
-0.9775
-0.2416
-11.2000
-7.0000
-0.5600
401
493
529
438
422
-0.0464
-0.9579
-0.3211
-21.0700
5.2500
0.6300
396
481
528
413
434
-0.0483
-0.9374
-0.3274
-1.4700
3.4300
-0.8400
381
463
527
405
446
-0.0366
-0.9775
-0.3333
4.2700
1.6800
7.4200
361
441
527
403
459
-0.0673
-0.9618
-0.3128
17.2200
2.8700
4.4800
331
397
527
404
476
-0.0503
-0.9433
-0.2621
15.2600
-0.7700
4.8300
293
343
526
407
498
-0.0508
-0.9531
-0.2518
15.0500
2.7300
4.7600
260
296
524
406
529
-0.0429
-0.9677
-0.2401
-0.5600
-9.0300
-1.4000
243
281
519
403
547
-0.0927
-0.9579
-0.2601
3.9900
-4.4100
-0.4900
233
274
513
400
578
-0.0737
-0.9248
-0.2167
7.0000
2.8700
2.6600
232
275
503
402
596
-0.0732
-0.9721
-0.2118
17.6400
-3.0800
9.8000
229
269
500
406
605
-0.1113
-0.9858
-0.2074
33.3900
0.2100
4.9700
230
267
495
406
601
-0.1142
-0.9858
-0.1532
36.6800
-0.3500
0.7700
232
270
489
401
595
-0.1127
-1.0077
-0.0971
20.4400
-0.2100
2.0300
233
270
490
403
594
-0.1210
-0.9736
-0.0791
1.8200
-2.8000
-2.5900
233
271
492
404
592
-0.1474
-0.9550
-0.0693
1.1200
-5.1100
-1.4000
234
272
492
403
591
-0.1288
-0.9853
-0.0917
-10.7100
-0.2800
-2.8000
231
268
491
401
609
-0.1298
-0.9804
-0.1113
5.4600
-2.8700
-4.4800
228
265
490
400
612
-0.1191
-0.9848
-0.0786
6.3000
-4.7600
1.6800
230
266
484
397
606
-0.1479
-0.9575
-0.1059
14.2100
-5.4600
-2.2400
230
265
476
394
605
-0.1171
-0.9970
-0.0712
8.1200
-0.2800
-3.4300
230
263
470
393
602
-0.1405
-1.0053
-0.0669
5.6700
-3.0100
-2.6600
229
265
467
394
598
-0.1132
-0.9931
-0.0615
13.3700
-9.3100
0.6300
230
264
468
396
595
-0.1596
-0.9716
-0.0600
-2.1000
-2.8700
-4.4800
231
266
468
397
593
-0.1454
-0.9579
-0.0615
-5.5300
-7.4200
-1.8900
232
267
469
397
593
-0.1752
-0.9633
-0.0805
-7.0700
0.4200
-0.8400
233
267
469
397
591
-0.1586
-0.9697
-0.0673
-5.3900
-2.5900
1.0500
233
269
470
397
591
-0.1640
-0.9638
-0.0961
-2.8000
-3.0800
-0.2800
233
269
470
396
591
-0.1552
-0.9867
-0.0932
1.8900
-3.1500
-0.2100
234
269
471
396
591
-0.1606
-0.9804
-0.0937
2.8700
-3.9900
-1.4000
234
270
472
397
593
-0.1571
-0.9780
-0.0898
0.9800
-4.1300
-2.6600
234
270
473
397
593
-0.1610
-0.9750
-0.0888
0.5600
-4.5500
-3.6400
234
270
473
397
593
-0.1566
-0.9687
-0.0903
-0.2800
-4.5500
-4.4800
235
269
474
397
591
-0.1518
-0.9672
-0.0996
1.4700
-6.2300
-5.7400
234
269
474
398
592
-0.1513
-0.9521
-0.0903
4.2700
-7.2100
-2.8000
234
269
474
398
594
-0.1596
-0.9809
-0.0854
0.7000
-4.9000
-1.6800
234
269
474
397
596
-0.1571
-0.9770
-0.0917
1.3300
-3.5000
-1.9600
234
269
474
397
601
-0.1610
-0.9594
-0.0932
3.5700
-3.5700
-1.5400
231
266
474
397
611
-0.1571
-0.9682
-0.0839
0.1400
-5.9500
-2.6600
231
267
474
397
608
-0.1586
-0.9628
-0.0888
0.7000
-5.8800
-2.9400
232
268
474
397
605
-0.1645
-0.9687
-0.0761
1.6100
-3.0100
-2.3800
232
268
474
397
604
-0.1698
-0.9692
-0.0805
-5.7400
-3.8500
-5.0400
233
270
474
396
602
-0.1732
-0.9614
-0.1069
-10.1500
-1.6800
-2.7300
234
272
474
395
602
-0.1606
-0.9789
-0.1157
-6.6500
-3.2900
-5.1100
235
272
475
395
600
-0.1552
-0.9697
-0.1440
-13.5800
-8.3300
-5.6700
239
274
478
394
591
-0.1503
-0.9750
-0.1552
-8.1900
-16.1700
-6.3000
243
278
487
397
576
-0.1347
-0.9775
-0.1659
-6.0200
-7.7000
-7.2100
250
287
499
405
560
-0.1083
-0.9662
-0.1898
-5.8100
-2.1000
-7.5600
271
315
505
420
543
-0.1093
-0.9838
-0.2123
6.6500
-0.5600
-4.1300
291
378
508
427
528
-0.1347
-0.9516
-0.1952
3.7100
-3.7100
-11.3400
318
416
512
430
514
-0.0908
-0.9828
-0.1981
11.3400
-2.8000
-5.5300
347
444
518
435
492
-0.0756
-0.9799
-0.1723
11.6200
-5.5300
-8.1900
366
464
523
441
463
-0.0932
-0.9799
-0.1659
13.5800
-4.4100
-10.1500
375
480
526
448
446
-0.0644
-0.9945
-0.1459
8.4000
-3.9900
-7.5600
379
486
528
451
439
-0.0766
-0.9853
-0.1381
5.5300
-2.9400
-3.8500
382
489
529
452
437
-0.0776
-0.9858
-0.1240
4.9700
-5.1800
-2.6600
383
491
530
453
437
-0.0683
-0.9882
-0.1337
3.7100
-1.4700
-1.2600
383
491
530
452
437
-0.0717
-0.9853
-0.1230
1.7500
-3.4300
-0.8400
383
491
530
452
437
-0.0756
-0.9906
-0.1244
1.6800
-4.6200
-2.4500
383
490
530
452
437
-0.0752
-0.9765
-0.1215
2.1700
-5.8100
-3.3600
382
490
530
452
435
-0.0786
-0.9819
-0.1249
1.8200
-4.4100
-3.0800
383
490
530
452
437
-0.0712
-0.9960
-0.1293
2.4500
-4.8300
-4.6900
383
489
530
452
437
-0.0703
-0.9877
-0.1249
-1.6100
-5.6700
-4.9700
383
489
530
452
438
-0.0712
-0.9731
-0.1318
-0.4900
-5.3900
-3.3600
384
488
530
452
438
-0.0698
-0.9838
-0.1474
1.7500
-4.0600
-1.8900
384
487
530
452
438
-0.0815
-0.9799
-0.1366
2.1700
-4.1300
-3.5000
384
486
530
451
439
-0.0752
-0.9833
-0.1381
-1.5400
-3.4300
-2.1700
385
485
530
451
439
-0.0693
-0.9780
-0.1313
-1.8200
-6.0200
-6.4400
392
484
529
450
439
-0.0737
-0.9789
-0.1484
0.6300
-3.5700
-2.5200
399
484
529
450
440
-0.0747
-0.9877
-0.1503
-1.6800
-3.7100
-3.9200
401
484
529
450
440
-0.0595
-0.9775
-0.1571
3.5000
-5.5300
-2.6600
405
482
529
449
438
-0.0644
-0.9892
-0.1523
0.2800
-3.5700
-3.2200
409
482
529
449
441
-0.0551
-0.9765
-0.1547
0.8400
-3.4300
-1.9600
410
482
528
448
439
-0.0664
-0.9809
-0.1503
-2.5200
-2.4500
0.2800
408
479
528
448
442
-0.0586
-0.9721
-0.1581
-7.4200
-1.0500
0.7700
395
464
528
446
446
-0.0864
-0.9667
-0.1654
-8.6100
-0.3500
-5.1800
373
437
527
443
453
-0.0805
-0.9911
-0.1879
-8.3300
1.6800
-20.5100
361
397
518
419
460
-0.0454
-0.9809
-0.2386
-2.7300
3.8500
-1.5400
346
375
504
397
469
-0.0205
-0.9697
-0.2303
17.8500
-6.4400
-3.0800
338
367
492
399
489
-0.0576
-0.9804
-0.2040
20.0900
2.0300
5.6000
340
368
485
403
512
-0.0844
-0.9965
-0.1786
36.7500
-4.6200
7.8400
343
361
466
397
517
-0.1537
-1.0053
-0.0908
13.8600
2.1000
2.2400
348
366
444
394
519
-0.0854
-0.9697
-0.0883
1.7500
1.8200
-5.0400
347
351
420
392
523
-0.1166
-0.9975
-0.1113
-13.1600
-3.5000
-8.9600
342
346
405
391
515
-0.0576
-1.0214
-0.1742
-11.0600
-7.4900
-22.4000
323
332
402
390
505
-0.0371
-0.9877
-0.1859
-18.9700
-7.1400
-15.4700
298
302
402
388
506
-0.0688
-0.9536
-0.2011
-17.0800
-4.3400
-1.1900
296
298
403
389
520
-0.0747
-0.9496
-0.2416
-1.3300
-4.3400
-2.5200
296
295
406
389
536
-0.0459
-0.9950
-0.2479
8.6800
-5.0400
-3.2200
285
287
407
389
547
-0.0571
-0.9819
-0.2294
2.1000
-2.6600
-2.8000
280
287
408
390
554
-0.0512
-0.9623
-0.2430
-1.6100
-0.4900
0.9100
277
289
409
391
565
-0.0620
-0.9335
-0.2381
11.6900
-9.5200
1.2600
267
289
410
391
573
-0.0615
-0.9711
-0.2259
1.6100
-2.7300
-0.7000
263
288
412
392
573
-0.0664
-0.9662
-0.2250
1.3300
-6.0200
0.3500
257
288
414
394
575
-0.0849
-0.9701
-0.2313
-2.9400
-0.6300
0.7700
255
288
416
394
574
-0.0683
-0.9609
-0.2342
4.4100
-2.8700
-0.9800
255
288
416
394
574
-0.0859
-0.9662
-0.2284
-0.6300
-0.8400
-0.4900
254
289
417
394
573
-0.0786
-0.9609
-0.2401
1.8200
-2.4500
-0.2800
252
288
417
394
571
-0.0815
-0.9550
-0.2230
-1.8200
-2.5200
0.1400
251
288
418
395
572
-0.0781
-0.9584
-0.2303
-0.5600
-4.3400
-0.6300
251
288
419
395
572
-0.0986
-0.9594
-0.2264
1.8200
-2.6600
0.7700
252
288
420
396
575
-0.0917
-0.9501
-0.2157
0.0000
-4.9700
-2.1700
253
288
420
396
575
-0.0874
-0.9614
-0.2264
0.9800
-3.0100
-2.1000
253
288
420
396
573
-0.0839
-0.9667
-0.2225
-0.0700
-1.9600
-2.3100
254
289
421
396
571
-0.0781
-0.9560
-0.2303
-0.9100
-1.8200
-2.6600
253
289
422
397
571
-0.0810
-0.9565
-0.2318
0.0000
-3.6400
-3.0100
254
289
423
397
572
-0.0820
-0.9701
-0.2377
0.9100
-2.5200
-2.0300
253
289
423
397
572
-0.0849
-0.9599
-0.2318
1.0500
-3.4300
-2.9400
250
288
423
397
570
-0.0854
-0.9555
-0.2289
0.7700
-3.4300
-1.8900
248
286
424
397
570
-0.0854
-0.9579
-0.2279
0.9800
-3.6400
-2.7300
249
287
424
397
572
-0.0849
-0.9687
-0.2269
2.2400
-3.2200
-1.8900
249
287
424
397
573
-0.0854
-0.9745
-0.2250
0.1400
-3.0100
-7.2800
247
289
425
397
572
-0.0854
-0.9599
-0.2284
-0.2100
-5.4600
-2.3800
247
289
425
397
570
-0.0859
-0.9594
-0.2303
1.1200
-6.3700
-3.7800
246
288
425
397
570
-0.0878
-0.9628
-0.2318
3.9900
-5.5300
-3.3600
243
288
426
397
572
-0.0854
-0.9648
-0.2279
0.4200
-5.1800
-3.5700
244
288
426
398
573
-0.0903
-0.9721
-0.2328
-0.6300
-4.9700
-2.5900
246
289
428
398
572
-0.0849
-0.9579
-0.2308
1.4000
-4.6200
-3.6400
247
289
429
398
569
-0.0913
-0.9550
-0.2284
-3.2900
-6.5800
-4.5500
252
292
432
398
564
-0.0961
-0.9453
-0.2513
-25.7600
-26.3200
-7.9100
282
313
465
402
528
-0.0878
-0.9228
-0.2972
-13.5100
-12.5300
-3.9900
306
377
499
416
505
-0.1059
-0.9340
-0.2904
3.6400
-12.3900
-6.7900
342
428
512
433
489
-0.0830
-0.9306
-0.2957
7.0700
-6.8600
-11.1300
380
461
518
441
469
-0.0747
-0.9521
-0.2767
6.0900
-9.4500
-7.8400
399
483
522
447
458
-0.0874
-0.9521
-0.2894
5.6000
-11.5500
-8.2600
409
491
524
450
445
-0.3162
-0.9487
-0.2655
3.7800
-7.7700
-3.3600
414
495
525
451
437
-0.0834
-0.9628
-0.2869
-0.1400
-5.0400
-3.0100
416
497
526
452
432
-0.0810
-0.9472
-0.2884
1.6100
-6.0900
-2.8000
416
499
527
453
430
-0.0844
-0.9492
-0.2874
1.0500
-3.8500
-2.9400
416
499
527
453
430
-0.0708
-0.9599
-0.2952
4.0600
-3.1500
-4.4100
416
499
527
453
430
-0.0849
-0.9599
-0.2801
4.1300
-2.5200
-3.0100
416
499
527
453
430
-0.0732
-0.9536
-0.2743
1.3300
-3.0800
-1.8200
416
499
527
453
427
-0.0747
-0.9565
-0.2860
3.5000
-3.5000
-2.1000
416
499
527
453
430
-0.0937
-0.9599
-0.2855
2.0300
-3.8500
-2.9400
415
499
527
452
430
-0.0800
-0.9462
-0.2835
1.4000
-4.0600
-3.4300
415
499
527
452
430
-0.0791
-0.9599
-0.2840
2.1700
-3.2900
-2.8700
415
499
527
452
430
-0.0756
-0.9526
-0.2821
1.3300
-2.7300
-3.2900
414
498
527
452
430
-0.0742
-0.9482
-0.2879
2.2400
-3.5000
-2.7300
414
498
527
451
431
-0.0771
-0.9516
-0.2791
1.6800
-2.3800
-2.8700
414
498
527
451
431
-0.0703
-0.9496
-0.2796
0.9800
-4.4100
-3.5700
414
498
527
451
431
-0.0805
-0.9579
-0.2928
2.0300
-3.9900
-3.7100
413
498
527
451
431
-0.0659
-0.9575
-0.2845
2.2400
-3.8500
-2.6600
413
497
527
450
431
-0.0683
-0.9531
-0.2918
0.9800
-4.4100
-1.8200
413
496
527
450
431
-0.0820
-0.9589
-0.2869
3.5700
-3.6400
-2.0300
413
496
527
450
429
-0.0791
-0.9594
-0.2835
0.9800
-3.7100
-2.7300
412
496
526
450
432
-0.0732
-0.9506
-0.2874
1.6100
-3.6400
-2.0300
412
494
526
449
432
-0.0825
-0.9482
-0.2957
2.3100
-3.6400
-1.7500
412
491
526
449
433
-0.0839
-0.9521
-0.2821
2.2400
-3.9900
-1.1200
411
487
526
449
434
-0.0781
-0.9428
-0.2645
-1.2600
-2.6600
-1.2600
407
480
526
448
435
-0.0849
-0.9394
-0.2840
-0.7700
-5.1100
-2.3100
389
456
525
447
436
-0.0878
-0.9496
-0.2826
3.9900
-3.3600
0.0000
367
435
524
445
435
-0.0722
-0.9457
-0.2738
4.5500
-5.8800
1.1900
342
405
524
444
438
-0.0932
-0.9667
-0.2845
1.0500
1.5400
-1.3300
316
356
524
443
440
-0.0898
-0.9501
-0.2704
6.5100
0.0700
-0.4200
281
317
521
440
443
-0.0956
-0.9218
-0.2582
4.6200
-2.3100
-0.7000
254
290
513
434
445
-0.0947
-0.9516
-0.2645
12.6000
-4.9700
-7.4200
240
275
505
427
450
-0.0722
-0.9823
-0.2533
3.9200
-2.0300
-9.9400
236
270
496
411
459
-0.0883
-0.9721
-0.2411
21.7700
1.9600
-2.3800
239
277
488
399
479
-0.0703
-1.0009
-0.2050
18.6900
3.6400
-1.9600
244
284
483
403
497
-0.1054
-0.9819
-0.2181
10.0100
-3.2200
1.0500
246
286
481
405
510
-0.1303
-0.9692
-0.1742
9.4500
0.7000
2.2400
243
285
478
403
537
-0.1225
-0.9667
-0.1625
8.0500
-5.8800
0.0000
243
284
478
403
552
-0.1196
-0.9848
-0.1684
0.0700
-0.2100
-3.0100
241
282
478
403
579
-0.0986
-0.9633
-0.1649
2.8700
-4.2700
-2.6600
238
282
479
403
601
-0.1205
-0.9721
-0.1732
2.1000
-2.1700
0.2100
235
279
481
404
618
-0.1181
-0.9697
-0.1649
3.1500
-3.6400
1.1900
224
280
483
406
606
-0.1396
-0.9887
-0.1810
5.3900
-3.0800
0.6300
218
282
484
406
600
-0.1181
-0.9736
-0.1659
5.3900
-4.6200
-3.7800
216
283
485
407
598
-0.1283
-0.9814
-0.1571
1.6800
-3.9200
-4.3400
217
284
486
408
599
-0.0952
-0.9897
-0.1703
13.1600
-5.1800
-4.9700
213
284
486
408
598
-0.1298
-0.9789
-0.1435
16.5900
-3.5000
-2.5900
213
283
488
408
597
-0.1371
-0.9765
-0.1122
-0.4900
-4.4100
-6.5800
216
284
488
408
597
-0.1274
-0.9955
-0.1415
-5.2500
-3.5700
-6.6500
217
285
490
409
596
-0.1420
-0.9628
-0.1518
1.4700
-4.2700
-3.3600
218
286
490
409
595
-0.1376
-0.9780
-0.1464
5.1800
-0.5600
-2.1700
218
287
490
409
595
-0.1366
-0.9814
-0.1498
1.1900
-3.2900
-2.1000
219
287
490
409
592
-0.1469
-0.9780
-0.1513
4.1300
-2.3800
-1.4000
219
287
490
409
592
-0.1435
-0.9789
-0.1327
7.0000
-0.9100
-2.8000
219
288
490
409
591
-0.1464
-0.9765
-0.1440
2.1700
-1.4700
-4.2700
218
288
490
409
591
-0.1327
-0.9740
-0.1440
4.4100
-3.9200
-3.7800
218
288
490
409
593
-0.1449
-0.9858
-0.1357
-1.4700
-1.8900
-3.1500
219
288
491
408
592
-0.1396
-0.9780
-0.1527
2.5200
-4.6200
-4.5500
220
288
491
409
592
-0.1386
-0.9897
-0.1518
2.5200
-4.0600
-3.3600
220
288
491
409
589
-0.1381
-0.9833
-0.1542
4.2700
-5.4600
-3.1500
220
289
491
409
589
-0.1435
-0.9936
-0.1503
4.3400
-4.4100
-3.7800
220
289
491
409
589
-0.1440
-0.9833
-0.1449
4.1300
-5.4600
-1.9600
219
290
490
408
588
-0.1420
-0.9843
-0.1342
1.9600
-4.2700
-3.4300
219
290
490
408
590
-0.1474
-0.9755
-0.1410
0.4200
-4.9000
-5.1800
219
291
490
408
589
-0.1269
-0.9906
-0.1352
3.0800
-4.2700
-16.1000
219
291
490
408
588
-0.1074
-0.9726
-0.1415
-0.4200
-4.6200
-5.2500
220
291
490
408
588
-0.1259
-0.9750
-0.1396
0.6300
-4.5500
-0.9800
220
290
491
409
585
-0.1430
-0.9672
-0.1332
1.3300
-3.7800
-1.4700
220
291
491
409
585
-0.1362
-0.9726
-0.1352
-5.3900
-5.3900
-9.1000
221
291
491
408
582
-0.1362
-0.9770
-0.1601
-3.0800
-2.1700
-7.0000
224
291
491
409
568
-0.1176
-0.9701
-0.1620
-13.5100
-9.1700
-4.7600
226
295
492
409
548
-0.1254
-0.9765
-0.1928
-34.0200
-12.1100
-7.4900
239
320
496
409
534
-0.1108
-0.9555
-0.2606
-15.3300
-9.6600
-4.4800
280
370
501
418
521
-0.1093
-0.9721
-0.2518
0.4200
-12.8100
8.1900
325
416
509
430
498
-0.1488
-0.9365
-0.2499
6.7900
-15.6800
4.9700
376
456
515
438
478
-0.1469
-0.9604
-0.2489
5.0400
-14.4200
0.8400
393
480
519
446
458
-0.1381
-0.9457
-0.2372
0.9100
-11.8300
1.6100
404
490
522
452
441
-0.1659
-0.9433
-0.2318
-12.6000
-16.0300
-2.8700
414
496
524
457
426
-0.1654
-0.9457
-0.2601
-24.9200
-14.8400
-5.8800
417
499
525
460
419
-0.1381
-0.9653
-0.2952
-36.7500
-14.1400
-13.8600
417
500
526
462
414
-0.1440
-0.8872
-0.3821
-6.5800
-10.8500
-1.4700
418
501
527
464
412
-0.1464
-0.8955
-0.3953
14.9800
5.2500
5.8100
418
502
527
465
412
-0.1557
-0.9091
-0.3533
18.6200
8.8200
1.3300
418
502
528
464
410
-0.1318
-0.9296
-0.3289
26.9500
8.6800
-0.6300
419
502
528
464
412
-0.1669
-0.9282
-0.2562
20.6500
11.4100
-5.2500
419
502
528
463
412
-0.0971
-0.9399
-0.2704
18.2700
3.0800
-1.4000
418
502
528
464
411
-0.1269
-0.9628
-0.2225
15.1900
-5.7400
-1.6800
418
502
528
464
415
-0.1283
-0.9443
-0.2450
7.3500
-3.0800
-0.2800
417
501
528
464
417
-0.1527
-0.9618
-0.2172
1.7500
-3.6400
-7.4200
416
501
528
463
419
-0.1025
-0.9692
-0.2064
0.4200
-3.1500
-3.7800
415
500
528
460
420
-0.1191
-0.9550
-0.1928
4.7600
-10.4300
-7.4900
415
499
527
459
422
-0.1366
-0.9482
-0.2318
6.0200
-3.7100
-0.1400
414
499
527
456
423
-0.1318
-0.9667
-0.2142
-0.6300
1.8900
-3.4300
413
498
527
453
421
-0.1088
-0.9662
-0.2216
0.4200
-5.8100
-4.4800
412
497
526
452
424
-0.1303
-0.9487
-0.2430
-5.4600
-8.4700
-1.8900
411
497
526
451
425
-0.1386
-0.9628
-0.2308
3.1500
-5.6700
-6.5100
411
496
525
448
425
-0.1025
-0.9609
-0.2142
4.4100
-5.8100
-4.3400
410
496
525
448
425
-0.1186
-0.9692
-0.2450
-0.8400
-5.0400
-3.8500
410
496
525
448
425
-0.1352
-0.9716
-0.3738
-0.8400
-0.5600
-6.3000
410
495
525
447
424
-0.1074
-0.9526
-0.2420
-0.9800
-4.4100
-3.2200
410
495
525
446
422
-0.1157
-0.9511
-0.2494
0.7700
-6.9300
-3.2200
410
495
525
446
424
-0.1205
-0.9487
-0.2572
2.2400
-7.3500
-3.9200
410
495
525
445
424
-0.1152
-0.9531
-0.2386
2.8700
-5.6000
-1.4700
410
495
525
444
425
-0.1191
-0.9433
-0.2479
0.2800
-5.0400
-1.8200
410
494
525
442
425
-0.1200
-0.9594
-0.2533
3.2200
-7.9100
-3.5000
409
494
525
442
423
-0.1298
-0.9770
-0.2425
0.3500
-6.3700
-2.1000
409
494
525
442
426
-0.1254
-0.9350
-0.2479
-2.5200
-6.0200
-2.1700
409
494
525
442
426
-0.1342
-0.9248
-0.2474
5.8100
-7.2100
-3.6400
409
494
525
441
427
-0.1254
-0.9604
-0.2303
7.0000
-8.4700
-3.3600
409
494
525
440
428
-0.1288
-0.9765
-0.2391
4.4100
-10.9200
-4.2000
409
493
525
440
429
-0.1357
-0.9667
-0.2084
7.7000
-14.3500
1.8200
409
493
524
440
430
-0.1523
-0.9823
-0.2225
-4.0600
-12.1100
1.4700
409
493
524
439
430
-0.1757
-0.9618
-0.2484
-1.0500
-3.0100
-5.1800
409
493
524
438
430
-0.1537
-0.9526
-0.2313
4.3400
-2.9400
-5.2500
409
492
524
438
429
-0.1420
-0.9457
-0.2245
1.8200
-4.9000
-2.5900
409
492
524
437
430
-0.1493
-0.9584
-0.2255
7.9100
-4.6900
-1.3300
409
492
524
437
428
-0.1508
-0.9389
-0.2069
7.0000
-4.4800
0.5600
410
492
524
435
432
-0.1527
-0.9511
-0.2162
7.4900
-8.9600
0.7000
410
492
524
435
432
-0.1762
-0.9706
-0.2206
8.1900
-2.5900
-2.1700
410
491
523
435
433
-0.1625
-0.9472
-0.2074
6.9300
-6.3700
4.4800
410
491
523
435
434
-0.2308
-0.8872
-0.0634
-5.4600
-7.2100
3.9900
410
492
523
435
431
-0.1571
-1.0014
-0.2362
0.0700
-6.3000
-1.4700
410
491
523
435
433
-0.1854
-0.9438
-0.2113
3.3600
-5.3200
-2.8700
410
491
523
436
433
-0.1932
-0.9662
-0.1747
-0.0700
-3.3600
-4.4800
410
491
523
436
433
-0.1854
-0.9521
-0.2118
0.6300
-5.6000
-4.8300
410
491
523
435
432
-0.1903
-0.9638
-0.1937
3.3600
-1.6800
-7.0700
410
491
523
435
432
-0.1688
-0.9628
-0.1952
-3.1500
0.4900
-3.2200
410
491
523
435
431
-0.1713
-0.9418
-0.2167
1.6800
0.7700
-3.5000
410
491
523
435
428
-0.1767
-0.9628
-0.1952
4.5500
0.9100
-5.6700
410
491
523
434
430
-0.1786
-0.9711
-0.2118
2.4500
0.6300
-7.1400
409
491
523
434
430
-0.1313
-0.9755
-0.1976
-1.4000
-0.6300
-0.4900
409
491
523
434
429
-0.1508
-0.9579
-0.2001
-2.5200
-7.4900
-6.7200
409
491
523
434
429
-0.1279
-0.9457
-0.2084
1.1900
-4.4100
0.4200
409
492
523
434
429
-0.1547
-0.9550
-0.2176
-0.3500
-1.6100
-4.2700
408
491
523
434
429
-0.1322
-0.9467
-0.2172
3.1500
-4.0600
-6.0900
409
491
523
434
427
-0.1283
-0.9570
-0.2103
5.1100
-5.6700
-1.4700
408
491
523
434
429
-0.1557
-0.9677
-0.2196
1.2600
-4.4100
-0.8400
408
491
523
434
431
-0.1571
-0.9545
-0.2059
4.2700
-7.0000
-7.9100
408
491
523
434
435
-0.1386
-0.9658
-0.1796
3.6400
-8.8900
-7.1400
408
490
523
434
437
-0.1342
-0.9584
-0.1957
0.4200
-8.5400
-2.6600
408
490
522
434
436
-0.1484
-0.9033
-0.1508
-0.1400
-2.5200
-6.4400
408
490
522
434
437
-0.0981
-0.9482
-0.1791
2.1000
-11.9700
-3.5700
408
489
522
433
441
-0.1562
-0.9799
-0.2015
5.1100
-8.6800
-3.0800
408
489
522
434
444
-0.1498
-0.9672
-0.1810
0.9100
-4.1300
-3.1500
408
489
521
433
444
-0.1576
-0.9467
-0.1703
9.5200
-6.1600
-7.2100
407
489
521
433
441
-0.1962
-0.9638
-0.2284
3.0100
10.9900
-5.9500
407
489
521
432
438
-0.1142
-0.9682
-0.1742
0.1400
-0.3500
-3.1500
407
489
522
432
437
-0.1254
-0.9028
-0.2240
-1.3300
-7.7700
-3.0100
407
489
522
432
438
-0.1547
-0.9711
-0.2001
1.8900
0.1400
-2.1000
407
489
522
432
440
-0.1215
-0.9418
-0.2040
2.9400
-5.3900
-3.1500
407
489
522
432
438
-0.1313
-0.9575
-0.2020
3.2200
-2.7300
-0.7700
407
489
522
432
439
-0.1484
-0.9672
-0.1884
4.2000
-0.4900
-3.7100
407
489
522
431
442
-0.1313
-0.9721
-0.1810
5.6700
-0.7000
-1.9600
407
489
522
431
439
-0.1200
-0.9711
-0.1976
2.5900
0.7000
-4.2700
407
489
521
430
437
-0.1337
-0.9740
-0.1801
-0.7000
-1.8200
-7.2100
407
489
522
430
432
-0.1132
-0.9711
-0.1932
3.9200
-3.6400
-5.8100
406
489
521
429
431
-0.1122
-0.9687
-0.2206
3.8500
-0.5600
-1.5400
406
489
522
430
427
-0.0888
-0.9575
-0.1972
1.3300
-4.7600
-4.2700
406
488
521
430
429
-0.1015
-0.9682
-0.1972
3.5000
-4.9000
-2.3100
406
488
521
430
427
-0.1142
-0.9633
-0.1806
7.2100
-3.0100
1.5400
406
488
521
430
425
-0.1054
-1.0390
-0.1615
1.6100
-14.4200
-13.3000
405
487
521
432
431
-0.1708
-0.9360
-0.1879
2.7300
-1.1200
-4.5500
405
488
521
433
428
-0.1220
-0.9828
-0.1942
-1.6800
-1.0500
-3.7800
405
488
521
434
426
-0.0976
-0.9511
-0.1952
1.6100
-5.6000
-1.3300
405
488
521
434
426
-0.1205
-0.9784
-0.1908
4.6900
-6.5100
-2.9400
405
487
521
433
426
-0.1279
-0.9623
-0.1942
0.6300
-2.7300
-2.3800
405
488
521
433
425
-0.1225
-0.9682
-0.1884
3.3600
-4.1300
-0.4900
405
487
521
433
429
-0.1196
-0.9740
-0.2011
2.1700
-4.9700
-4.0600
405
487
521
434
429
-0.1259
-0.9643
-0.1869
0.4900
-4.3400
-2.0300
405
487
521
434
431
-0.1259
-0.9667
-0.1932
2.3800
-4.9000
-1.9600
405
487
521
433
431
-0.1269
-0.9716
-0.1889
0.9100
-3.6400
-2.9400
405
487
521
433
428
-0.1362
-0.9462
-0.1928
6.4400
-4.3400
0.3500
405
487
521
434
424