-0.1054
-0.9662
-0.1410
4.4800
-2.8700
-1.8200
418
476
500
412
454
-0.1035
-0.9828
-0.1366
3.4300
-3.3600
-2.5200
418
476
500
412
454
-0.1049
-0.9809
-0.1371
2.6600
-3.7100
-1.7500
418
476
500
412
453
-0.1093
-0.9858
-0.1376
2.7300
-3.8500
-2.1700
418
476
500
412
454
-0.1098
-0.9814
-0.1308
4.2000
-3.4300
-3.9900
418
476
500
412
454
-0.1015
-0.9726
-0.1283
0.8400
-4.0600
-3.7100
418
475
500
411
454
-0.1078
-0.9740
-0.1357
2.0300
-3.7100
-3.6400
418
476
500
411
454
-0.1030
-0.9745
-0.1313
1.6800
-3.9900
-3.0100
418
476
500
411
454
-0.1108
-0.9775
-0.1362
1.4700
-4.3400
-3.0100
418
475
500
411
454
-0.1127
-0.9755
-0.1283
2.6600
-4.1300
-3.2900
418
476
500
411
454
-0.1122
-0.9838
-0.2474
1.9600
-4.1300
-3.2900
418
475
500
411
454
-0.1093
-0.9882
-0.1244
1.2600
-3.5700
-2.2400
418
476
500
411
454
-0.1064
-0.9784
-0.1288
1.1900
-4.4100
-2.3800
418
476
500
411
454
-0.1069
-0.9770
-0.1401
4.1300
-4.2000
-2.8000
418
476
500
411
454
-0.1166
-0.9814
-0.1225
4.1300
-3.5700
-3.2900
418
476
500
410
454
-0.1181
-0.9892
-0.1288
0.8400
-2.5200
-4.3400
418
475
500
410
454
-0.1332
-0.9677
-0.1254
8.1900
1.5400
-6.7200
418
476
500
410
453
-0.0761
-0.9911
-0.1161
6.5800
-0.4200
1.7500
418
476
500
410
451
-0.1039
-1.0268
-0.1366
20.3000
6.5800
-1.4700
418
476
500
410
452
-0.1308
-0.9609
-0.0898
10.4300
2.2400
-0.0700
418
476
501
410
448
-0.1166
-0.9794
-0.0522
10.5000
-0.2100
-1.0500
418
476
501
410
450
-0.1142
-1.0009
-0.0664
10.2900
2.1700
8.4000
418
476
500
409
447
-0.1137
-0.9887
-0.0815
15.4000
1.0500
6.3700
419
476
500
408
449
-0.1562
-1.0165
-0.0083
15.0500
-2.3100
1.8200
419
476
501
409
447
-0.1688
-0.9218
0.0024
13.3000
-3.2900
5.9500
419
476
500
409
449
-0.2181
-1.0111
0.0522
32.4800
7.3500
-3.5700
419
476
500
409
447
-0.1976
-1.0331
-0.0229
15.4000
-19.7400
3.2200
419
476
500
408
448
-0.1903
-0.9677
0.1176
31.3600
-6.5800
14.6300
419
476
500
408
445
-0.1630
-0.9984
0.1893
90.3000
11.3400
54.3200
422
475
500
406
435
-0.3518
-0.8721
0.2850
151.2000
22.3300
52.8500
425
467
487
400
429
-0.3977
-0.7471
0.4851
132.3700
18.6900
29.4000
427
459
487
401
416
-0.4558
-0.6651
0.6495
44.8700
-5.4600
11.2700
428
461
496
407
414
-0.4797
-0.6344
0.5924
21.2100
-10.5700
5.4600
431
471
506
410
413
-0.4738
-0.5934
0.6154
0.3500
2.7300
-11.5500
434
477
510
415
414
-0.4485
-0.6334
0.6217
-141.9600
9.1700
-22.8900
432
478
508
415
416
-0.4651
-0.7769
0.3884
-154.0000
-69.3000
-65.0300
425
477
505
416
415
-0.3943
-0.8589
0.2362
-74.6200
-44.9400
-26.8800
422
477
504
416
414
-0.2738
-0.9487
0.2059
-4.9000
-10.3600
-6.9300
421
477
504
416
414
-0.2889
-0.9028
0.2342
-18.6900
-10.3600
-11.1300
421
477
504
415
415
-0.2972
-0.9589
0.1908
-12.5300
-5.8100
-2.0300
420
477
503
414
415
-0.2791
-0.9326
0.1762
-17.1500
-9.1000
-3.9200
420
477
503
414
416
-0.2796
-0.9633
0.1498
-10.9200
-11.2700
-7.7700
420
477
502
412
417
-0.2499
-0.9414
0.0996
2.5200
-7.7700
2.4500
420
476
501
410
418
-0.2591
-0.9653
0.1518
9.8700
-1.8200
11.3400
420
476
500
409
420
-0.3118
-0.9984
0.1601
-15.9600
-0.2800
3.2900
420
476
500
408
421
-0.2806
-0.8721
0.1083
-20.3000
-5.6000
3.7100
419
475
499
407
422
-0.3148
-0.9267
0.0961
-1.5400
-1.1900
3.5000
419
475
499
406
422
-0.2972
-0.9267
0.0615
-9.3800
-6.1600
4.2000
419
475
499
406
421
-0.3196
-0.9374
0.0620
-2.5900
-3.5000
-5.4600
419
475
499
405
423
-0.3026
-0.9433
0.0449
-5.4600
-3.2200
-13.2300
419
475
498
405
423
-0.2879
-0.9184
0.0386
-1.1200
-3.2200
-5.3900
419
475
498
404
424
-0.3030
-0.9418
0.0551
0.8400
0.0700
-8.6800
419
475
498
404
425
-0.2816
-0.9496
0.0493
1.4000
0.4200
-12.3900
419
475
498
405
423
-0.2625
-0.9321
0.0185
-6.5800
-4.0600
-10.0800
419
475
498
405
427
-0.2508
-0.9462
0.0044
5.3200
-3.2900
-7.8400
419
475
498
405
427
-0.2503
-0.9565
0.0171
3.3600
-3.0800
-8.4700
419
475
498
405
428
-0.2264
-0.9750
0.0390
1.8200
1.0500
-8.8200
419
475
498
405
428
-0.2372
-0.9555
0.0381
2.5900
-3.5000
-11.6900
419
475
498
406
426
-0.2289
-0.9584
0.0176
3.5000
-2.9400
-2.9400
419
475
498
406
428
-0.2196
-0.9765
0.0303
4.9000
-4.4800
-6.8600
419
475
498
406
428
-0.1981
-0.9731
0.0322
3.5700
-5.1100
-0.4200
419
475
498
406
427
-0.2157
-0.9804
0.0195
1.1900
-1.8900
-3.5700
419
475
498
406
427
-0.2250
-0.9511
0.0264
4.4100
-5.0400
-1.6100
419
475
498
406
425
-0.2137
-0.9623
0.0425
4.6200
-4.4800
-1.4000
419
475
498
405
427
-0.2128
-0.9736
0.0400
2.3800
-5.9500
-4.3400
419
475
498
405
427
-0.2137
-0.9711
0.0468
4.4100
-5.4600
-2.2400
419
475
498
405
427
-0.2211
-0.9687
0.0600
2.9400
-3.4300
-4.2700
419
475
498
405
427
-0.2196
-0.9614
0.0498
1.4700
-4.6200
-3.7800
420
475
499
405
428
-0.2137
-0.9526
0.0190
7.4200
-5.8800
-3.2200
419
475
498
404
428
-0.2172
-0.9638
0.0664
2.5200
-4.2700
-2.1000
419
475
498
404
428
-0.2128
-0.9653
0.0547
2.7300
-4.1300
-2.0300
419
475
498
404
426
-0.2206
-0.9614
0.0517
4.5500
-4.3400
-3.0800
419
475
498
405
429
-0.2118
-0.9628
0.0649
3.0100
-3.7100
-2.1700
419
475
498
404
430
-0.2196
-0.9609
0.0522
2.4500
-4.2000
-2.0300
419
475
498
404
430
-0.2284
-0.9740
0.0639
2.2400
-3.6400
-2.5200
419
475
498
404
431
-0.2176
-0.9599
0.0649
0.2100
-3.3600
-3.3600
419
475
498
405
429
-0.2186
-0.9579
0.0547
1.8900
-3.7100
-1.7500
420
475
498
405
432
-0.2406
-0.9633
0.0649
1.8200
-4.2000
-2.5200
420
475
498
404
432
-0.2308
-0.9667
0.0537
2.9400
-4.0600
-3.9900
419
475
498
404
432
-0.2201
-0.9682
0.0634
2.0300
-3.5000
-3.1500
420
475
498
404
432
-0.2240
-0.9492
0.0556
1.4000
-3.9900
-2.9400
419
475
498
404
430
-0.2284
-0.9672
0.0610
3.6400
-3.9900
-2.9400
420
475
498
404
432
-0.2235
-0.9672
0.0659
1.1900
-4.2700
-2.8700
420
475
498
405
433
-0.2220
-0.9487
0.0581
3.7800
-3.9900
-2.1000
419
475
498
404
433
-0.2211
-0.9648
0.0634
2.3800
-4.1300
-3.2200
420
475
498
405
433
-0.2279
-0.9716
0.0576
2.6600
-3.3600
-3.0800
420
475
498
405
430
-0.2294
-0.9614
0.0639
3.0100
-3.1500
-1.8200
419
475
498
405
433
-0.2186
-0.9609
0.0673
0.0000
-4.4800
-2.3100
420
475
498
405
433
-0.2347
-0.9648
0.0639
2.7300
-3.7800
-3.8500
420
475
498
405
433
-0.2338
-0.9628
0.0659
2.3800
-3.8500
-2.8700
420
475
498
405
433
-0.2186
-0.9633
0.0615
1.9600
-3.5700
-4.0600
420
475
498
405
431
-0.2147
-0.9633
0.0678
2.5200
-3.9900
-3.0100
420
475
498
405
433
-0.2333
-0.9618
0.0547
0.9100
-3.9900
-2.7300
420
475
498
405
434
-0.2455
-0.9584
0.0639
2.8000
-3.0800
-3.9200
420
475
498
405
434
-0.2128
-0.9628
0.0688
0.0700
-4.1300
-3.1500
419
475
498
405
434
-0.2313
-0.9584
0.0459
2.8000
-3.7800
-3.9900
420
475
498
405
431
-0.2264
-0.9662
0.0630
1.1900
-3.8500
-3.8500
420
475
498
405
434
-0.2240
-0.9643
0.0527
1.1200
-3.6400
-4.3400
420
475
498
405
434
-0.2255
-0.9648
0.0615
1.1200
-3.5000
-3.8500
420
475
498
405
434
-0.2235
-0.9701
0.0444
0.7000
-3.6400
-3.0800
420
475
498
405
435
-0.2186
-0.9721
0.0439
-0.1400
-2.3100
-3.8500
420
476
499
405
433
-0.2113
-0.9570
0.0498
0.2100
-5.1800
-3.2900
420
475
498
405
435
-0.2284
-0.9633
0.0390
2.5200
-4.4100
-2.5200
420
476
499
405
435
-0.2250
-0.9687
0.0459
1.2600
-3.9200
-3.0100
420
475
498
405
435
-0.2186
-0.9589
0.0454
1.0500
-3.5000
-4.2000
420
476
498
405
435
-0.2157
-0.9638
0.0425
0.1400
-3.1500
-3.3600
420
475
498
405
433
-0.2176
-0.9477
0.0303
-0.7000
-2.9400
-3.6400
420
476
498
405
435
-0.2196
-0.9653
0.0381
0.4200
-2.4500
-4.3400
420
476
498
405
434
-0.2011
-0.9643
0.0439
0.7000
-3.2200
-3.9900
420
476
499
405
435
-0.2147
-0.9614
0.0493
2.5200
-3.8500
-4.3400
420
476
499
405
435
-0.2103
-0.9780
0.0317
-1.4000
-3.2900
-6.6500
420
476
499
405
434
-0.2103
-0.9614
0.0322
-2.7300
-3.9200
-4.1300
420
476
499
405
434
-0.1991
-0.9618
0.0249
1.0500
-3.3600
-3.8500
420
476
499
405
434
-0.2059
-0.9736
0.0176
2.1700
-2.8700
-4.8300
420
476
499
405
434
-0.1991
-0.9716
0.0268
-0.9800
-2.3100
-4.8300
420
476
499
405
434
-0.1859
-0.9448
0.0112
1.8200
-2.8000
-3.0100
420
476
499
404
433
-0.1932
-0.9819
0.0283
3.0100
-4.3400
-3.3600
420
476
499
404
433
-0.1947
-0.9740
0.0054
1.4000
-4.0600
-2.8000
420
476
499
404
431
-0.1952
-0.9745
0.0142
4.9700
-2.8700
-1.9600
420
476
499
404
433
-0.1976
-0.9692
0.0220
0.9800
-2.7300
-2.7300
420
476
499
404
433
-0.1976
-0.9653
0.0224
0.4900
-3.1500
-2.3800
420
476
499
404
433
-0.1913
-0.9682
0.0307
3.0800
-4.0600
-3.0100
420
476
498
404
433
-0.1991
-0.9633
0.0317
2.9400
-4.6900
-0.7000
420
476
499
404
431
-0.1986
-0.9760
0.0205
3.8500
-4.2700
-2.8700
420
476
499
404
433
-0.2020
-0.9853
0.0400
2.0300
-3.2900
-4.1300
420
476
499
404
433
-0.2040
-0.9682
0.0215
0.4900
-4.2000
-4.0600
420
476
499
404
432
-0.1889
-0.9560
0.0346
4.5500
-3.0100
-1.9600
420
476
499
404
432
-0.1972
-0.9780
0.0317
1.5400
-3.2200
-2.3100
420
476
499
404
432
-0.1937
-0.9682
0.0181
1.6100
-3.5000
-5.0400
420
476
499
403
432
-0.1879
-0.9706
0.0244
2.0300
-3.7800
-3.0100
420
476
499
404
432
-0.1986
-0.9667
0.0351
2.1700
-3.9200
-3.2900
420
476
498
403
432
-0.1957
-0.9721
0.0366
1.4000
-4.0600
-4.4100
420
476
499
404
431
-0.1972
-0.9736
0.0224
2.9400
-4.5500
-3.7100
420
476
498
403
432
-0.2011
-0.9692
0.0317
2.2400
-4.2700
-2.4500
420
476
499
404
432
-0.2054
-0.9653
0.0268
1.6800
-3.6400
-3.2900
420
476
499
404
432
-0.1947
-0.9594
0.0327
2.6600
-4.2700
-2.3100
420
476
499
404
432
-0.1976
-0.9750
0.0327
2.4500
-4.1300
-3.5000
420
476
499
404
431
-0.1972
-0.9623
0.0322
2.1000
-3.9200
-3.0100
420
476
499
404
432
-0.1967
-0.9682
0.0395
1.4700
-4.2000
-3.5700
420
476
499
404
431
-0.1928
-0.9643
0.0395
-0.1400
-4.3400
-3.5000
420
476
499
404
431
-0.2045
-0.9716
0.0273
1.5400
-4.3400
-3.7100
420
476
499
404
431
-0.2054
-0.9784
0.0273
2.8700
-3.9900
-2.7300
420
476
499
404
431
-0.2040
-0.9653
0.0342
2.0300
-3.8500
-2.7300
420
476
499
404
431
-0.1928
-0.9667
0.0342
2.8700
-3.7800
-2.9400
420
476
499
404
431
-0.1898
-0.9682
0.0312
2.2400
-3.9900
-2.2400
420
476
499
404
432
-0.1976
-0.9750
0.0317
3.4300
-3.5000
-2.3100
420
476
499
404
429
-0.1957
-0.9677
0.0415
-0.9100
-3.8500
-2.6600
420
476
499
404
431
-0.2050
-0.9706
0.0239
2.0300
-3.9200
-3.9900
420
476
499
404
431
-0.1913
-0.9682
0.0288
1.2600
-4.0600
-2.5900
420
476
499
404
432
-0.2050
-0.9716
0.0332
2.1700
-3.3600
-3.1500
420
476
499
404
431
-0.1928
-0.9701
0.0327
2.0300
-4.0600
-2.7300
420
476
499
404
429
-0.1986
-0.9726
0.0268
2.3100
-4.4100
-3.0100
420
476
499
404
431
-0.1942
-0.9736
0.0346
2.3100
-3.7100
-2.8700
420
476
499
404
431
-0.2079
-0.9721
0.0210
3.2200
-4.0600
-2.6600
420
476
499
404
431
-0.1972
-0.9731
0.0268
2.5200
-4.4100
-2.3100
420
476
499
404
431
-0.1967
-0.9745
0.0346
2.3800
-4.6200
-3.2900
420
476
499
404
429
-0.2006
-0.9765
0.0386
2.0300
-4.2000
-3.7800
420
476
499
404
431
-0.2035
-0.9662
0.0244
3.3600
-3.7800
-2.1000
420
476
499
404
431
-0.1962
-0.9721
0.0322
3.3600
-4.1300
-2.4500
420
476
499
404
431
-0.1952
-0.9653
0.0415
0.9800
-3.9900
-3.3600
420
476
499
404
431
-0.2025
-0.9726
0.0366
1.4700
-3.9200
-3.9900
420
476
499
404
429
-0.1898
-0.9672
0.0346
1.9600
-4.5500
-2.4500
420
476
499
404
431
-0.2069
-0.9740
0.0317
2.9400
-4.4100
-3.3600
420
476
499
404
431
-0.1976
-0.9716
0.0351
3.1500
-4.4800
-2.1000
420
476
499
404
431
-0.1967
-0.9697
0.0371
1.6800
-3.9200
-3.0100
420
476
499
404
431
-0.1967
-0.9628
0.0332
1.6100
-3.6400
-3.7100
420
476
499
404
429
-0.1942
-0.9682
0.0346
1.5400
-4.2700
-2.9400
420
476
499
404
431
-0.2059
-0.9609
0.0312
2.6600
-3.7100
-2.7300
420
476
499
404
431
-0.1991
-0.9721
0.0298
1.5400
-3.7100
-3.5700
420
476
499
404
431
-0.1962
-0.9662
0.0395
1.2600
-4.0600
-3.4300
420
476
499
404
431
-0.1972
-0.9731
0.0298
1.8200
-4.2000
-3.4300
420
476
499
404
429
-0.1991
-0.9750
0.0293
3.0800
-3.9900
-2.8700
420
476
499
404
431
-0.2030
-0.9726
0.0337
3.2200
-3.8500
-3.1500
420
476
499
404
431
-0.2025
-0.9677
0.0342
2.8700
-3.1500
-2.2400
420
476
499
404
431
-0.1986
-0.9750
0.0415
2.4500
-3.9200
-3.1500
420
476
499
404
431
-0.2040
-0.9643
0.0283
1.9600
-4.1300
-2.7300
420
476
499
404
429
-0.1942
-0.9711
0.0371
2.1700
-4.0600
-3.5700
420
476
499
404
431
-0.1918
-0.9667
0.0366
2.5200
-4.3400
-2.9400
420
476
499
404
431
-0.2015
-0.9721
0.0307
2.8700
-4.4100
-2.8700
420
476
499
404
431
-0.2011
-0.9682
0.0366
3.5000
-4.2000
-2.5900
420
476
499
404
431
-0.2001
-0.9711
0.0400
2.1000
-3.9200
-3.1500
420
476
499
404
431
-0.2040
-0.9662
0.0371
1.9600
-4.0600
-4.2000
420
476
499
404
431
-0.1918
-0.9721
0.0429
0.8400
-4.1300
-2.8700
420
476
499
404
431
-0.2045
-0.9643
0.0293
3.4300
-4.1300
-3.2200
420
476
499
404
431
-0.2025
-0.9667
0.0464
1.4000
-4.4800
-3.0800
420
476
499
404
431
-0.2094
-0.9653
0.0415
2.3100
-3.6400
-3.0100
420
476
499
404
431
-0.1976
-0.9716
0.0386
2.3800
-3.8500
-2.9400
420
476
499
404
431
-0.2059
-0.9692
0.0420
2.0300
-3.8500
-2.1000
420
476
499
404
431
-0.2079
-0.9658
0.0400
2.5200
-4.0600
-3.2900
420
476
499
404
429
-0.2040
-0.9726
0.0473
2.5900
-4.1300
-2.9400
420
476
499
404
431
-0.2030
-0.9643
0.0381
3.3600
-4.1300
-2.6600
420
476
499
404
431
-0.2030
-0.9682
0.0434
2.1700
-4.2000
-3.0800
420
476
499
404
431
-0.2045
-0.9653
0.0405
2.5200
-3.9200
-2.8700
420
476
499
404
431
-0.2050
-0.9653
0.0361
2.7300
-4.4100
-2.4500
420
476
499
404
429
-0.2030
-0.9711
0.0420
1.7500
-4.2700
-3.0800
420
476
499
404
431
-0.2108
-0.9662
0.0395
2.5200
-3.3600
-3.4300
420
476
499
404
431
-0.2050
-0.9745
0.0454
1.1200
-3.2900
-3.2900
420
476
499
404
431
-0.2001
-0.9618
0.0390
-0.1400
-3.8500
-2.8000
420
476
499
404
431
-0.2113
-0.9692
0.0464
1.9600
-3.6400
-3.1500
420
476
499
404
429
-0.1976
-0.9638
0.0371
2.5900
-4.3400
-1.8900
420
476
499
404
431
-0.2079
-0.9692
0.0444
1.4700
-4.0600
-3.0100
420
476
499
404
431
-0.2035
-0.9726
0.0356
2.2400
-4.3400
-2.6600
420
476
499
404
431
-0.2089
-0.9701
0.0410
0.7000
-3.9900
-3.2200
420
476
499
404
431
-0.2069
-0.9550
0.0517
0.8400
-3.0800
-3.9200
420
476
499
404
431
-0.2030
-0.9687
0.0454
0.0700
-3.6400
-3.4300
420
476
499
404
431
-0.2040
-0.9614
0.0322
1.9600
-3.4300
-3.3600
420
476
499
404
431
-0.2054
-0.9736
0.0346
1.9600
-4.1300
-3.1500
420
476
499
404
429
-0.2054
-0.9677
0.0420
2.1700
-3.7800
-3.0800
420
476
499
404
431
-0.2079
-0.9638
0.0425
0.9800
-3.7800
-3.3600
420
476
499
404
431
-0.2084
-0.9711
0.0264
2.6600
-5.0400
-3.6400
420
476
499
404
431
-0.2069
-0.9745
0.0278
1.3300
-3.9900
-3.5700
420
476
499
404
431
-0.2035
-0.9706
0.0376
0.8400
-3.9900
-3.9900
420
476
499
404
429
-0.1957
-0.9628
0.0473
2.1700
-3.5700
-2.5200
420
476
499
404
431
-0.2020
-0.9770
0.0307
0.8400
-3.9900
-4.4800
420
476
499
404
431
-0.1957
-0.9711
0.0322
2.0300
-4.2700
-3.2900
420
476
499
404
431
-0.2020
-0.9706
0.0283
2.1700
-3.9900
-2.4500
420
476
499
404
431
-0.1996
-0.9692
0.0322
1.8900
-3.9900
-3.0800
420
476
499
404
431
-0.1947
-0.9687
0.0337
2.5900
-4.6900
-2.6600
420
476
499
404
431
-0.2098
-0.9701
0.0298
1.0500
-3.7100
-2.8000
420
476
499
404
431
-0.1967
-0.9677
0.0346
1.7500
-3.2200
-2.6600
420
476
499
404
431
-0.2045
-0.9633
0.0268
0.9100
-3.2900
-2.3100
420
476
499
404
431
-0.2045
-0.9677
0.0312
0.7000
-3.5700
-2.7300
420
476
499
404
431
-0.2035
-0.9594
0.0283
2.5200
-5.0400
-1.3300
420
476
499
404
431
-0.2050
-0.9701
0.0298
1.6100
-4.3400
-3.1500
420
476
499
404
431
-0.2006
-0.9658
0.0356
1.6100
-4.2700
-3.0100
420
476
499
405
429
-0.2079
-0.9658
0.0268
2.1700
-3.5700
-2.6600
420
476
499
405
431
-0.1996
-0.9726
0.0332
0.7000
-3.4300
-2.8700
420
476
499
405
431
-0.2006
-0.9716
0.0342
1.7500
-5.1800
-4.6200
420
476
499
405
431
-0.2025
-0.9731
0.0234
1.0500
-4.1300
-4.5500
420
476
499
405
431
-0.1972
-0.9687
0.0234
3.5700
-4.2000
-2.5200
420
476
499
404
429
-0.2113
-0.9750
0.0249
2.2400
-3.8500
-3.5700
420
476
499
405
431
-0.1957
-0.9775
0.0512
2.7300
-5.0400
-2.5200
420
476
499
404
432
-0.2030
-0.9823
0.0185
1.4000
-4.2000
-3.0800
420
476
499
405
431
-0.1947
-0.9726
0.0244
2.2400
-3.7800
-2.8700
420
477
499
405
431
-0.2050
-0.9638
0.0185
0.6300
-3.7800
-3.4300
420
476
499
405
429
-0.2035
-0.9775
0.0234
3.0800
-3.5000
-3.3600
420
476
499
404
431
-0.1932
-0.9706
0.0210
2.5900
-4.6200
-2.9400
420
476
499
405
431
-0.2025
-0.9658
0.0224
1.9600
-3.9900
-2.8700
420
477
499
405
431
-0.2006
-0.9697
0.0254
2.7300
-4.2000
-3.3600
420
477
499
404
432
-0.1991
-0.9711
0.0142
2.5900
-4.4100
-3.5000
420
476
499
404
431
-0.2020
-0.9755
0.0249
3.2200
-4.0600
-3.6400
420
476
499
404
431
-0.1947
-0.9692
0.0200
2.3100
-4.8300
-2.5200
420
477
499
404
431
-0.2098
-0.9697
0.0234
3.3600
-4.4100
-3.0800
420
476
499
404
431
-0.2074
-0.9667
0.0293
1.0500
-4.2000
-2.9400
420
477
499
404
431
-0.2040
-0.9692
0.0327
0.8400
-3.2900
-3.5000
420
476
499
404
431
-0.1957
-0.9687
0.0273
2.3800
-4.0600
-2.8700
420
476
499
404
431
-0.2054
-0.9692
0.0224
3.3600
-4.5500
-3.0800
420
477
499
404
431
-0.2089
-0.9726
0.0259
3.3600
-4.1300
-2.9400
420
477
499
404
429
-0.2064
-0.9750
0.0259
2.5900
-3.6400
-2.7300
420
477
499
404
431
-0.2015
-0.9658
0.0239
1.4700
-3.7100
-3.2900
420
477
499
404
431
-0.2098
-0.9658
0.0312
2.6600
-3.3600
-3.8500
420
477
499
404
431
-0.1981
-0.9726
0.0293
2.7300
-3.8500
-1.5400
420
476
499
404
431
-0.2186
-0.9721
0.0312
1.8900
-2.8000
-2.1700
420
477
499
404
429
-0.1972
-0.9643
0.0376
2.8000
-3.5700
-0.8400
420
477
499
404
431
-0.2118
-0.9667
0.0268
1.6800
-3.7800
-2.1700
420
477
499
404
431
-0.2176
-0.9658
0.0259
2.6600
-3.0100
-4.3400
420
476
499
404
431
-0.1913
-0.9633
0.0317
2.2400
-4.5500
-2.5900
420
477
499
404
431
-0.2094
-0.9804
0.0249
2.5200
-4.5500
-3.8500
420
477
499
404
429
-0.2074
-0.9677
0.0307
3.2900
-4.1300
-3.5000
420
477
499
404
431
-0.2054
-0.9633
0.0346
2.5900
-3.6400
-2.7300
420
477
499
404
431
-0.1996
-0.9697
0.0283
2.1700
-4.2700
-1.4000
420
477
499
404
431
-0.2050
-0.9687
0.0327
0.5600
-3.9900
-2.5200
420
477
499
404
431
-0.2137
-0.9609
0.0307
1.5400
-3.2200
-3.2900
420
477
499
404
431
-0.2045
-0.9697
0.0390
1.7500
-4.0600
-3.7800
420
477
499
404
431
-0.2133
-0.9697
0.0224
1.5400
-4.2000
-3.6400
420
477
499
404
431
-0.2079
-0.9682
0.0268
0.9800
-3.9900
-3.5000
420
477
499
404
431
-0.2094
-0.9701
0.0210
1.6800
-4.2000
-2.5200
420
477
499
404
431
-0.2162
-0.9745
0.0303
1.9600
-3.3600
-3.8500
420
477
499
404
431
-0.2006
-0.9575
0.0293
2.4500
-4.2000
-2.2400
420
477
499
404
431
-0.2040
-0.9711
0.0249
1.5400
-4.1300
-2.3100
420
477
499
404
431
-0.2045
-0.9721
0.0234
-0.7700
-3.0100
-3.0100
420
477
499
404
431
-0.2245
-0.9633
0.0327
0.4200
-2.0300
-4.3400
420
477
499
404
431
-0.1923
-0.9545
0.0195
2.7300
-4.4800
-1.3300
420
477
499
404
431
-0.2064
-0.9706
0.0166
1.0500
-4.6200
-2.0300
420
477
499
404
431
-0.2084
-0.9658
0.0166
3.1500
-3.4300
-4.7600
420
477
499
404
431
-0.2030
-0.9780
0.0356
0.7700
-5.0400
-3.4300
420
477
499
405
429
-0.1996
-0.9653
0.0210
4.4800
-4.6900
-1.8200
420
477
499
405
431
-0.2045
-0.9765
0.0068
3.0100
-5.1800
-2.9400
420
477
499
404
431
-0.2186
-0.9658
0.0254
2.5900
-4.0600
-3.4300
420
477
499
405
431
-0.2006
-0.9648
0.0317
2.2400
-4.1300
0.4200
420
477
499
405
431
-0.2245
-0.9770
0.0264
1.1200
-3.0800
-3.9200
420
477
499
405
429
-0.2011
-0.9477
0.0229
1.2600
-3.8500
-1.8200
420
477
499
405
431
-0.2191
-0.9658
0.0254
0.1400
-4.0600
-2.8700
420
477
499
405
431
-0.2089
-0.9555
0.0210
3.0800
-4.2000
-3.6400
420
477
499
405
431
-0.2020
-0.9740
0.0332
2.8700
-4.7600
-2.3800
420
477
499
405
431
-0.2220
-0.9653
0.0176
2.2400
-3.5000
-3.8500
420
477
499
404
431
-0.2108
-0.9775
0.0371
1.7500
-4.4100
-2.2400
420
477
499
405
431
-0.2250
-0.9579
0.0244
1.2600
-3.5700
-3.5000
420
477
499
405
431
-0.2094
-0.9599
0.0259
3.3600
-3.7800
-2.8700
420
477
499
405
431
-0.2108
-0.9697
0.0322
2.3100
-4.4800
-3.5700
420
477
499
404
431
-0.2054
-0.9667
0.0327
3.2900
-3.9900
-3.0100
420
477
499
405
431
-0.2220
-0.9687
0.0220
1.8900
-4.0600
-3.0100
420
477
499
405
431
-0.2225
-0.9716
0.0303
2.1000
-3.7800
-3.7100
420
477
499
405
431
-0.2074
-0.9623
0.0356
1.6100
-3.8500
-3.0800
420
477
499
405
429
-0.2162
-0.9658
0.0390
2.3100
-4.0600
-4.0600
420
477
499
405
431
-0.2152
-0.9692
0.0264
3.0800
-4.6200
-3.6400
420
477
499
405
431
-0.2128
-0.9682
0.0303
3.0100
-4.6900
-4.8300
420
477
499
405
431
-0.2172
-0.9789
0.0317
1.8200
-3.8500
-3.9900
420
477
499
405
431
-0.2172
-0.9540
0.0356
3.3600
-2.9400
-3.4300
420
477
499
405
429
-0.2113
-0.9589
0.0395
1.4000
-4.7600
-2.3100
420
477
499
405
431
-0.2201
-0.9599
0.0468
3.0100
-4.2000
-2.8700
420
477
499
405
431
-0.2064
-0.9648
0.0366
2.6600
-5.1800
-1.4000
420
477
499
405
431
-0.2264
-0.9623
0.0459
0.8400
-4.0600
-3.9200
420
477
499
405
431
-0.2181
-0.9536
0.0190
5.3200
-4.6900
-5.0400
420
477
499
405
429
-0.2152
-0.9823
0.0425
2.2400
-4.6900
-3.8500
420
477
499
405
431
-0.2172
-0.9638
0.0478
2.8700
-3.5700
-3.0800
420
477
499
405
431
-0.2152
-0.9648
0.0439
1.1900
-3.5000
-1.7500
420
477
499
405
431
-0.2118
-0.9633
0.0420
2.3800
-2.9400
-4.1300
420
477
499
405
431
-0.2045
-0.9653
0.0410
3.0800
-4.3400
-1.8200
420
477
499
405
429
-0.2118
-0.9667
0.0425
0.9100
-3.5000
-2.8700
420
477
499
405
431
-0.2108
-0.9609
0.0346
2.7300
-2.7300
-3.0100
420
477
499
405
431
-0.2147
-0.9609
0.0444
0.4900
-3.5700
-3.0100
420
477
499
405
431
-0.2152
-0.9589
0.0459
2.4500
-3.2900
-3.5700
420
477
499
405
431
-0.1996
-0.9662
0.0434
0.9100
-4.1300
-1.1200
420
477
499
405
431
-0.2225
-0.9575
0.0307
0.6300
-2.5900
-5.4600
420
477
500
405
431
-0.2020
-0.9609
0.0512
1.8900
-3.5000
-2.9400
420
477
499
405
431
-0.2079
-0.9672
0.0351
1.4000
-4.2700
-3.1500
420
477
500
405
431
-0.2176
-0.9701
0.0317
3.3600
-3.1500
-3.7100
420
477
499
405
431
-0.2079
-0.9638
0.0366
4.6900
-4.0600
-2.9400
420
477
499
405
431
-0.2089
-0.9697
0.0381
2.3100
-3.7100
-2.8700
420
477
499
405
431
-0.2108
-0.9555
0.0376
1.8900
-4.0600
-2.3800
420
477
500
405
431
-0.2133
-0.9604
0.0459
0.9800
-3.7100
-2.2400
420
477
499
405
431
-0.2142
-0.9711
0.0390
3.3600
-4.3400
-3.2900
420
477
499
405
431
-0.2128
-0.9701
0.0454
1.2600
-4.4800
-4.0600
420
477
499
405
431
-0.2094
-0.9633
0.0473
3.0100
-4.1300
-2.7300
420
477
499
405
431
-0.2137
-0.9750
0.0386
1.8200
-3.3600
-4.5500
420
477
499
405
431
-0.2025
-0.9550
0.0459
2.1000
-3.2200
-3.2900
420
477
499
405
429
-0.2079
-0.9667
0.0488
3.9900
-4.2700
-2.4500
420
477
499
405
431
-0.2167
-0.9721
0.0342
1.7500
-3.7100
-3.5000
420
477
499
405
431
-0.2025
-0.9667
0.0517
3.2900
-3.8500
-3.0100
420
477
500
405
431
-0.2025
-0.9643
0.0425
2.3800
-4.4800
-1.7500
420
477
499
405
431
-0.2089
-0.9687
0.0444
1.9600
-3.5700
-3.4300
420
477
499
405
429
-0.2035
-0.9575
0.0551
0.7000
-3.6400
-3.0800
420
477
500
405
431
-0.2011
-0.9667
0.0537
2.2400
-3.7800
-3.9200
420
477
499
405
431
-0.2040
-0.9643
0.0454
1.8200
-4.2000
-3.5000
420
477
499
405
431
-0.2113
-0.9731
0.0473
3.7100
-3.8500
-4.2000
420
477
500
405
431
-0.2011
-0.9687
0.0483
1.1900
-4.3400
-2.3800
420
477
499
405
429
-0.2059
-0.9677
0.0439
2.8700
-3.7800
-2.8000
420
477
499
405
431
-0.2054
-0.9658
0.0508
2.3100
-3.7800
-2.1000
420
477
499
405
431
-0.2025
-0.9628
0.0415
2.3100
-4.0600
-2.0300
420
477
499
405
431
-0.2054
-0.9682
0.0537
0.6300
-4.1300
-2.0300
420
477
499
405
431
-0.2142
-0.9614
0.0483
0.9800
-3.0800
-4.0600
420
477
499
405
431
-0.1947
-0.9662
0.0590
1.1900
-3.7800
-3.4300
420
477
500
405
431
-0.2001
-0.9638
0.0449
2.9400
-4.4100
-3.5700
420
477
499
405
431
-0.2094
-0.9726
0.0459
2.8000
-4.1300
-3.4300
420
477
500
405
431
-0.2064
-0.9653
0.0464
3.0100
-3.9200
-2.8700
420
477
499
405
431
-0.2040
-0.9755
0.0473
3.0100
-3.5000
-2.8000
420
477
500
405
431
-0.2045
-0.9628
0.0532
0.2800
-3.7800
-2.7300
420
477
499
405
431
-0.2040
-0.9711
0.0512
2.1700
-3.9900
-3.4300
420
477
500
405
431
-0.2045
-0.9706
0.0381
1.2600
-4.2000
-3.6400
420
477
500
405
429
-0.2050
-0.9706
0.0517
2.2400
-3.7800
-2.8700
420
477
499
405
431
-0.2035
-0.9697
0.0498
3.0800
-4.3400
-2.1700
420
477
499
405
431
-0.2089
-0.9667
0.0561
1.6100
-3.7800
-2.8000
420
477
499
405
431
-0.2045
-0.9594
0.0590
1.1900
-3.6400
-3.0100
420
477
500
405
431
-0.2050
-0.9604
0.0566
1.9600
-3.2900
-3.8500
420
477
500
405
429
-0.2074
-0.9765
0.0537
0.7700
-4.4800
-3.0800
420
477
499
405
431
-0.2108
-0.9677
0.0390
2.4500
-3.7800
-3.2900
420
477
500
405
431
-0.1986
-0.9633
0.0468
2.2400
-4.4800
-2.5200
420
477
500
405
431
-0.2176
-0.9745
0.0439
3.6400
-3.6400
-3.0100
420
477
499
405
431
-0.2059
-0.9672
0.0473
1.6800
-3.3600
-2.7300
420
477
500
405
431
-0.2054
-0.9604
0.0556
1.9600
-3.5000
-2.5900
420
477
500
405
431
-0.2089
-0.9736
0.0464
0.9100
-3.5000
-3.7100
420
477
500
405
431
-0.2011
-0.9692
0.0483
1.5400
-3.2200
-4.0600
420
477
500
405
431
-0.1976
-0.9780
0.0454
4.9000
-5.4600
-4.4800
420
477
500
405
431
-0.2069
-0.9838
0.0527
1.4000
-4.7600
-5.1100
420
477
500
405
431
-0.2035
-0.9658
0.0395
1.7500
-3.5000
-3.2900
420
477
500
405
431
-0.1986
-0.9687
0.0346
1.9600
-4.3400
-3.4300
420
477
500
405
431
-0.2040
-0.9692
0.0395
2.4500
-4.0600
-3.3600
420
477
500
405
431
-0.2030
-0.9716
0.0439
1.5400
-4.2000
-3.6400
420
477
500
405
431
-0.1981
-0.9745
0.0381
2.9400
-4.1300
-3.3600
420
477
500
405
431
-0.2015
-0.9716
0.0332
2.7300
-4.6200
-3.7800
420
477
500
405
431
-0.2079
-0.9667
0.0381
3.0100
-3.7800
-3.2900
420
477
500
405
431
-0.2020
-0.9750
0.0415
2.8700
-3.5700
-3.7100
420
477
500
405
429
-0.2001
-0.9672
0.0444
2.1000
-3.6400
-3.2200
420
477
500
405
431
-0.2001
-0.9692
0.0473
3.0800
-3.3600
-3.4300
420
477
500
405
431
-0.1903
-0.9658
0.0473
2.2400
-4.1300
-3.6400
420
477
500
405
431
-0.2030
-0.9721
0.0434
3.7100
-3.3600
-4.2000
420
477
500
405
431
-0.1957
-0.9687
0.0459
2.2400
-3.3600
-4.0600
420
477
500
405
429
-0.1942
-0.9618
0.0464
2.3800
-3.6400
-2.6600
420
477
500
405
431
-0.1903
-0.9667
0.0483
1.4700
-3.7800
-2.9400
420
477
500
405
431
-0.1962
-0.9697
0.0386
3.2900
-3.6400
-3.5000
420
477
500
405
431
-0.1937
-0.9711
0.0532
1.1900
-4.3400
-2.3800
420
477
500
405
431
-0.2079
-0.9682
0.0429
2.5900
-3.7800
-3.3600
420
477
500
405
429
-0.1967
-0.9662
0.0405
2.4500
-4.0600
-2.5200
420
477
500
405
431
-0.2074
-0.9799
0.0420
1.8900
-3.6400
-3.4300
420
477
500
405
431
-0.1967
-0.9672
0.0527
1.9600
-3.8500
-3.3600
420
477
500
405
431
-0.1962
-0.9687
0.0390
1.8200
-3.8500
-2.8700
420
477
500
405
431
-0.2006
-0.9731
0.0434
1.0500
-3.2900
-2.6600
420
477
500
405
429
-0.1903
-0.9672
0.0459
1.5400
-3.6400
-2.8700
420
477
500
405
431
-0.1928
-0.9662
0.0420
0.9100
-4.3400
-2.8000
420
477
500
405
431
-0.2030
-0.9765
0.0517
1.5400
-3.5000
-3.5700
420
477
500
405
431
-0.1947
-0.9638
0.0449
1.8900
-3.9900
-2.8700
420
477
500
405
431
-0.1884
-0.9726
0.0478
0.9800
-3.8500
-3.0800
420
477
500
405
431
-0.2020
-0.9711
0.0439
2.0300
-3.7800
-3.5000
420
477
500
405
431
-0.2001
-0.9780
0.0459
1.5400
-3.9200
-3.2900
420
477
500
405
431
-0.1996
-0.9706
0.0454
1.1200
-3.7800
-2.8700
420
477
500
405
431
-0.1991
-0.9706
0.0498
2.2400
-3.6400
-3.7100
420
477
500
405
431
-0.1908
-0.9658
0.0468
0.2100
-4.1300
-2.8000
420
477
500
405
431
-0.1976
-0.9740
0.0415
2.5900
-3.4300
-3.3600
420
477
500
405
431
-0.1918
-0.9682
0.0317
2.4500
-4.1300
-3.0800
420
477
500
405
431
-0.1962
-0.9765
0.0459
0.6300
-4.4800
-3.7100
420
477
500
405
429
-0.1952
-0.9589
0.0356
2.8000
-4.5500
-3.1500
420
477
500
405
431
-0.1908
-0.9697
0.0473
3.3600
-4.5500
-2.7300
420
477
500
405
431
-0.1932
-0.9711
0.0395
2.5200
-4.5500
-3.5700
420
477
500
405
431
-0.1918
-0.9623
0.0547
7.0700
-3.6400
-1.6800
420
477
500
405
431
-0.1928
-0.9736
0.0493
0.4900
-4.6900
-2.5200
420
477
500
405
429
-0.2103
-0.9658
0.0386
4.3400
-4.0600
-3.8500
420
477
500
406
432
-0.1923
-0.9628
0.0595
2.4500
-4.5500
-3.5700
420
477
500
406
431
-0.2045
-0.9667
0.0464
2.6600
-3.0100
-3.9200
420
477
500
406
432
-0.1884
-0.9706
0.0503
-0.4900
-2.9400
-2.1700
420
477
500
406
432
-0.1908
-0.9653
0.0405
1.1200
-3.8500
-2.1700
420
477
500
406
429
-0.2035
-0.9643
0.0405
1.2600
-5.0400
-7.0000
420
477
500
406
432
-0.1898
-0.9682
0.0425
2.3100
-2.2400
-3.4300
420
478
500
406
432
-0.1889
-0.9740
0.0395
1.5400
-3.5000
-1.2600
420
478
500
406
432
-0.1932
-0.9565
0.0434
0.2800
-2.9400
-2.2400
420
478
500
407
432
-0.1923
-0.9706
0.0371
3.6400
-3.9900
-3.5700
420
478
500
407
430
-0.1981
-0.9687
0.0351
2.8700
-3.9900
-3.5700
420
478
500
406
432
-0.1854
-0.9697
0.0425
2.5200
-5.1100
-2.8700
420
478
500
407
432
-0.1981
-0.9765
0.0498
2.3800
-3.3600
-2.7300
419
478
500
407
432
-0.1937
-0.9745
0.0508
1.4000
-2.9400
-2.1000
420
478
500
407
432
-0.1854
-0.9536
0.0449
4.9000
-4.2000
-1.7500
420
478
500
407
430
-0.2069
-0.9931
0.0405
2.8700
-2.9400
-5.4600
420
478
500
406
432
-0.1884
-0.8921
0.0556
-2.8700
-2.8700
3.9900
420
478
501
406
432
-0.2220
-0.9853
0.0542
0.3500
1.1200
-2.1000
420
478
501
406
432
-0.1913
-0.9662
0.0771
-2.7300
-1.1200
-4.8300
420
478
501
406
432
-0.1996
-0.9750
0.0512
2.3100
-4.2700
-7.1400
420
478
501
407
429
-0.1757
-0.9711
0.0595
0.2100
-4.9700
-3.9900
420
478
501
407
431
-0.1840
-0.9780
0.0254
-0.1400
-3.0100
-3.2200
420
478
501
407
431
-0.1718
-0.9789
0.0454
-1.4000
-4.8300
-3.6400
420
478
501
407
431
-0.1898
-0.9672
0.0410
-0.7000
-5.1800
-3.0800
420
478
501
407
431
-0.1903
-0.9682
0.0200
1.8900
-4.5500
-3.5700
420
478
501
407
429
-0.1757
-0.9760
0.0259
3.2900
-3.3600
-3.5700
420
478
501
407
431
-0.1981
-0.9784
0.0346
1.8900
-3.1500
-3.7100
420
478
501
407
431
-0.1786
-0.9706
0.0327
0.9800
-4.2000
-3.8500
420
478
501
407
431
-0.1850
-0.9731
0.0303
1.6800
-3.8500
-2.9400
420
478
501
407
431
-0.1728
-0.9658
0.0405
0.3500
-4.3400
-2.3100
420
478
501
407
430
-0.1850
-0.9701
0.0220
2.7300
-4.6900
-2.4500
420
478
501
407
431
-0.1903
-0.9784
0.0278
2.3800
-3.9200
-3.0100
420
478
501
407
431
-0.1815
-0.9750
0.0332
1.7500
-3.4300
-3.5000
420
478
501
407
431
-0.1776
-0.9721
0.0288
1.6100
-3.6400
-2.7300
420
478
501
407
431
-0.1869
-0.9804
0.0293
1.8900
-4.2000
-2.5200
420
478
501
407
431
-0.1825
-0.9716
0.0249
2.2400
-3.3600
-3.3600
420
478
501
407
431
-0.1723
-0.9711
0.0322
1.9600
-3.8500
-2.0300
420
478
501
407
431
-0.1850
-0.9784
0.0229
3.2200
-3.3600
-3.5700
420
478
501
407
431
-0.1815
-0.9692
0.0293
3.2200
-3.7800
-2.7300
420
478
501
407
431
-0.1767
-0.9843
0.0346
3.3600
-4.1300
-3.7800
420
478
501
407
431
-0.1776
-0.9794
0.0259
2.4500
-4.0600
-2.7300
420
478
501
407
431
-0.1728
-0.9784
0.0307
2.8000
-3.8500
-2.7300
420
478
501
407
431
-0.1879
-0.9740
0.0317
2.0300
-3.9200
-3.9900
420
478
501
407
431
-0.1781
-0.9740
0.0239
5.4600
-4.8300
-4.1300
420
478
501
408
431
-0.1713
-0.9726
0.0337
0.9800
-8.8900
-11.5500
420
478
501
410
428
-0.1586
-0.9784
0.0337
8.4700
-5.3900
-6.5100
418
478
501
412
430
-0.1664
-0.9706
0.0332
0.4200
-2.8700
2.9400
417
478
501
413
429
-0.1688
-0.9755
0.0381
-1.2600
-2.9400
-2.5900
416
478
501
413
429
-0.1713
-0.9740
0.0264
-0.4900
-3.5000
-3.3600
415
478
501
413
429
-0.1737
-0.9775
0.0215
-0.2100
-4.1300
-5.6000
415
477
501
413
427
-0.1596
-0.9672
0.0288
1.0500
-5.4600
-4.0600
414
476
501
413
429
-0.1474
-0.9726
0.0088
-0.4900
-7.1400
-8.1900
414
474
501
413
429
-0.1537
-0.9731
0.0434
2.3100
-5.1800
-3.7800
413
473
501
412
429
-0.1664
-0.9618
0.0410
2.2400
-4.6200
-5.5300
413
473
501
412
430
-0.1606
-0.9731
0.0405
1.5400
-2.5200
-0.3500
413
473
502
412
427
-0.1591
-0.9760
0.0195
0.8400
-4.4800
-1.1200
414
473
502
412
430
-0.1601
-0.9667
0.0166
3.5000
-4.4100
-0.9800
414
473
502
411
430
-0.1596
-0.9867
0.0376
1.8200
-6.0900
-2.1700
414
473
502
411
430
-0.1791
-0.9941
0.0166
4.3400
-6.6500
-2.4500
415
472
502
410
430
-0.1645
-0.9848
0.0468
2.4500
-3.8500
-1.4700
415
472
502
410
428
-0.1630
-0.9667
0.0156
2.3100
-4.4100
-3.5000
415
473
502
411
430
-0.1586
-0.9814
0.0449
1.7500
-4.4100
-2.9400
415
473
502
411
430
-0.1732
-0.9721
0.0215
-2.4500
-2.4500
-2.5900
416
473
502
411
430
-0.1776
-0.9848
0.0303
0.3500
-1.2600
-0.0700
417
474
502
411
430
-0.1630
-0.9794
0.0112
-3.1500
-3.6400
-0.2100
417
475
503
411
428
-0.1952
-0.9799
0.0122
3.8500
-3.6400
-4.9000
417
475
503
412
430
-0.1693
-0.9760
0.0185
1.6800
-3.7800
-3.9200
418
475
503
411
430
-0.1815
-0.9653
0.0215
3.4300
-3.2200
-2.7300
418
476
503
411
430
-0.1757
-0.9799
0.0098
3.4300
-3.8500
-3.7800
418
476
503
412
430
-0.1698
-0.9760
0.0127
1.4700
-2.7300
-1.4700
418
476
503
411
430
-0.1742
-0.9755
0.0132
0.6300
-3.7100
-0.3500
418
476
503
411
430
-0.1903
-0.9794
-0.0005
3.6400
-4.6900
-0.5600
418
476
503
411
430
-0.1942
-0.9706
0.0039
3.2200
-3.9900
-2.1000
419
476
503
411
430
-0.1918
-0.9804
0.0195
0.8400
-3.9900
-1.3300
419
476
503
411
430
-0.1908
-0.9692
0.0024
-1.4000
-3.2900
-3.2200
419
476
503
411
430
-0.1947
-0.9575
0.0088
2.9400
-2.8000
-4.2000
419
476
503
411
430
-0.1742
-0.9809
0.0195
1.8900
-3.6400
-3.9900
419
476
503
411
430
-0.1928
-0.9740
-0.0039
6.4400
-5.4600
0.5600
419
476
503
411
430
-0.1767
-0.9540
0.0371
2.8000
-4.2000
-2.6600
419
477
503
411
430
-0.1928
-0.9697
0.0259
-1.1200
-4.0600
-3.9900
419
477
503
411
430
-0.1976
-0.9623
0.0210
-2.2400
-3.5700
-1.8900
419
477
503
411
430
-0.1967
-0.9599
0.0288
3.0800
-4.0600
-2.3800
420
477
503
411
430
-0.1952
-0.9740
0.0390
10.6400
-10.1500
-2.7300
419
477
503
411
429
-0.2020
-0.9780
0.0561
34.9300
-20.5100
-6.9300
418
477
503
411
427
-0.1674
-0.9365
0.0922
59.4300
-21.2100
16.5200
419
477
502
409
425
-0.2367
-0.9287
0.2352
73.1500
-25.2000
6.8600
419
477
502
405
425
-0.2211
-0.8652
0.3445
125.0900
-25.3400
22.8200
418
477
501
407
423
-0.2801
-0.7422
0.5978
84.4900
-36.9600
16.3800
418
477
501
409
421
-0.2933
-0.7169
0.7052
12.0400
-46.4800
-10.9900
418
476
499
409
423
-0.2420
-0.7520
0.6446
2.3100
-37.8700
-26.4600
418
476
500
411
423
-0.1044
-0.7144
0.6651
31.1500
-0.7000
4.3400
418
477
501
412
422
-0.1205
-0.6974
0.7139
75.4600
-2.4500
7.7000
418
477
501
413
417
-0.1274
-0.4787
0.8194
109.7600
-5.3200
17.1500
418
477
503
415
413
-0.1054
-0.4460
0.9292
17.8500
-8.4700
1.8200
419
477
504
415
412
-0.1962
-0.4431
0.8950
-32.9000
3.0100
-4.5500
419
478
506
418
408
-0.1918
-0.4919
0.8311
-11.1300
-2.9400
-7.0000
421
480
508
425
404
-0.1635
-0.4992
0.8355
2.8700
-2.8700
-2.5900
423
483
510
429
399
-0.1645
-0.4817
0.8618
9.8000
-4.8300
-2.9400
423
486
512
433
400
-0.1610
-0.4778
0.8555
17.9900
-9.6600
-2.1700
423
486
512
434
400
-0.1376
-0.4338
0.8911
25.4100
-3.4300
1.3300
423
486
512
434
399
-0.1425
-0.4275
0.9155
-14.7700
14.0700
5.5300
428
486
512
433
399
-0.1830
-0.4494
0.8516
-34.6500
-8.1200
-8.1200
429
487
513
433
397
-0.1674
-0.5153
0.8291
-5.6700
-10.0800
-7.4900
430
488
514
433
396
-0.1693
-0.5202
0.8457
4.2700
-4.4100
0.3500
434
492
516
433
395
-0.1479
-0.5168
0.8389
1.7500
-13.3000
-5.8800
437
493
517
433
395
-0.1606
-0.5168
0.8398
4.6900
-11.4100
-8.1200
437
493
517
433
395
-0.0883
-0.4685
0.8491
1.6800
-1.6800
1.1900
437
493
517
434
395
-0.1713
-0.4992
0.8096
11.6900
-33.6700
-6.0900
438
493
517
434
396
-0.1093
-0.4865
0.8574
4.2700
-3.5700
-2.7300
438
493
517
434
397
-0.1118
-0.4778
0.8711
-9.4500
-0.6300
-4.7600
438
492
518
435
397
-0.1108
-0.5090
0.8520
-23.0300
-6.9300
-5.5300
438
491
517
435
396
-0.1049
-0.5431
0.8213
-35.7000
-4.2000
-31.1500
436
488
516
431
397
-0.0893
-0.6037
0.8052
-46.9000
1.1200
-11.2700
428
485
515
425
402
-0.1210
-0.6471
0.7383
-33.3200
-11.5500
-16.5900
424
482
511
411
407
-0.0825
-0.6637
0.6993
-9.3800
-5.6700
-11.8300
422
481
509
403
411
-0.0332
-0.6881
0.7003
3.3600
-7.8400
-3.0100
421
479
508
403
412
-0.0595
-0.6978
0.7198
-1.3300
-4.1300
-5.6700
418
473
502
402
415
-0.0556
-0.6915
0.6905
-1.6100
-1.4700
-17.0800
410
458
479
399
418
-0.0488
-0.6832
0.7056
6.5800
-5.9500
-2.5900
403
451
471
396
419
-0.0346
-0.6944
0.7213
1.1200
-10.4300
2.9400
401
455
477
398
419
-0.0581
-0.7081
0.6920
8.6800
-8.1200
-3.9900
403
464
485
402
417
-0.0337
-0.6905
0.6988
26.7400
-18.6200
-2.8000
409
481
501
411
413
-0.0717
-0.6778
0.7344
22.1200
-16.5900
1.0500
415
492
511
419
409
-0.0478
-0.6583
0.7754
10.5000
-2.3800
1.3300
419
495
514
425
408
-0.0293
-0.6305
0.7720
-4.2700
0.3500
2.5900
420
496
515
428
405
-0.0649
-0.6407
0.7574
3.0800
-1.8900
-1.4000
421
496
515
431
406
-0.0449
-0.6354
0.7652
5.2500
-4.2700
1.7500
423
497
515
436
404
-0.0625
-0.6290
0.7613
13.5100
-5.3900
2.6600
425
497
516
440
400
-0.0712
-0.6373
0.7896
7.1400
-1.7500
0.4200
427
498
517
443
400
-0.0708
-0.6061
0.7730
11.5500
0.7000
1.3300
430
498
519
446
399
-0.0869
-0.6051
0.7881
18.7600
2.9400
7.2800
432
499
521
450
398
-0.0761
-0.6002
0.8267
4.4800
-2.0300
3.9900
433
499
522
453
397
-0.1269
-0.5680
0.8096
-3.9200
-4.3400
-0.7000
433
499
522
454
396
-0.1122
-0.5807
0.7925
7.0000
-8.6100
-5.3900
434
499
522
455
396
-0.1049
-0.5714
0.8091
7.0000
-4.2700
-3.0100
434
499
522
455
396
-0.0986
-0.5832
0.8062
0.6300
-4.7600
-5.6700
434
499
522
455
395
-0.0893
-0.5871
0.7998
6.3700
-2.4500
-2.3100
434
499
522
455
393
-0.1108
-0.5880
0.8052
2.5200
-3.6400
-1.5400
434
499
522
456
389
-0.1030
-0.5885
0.8076
4.9000
-3.0100
-2.5200
434
499
522
456
389
-0.0859
-0.5758
0.8091
2.8000
-4.5500
-3.3600
434
499
523
456
388
-0.0956
-0.5719
0.8091
0.0000
-4.2700
-3.2900
434
499
522
456
388
-0.0991
-0.5832
0.8028
-5.8800
-7.0000
-3.7800
434
499
522
456
389
-0.0956
-0.5958
0.7818
-17.4300
1.6100
-1.4700
433
497
521
451
393
-0.1352
-0.6207
0.7876
-16.5900
0.2800
-10.7800
433
492
521
443
396
-0.1020
-0.6154
0.7715
-12.4600
1.1200
-1.6800
432
489
519
439
395
-0.0981
-0.6315
0.7540
-6.3000
-4.9000
-2.1700
432
489
519
437
396
-0.1083
-0.6486
0.7344
-3.6400
-3.9200
-3.3600
434
489
520
435
396
-0.0878
-0.6588
0.7340
-3.5000
-5.4600
-15.0500
435
489
519
437
397
-0.0678
-0.6769
0.7218
-9.7300
-4.8300
-8.6100
433
478
490
433
398
-0.0361
-0.7032
0.7178
-21.0000
0.1400
-5.1800
431
463
460
415
398
-0.0854
-0.6930
0.6529
7.6300
-1.4700
-5.4600
430
462
460
390
401
-0.0625
-0.7174
0.7071
11.9700
-0.7700
-3.3600
429
458
453
381
403
-0.0488
-0.6861
0.7105
7.7000
46.3400
24.7800
420
448
442
366
411
-0.0727
-0.6105
0.7457
-5.3200
114.5900
63.4200
406
439
438
362
414
-0.3655
-0.7159
0.6129
-12.8100
21.8400
8.5400
400
437
442
364
416
-0.4094
-0.7013
0.5749
-6.2300
5.0400
0.8400
405
441
446
364
416
-0.4011
-0.6866
0.5915
-10.9900
7.9800
5.1100
408
449
463
369
415
-0.4109
-0.7261
0.5592
-18.5500
12.1800
4.0600
421
467
496
394
413
-0.4324
-0.6769
0.5251
-14.4200
-3.6400
-5.2500
426
482
509
419
409
-0.4285
-0.7154
0.5100
-16.6600
-11.2000
-7.5600
430
489
516
435
407
-0.4046
-0.7452
0.4851
-17.1500
-7.1400
-5.0400
432
492
519
444
405
-0.4119
-0.7579
0.4758
-10.0100
-12.5300
-18.9000
432
493
520
445
405
-0.3977
-0.7901
0.5022
-56.9100
-29.5400
-30.1700
431
492
518
442
404
-0.3201
-0.8857
0.3967
-53.2700
-43.2600
-57.9600
430
491
517
435
404
-0.2035
-0.9043
0.3343
-27.4400
-28.7000
-65.3800
429
490
516
433
405
-0.0859
-0.9443
0.2440
-45.7800
-3.9200
-16.7300
427
489
516
434
406
-0.0664
-0.9526
0.2167
-43.0500
-10.5000
-20.3000
426
489
516
434
403
-0.0327
-1.0004
0.1576
-52.6400
-2.4500
0.7700
425
489
516
433
406
-0.0307
-0.9833
0.0727
-37.1700
-2.2400
-4.3400
424
489
516
434
405
-0.0181
-0.9975
-0.0098
-2.6600
-2.3800
-1.1900
423
489
515
436
402
-0.0488
-1.0033
0.0571
-3.7800
-4.0600
-7.1400
424
489
516
436
402
-0.0146
-1.0048
0.0112
-11.8300
-7.0000
-1.6100
423
489
516
437
402
-0.0112
-0.9950
-0.0049
6.3700
-0.8400
0.8400
423
488
515
437
402
-0.0303
-0.9970
-0.0083
1.8900
-1.6800
6.3000
423
488
516
437
401
-0.0488
-0.9794
0.0176
9.1700
-0.3500
2.4500
422
488
516
437
402
-0.0556
-0.9799
0.0190
12.3900
-17.9200
-1.1200
423
488
516
437
401
-0.0483
-0.9911
0.0473
17.1500
6.2300
6.7900
424
488
516
437
401
-0.0781
-0.9604
0.0961
39.0600
-5.8800
11.2000
424
488
515
434
400
-0.1581
-0.9677
0.2216
49.0700
-18.4800
-1.5400
425
489
515
434
398
-0.1015
-0.9511
0.2713
46.0600
-23.8000
-19.0400
425
489
515
433
396
-0.0356
-0.9780
0.3050
69.0900
-20.9300
5.6000
426
489
516
432
394
-0.0952
-0.8633
0.4441
66.7800
-17.3600
-9.6600
426
489
516
431
391
-0.0122
-0.7257
0.4851
65.0300
5.9500
-3.8500
427
489
516
430
391
-0.0556
-0.7535
0.6076
50.6800
0.0000
-6.3000
427
490
516
431
391
-0.0600
-0.7535
0.6285
54.1800
14.5600
8.8900
428
490
516
432
391
-0.0996
-0.6827
0.7310
70.2800
20.3000
10.0800
431
491
517
434
389
-0.1596
-0.6002
0.7964
40.0400
13.0900
1.2600
432
493
517
437
388
-0.2059
-0.5295
0.7681
83.5800
7.9800
-13.3700
434
495
518
442
385
-0.2108
-0.3963
0.8891
52.8500
4.4800
5.4600
436
497
518
445
385
-0.2474
-0.4250
0.9199
10.7100
-9.7300
-3.4300
437
497
518
446
385
-0.2181
-0.3967
0.8594
8.8200
8.8200
2.6600
437
497
519
447
385
-0.2386
-0.3841
0.9008
12.3900
-6.2300
0.7000
438
497
519
448
385
-0.2464
-0.3675
0.8926
3.6400
-3.4300
-1.4700
438
497
519
449
385
-0.2440
-0.3640
0.8935
3.7100
-7.7000
2.5900
438
497
519
449
385
-0.2391
-0.3855
0.8755
7.2800
-14.6300
-3.7800
438
497
518
449
385
-0.2284
-0.3714
0.9126
-0.7000
-9.1700
-1.7500
438
497
518
449
386
-0.2381
-0.3787
0.8882
2.2400
-12.1800
-5.8100
438
496
518
450
385
-0.2176
-0.3743
0.8901
3.2200
-7.0000
-1.8900
438
496
519
450
385
-0.2186
-0.3723
0.8930
-1.1900
-4.6900
-2.5200
438
496
518
450
385
-0.2269
-0.3826
0.8857
0.4200
-3.0100
0.0700
437
496
518
449
385
-0.1991
-0.3689
0.9145
-38.1500
4.9700
3.8500
438
495
518
448
386
-0.2372
-0.4392
0.8394
-9.3100
-6.1600
-11.2000
438
493
517
447
385
-0.2162
-0.4660
0.8716
-21.5600
-6.5800
-7.9100
438
494
518
447
385
-0.2191
-0.4758
0.8433
-44.8000
-19.3900
-9.1000
438
493
517
443
385
-0.1576
-0.5270
0.8037
-45.7800
-10.3600
0.4900
436
495
517
435
387
-0.1825
-0.6144
0.7671
-67.2000
-21.5600
-10.5700
435
495
516
427
389
-0.1757
-0.7227
0.6505
-100.6600
-20.0200
-7.9100
432
494
515
421
391
-0.1444
-0.8154
0.5173
-47.5300
-6.5800
-10.1500
428
493
514
421
390
-0.1098
-0.8481
0.4968
-45.2200
-3.2900
-7.9800
425
492
514
422
390
-0.0830
-0.8896
0.4299
-52.7100
-12.5300
-10.0800
422
490
513
422
390
-0.0869
-0.9130
0.3304
-34.5800
-6.7200
-10.2200
421
489
512
423
389
-0.0766
-0.9204
0.3030
-41.3700
-2.3800
-6.5100
420
488
512
424
388
-0.0039
-0.9453
0.1928
-39.1300
3.2900
14.0700
419
488
511
425
390
-0.0981
-0.9745
0.1932
-40.5300
13.6500
5.9500
420
488
511
425
392
-0.1327
-0.9501
0.0488
-54.6700
42.0700
42.4900
422
487
512
423
395
-0.2577
-0.9887
-0.0429
-4.9700
20.7900
21.7700
423
487
512
424
397
-0.2367
-0.9862
0.0078
2.5200
9.2400
9.2400
423
487
512
424
398
-0.2084
-0.9989
-0.0508
-6.0200
17.5000
18.7600
423
487
512
423
398
-0.2596
-0.9443
-0.0571
-4.8300
13.7200
17.5700
424
486
511
422
402
-0.2830
-0.9560
-0.0795
4.6200
8.6100
-1.4700
424
486
512
422
403
-0.2952
-0.9555
-0.0620
0.7700
1.9600
-3.2900
424
480
511
422
403
-0.2494
-0.8838
-0.0649
1.6800
-2.8700
-0.5600
424
458
510
421
404
-0.3211
-0.9872
-0.0849
-1.2600
0.1400
7.0000
425
458
511
421
403
-0.2860
-0.9672
-0.0381
8.4000
-6.9300
-0.1400
428
459
511
422
402
-0.2899
-0.8882
-0.0688
17.0100
-2.7300
0.5600
428
460
512
423
402
-0.2650
-0.9272
-0.0210
19.3900
-8.1900
-1.1200
428
464
511
423
403
-0.3357
-0.8779
0.0859
-31.6400
20.0200
2.3100
428
481
511
421
405
-0.2733
-0.9248
-0.0771
-0.5600
-1.8900
-3.7100
427
482
511
420
404
-0.2645
-0.9257
-0.0293
3.9200
-6.3000
-3.2900
427
482
511
420
404
-0.2889
-0.9472
-0.0122
6.0200
-8.3300
0.0000
426
482
511
421
404
-0.3157
-0.9345
-0.0586
12.6000
-7.0700
-3.7800
426
482
511
421
405
-0.2957
-0.9370
-0.0420
-8.5400
-4.6200
-9.4500
427
483
511
421
404
-0.2718
-0.9228
-0.0337
14.0700
-4.9000
-6.7900
427
483
511
421
405
-0.2884
-0.9980
-0.0122
2.9400
-3.9900
-7.5600
427
483
511
421
405
-0.2967
-0.9706
-0.0303
5.6700
-10.3600
-20.3700
427
484
511
422
403
-0.2308
-0.9623
-0.0303
3.5700
-7.5600
-21.9100
427
484
512
423
402
-0.1972
-0.9667
-0.0151
4.2700
-8.3300
-10.9200
426
484
512
423
402
-0.2006
-0.9658
0.0059
6.5800
-7.8400
-10.9900
426
484
512
424
401
-0.1967
-0.9682
0.0190
3.7800
-10.8500
-16.6600
426
484
512
424
401
-0.2084
-0.9745
0.0127
22.2600
-14.6300
-48.3700
425
484
512
429
401
-0.1259
-0.9906
0.0464
22.8900
-16.4500
-38.0800
424
484
512
434
400