-0.1669
-0.9482
-0.1786
-23.9400
-12.3200
-5.1800
395
455
485
405
509
-0.1679
-0.9238
-0.2489
-2.1000
-4.1300
-2.5200
396
455
486
406
510
-0.1269
-0.9706
-0.1981
1.0500
-4.9700
-4.1300
396
455
486
406
509
-0.1449
-0.9545
-0.1889
0.3500
-12.1800
-4.4100
396
456
486
406
507
-0.1703
-0.9521
-0.2006
9.2400
-8.8200
-2.8000
396
455
486
406
509
-0.1718
-0.9692
-0.1898
8.2600
-1.4000
-4.4800
396
456
487
407
506
-0.1420
-0.9633
-0.1752
5.5300
-4.1300
-6.1600
396
456
487
407
509
-0.1376
-0.9540
-0.1518
8.5400
-8.5400
-4.6900
396
455
487
407
509
-0.1396
-0.9516
-0.1815
4.6900
-9.0300
-1.6100
396
456
487
407
507
-0.1435
-0.9618
-0.1513
6.5800
-8.1900
-1.4700
396
456
487
407
508
-0.1684
-0.9770
-0.1269
0.0700
-4.6900
-1.3300
396
456
487
407
508
-0.1498
-0.9433
-0.1527
6.5800
-6.1600
-0.2800
396
456
487
407
506
-0.1547
-0.9701
-0.1440
5.6000
-6.2300
-2.5900
396
456
487
407
508
-0.1645
-0.9687
-0.1381
1.1200
-4.8300
-1.7500
396
456
487
407
508
-0.1581
-0.9618
-0.1444
0.4900
-6.6500
-1.9600
396
456
487
408
506
-0.1606
-0.9687
-0.1405
1.4000
-4.2700
-0.9800
396
456
487
408
508
-0.1762
-0.9701
-0.1376
-4.9700
-0.3500
-4.5500
396
456
487
409
508
-0.1459
-0.9692
-0.1523
-0.7700
-3.9900
-1.8200
396
456
486
410
506
-0.1649
-0.9648
-0.1918
15.2600
-4.0600
-3.5700
396
455
473
410
508
-0.1830
-0.9750
-0.1708
-7.0700
-1.3300
-4.5500
393
445
451
400
508
-0.1527
-0.9584
-0.1762
-4.1300
-2.9400
-1.8200
380
426
412
376
506
-0.1571
-0.9584
-0.1937
-4.8300
-5.4600
-2.3100
350
395
368
330
510
-0.1635
-0.9550
-0.1962
-6.8600
-10.1500
-2.7300
315
354
326
284
512
-0.1518
-0.9721
-0.2108
5.0400
-7.9800
-6.4400
298
316
295
254
510
-0.1596
-0.9687
-0.2225
-2.5200
-15.1900
-1.5400
288
292
273
232
510
-0.1649
-0.9540
-0.2323
-11.0600
-19.5300
-6.3000
271
272
257
214
506
-0.1435
-0.9511
-0.2420
-5.6700
-20.0200
1.2600
255
258
247
204
498
-0.1728
-0.9472
-0.2191
-22.4000
-22.5400
0.4200
242
250
241
198
489
-0.2069
-0.9511
-0.2577
-18.7600
-21.9800
-1.5400
229
244
238
194
482
-0.2167
-0.9140
-0.2840
-18.4800
-20.1600
-6.3700
225
241
238
193
474
-0.2015
-0.9204
-0.3250
-15.7500
-16.7300
-6.0900
221
238
239
193
463
-0.2113
-0.8911
-0.3509
-8.3300
-18.4100
-2.1700
218
236
241
194
461
-0.2298
-0.8906
-0.3416
-12.7400
-14.7700
6.3700
218
238
245
197
515
-0.2562
-0.8716
-0.3284
-17.7100
-2.6600
13.3700
218
239
248
199
585
-0.2660
-0.8398
-0.3733
-5.1800
-2.0300
12.8100
219
241
248
200
649
-0.2616
-0.8472
-0.3870
7.8400
-2.2400
4.4100
219
242
249
202
713
-0.2596
-0.8633
-0.4197
7.2100
-0.1400
3.7800
218
244
250
208
754
-0.2752
-0.8779
-0.3611
9.5900
2.4500
0.4200
218
245
252
209
772
-0.2630
-0.8862
-0.3743
4.4100
0.2800
-1.4000
219
245
253
210
775
-0.2557
-0.8628
-0.3865
6.6500
-1.6800
-2.5900
219
246
254
211
776
-0.2738
-0.8886
-0.3802
6.8600
0.2100
-4.6900
220
247
254
212
772
-0.2347
-0.8877
-0.3533
1.9600
-1.0500
-0.6300
220
248
256
213
762
-0.2455
-0.8642
-0.3475
3.7100
-3.9900
-2.8000
221
249
257
213
752
-0.2425
-0.8808
-0.3709
5.8100
-8.8200
-3.2900
221
250
258
214
746
-0.2630
-0.8847
-0.3572
7.7000
-6.5800
-3.2900
222
251
258
215
743
-0.2708
-0.8945
-0.3377
6.7200
-4.1300
-2.5900
223
252
259
215
742
-0.2718
-0.9140
-0.3294
2.3800
-0.7000
-4.0600
223
252
259
216
740
-0.2420
-0.8911
-0.3362
3.8500
-5.6700
-2.6600
224
253
260
217
738
-0.2650
-0.9023
-0.3538
4.2700
-5.3900
-4.4800
224
253
260
217
738
-0.2518
-0.9033
-0.3318
2.3100
-6.1600
-4.3400
224
254
261
218
737
-0.2582
-0.8891
-0.3357
4.1300
-5.3200
-3.5000
224
254
261
219
735
-0.2460
-0.9223
-0.3192
3.0800
-4.9700
-2.8700
225
255
261
219
734
-0.2572
-0.9052
-0.3221
0.1400
-3.6400
-1.4000
225
255
262
220
733
-0.2621
-0.8764
-0.3426
2.7300
-4.8300
-2.1000
224
255
262
220
732
-0.2533
-0.9087
-0.3289
2.0300
-4.9700
-2.8700
225
256
263
221
732
-0.2601
-0.8969
-0.3314
3.9200
-5.0400
-3.5700
224
256
263
221
732
-0.2606
-0.9043
-0.3206
0.4900
-5.4600
-2.6600
225
256
263
221
731
-0.2679
-0.8945
-0.3343
0.2800
-2.6600
-2.8700
225
256
264
222
729
-0.2533
-0.9023
-0.3216
1.5400
-3.4300
-2.3800
225
257
264
223
727
-0.2572
-0.8891
-0.3255
2.3800
-3.7800
-3.4300
226
257
264
223
727
-0.2601
-0.8969
-0.3211
3.4300
-3.9200
-2.2400
226
257
265
223
725
-0.2611
-0.9048
-0.3294
2.3800
-3.3600
-3.7100
226
258
265
223
725
-0.2664
-0.9057
-0.3348
-3.2900
-2.7300
-7.3500
226
258
265
222
689
-0.2513
-0.8945
-0.3148
-1.0500
-4.9700
-8.8200
228
258
264
216
627
-0.2450
-0.9165
-0.3392
7.3500
-0.9800
-14.0000
230
259
264
214
590
-0.2147
-0.9296
-0.3772
7.1400
6.6500
-15.8200
232
259
264
215
552
-0.1869
-0.9028
-0.3353
1.0500
-0.2800
-7.7000
243
266
273
221
523
-0.1923
-0.9194
-0.3255
-3.0100
-3.9900
-8.0500
261
281
292
237
504
-0.1893
-0.9160
-0.3392
7.0700
-1.4700
-10.2200
278
295
309
252
493
-0.1640
-0.9355
-0.3343
4.5500
-5.5300
-6.6500
297
319
334
272
485
-0.1728
-0.9257
-0.3440
7.0700
0.6300
-3.7100
319
346
366
303
475
-0.1845
-0.8930
-0.3289
7.5600
-2.1000
-1.2600
341
372
402
334
473
-0.1781
-0.9252
-0.3148
9.1000
-2.9400
-5.2500
358
392
432
355
467
-0.1776
-0.9062
-0.3206
9.7300
-2.5900
-2.1000
373
408
456
373
463
-0.1781
-0.9365
-0.3162
10.8500
-1.1200
0.4900
384
421
474
386
459
-0.1791
-0.9399
-0.3016
13.1600
-5.1100
0.2100
394
440
489
396
453
-0.1918
-0.9384
-0.2869
8.9600
-4.0600
0.2800
395
458
503
411
448
-0.1932
-0.9374
-0.2865
3.1500
-2.1000
0.9800
399
475
514
431
442
-0.1889
-0.9414
-0.2689
7.7700
-5.1800
-1.4000
402
484
520
444
439
-0.2137
-0.9301
-0.2503
7.7700
0.9100
-0.7700
403
488
521
449
438
-0.1947
-0.9453
-0.2743
1.8900
-4.4100
-3.6400
403
490
522
452
435
-0.2157
-0.9370
-0.2601
-2.9400
-8.6800
-7.0700
404
493
524
455
434
-0.2103
-0.9316
-0.2796
-3.0800
-4.2000
-5.0400
404
494
524
457
430
-0.2167
-0.9287
-0.2747
1.7500
-2.5200
-2.4500
404
494
524
457
431
-0.1903
-0.9252
-0.2640
3.5700
-4.2000
-1.6800
404
494
524
457
431
-0.2162
-0.9379
-0.2752
5.4600
-7.6300
-3.5700
404
494
524
456
431
-0.2035
-0.9306
-0.2552
4.6900
-4.7600
-4.9700
404
493
525
456
432
-0.2089
-0.9238
-0.2694
1.6100
-3.0800
-3.7800
404
493
525
455
431
-0.1947
-0.9213
-0.2606
2.1000
-4.9000
-3.0800
404
493
525
455
432
-0.2050
-0.9360
-0.2596
1.8900
-4.1300
-2.8700
404
493
524
454
430
-0.2123
-0.9370
-0.2611
2.5900
-2.6600
-4.2000
404
492
524
454
432
-0.2064
-0.9340
-0.2621
2.2400
-4.9000
-5.5300
403
492
524
454
432
-0.2050
-0.9394
-0.2669
4.8300
-4.0600
-2.9400
403
491
524
453
432
-0.2054
-0.9409
-0.2630
2.2400
-4.4800
-2.8700
403
491
524
453
432
-0.2011
-0.9418
-0.2694
4.2700
-4.4100
-2.6600
403
491
523
453
432
-0.2069
-0.9482
-0.2674
1.4000
-2.6600
-3.7800
403
491
523
453
432
-0.2020
-0.9296
-0.2621
2.1000
-3.5000
-2.8700
403
491
523
452
430
-0.2011
-0.9365
-0.2660
2.5900
-3.3600
-3.2900
403
490
523
452
432
-0.1996
-0.9340
-0.2650
2.1000
-3.1500
-3.6400
402
490
523
452
432
-0.1957
-0.9438
-0.2640
2.2400
-4.2700
-3.3600
402
490
523
451
432
-0.2050
-0.9448
-0.2660
-0.5600
-3.5700
-3.3600
402
488
522
450
433
-0.2020
-0.9311
-0.2596
-0.9100
-4.6200
-2.1000
401
486
519
449
434
-0.2035
-0.9335
-0.2786
-13.5100
-6.1600
-0.3500
400
480
510
444
438
-0.2103
-0.9179
-0.2952
-0.2800
-3.7800
-5.6700
398
476
502
435
440
-0.1962
-0.9365
-0.3030
-2.1700
1.9600
-3.6400
396
468
491
423
446
-0.1942
-0.9301
-0.3089
-0.7700
1.1200
-10.3600
394
462
483
415
447
-0.1957
-0.9150
-0.2918
0.8400
-2.1700
-5.6700
392
453
468
406
448
-0.1810
-0.9262
-0.2879
-1.8200
-2.9400
-4.9000
388
441
448
388
451
-0.1864
-0.9296
-0.3216
2.9400
-3.2200
-10.6400
377
427
423
364
454
-0.1679
-0.9296
-0.3026
0.4200
-1.7500
-5.3900
364
413
397
339
455
-0.1649
-0.9194
-0.3104
5.1800
-1.1900
-5.3200
350
398
378
318
465
-0.1703
-0.9043
-0.2923
-1.0500
-3.5700
-1.8900
325
371
353
290
471
-0.1562
-0.9331
-0.3021
-1.0500
-1.2600
-1.8200
304
348
329
266
473
-0.1537
-0.9184
-0.3006
6.4400
-2.5200
-3.1500
286
331
311
246
473
-0.1635
-0.9287
-0.2855
6.7200
-2.2400
-0.9100
269
313
297
232
472
-0.1645
-0.9726
-0.3070
5.6000
-6.2300
1.4000
249
294
282
219
476
-0.1381
-0.9170
-0.3099
-3.5000
-11.0600
-4.2000
233
278
270
208
473
-0.1889
-0.8999
-0.2923
1.4000
-9.0300
-4.2000
222
268
259
200
474
-0.1845
-0.9145
-0.3050
-1.1900
-15.1200
1.7500
213
258
250
194
472
-0.1850
-0.9008
-0.2933
-3.3600
-9.8000
-0.9800
209
254
247
192
479
-0.2259
-0.9184
-0.2782
-10.1500
-8.9600
1.5400
205
250
247
192
487
-0.2006
-0.9062
-0.3055
-5.6000
-9.2400
0.4200
204
250
248
194
488
-0.1893
-0.9160
-0.3465
-12.8800
-10.3600
-2.8000
202
249
250
195
495
-0.1859
-0.9218
-0.3514
-12.2500
-11.4800
1.3300
202
252
253
197
507
-0.1913
-0.9106
-0.3753
-1.3300
0.9100
4.1300
203
253
254
197
586
-0.2279
-0.8921
-0.3558
0.2100
-1.1200
-4.4800
203
255
255
198
648
-0.2294
-0.8960
-0.3714
0.2100
-1.2600
-2.7300
203
256
255
201
682
-0.2381
-0.8945
-0.3797
8.6100
-1.6800
-1.4700
203
256
256
205
699
-0.2357
-0.8877
-0.3694
3.1500
-2.1700
-1.2600
204
257
257
206
709
-0.2264
-0.8926
-0.3738
4.1300
-2.9400
-4.4100
204
257
258
207
708
-0.2362
-0.8823
-0.3665
3.9200
-6.9300
-0.7000
204
257
258
208
706
-0.2430
-0.8896
-0.3704
3.5700
-4.9700
-2.7300
205
258
259
208
703
-0.2396
-0.8896
-0.3592
4.7600
-3.5000
-1.1900
206
259
260
209
701
-0.2401
-0.8984
-0.3684
2.8700
-5.0400
-1.7500
206
259
260
209
699
-0.2455
-0.8955
-0.3689
3.9200
-3.9900
-3.5700
206
259
261
210
700
-0.2460
-0.9008
-0.3562
3.0800
-3.9900
-2.7300
207
259
261
210
697
-0.2474
-0.8867
-0.3660
2.3100
-2.4500
-2.8700
207
260
262
211
697
-0.2455
-0.8843
-0.3631
3.5000
-6.5100
-1.9600
207
260
262
211
697
-0.2591
-0.8833
-0.3558
2.8000
-3.2900
0.4200
208
260
262
211
695
-0.2386
-0.8833
-0.3616
2.9400
-4.2000
-3.3600
208
261
263
212
694
-0.2591
-0.8886
-0.3631
1.8900
-4.2700
-2.8700
208
261
264
212
694
-0.2562
-0.8891
-0.3601
0.9800
-4.1300
-3.0100
209
261
264
213
694
-0.2538
-0.8921
-0.3528
1.4700
-3.3600
-4.6900
209
261
264
213
695
-0.2464
-0.8882
-0.3577
2.3100
-3.9900
-4.1300
209
262
265
213
693
-0.2460
-0.8804
-0.3562
1.8900
-4.4800
-3.0800
209
261
265
213
693
-0.2582
-0.8935
-0.3582
2.8000
-4.0600
-3.8500
209
261
265
214
692
-0.2523
-0.8935
-0.3494
3.0100
-3.7100
-2.0300
209
262
266
214
691
-0.2538
-0.8799
-0.3509
2.0300
-3.8500
-2.5900
210
262
266
214
691
-0.2484
-0.8935
-0.3582
1.4000
-3.4300
-2.9400
210
263
266
215
690
-0.2494
-0.8872
-0.3553
2.4500
-4.0600
-2.1700
210
263
266
215
689
-0.2547
-0.8838
-0.3533
0.9100
-4.3400
-2.3800
210
263
267
215
692
-0.2469
-0.8891
-0.3494
2.7300
-4.8300
-1.8900
210
263
267
215
692
-0.2586
-0.8926
-0.3538
2.3100
-3.6400
-2.3100
210
263
267
215
689
-0.2499
-0.8828
-0.3421
1.5400
-4.0600
-2.8700
211
263
268
216
690
-0.2542
-0.8838
-0.3533
1.3300
-4.2000
-2.6600
211
264
268
216
691
-0.2503
-0.8843
-0.3406
1.1900
-3.2200
-3.2200
211
264
268
216
691
-0.2503
-0.8872
-0.3518
1.4700
-3.4300
-3.6400
211
264
268
216
691
-0.2542
-0.8916
-0.3475
1.2600
-4.9000
-3.9200
211
264
268
217
690
-0.2499
-0.9043
-0.3562
1.6800
-5.1800
-3.0800
211
264
269
217
690
-0.2645
-0.8916
-0.3504
2.8000
-3.8500
-3.1500
211
264
269
217
692
-0.2528
-0.8906
-0.3450
1.1900
-3.9200
-3.5000
212
264
269
217
690
-0.2572
-0.8867
-0.3465
2.6600
-4.3400
-3.3600
212
265
269
217
690
-0.2577
-0.8945
-0.3514
2.0300
-4.6200
-3.5000
212
265
269
217
690
-0.2533
-0.8916
-0.3440
1.4700
-4.0600
-3.7800
212
265
270
218
690
-0.2567
-0.8882
-0.3445
1.5400
-3.9900
-3.2900
212
265
270
218
690
-0.2582
-0.8896
-0.3436
1.6100
-4.1300
-2.1000
212
265
270
218
690
-0.2655
-0.8857
-0.3440
2.1700
-3.9200
-3.3600
212
265
271
218
690
-0.2606
-0.8799
-0.3416
2.2400
-4.7600
-3.2900
213
266
271
218
691
-0.2586
-0.8945
-0.3465
2.1700
-3.2900
-3.1500
213
266
271
218
689
-0.2533
-0.8799
-0.3387
2.1000
-4.3400
-1.7500
213
266
271
218
689
-0.2708
-0.8940
-0.3426
2.1700
-3.3600
-2.5900
213
266
271
218
688
-0.2567
-0.8813
-0.3479
1.8900
-3.9200
-2.9400
213
266
271
219
687
-0.2586
-0.8930
-0.3499
2.3100
-3.5700
-3.8500
213
266
272
219
686
-0.2552
-0.8906
-0.3460
1.8900
-4.2700
-2.2400
213
266
272
219
687
-0.2635
-0.8926
-0.3436
2.2400
-4.2700
-2.5900
213
267
272
220
690
-0.2640
-0.8926
-0.3475
1.9600
-3.6400
-2.6600
214
267
272
220
691
-0.2601
-0.9008
-0.3348
0.3500
-3.2200
-3.6400
214
267
272
220
692
-0.2591
-0.8935
-0.3426
1.2600
-3.8500
-3.8500
214
267
272
220
687
-0.2611
-0.8877
-0.3475
0.7000
-2.8000
-4.6200
214
267
273
220
682
-0.2557
-0.8872
-0.3494
1.4000
-1.9600
-5.5300
215
267
272
220
675
-0.2411
-0.8886
-0.3518
-2.4500
-0.9800
-6.7200
217
268
273
221
644
-0.2352
-0.8818
-0.3723
17.2900
6.3700
-15.9600
224
273
277
218
586
-0.2025
-0.9262
-0.3392
9.3100
-0.5600
-13.2300
237
282
287
224
549
-0.1952
-0.9043
-0.3328
4.9700
-3.0100
-7.2800
259
299
303
239
526
-0.2011
-0.9067
-0.3065
0.7700
-4.6200
-8.1200
270
308
316
248
512
-0.2011
-0.8906
-0.3201
7.8400
-5.5300
-9.6600
285
324
334
263
510
-0.1781
-0.9233
-0.3343
0.0000
-4.4800
-8.6100
299
339
355
280
509
-0.1830
-0.9331
-0.3333
5.4600
-0.7700
-7.7700
314
357
377
299
504
-0.1645
-0.9394
-0.3221
3.6400
-1.4000
-4.1300
330
376
403
325
503
-0.1640
-0.9267
-0.3250
1.5400
-1.0500
-2.5900
340
391
425
344
501
-0.1703
-0.9292
-0.3343
2.3800
-3.0800
-0.5600
349
405
448
361
497
-0.1723
-0.9238
-0.3260
6.7200
-2.4500
-0.2100
357
421
468
376
497
-0.1767
-0.9326
-0.3104
6.3700
0.4200
-0.7000
366
438
488
392
491
-0.1752
-0.9087
-0.3274
6.9300
-0.2100
-1.3300
373
454
501
405
487
-0.1747
-0.9326
-0.2874
5.4600
1.1900
-4.6200
380
471
513
418
479
-0.1664
-0.9482
-0.2850
3.3600
3.6400
-2.8700
386
487
521
434
473
-0.1576
-0.9111
-0.3192
11.5500
-0.8400
-1.2600
392
494
524
444
469
-0.1718
-0.9350
-0.2674
11.2700
-0.3500
-4.4800
395
497
526
449
465
-0.1562
-0.9506
-0.2738
1.6100
-3.4300
-3.7800
397
499
527
454
466
-0.1752
-0.9301
-0.2913
3.5000
-5.4600
-1.3300
398
500
527
455
464
-0.1684
-0.9394
-0.2704
1.5400
-5.8800
-3.6400
398
499
527
454
467
-0.1664
-0.9360
-0.2728
-1.4700
-4.2000
-0.5600
397
499
527
453
465
-0.1771
-0.9262
-0.2821
2.2400
-3.5000
-0.7000
397
498
527
452
467
-0.1781
-0.9350
-0.2738
4.0600
-4.2700
-1.5400
397
497
527
451
466
-0.1723
-0.9433
-0.2640
5.8800
-4.7600
-2.5200
397
497
527
450
468
-0.1801
-0.9492
-0.2747
1.0500
-3.6400
-3.2900
397
497
527
449
468
-0.1728
-0.9360
-0.2684
3.6400
-3.2900
-3.5700
396
496
527
448
468
-0.1649
-0.9443
-0.2679
0.7000
-4.0600
-2.9400
396
496
527
447
468
-0.1708
-0.9438
-0.2733
2.2400
-3.5700
-3.2200
396
495
526
445
468
-0.1698
-0.9316
-0.2601
-0.5600
-5.4600
-3.0800
395
495
526
443
469
-0.1757
-0.9345
-0.2704
1.6100
-3.4300
-2.6600
395
494
526
442
469
-0.1732
-0.9428
-0.2772
1.1200
-3.2900
-2.1700
395
494
525
442
470
-0.1664
-0.9326
-0.2752
4.9000
-3.8500
-1.6800
394
494
525
442
468
-0.1762
-0.9316
-0.2728
4.2700
-3.1500
-2.0300
394
493
525
442
471
-0.1791
-0.9511
-0.2572
-1.5400
-2.5200
-4.9700
394
493
525
441
469
-0.1688
-0.9345
-0.2596
0.7000
-5.1800
-2.7300
393
491
524
439
472
-0.1713
-0.9277
-0.2542
0.8400
-5.7400
0.2100
392
487
521
436
475
-0.1820
-0.9384
-0.2660
-2.9400
-4.6900
-4.4100
389
480
516
431
476
-0.1864
-0.9360
-0.2786
0.7700
-0.7000
-4.0600
386
471
507
420
477
-0.1810
-0.9423
-0.2826
1.4000
0.0700
-3.5700
384
466
501
416
477
-0.1781
-0.9340
-0.2669
1.1200
0.4200
-7.0700
382
457
488
405
479
-0.1542
-0.9379
-0.2621
4.0600
-1.1900
-4.7600
380
439
460
390
480
-0.1420
-0.9345
-0.2830
21.1400
-6.0900
-2.1000
367
417
428
367
482
-0.1576
-0.9492
-0.2791
-0.5600
-2.7300
-1.3300
346
394
386
340
482
-0.1581
-0.9428
-0.2352
1.0500
-5.8100
-3.9900
323
369
352
311
487
-0.1664
-0.9394
-0.2601
3.7800
-5.8800
-8.4000
288
327
317
282
490
-0.1576
-0.9550
-0.2357
11.2700
-5.3900
-6.2300
266
303
294
260
489
-0.1537
-0.9326
-0.2708
4.9700
-5.8100
-2.8700
260
285
276
242
491
-0.1596
-0.9418
-0.2547
-1.3300
-10.4300
-4.5500
251
269
262
227
493
-0.1581
-0.9687
-0.2713
-2.1000
-10.7100
-3.7100
238
257
252
216
491
-0.1449
-0.9374
-0.2879
-2.9400
-9.3100
-1.2600
231
250
247
211
490
-0.1562
-0.9394
-0.3074
3.9200
-8.2600
-3.1500
225
246
245
207
479
-0.1591
-0.9409
-0.2669
-7.9100
-8.5400
-1.4000
222
243
246
203
466
-0.1840
-0.9174
-0.2962
-5.6000
-7.7700
-3.5700
218
241
247
201
466
-0.1791
-0.9340
-0.3143
-8.8900
-6.7200
-1.6800
216
242
247
201
460
-0.1654
-0.9106
-0.3065
-7.0700
-7.6300
-0.8400
216
242
249
201
463
-0.1859
-0.9130
-0.3055
-8.0500
-10.7100
-0.6300
215
243
251
203
495
-0.1669
-0.9008
-0.3694
-3.7800
-4.4100
1.4000
215
245
253
205
544
-0.1942
-0.9155
-0.3777
-5.6000
-4.3400
3.8500
216
247
255
207
596
-0.2084
-0.9043
-0.3758
0.1400
-4.9000
-1.7500
216
248
255
209
638
-0.2186
-0.9077
-0.3797
3.5000
-3.1500
-3.0100
216
249
256
213
670
-0.2069
-0.9106
-0.3811
2.5200
-1.9600
-1.5400
217
250
257
216
692
-0.2176
-0.8886
-0.3782
1.7500
-3.4300
-1.4700
217
251
258
217
699
-0.2196
-0.8911
-0.3782
2.6600
-3.9200
-3.6400
218
251
259
217
703
-0.2142
-0.8867
-0.3767
5.2500
-3.1500
-3.4300
218
252
260
217
701
-0.2201
-0.8969
-0.3597
2.3100
-3.9200
-1.0500
219
253
261
218
700
-0.2225
-0.8911
-0.3743
3.0100
-4.4100
-0.7000
219
253
261
219
698
-0.2240
-0.8882
-0.3694
1.0500
-2.9400
-3.0800
219
254
262
219
697
-0.2206
-0.8882
-0.3699
1.0500
-3.7100
-3.3600
220
254
262
220
699
-0.2211
-0.8926
-0.3631
2.0300
-4.4100
-3.0100
220
255
262
220
699
-0.2216
-0.8965
-0.3797
4.7600
-4.3400
-3.8500
220
255
263
221
698
-0.2113
-0.8945
-0.3611
3.9900
-4.8300
-3.1500
220
255
263
221
697
-0.2245
-0.8979
-0.3689
2.7300
-4.3400
-2.5200
221
256
263
221
695
-0.2303
-0.8989
-0.3655
2.5200
-4.1300
-3.5700
221
256
264
221
695
-0.2294
-0.8886
-0.3665
3.6400
-5.3900
-2.5200
221
256
264
222
694
-0.2269
-0.8901
-0.3738
3.0800
-4.9000
-5.6000
222
256
264
222
693
-0.2181
-0.8535
-0.3909
8.6800
-8.2600
-3.6400
222
257
265
223
694
-0.2264
-0.9228
-0.3538
2.1700
-5.5300
-4.9700
222
258
265
224
691
-0.2357
-0.8872
-0.3577
2.8700
-3.2900
-4.5500
223
258
265
224
691
-0.2245
-0.9048
-0.3411
2.7300
-4.9000
-1.3300
223
258
266
224
690
-0.2386
-0.8930
-0.3543
3.9200
-4.6200
-1.8200
223
259
266
225
691
-0.2391
-0.8950
-0.3460
1.4700
-4.5500
-2.8000
223
259
266
225
691
-0.2401
-0.9018
-0.3401
1.6100
-4.1300
-3.0800
223
259
266
225
693
-0.2289
-0.8921
-0.3484
3.8500
-5.3200
-1.0500
223
260
267
225
694
-0.2430
-0.8906
-0.3470
6.7900
-6.5100
-0.7000
224
260
267
225
697
-0.2557
-0.9140
-0.3392
4.2700
-4.6900
-4.6900
224
261
268
225
695
-0.2416
-0.8906
-0.3323
2.1000
-5.9500
-0.3500
224
261
268
226
695
-0.2552
-0.9077
-0.3113
3.0100
-6.3700
-0.6300
224
261
269
226
694
-0.2528
-0.9023
-0.3235
4.1300
-5.6700
-1.8200
224
261
269
226
693
-0.2664
-0.9087
-0.3123
2.8000
-5.1100
-3.9900
225
262
270
227
693
-0.2752
-0.8784
-0.3231
3.4300
-3.2200
-4.1300
225
262
270
227
691
-0.2645
-0.8950
-0.3265
0.0000
-1.8200
-2.5200
225
262
270
227
687
-0.2655
-0.9155
-0.3235
-2.4500
-0.7700
-7.7000
225
262
270
227
679
-0.2494
-0.9140
-0.3509
4.9000
3.7800
-15.9600
226
262
270
227
628
-0.2206
-0.9057
-0.3211
0.9800
0.3500
-14.0700
229
265
271
221
565
-0.2045
-0.9394
-0.3318
0.3500
2.0300
-10.5000
239
271
281
227
528
-0.1767
-0.9331
-0.3221
-2.7300
-1.6100
-10.7100
255
282
293
238
508
-0.1586
-0.9243
-0.3314
11.9000
-2.5200
-12.1100
276
301
313
256
500
-0.1654
-0.9350
-0.3562
12.3900
-1.4000
-5.0400
303
330
346
288
491
-0.1928
-0.9165
-0.3192
3.7800
3.5000
-1.2600
327
356
389
332
481
-0.1718
-0.9311
-0.3079
6.1600
2.8000
-3.2200
334
363
404
363
477
-0.1454
-0.9418
-0.3011
9.0300
-3.5000
-4.6900
345
373
423
385
470
-0.1581
-0.9306
-0.2952
7.5600
-3.4300
-3.7800
359
392
449
401
469
-0.1542
-0.9409
-0.2796
6.0900
1.9600
-2.6600
377
417
478
413
462
-0.1630
-0.9184
-0.2928
8.1200
-1.5400
-1.6100
382
431
490
420
461
-0.1615
-0.9477
-0.2625
3.6400
-3.0100
-0.9100
384
434
493
421
458
-0.1649
-0.9457
-0.3045
5.3200
1.2600
-2.8700
382
446
500
422
459
-0.1615
-0.8930
-0.3723
1.6800
-0.7700
-2.7300
384
459
507
426
455
-0.1571
-0.9384
-0.2694
0.9800
-4.4100
-1.6800
385
471
513
431
457
-0.1625
-0.9306
-0.3045
4.6200
-5.1800
0.3500
389
481
518
437
453
-0.1845
-0.9482
-0.2708
-0.2100
-2.1700
-0.8400
391
488
522
443
452
-0.1586
-0.9399
-0.2879
7.2100
-2.5200
-0.5600
392
492
523
448
447
-0.1859
-0.9662
-0.2625
2.4500
-0.7700
-4.1300
393
494
524
449
448
-0.1606
-0.9350
-0.2757
4.5500
-5.9500
-4.7600
393
495
525
450
446
-0.1532
-0.9526
-0.2972
2.7300
-7.4900
-2.5200
394
496
526
449
444
-0.1815
-0.9433
-0.2704
2.1000
-3.2200
-3.5700
395
497
526
449
443
-0.1703
-0.9433
-0.2616
3.8500
-3.0800
-3.3600
395
497
527
449
443
-0.1723
-0.9389
-0.2708
1.4000
-3.2200
-3.6400
395
497
527
448
443
-0.1640
-0.9374
-0.2572
1.8900
-4.2000
-2.2400
395
497
527
447
444
-0.1679
-0.9350
-0.2645
7.4900
-5.4600
-2.1700
395
496
527
445
445
-0.1737
-0.9536
-0.2396
-1.7500
-3.9900
-3.4300
395
496
527
444
445
-0.1684
-0.9213
-0.2684
0.7700
-4.7600
-4.3400
395
496
527
444
445
-0.1757
-0.9355
-0.2586
2.9400
-4.4100
-2.2400
396
496
527
443
445
-0.1728
-0.9389
-0.2635
4.6200
-4.5500
-2.6600
395
496
527
443
446
-0.1742
-0.9506
-0.2572
7.9800
-3.8500
-3.1500
395
495
526
442
446
-0.1693
-0.9492
-0.2469
1.9600
-5.6700
-2.2400
395
494
526
441
446
-0.1845
-0.9594
-0.2460
1.8200
-3.3600
-4.0600
395
493
526
440
444
-0.1679
-0.9384
-0.2430
1.4000
-5.3200
-2.3100
395
493
525
438
446
-0.1757
-0.9394
-0.2528
1.1200
-4.9000
-2.3800
395
492
525
437
444
-0.1786
-0.9448
-0.2567
2.2400
-3.4300
-4.0600
395
491
524
434
447
-0.1732
-0.9428
-0.2440
-2.2400
-3.5000
-3.2900
394
488
522
431
445
-0.1752
-0.9350
-0.2494
0.3500
-1.7500
-2.8000
394
482
513
426
447
-0.1791
-0.9423
-0.2689
-0.1400
-1.1200
-6.3000
391
470
493
411
446
-0.1679
-0.9384
-0.2430
2.5200
-1.0500
-2.1700
388
457
471
393
449
-0.1640
-0.9345
-0.2630
1.7500
-1.1200
0.4200
386
445
452
370
452
-0.1635
-0.9428
-0.2708
1.8200
-2.1700
-1.1200
374
425
425
345
454
-0.1664
-0.9345
-0.2586
2.3100
-3.6400
-4.7600
355
406
396
316
457
-0.1923
-0.9531
-0.2386
-5.6000
-1.7500
-8.7500
327
371
356
280
459
-0.1513
-0.9443
-0.2381
-2.2400
-3.5000
-5.8100
311
337
322
255
458
-0.1454
-0.9492
-0.2699
-2.1000
-5.1800
-4.6200
294
313
301
238
463
-0.1571
-0.9287
-0.2499
-14.1400
-13.4400
-8.8900
273
289
282
220
465
-0.1108
-0.9199
-0.3192
-2.2400
-13.9300
-8.8900
252
270
271
210
462
-0.1191
-0.9701
-0.2723
-10.8500
-13.5100
-0.2800
240
261
265
204
459
-0.1625
-0.9331
-0.2972
-3.2900
-4.8300
-3.9200
233
254
263
201
454
-0.1523
-0.9277
-0.3001
-8.2600
-7.1400
-1.6800
225
248
263
200
465
-0.1596
-0.9199
-0.3274
-13.0900
-11.0600
1.6800
221
248
265
201
488
-0.1810
-0.9257
-0.3670
-11.6200
-4.9700
0.0000
220
249
268
202
503
-0.1752
-0.9243
-0.3699
-4.7600
-3.8500
-0.1400
219
250
270
203
520
-0.1928
-0.8950
-0.3855
0.1400
-6.3000
0.1400
220
251
271
204
527
-0.1884
-0.9101
-0.3914
2.1000
-4.8300
-1.4000
220
253
273
205
539
-0.1732
-0.9087
-0.3753
3.2900
-0.9800
-1.5400
221
254
273
207
573
-0.1874
-0.9033
-0.3650
-2.1000
-1.1200
-1.2600
222
255
274
208
612
-0.2079
-0.8926
-0.3601
1.0500
0.7700
2.3100
222
254
274
209
640
-0.1928
-0.8921
-0.3723
0.0700
-2.2400
0.0000
222
255
275
213
654
-0.1898
-0.8891
-0.3723
0.8400
-3.0100
0.0000
222
255
276
216
667
-0.1747
-0.8838
-0.3601
-0.7000
-3.1500
-0.6300
223
256
277
218
675
-0.1986
-0.8789
-0.3699
2.3800
-3.7800
-0.9800
223
257
278
220
684
-0.2059
-0.8911
-0.3821
-0.1400
-3.9900
-2.0300
224
257
278
221
686
-0.2025
-0.8926
-0.3806
2.3100
-2.1700
-1.8900
224
257
279
221
684
-0.1976
-0.8891
-0.3811
4.2000
-4.2700
-2.1700
225
258
279
222
683
-0.2006
-0.8994
-0.3753
3.5000
-3.5000
-0.9100
225
258
280
223
683
-0.2045
-0.8921
-0.3689
2.3800
-3.4300
-1.6100
226
259
280
223
682
-0.2030
-0.8843
-0.3665
2.8700
-4.5500
-1.8900
226
259
280
224
683
-0.2054
-0.8877
-0.3709
1.4000
-5.2500
-1.8900
226
260
280
224
683
-0.2108
-0.8974
-0.3767
2.6600
-4.6900
-2.9400
226
261
281
224
684
-0.2084
-0.8989
-0.3699
2.3800
-5.0400
-2.5200
227
261
281
225
685
-0.2128
-0.8994
-0.3777
1.6800
-4.4100
-2.3800
227
261
281
225
685
-0.2084
-0.8999
-0.3723
3.2200
-4.4100
-2.5200
227
261
282
225
687
-0.2128
-0.8906
-0.3758
2.4500
-5.1100
-2.7300
227
262
282
226
685
-0.2157
-0.8926
-0.3670
2.1000
-3.5700
-2.5900
228
262
282
226
685
-0.2211
-0.9028
-0.3660
1.6800
-4.0600
-3.2900
228
262
282
226
686
-0.2142
-0.9013
-0.3767
1.5400
-4.7600
-2.7300
228
262
283
227
686
-0.2211
-0.9028
-0.3675
2.0300
-4.4100
-3.2900
228
263
283
227
685
-0.2172
-0.8945
-0.3699
2.1700
-4.5500
-2.4500
228
263
283
227
685
-0.2123
-0.8984
-0.3733
2.3100
-4.2700
-2.2400
229
263
283
228
685
-0.2220
-0.8950
-0.3723
1.8900
-4.7600
-3.0800
229
263
283
228
684
-0.2172
-0.8808
-0.3699
2.4500
-4.2000
-2.0300
229
264
283
228
685
-0.2152
-0.8955
-0.3680
2.5200
-4.4800
-2.1700
229
263
283
228
685
-0.2250
-0.8911
-0.3709
3.0800
-5.1100
-1.6100
229
264
284
228
683
-0.2186
-0.8945
-0.3675
2.8000
-4.1300
-1.9600
229
264
284
229
684
-0.2220
-0.8891
-0.3684
1.4000
-3.5000
-3.0800
229
265
284
229
684
-0.2240
-0.8877
-0.3689
2.3800
-5.4600
-3.1500
230
265
284
229
683
-0.2123
-0.8950
-0.3675
2.7300
-4.9000
-2.3800
230
265
285
230
682
-0.2225
-0.8926
-0.3694
1.6800
-4.5500
-2.8000
230
265
285
230
681
-0.2201
-0.8906
-0.3733
2.5200
-5.3200
-3.5700
230
265
285
230
677
-0.2181
-0.9004
-0.3758
1.7500
-4.1300
-3.2900
230
266
285
231
674
-0.2230
-0.8979
-0.3719
2.2400
-4.7600
-2.6600
230
266
286
231
673
-0.2264
-0.8974
-0.3684
0.2800
-3.8500
-3.2900
230
266
286
231
668
-0.2201
-0.8940
-0.3709
0.1400
-4.4100
-3.9200
231
266
286
230
649
-0.2230
-0.8945
-0.3640
-1.2600
-4.1300
-6.0200
231
267
286
226
619
-0.2142
-0.8916
-0.3626
2.8700
-4.9700
-5.6700
232
267
286
223
583
-0.2108
-0.8906
-0.3826
3.8500
-4.8300
-2.8700
232
268
286
223
540
-0.2255
-0.8926
-0.3743
2.5200
-4.9000
-6.3700
233
269
287
223
514
-0.2128
-0.8950
-0.2513
1.6800
-4.7600
-6.2300
236
271
289
225
495
-0.2157
-0.8891
-0.3670
-6.9300
-3.4300
-8.0500
248
283
301
233
481
-0.2030
-0.9004
-0.3889
4.2700
-1.6800
-6.4400
269
301
322
251
477
-0.1845
-0.9150
-0.3836
17.9200
1.1200
-6.2300
295
327
355
277
475
-0.1825
-0.9267
-0.3650
7.3500
-0.5600
-2.3100
315
350
381
300
473
-0.1649
-0.9428
-0.3518
1.6100
-3.8500
-1.1900
328
367
410
325
470
-0.1913
-0.9165
-0.3518
7.0000
-2.3100
0.2800
353
394
442
356
462
-0.2123
-0.9340
-0.3343
8.6100
0.2100
0.6300
379
422
473
375
450
-0.1845
-0.9096
-0.3465
8.5400
0.1400
-0.3500
385
451
494
396
440
-0.1820
-0.9121
-0.3192
5.9500
-2.1700
4.2000
390
472
509
415
441
-0.1889
-0.9111
-0.3060
8.9600
-0.2100
0.0700
395
484
517
431
436
-0.1835
-0.9082
-0.3162
5.1100
2.0300
-0.7700
397
492
522
444
432
-0.1845
-0.9272
-0.2786
9.3800
0.4900
-3.2900
404
496
526
451
429
-0.1815
-0.9160
-0.3026
5.7400
-2.3100
-1.4000
406
499
527
455
428
-0.1845
-0.9174
-0.2850
0.2800
-4.4100
1.8200
407
499
528
456
428
-0.2069
-0.9228
-0.3143
4.2000
-5.3900
-3.8500
407
499
528
457
428
-0.2128
-0.9252
-0.3055
5.0400
-2.8000
-5.8100
408
499
528
457
425
-0.1908
-0.9223
-0.2933
5.2500
-4.3400
-3.5700
410
500
528
457
428
-0.2050
-0.9243
-0.2865
4.1300
-5.0400
-2.3100
410
499
528
456
428
-0.1967
-0.9174
-0.2894
2.5200
-4.9000
-2.5200
410
499
528
455
428
-0.2006
-0.9282
-0.2938
10.7100
-3.9900
-1.8200
410
498
528
454
428
-0.2025
-0.9350
-0.2713
2.1700
-3.2200
-1.3300
410
498
528
453
429
-0.2074
-0.9209
-0.2747
1.8200
-4.7600
-3.3600
410
498
528
453
430
-0.1991
-0.9243
-0.2762
0.4200
-5.3200
-2.4500
409
497
527
453
427
-0.2011
-0.9292
-0.2821
2.7300
-3.8500
-2.6600
409
496
528
453
430
-0.2040
-0.9311
-0.2747
1.4700
-3.7100
-2.3800
409
496
527
452
430
-0.2040
-0.9267
-0.2786
2.8000
-3.2200
-3.1500
408
495
527
451
431
-0.2020
-0.9321
-0.2679
0.7700
-3.7800
-2.2400
408
495
527
450
431
-0.2133
-0.9184
-0.2743
0.9800
-4.2000
-4.7600
408
494
526
449
431
-0.1952
-0.9311
-0.2899
2.1700
-4.2700
-3.6400
408
493
526
448
431
-0.2020
-0.9262
-0.2801
-0.7000
-4.2000
-2.4500
407
491
526
447
430
-0.1996
-0.9218
-0.2865
0.4900
-3.3600
-3.0800
406
489
525
445
433
-0.2084
-0.9306
-0.2943
-0.2800
-2.8700
-4.1300
405
486
524
444
434
-0.1962
-0.9272
-0.2865
-4.0600
-2.4500
-4.6900
403
482
521
441
436
-0.1884
-0.9345
-0.3060
-5.6000
-1.7500
0.4900
401
476
514
435
440
-0.2054
-0.9121
-0.3289
2.6600
-1.7500
-3.5700
400
469
499
429
441
-0.1762
-0.9228
-0.3240
-2.5200
-6.9300
-2.8700
398
460
477
419
445
-0.2059
-0.9311
-0.3084
-1.1200
-4.2700
-5.1100
394
450
453
405
448
-0.1942
-0.9272
-0.3192
1.6100
-2.8700
-8.9600
387
436
430
387
450
-0.1859
-0.9238
-0.3133
2.1000
-2.1000
-7.2100
371
416
400
362
454
-0.1762
-0.9130
-0.3265
3.3600
-2.2400
-6.3700
346
387
366
332
455
-0.1703
-0.9257
-0.3382
2.1700
-2.0300
-4.0600
332
360
341
305
457
-0.1747
-0.9384
-0.3226
-1.0500
-7.4900
-3.0800
321
331
318
280
459
-0.1806
-0.9414
-0.3016
-2.0300
-3.9200
-5.8800
308
310
301
263
461
-0.1610
-0.8804
-0.3221
-6.3000
-7.5600
-5.9500
291
292
284
246
462
-0.1615
-0.9067
-0.3543
-2.1000
-8.3300
-7.4900
273
276
270
231
461
-0.1513
-0.9267
-0.3455
-0.4200
-10.2200
-7.9800
259
262
258
216
459
-0.1347
-0.9248
-0.3606
1.8900
-7.9800
-2.4500
248
252
253
203
466
-0.1523
-0.8989
-0.3782
-4.0600
-10.9200
-3.4300
241
247
253
202
466
-0.1684
-0.8994
-0.3684
-8.6100
-10.5000
-2.2400
237
245
255
203
458
-0.1562
-0.8852
-0.4065
-2.6600
-7.9800
-2.2400
235
245
259
203
459
-0.1859
-0.9121
-0.3709
-3.9900
-5.3900
-2.0300
234
246
262
205
480
-0.1806
-0.9882
-0.3909
-12.8800
-6.5100
1.0500
234
247
263
207
519
-0.1864
-0.8730
-0.3967
-2.8700
-2.5900
0.2800
233
248
264
209
568
-0.1859
-0.8784
-0.4153
-2.5200
-3.8500
-2.9400
233
249
264
211
614
-0.1786
-0.8730
-0.4280
4.0600
-1.4000
1.6100
234
249
265
215
652
-0.1962
-0.8867
-0.4197
2.3800
-2.3100
2.8000
234
250
265
218
679
-0.1952
-0.8594
-0.4280
10.1500
-3.1500
3.9200
234
251
266
218
706
-0.2172
-0.8926
-0.4216
4.3400
-2.2400
-0.1400
235
252
267
218
719
-0.2118
-0.8682
-0.4153
1.4000
-4.4800
-0.6300
235
252
268
218
719
-0.2245
-0.8701
-0.3958
2.1000
-4.2700
0.0000
235
253
269
219
723
-0.2181
-0.8594
-0.4114
2.2400
-3.4300
-0.9100
235
253
269
219
724
-0.2245
-0.8555
-0.4172
4.5500
-3.2200
-1.4700
236
253
269
220
726
-0.2191
-0.8701
-0.4109
2.1000
-4.5500
-0.3500
236
254
270
220
733
-0.2274
-0.8769
-0.3943
2.1000
-2.9400
-2.2400
236
254
271
220
737
-0.2323
-0.8735
-0.4114
1.4700
-3.4300
-2.1700
236
255
271
220
739
-0.2333
-0.8847
-0.4085
2.9400
-3.7800
-2.7300
236
255
271
220
738
-0.2333
-0.8750
-0.3972
3.0800
-3.8500
-3.1500
236
255
271
220
737
-0.2255
-0.8779
-0.4148
-0.1400
-4.5500
-4.5500
236
256
272
221
728
-0.2274
-0.8730
-0.4177
-1.5400
-3.3600
-2.4500
237
257
273
223
714
-0.2196
-0.8691
-0.4094
0.0700
-3.3600
-8.2600
238
258
273
225
669
-0.2191
-0.8916
-0.4368
6.3700
0.2100
-8.8200
241
260
274
222
596
-0.1957
-0.8672
-0.4133
-4.8300
-2.0300
-0.2800
248
265
277
222
548
-0.2152
-0.8755
-0.4026
-1.4000
-2.4500
-1.4700
262
277
290
230
514
-0.2030
-0.8906
-0.4382
7.9100
3.5700
-6.7900
285
299
313
248
485
-0.1874
-0.9150
-0.4065
13.7900
0.4200
-4.0600
309
326
346
280
470
-0.1708
-0.8813
-0.3904
14.3500
2.8700
-3.7100
337
363
390
324
458
-0.1688
-0.8999
-0.3567
12.3200
0.0700
-3.7800
358
395
432
356
452
-0.1654
-0.9179
-0.3762
13.9300
0.5600
-0.2100
384
426
476
389
442
-0.1713
-0.9360
-0.3655
9.5900
0.2100
3.4300
395
454
499
411
435
-0.1791
-0.9106
-0.3440
9.8000
-1.8200
4.7600
399
478
514
428
428
-0.1908
-0.9038
-0.3211
7.4900
-2.9400
2.1700
403
491
522
441
428
-0.1947
-0.9130
-0.3157
7.4200
-2.5900
-1.3300
405
496
525
446
427
-0.1923
-0.9204
-0.3196
3.7800
-2.1700
-2.0300
406
497
526
448
425
-0.1937
-0.9272
-0.3294
1.8200
-3.7800
-1.8900
406
497
526
449
425
-0.2035
-0.9301
-0.3128
-1.8900
-2.4500
-3.7100
406
497
526
449
425
-0.1908
-0.9057
-0.3260
1.3300
-3.5700
-2.6600
406
497
526
449
425
-0.1957
-0.9072
-0.3060
-0.9100
-4.5500
-2.3100
405
497
526
449
423
-0.1986
-0.9126
-0.3245
3.0800
-3.2200
-3.3600
405
496
526
448
425
-0.1923
-0.9243
-0.3113
0.3500
-4.4100
-3.2200
405
496
526
447
425
-0.1952
-0.9155
-0.3235
3.9200
-2.5900
-3.8500
405
496
526
446
426
-0.1806
-0.9140
-0.3177
1.5400
-3.9200
-3.8500
405
495
526
445
426
-0.1869
-0.9228
-0.3392
1.1900
-3.3600
-4.6900
404
494
525
444
426
-0.1947
-0.9126
-0.3255
0.0000
-4.2700
-3.7100
404
493
525
443
427
-0.1874
-0.9111
-0.3226
-1.8200
-5.6700
-3.2200
403
487
523
439
426
-0.1889
-0.9033
-0.3240
-4.7600
-5.1800
-4.6200
400
477
514
430
430
-0.1854
-0.9170
-0.3396
-3.0100
-5.5300
-3.0100
397
463
490
416
433
-0.1957
-0.9116
-0.3450
-4.4800
-3.7800
-4.2000
394
450
466
396
436
-0.1913
-0.8979
-0.3475
0.4900
-2.4500
-5.7400
388
432
439
377
437
-0.1771
-0.9087
-0.3645
1.4000
-0.3500
-7.0000
380
409
406
345
439
-0.1640
-0.8877
-0.3455
2.2400
-4.4100
-6.5800
379
376
368
305
441
-0.1635
-0.9277
-0.3597
-0.4900
-5.4600
-8.0500
361
337
333
268
444
-0.1581
-0.9179
-0.3431
12.3900
-6.3000
-9.1700
339
309
307
243
447
-0.1625
-0.8813
-0.3533
5.7400
-5.4600
-6.4400
318
289
290
229
448
-0.1381
-0.9301
-0.3567
-2.5900
-10.4300
-3.9200
300
274
276
218
449
-0.1254
-0.9160
-0.3680
-4.9700
-11.8300
-3.2900
281
260
263
205
444
-0.1401
-0.8769
-0.3743
-5.8100
-14.3500
-2.4500
266
250
258
200
440
-0.1801
-0.8813
-0.3636
-6.7900
-13.3000
-1.2600
257
247
259
200
445
-0.1962
-0.8945
-0.3816
1.4700
-8.0500
-3.9200
254
245
260
202
451
-0.1703
-0.9028
-0.3811
-9.8000
-13.0900
-7.5600
251
244
261
204
463
-0.1767
-0.8911
-0.4094
0.6300
-6.5800
-0.2800
250
246
262
206
484
-0.1762
-0.8886
-0.4060
1.2600
-5.6000
-2.0300
249
247
263
208
517
-0.1688
-0.8769
-0.3948
-1.0500
-5.9500
-2.8000
249
248
263
209
553
-0.1884
-0.8799
-0.4089
-1.9600
-4.9700
-1.1900
249
249
263
210
588
-0.1762
-0.8974
-0.4143
-0.4900
-3.0800
0.2100
248
249
263
213
631
-0.1854
-0.8872
-0.4177
-1.0500
-4.3400
-0.7000
248
249
263
217
659
-0.1923
-0.8955
-0.4080
3.1500
-1.7500
-0.0700
249
250
264
217
677
-0.1854
-0.8857
-0.4128
6.0900
-2.3800
0.2800
249
250
266
217
686
-0.2094
-0.8857
-0.4036
1.4700
-2.3100
-1.7500
249
251
266
217
690
-0.1913
-0.8764
-0.4128
3.0100
-2.7300
-0.9800
249
251
267
217
695
-0.1962
-0.8857
-0.3948
2.2400
-3.6400
-1.7500
249
252
267
217
698
-0.1962
-0.8799
-0.4133
1.6100
-3.0800
-2.3800
250
252
268
217
699
-0.2074
-0.8804
-0.4055
3.1500
-3.8500
-2.1700
250
253
269
218
700
-0.2089
-0.8799
-0.4021
2.1700
-3.2200
-1.6100
250
254
269
218
701
-0.2045
-0.8760
-0.3997
0.7000
-3.5000
-0.7000
251
254
270
218
700
-0.2074
-0.8804
-0.4085
2.3800
-3.7100
-0.9800
251
255
270
218
701
-0.2094
-0.8818
-0.4104
1.8200
-3.9200
-1.9600
251
255
271
219
705
-0.2035
-0.8721
-0.4065
2.4500
-3.6400
-1.8200
251
256
271
219
702
-0.2059
-0.8877
-0.3928
-6.9300
-3.7100
-8.1200
252
257
272
222
669
-0.1996
-0.8677
-0.4207
2.1000
2.5200
-4.0600
255
259
273
220
605
-0.2435
-0.8506
-0.3680
-2.8700
-1.8900
-5.5300
260
262
275
219
540
-0.1615
-0.8784
-0.4299
8.4000
-3.5000
-12.8100
275
272
286
226
509
-0.1581
-0.8843
-0.4280
13.2300
2.1700
-8.6100
299
292
310
244
485
-0.1606
-0.8750
-0.4011
12.6700
1.7500
-10.4300
326
325
350
279
477
-0.1532
-0.8711
-0.3845
13.7900
-2.8700
-0.4900
355
371
403
331
466
-0.1566
-0.9179
-0.3689
15.6800
-1.4000
-3.6400
381
412
454
368
453
-0.1425
-0.9072
-0.3670
17.4300
-2.5200
3.8500
393
434
483
395
443
-0.1688
-0.9252
-0.3401
7.2800
-1.9600
2.1700
399
456
507
416
437
-0.1791
-0.9067
-0.3338
4.9700
-0.2800
0.4900
401
472
515
426
435
-0.1742
-0.9170
-0.3299
9.7300
-2.0300
-0.6300
402
479
519
431
433
-0.1835
-0.9355
-0.3070
4.0600
-0.9800
-3.0100
403
484
521
435
430
-0.1815
-0.9267
-0.3104
1.4000
-3.7800
-1.4000
404
484
522
435
431
-0.1796
-0.9111
-0.3162
3.1500
-2.8700
-3.2900
404
485
522
435
431
-0.1732
-0.9272
-0.3084
0.6300
-2.9400
-3.7800
404
485
522
435
431
-0.1708
-0.9399
-0.3289
3.4300
-3.0800
-3.9900
404
484
521
437
431
-0.1645
-0.9374
-0.3187
1.6800
-2.5900
-4.4800
404
485
522
437
431
-0.1649
-0.9321
-0.3265
3.0800
-3.0100
-1.8200
404
486
522
438
431
-0.1757
-0.9306
-0.3172
0.0000
-2.9400
-1.7500
404
487
522
440
428
-0.1781
-0.9179
-0.3143
1.9600
-2.4500
-2.4500
404
486
522
438
431
-0.1781
-0.9174
-0.3157
-10.2900
-5.7400
-3.7100
401
466
499
423
430
-0.1762
-0.9257
-0.3431
0.8400
-1.3300
-3.1500
392
441
454
403
434
-0.1737
-0.9189
-0.3353
6.0900
-1.4000
-7.5600
388
411
410
366
437
-0.1562
-0.9428
-0.3401
1.5400
-1.4700
-3.9900
382
381
374
328
439
-0.1381
-0.9204
-0.3455
6.9300
-2.0300
-2.6600
372
350
344
296
441
-0.1527
-0.9365
-0.3089
-3.2900
-3.2900
-4.5500
353
320
317
271
443
-0.1415
-0.9355
-0.3235
-1.0500
-4.6900
-4.6200
334
297
293
249
444
-0.1484
-0.9292
-0.3113
-2.1000
-5.6700
-4.3400
311
277
275
232
445
-0.1274
-0.9116
-0.3113
-2.9400
-8.6100
-4.5500
293
266
264
221
446
-0.1279
-0.9277
-0.3304
-4.6900
-10.2900
-1.3300
278
257
257
213
446
-0.1435
-0.9189
-0.3372
1.6100
-12.0400
-2.5900
270
252
254
209
446
-0.1503
-0.9218
-0.3431
-0.7000
-6.5800
-1.9600
264
249
253
207
449
-0.1474
-0.9194
-0.3426
4.9000
-9.3100
-0.2800
259
247
255
207
454
-0.1557
-0.9609
-0.3509
-0.9800
-8.1900
-2.9400
255
245
257
208
458
-0.1454
-0.9277
-0.3323
-3.9900
-8.0500
-0.9100
253
246
259
208
459
-0.1640
-0.8891
-0.3148
-1.1900
-8.8900
-3.0800
252
247
261
209
479
-0.1654
-0.9023
-0.3338
-6.8600
-10.9900
4.7600
252
248
262
210
514
-0.1879
-0.8862
-0.3270
-4.7600
-8.0500
-0.4900
252
250
263
211
553
-0.1713
-0.9028
-0.3572
0.7000
-7.6300
-3.6400
252
251
264
212
595
-0.1728
-0.9257
-0.3562
-1.1200
-3.2200
-2.5200
252
252
264
212
629
-0.1845
-0.9111
-0.3645
3.2200
-3.9200
-1.1200
253
252
265
216
650
-0.1776
-0.9077
-0.3699
4.5500
-4.2000
-0.1400
253
253
266
219
670
-0.1932
-0.9121
-0.3640
2.8000
-3.7100
-2.3100
252
254
267
221
683
-0.1972
-0.9096
-0.3655
3.1500
-4.5500
-1.2600
252
255
267
221
691
-0.1991
-0.9033
-0.3684
2.3800
-3.6400
-1.9600
253
255
268
222
692
-0.1962
-0.9072
-0.3572
2.0300
-4.2700
-2.3800
253
255
268
222
695
-0.1991
-0.9101
-0.3543
0.5600
-4.4100
-2.6600
253
256
269
222
696
-0.2020
-0.9087
-0.3631
2.5900
-4.5500
-3.0100
253
256
269
222
695
-0.1908
-0.9165
-0.3699
2.8000
-3.4300
-2.8000
253
256
269
223
697
-0.2084
-0.9111
-0.3562
3.8500
-3.4300
-1.6800
253
256
269
223
695
-0.2054
-0.8999
-0.3616
4.3400
-4.2700
-2.3100
253
257
270
223
694
-0.1986
-0.9116
-0.3655
3.3600
-3.7800
-2.5200
254
257
270
223
693
-0.2011
-0.9067
-0.3553
1.8900
-4.1300
-3.6400
254
257
270
223
691
-0.2069
-0.9038
-0.3601
1.6100
-3.4300
-3.0100
254
258
271
223
689
-0.2040
-0.9062
-0.3616
1.9600
-3.4300
-2.6600
255
258
271
224
687
-0.2040
-0.9008
-0.3523
1.4000
-3.9900
-2.1000
255
258
271
224
686
-0.2045
-0.9004
-0.3523
2.2400
-4.4100
-3.2200
255
259
272
225
688
-0.2064
-0.9052
-0.3572
2.8000
-4.5500
-3.9200
255
258
272
225
687
-0.1991
-0.9028
-0.3616
2.8000
-4.6200
-3.0100
255
259
272
225
685
-0.2006
-0.9111
-0.3621
2.8700
-4.1300
-3.1500
256
259
272
225
683
-0.2064
-0.9067
-0.3606
2.8700
-3.7800
-2.8000
256
259
273
225
683
-0.2054
-0.9101
-0.3680
3.5700
-3.0800
-3.0800
256
259
273
226
682
-0.1962
-0.9116
-0.3572
0.7000
-3.5700
-2.8700
256
260
273
226
681
-0.2035
-0.9077
-0.3640
0.4200
-4.0600
-3.5700
256
260
273
226
679
-0.1996
-0.9043
-0.3626
1.9600
-4.9700
-2.9400
256
260
274
227
678
-0.2006
-0.9116
-0.3616
1.5400
-3.2900
-4.5500
257
261
274
228
674
-0.1898
-0.9057
-0.3601
0.7000
-3.9900
-2.4500
258
261
275
229
671
-0.2030
-0.9013
-0.3567
2.3800
-2.9400
-2.8000
258
261
275
229
672
-0.2006
-0.9052
-0.3753
4.2700
-1.2600
-5.2500
259
262
275
229
665
-0.1952
-0.9106
-0.3704
6.4400
-2.1700
-8.2600
261
263
275
227
623
-0.2006
-0.9213
-0.3577
-2.2400
-5.1100
-7.8400
262
264
276
224
541
-0.1942
-0.8916
-0.3304
2.3800
-7.4200
-9.5900
263
264
276
224
484
-0.1640
-0.8989
-0.3470
0.9100
-3.7100
-4.6200
264
264
276
224
462
-0.1879
-0.9116
-0.3455
-3.9200
-5.8800
-6.9300
267
266
278
224
442
-0.1649
-0.9062
-0.3670
-6.9300
-4.2700
-4.2000
278
274
285
230
435
-0.1728
-0.9111
-0.3787
-1.3300
-1.8900
-6.4400
300
292
305
247
431
-0.1318
-0.9160
-0.3680
2.0300
-0.9800
-6.2300
323
323
343
280
430
-0.1625
-0.8862
-0.3655
8.7500
-1.8900
-4.4100
348
369
400
329
428
-0.1449
-0.9267
-0.3592
1.2600
1.7500
-0.4200
370
409
458
367
426
-0.1362
-0.9213
-0.3670
3.8500
-1.4000
0.7700
383
428
485
387
425
-0.1464
-0.9155
-0.3601
6.7200
-4.6200
1.5400
399
448
504
407
420
-0.1493
-0.9130
-0.3592
4.0600
-4.8300
0.9800
407
471
517
424
420
-0.1654
-0.9213
-0.3518
9.6600
-1.7500
0.6300
406
489
523
439
418
-0.1586
-0.9282
-0.3304
5.6700
-2.1700
-2.1700
407
496
525
447
416
-0.1615
-0.9238
-0.3123
2.8700
-4.0600
-1.7500
408
498
526
452
420
-0.1776
-0.9292
-0.3489
9.8000
-1.8200
-2.5200
409
500
527
454
419
-0.1601
-0.9428
-0.3436
2.3100
-3.2200
-3.6400
409
500
527
457
419
-0.1615
-0.9223
-0.3353
4.3400
-3.6400
-4.4800
409
500
527
459
418
-0.1606
-0.9355
-0.3436
5.2500
-3.3600
-4.8300
409
500
527
460
418
-0.1596
-0.9360
-0.3348
1.2600
-3.3600
-4.6900
409
500
527
460
418
-0.1562
-0.9170
-0.3279
2.3100
-3.2900
-4.6200
408
499
527
460
418
-0.1518
-0.9262
-0.3392
1.8900
-3.7100
-3.7100
408
498
526
458
418
-0.1459
-0.9287
-0.3392
-0.7000
-3.2900
-3.7100
408
498
526
456
419
-0.1527
-0.9199
-0.3392
3.2200
-3.4300
-4.3400
408
498
525
453
420
-0.1469
-0.9292
-0.3465
-1.0500
-3.9200
-1.7500
406
495
523
446
420
-0.1566
-0.9282
-0.3436
-4.9700
-3.4300
-1.6800
404
489
517
437
422
-0.1566
-0.9228
-0.3606
-3.7100
-2.2400
-5.0400
402
479
506
425
423
-0.1410
-0.9184
-0.3714
4.1300
0.2800
-5.6700
399
468
491
402
425
-0.1371
-0.9150
-0.3518
2.1000
-2.3800
-1.2600
397
460
476
379
426
-0.1576
-0.9194
-0.3694
3.2900
-2.5900
-3.5700
395
451
458
361
427
-0.1435
-0.9257
-0.3504
2.1000
-4.0600
-5.7400
389
439
436
342
429
-0.1391
-0.9213
-0.3387
3.9200
-4.3400
-7.0000
377
416
407
318
431
-0.1327
-0.9135
-0.3387
4.9700
-4.7600
-5.6000
366
389
377
297
430
-0.1157
-0.9272
-0.3475
8.6100
-7.1400
-4.6900
351
362
350
278
433
-0.1322
-0.9121
-0.3294
2.7300
-4.4100
-3.7100
341
336
330
260
434
-0.1166
-0.9072
-0.3211
6.3000
-6.3700
-2.2400
327
313
311
244
435
-0.1322
-0.9594
-0.3226
7.7700
-5.6000
-2.4500
312
294
294
231
436
-0.1318
-0.9335
-0.3094
4.1300
-10.5000
-3.5000
295
277
282
221
437
-0.1215
-0.9140
-0.3523
5.1800
-5.9500
-2.6600
281
264
275
213
440
-0.1459
-0.9365
-0.3299
9.5200
-9.5200
0.1400
270
258
271
208
441
-0.1630
-0.9335
-0.3001
0.7000
-9.6600
-1.2600
259
253
270
206
444
-0.1786
-0.9331
-0.3084
3.1500
-6.3000
-2.1000
253
249
269
206
452
-0.1562
-0.9189
-0.3030
5.1800
-5.1100
0.2800
250
248
269
207
458
-0.1630
-0.9379
-0.3035
2.7300
-7.4900
-3.1500
249
248
271
208
457
-0.1615
-0.9160
-0.2967
-10.1500
-10.3600
-1.9600
248
249
273
209
467
-0.1718
-0.9218
-0.3392
-0.1400
-7.0700
-3.0800
247
250
274
210
474
-0.1606
-0.9350
-0.3421
0.2800
-5.4600
-3.7800
247
252
276
211
491
-0.1664
-0.9277
-0.3289
-5.8800
-4.6900
-1.1200
246
253
276
211
521
-0.1630
-0.9189
-0.3553
2.1000
-5.2500
-0.7000
246
253
277
212
537
-0.1606
-0.9209
-0.3250
-2.8700
-5.6000
3.0100
245
253
277
212
563
-0.1937
-0.9052
-0.3592
-0.7000
-4.8300
-4.4100
245
254
276
212
600
-0.1913
-0.9067
-0.3558
-2.3800
-3.0100
-4.6200
244
254
277
211
647
-0.1791
-0.9199
-0.3631
0.5600
-3.7100
-4.8300
244
255
277
215
679
-0.1742
-0.8979
-0.3587
5.6700
-2.9400
2.3100
244
256
279
217
706
-0.1991
-0.9233
-0.3626
3.1500
-0.0700
-2.1000
244
256
279
217
726
-0.1771
-0.9101
-0.3553
-0.2800
-2.8000
0.0000
244
257
280
216
733
-0.1928
-0.9087
-0.3509
1.1200
-2.6600
-1.9600
245
257
280
217
731
-0.1928
-0.9008
-0.3587
1.8900
-4.4100
-2.2400
245
258
281
218
729
-0.1913
-0.8994
-0.3631
3.5700
-4.3400
-2.4500
246
258
281
218
726
-0.1884
-0.9126
-0.3650
4.9000
-3.4300
-3.5000
246
258
281
218
724
-0.1952
-0.9013
-0.3606
3.1500
-4.2000
-3.0800
246
259
281
218
721
-0.1937
-0.9135
-0.3558
2.5200
-3.3600
-3.4300
247
259
282
218
721
-0.1937
-0.9033
-0.3562
2.1700
-2.9400
-2.1700
247
259
282
219
717
-0.1893
-0.9155
-0.3504
2.8700
-3.2900
-3.9200
248
259
282
220
717
-0.1947
-0.9018
-0.3509
1.6100
-3.0800
-3.3600
248
259
282
220
715
-0.1937
-0.9067
-0.3523
3.5000
-3.9900
-3.5700
248
260
283
220
715
-0.1942
-0.9111
-0.3518
2.3800
-3.2200
-3.7800
248
260
283
221
713
-0.1913
-0.9155
-0.3572
4.6900
-4.2700
-3.0800
248
260
283
221
712
-0.1908
-0.9179
-0.3465
3.1500
-3.2900
-2.8000
249
261
283
222
709
-0.1879
-0.9082
-0.3514
2.3100
-4.6200
-3.8500
249
261
284
222
708
-0.1918
-0.9048
-0.3455
2.0300
-5.0400
-2.2400
249
261
284
222
707
-0.1986
-0.9028
-0.3436
3.7100
-3.8500
-2.4500
249
261
284
222
707
-0.1913
-0.9057
-0.3431
2.1700
-3.5000
-1.6100
249
261
284
222
711
-0.1913
-0.9062
-0.3406
3.2200
-3.7800
-0.9800
250
261
285
222
716
-0.1957
-0.9145
-0.3411
2.4500
-4.1300
-1.9600
250
262
285
222
718
-0.1986
-0.9135
-0.3382
0.0700
-4.4100
-3.7800
250
262
285
223
712
-0.2045
-0.9106
-0.3562
-3.9200
-6.1600
-5.3200
250
263
285
224
689
-0.1962
-0.9008
-0.3528
0.7000
-5.7400
-4.6200
251
263
285
224
666
-0.1840
-0.9091
-0.3567
1.4000
-4.9700
-4.8300
252
263
286
222
637
-0.1815
-0.9096
-0.3509
5.1100
-3.4300
-3.7100
252
264
286
221
624
-0.1879
-0.9043
-0.3460
2.7300
-3.1500
-4.4100
252
264
286
220
607
-0.1893
-0.9135
-0.3601
0.9100
-3.2200
-3.1500
253
264
286
221
577
-0.2015
-0.9023
-0.3440
-1.8900
0.8400
-4.8300
260
269
287
222
548
-0.1718
-0.9018
-0.3401
-2.8000
0.3500
-13.2300
274
281
299
228
517
-0.1435
-0.9218
-0.3709
2.1000
-4.2700
-12.5300
293
299
322
246
502
-0.1235
-0.8984
-0.3655
2.4500
-3.7100
-5.8100
310
321
351
267
493
-0.1347
-0.9174
-0.3509
2.1000
-1.2600
-6.4400
328
343
381
291
488
-0.1327
-0.9277
-0.3475
1.0500
-1.8900
-11.0600
345
367
397
311
482
-0.1196
-0.9282
-0.3714
6.1600
-2.9400
-6.4400
356
381
412
329
481
-0.1352
-0.9340
-0.3528
8.1900
-4.2000
-2.8000
367
399
438
347
478
-0.1186
-0.9316
-0.3387
5.4600
-5.0400
-2.6600
373
411
460
358
475
-0.1352
-0.9179
-0.3416
3.1500
-3.2200
-2.6600
381
421
476
368
474
-0.1240
-0.9301
-0.3299
5.4600
-3.3600
-0.8400
388
433
493
382
471
-0.1240
-0.9296
-0.3294
7.1400
0.1400
-2.1000
400
449
509
401
465
-0.1322
-0.9243
-0.2791
5.1800
-0.2800
-2.0300
409
462
518
416
460
-0.1303
-0.9277
-0.2948
2.0300
-3.0800
-2.0300
408
472
522
424
458
-0.1313
-0.9423
-0.3094
4.9700
-1.9600
-3.0100
404
478
523
425
457
-0.1205
-0.9423
-0.2904
4.4100
-4.3400
-4.6900
402
476
522
421
457
-0.1244
-0.9467
-0.3148
-10.2900
-5.5300
-2.3800
394
465
511
410
455
-0.1166
-0.9345
-0.3338
-3.0800
-5.6000
-1.9600
385
456
495
402
458
-0.1259
-0.9365
-0.3318
-1.0500
-4.2700
-2.5900
384
454
489
396
457
-0.1230
-0.9394
-0.3387
3.5700
-3.4300
-5.2500
382
453
481
386
460
-0.1254
-0.9467
-0.3528
-2.1700
-2.1700
-6.5800
370
439
454
369
459
-0.1249
-0.9301
-0.3606
4.8300
-2.7300
-1.8200
354
422
422
342
462
-0.1235
-0.9492
-0.3518
16.8700
-3.8500
2.3100
332
397
388
312
461
-0.2440
-0.9282
-0.3245
-2.2400
-3.5700
-3.9900
324
356
354
282
465
-0.0947
-0.9414
-0.3377
3.1500
-3.9200
-2.0300
309
320
326
258
467
-0.1366
-0.9472
-0.3187
4.2000
-5.4600
-2.2400
294
297
306
241
467
-0.1103
-0.9326
-0.3377
5.4600
-6.9300
-3.8500
282
282
291
229
466
-0.1274
-0.9282
-0.3416
-5.1800
-6.7200
-3.0100
270
270
282
221
462
-0.1322
-0.9223
-0.3333
-5.6000
-3.0800
-1.0500
262
262
276
216
456
-0.1327
-0.9062
-0.3187
-7.3500
-5.6000
-1.6800
256
260
274
213
461
-0.1205
-0.8960
-0.3821
-5.8100
-6.4400
0.7000
251
257
275
213
483
-0.1391
-0.9189
-0.3543
-2.2400
-3.5000
1.6800
247
256
275
213
486
-0.1576
-0.9091
-0.3382
-8.9600
-11.1300
6.0900
244
255
277
212
517
-0.1625
-0.9028
-0.3987
2.4500
-2.1700
0.1400
243
256
278
213
579
-0.1523
-0.9126
-0.3845
-0.2100
-5.4600
-1.3300
243
256
278
214
633
-0.1791
-0.9218
-0.3889
-4.9700
-4.8300
-2.0300
242
257
279
217
671
-0.1659
-0.8950
-0.3943
1.3300
-2.1000
-3.5000
242
257
280
220
694
-0.1552
-0.9018
-0.3899
4.4800
-3.1500
-3.5700
242
258
281
222
704
-0.1562
-0.9048
-0.3821
5.6000
-4.8300
-3.6400
242
258
282
222
707
-0.1645
-0.9013
-0.3738
4.5500
-3.7100
-3.0100
242
258
282
222
712
-0.1620
-0.9062
-0.3743
2.2400
-3.6400
-3.6400
242
258
282
222
712
-0.1635
-0.8965
-0.3894
2.4500
-4.6200
-3.1500
242
259
283
223
710
-0.1688
-0.9091
-0.3841
2.3100
-3.7800
-2.5900
242
259
283
223
709
-0.1649
-0.9004
-0.3782
2.6600
-3.7100
-2.8700
243
259
283
224
708
-0.1606
-0.8926
-0.3719
2.4500
-3.9900
-2.0300
243
260
284
224
707
-0.1581
-0.8911
-0.3675
3.0800
-4.2000
-2.1700
243
260
284
224
707
-0.1542
-0.8984
-0.3762
2.6600
-4.5500
-3.0100
243
260
284
225
706
-0.1630
-0.8994
-0.3782
1.5400
-3.7800
-2.5900
244
261
284
225
703
-0.1630
-0.9038
-0.3802
1.9600
-4.2700
-2.3800
244
261
285
226
700
-0.1747
-0.9067
-0.3753
1.8200
-2.7300
-1.9600
244
261
285
226
700
-0.1649
-0.9091
-0.3802
1.2600
-3.9900
-2.3100
245
261
285
227
695
-0.1674
-0.9111
-0.3777
2.8000
-3.5000
-2.5900
245
262
286
228
695
-0.1615
-0.9057
-0.3689
2.4500
-4.7600
-2.8000
245
262
286
228
694
-0.1713
-0.9033
-0.3767
3.9200
-4.7600
-2.3800
245
262
286
228
694
-0.1659
-0.9091
-0.3680
2.8700
-4.6200
-2.5200
245
262
286
228
693
-0.1659
-0.9072
-0.3631
2.5900
-3.6400
-2.5900
246
263
286
229
694
-0.1649
-0.9018
-0.3675
2.9400
-3.7100
-2.3800
246
263
286
229
695
-0.1708
-0.8999
-0.3645
1.8900
-4.0600
-1.8900
246
263
286
229
699
-0.1732
-0.8994
-0.3660
1.8900
-4.9700
-2.3100
246
263
287
229
696
-0.1708
-0.8994
-0.3709
1.4700
-5.8100
-2.9400
246
264
287
230
694
-0.1708
-0.9028
-0.3733
0.7700
-4.6200
-3.1500
246
264
287
230
688
-0.1767
-0.9013
-0.3694
0.2100
-4.9000
-2.0300
246
264
287
231
680
-0.1732
-0.8979
-0.3733
0.2100
-6.5800
-1.4700
247
265
288
231
673
-0.1850
-0.9067
-0.3758
2.5900
-3.8500
-3.5700
247
265
288
232
669
-0.1776
-0.9008
-0.3792
1.6100
-3.9200
-3.1500
247
265
288
231
658
-0.1708
-0.9013
-0.3802
3.3600
-2.5200
-7.8400
248
265
288
227
618
-0.1669
-0.8999
-0.3714
-3.0100
-7.0000
-7.4200
250
267
288
225
550
-0.1781
-0.8999
-0.3753
1.4000
-3.7100
-9.6600
254
270
289
226
496
-0.1425
-0.9023
-0.3640
2.8700
-7.5600
-9.8700
262
275
294
231
463
-0.1523
-0.9150
-0.3845
1.4700
-5.0400
-7.3500
269
281
301
237
446
-0.1454
-0.9082
-0.3645
-2.7300
-5.7400
-8.1200
280
290
311
247
439
-0.1352
-0.8969
-0.3831
1.4700
-2.5900
-6.1600
297
307
327
262
437
-0.1181
-0.9174
-0.3982
18.6200
-0.8400
-0.1400
327
347
366
299
433
-0.1352
-0.9111
-0.3787
4.9000
-3.1500
-0.4900
351
382
408
338
431
-0.1279
-0.8969
-0.3684
0.9100
-5.7400
0.4900
374
413
460
370
429
-0.1308
-0.8872
-0.3660
4.4100
-5.6700
1.6100
394
437
493
401
426
-0.1552
-0.9087
-0.3533
6.5800
-2.5900
4.6900
402
463
514
425
422
-0.1405
-0.8852
-0.3475
11.6900
-10.9200
8.4700
404
488
524
443
419
-0.1991
-0.9204
-0.3343
1.5400
-3.9900
-0.1400
407
496
526
454
417
-0.1884
-0.9111
-0.3440
6.0200
-1.4000
-2.1700
408
498
528
459
416
-0.1859
-0.9228
-0.3362
4.2700
-5.2500
-2.3800
409
500
528
460
415
-0.1928
-0.8999
-0.3411
2.8000
-3.5700
-2.8000
409
500
529
460
415
-0.1903
-0.9209
-0.3421
4.9000
-3.0100
-0.7000
409
500
529
460
415
-0.1996
-0.9174
-0.3338
3.7100
-3.6400
-1.9600
409
499
529
460
415
-0.1962
-0.9189
-0.3289
-1.1900
-3.0100
-3.0100
409
499
529
460
415
-0.1889
-0.9140
-0.3348
0.1400
-4.9000
-2.1700
409
499
529
460
415
-0.1942
-0.9106
-0.3367
3.0800
-4.9000
-2.3100
409
499
529
459
416
-0.1942
-0.9184
-0.3392
2.4500
-4.7600
-2.4500
409
498
529
459
416
-0.1981
-0.9189
-0.3314
1.5400
-4.2700
-3.9200
409
498
529
458
417
-0.1972
-0.9038
-0.3323
1.1900
-4.2000
-3.5000
409
497
529
457
417
-0.1981
-0.9018
-0.3245
-0.2800
-3.4300
-3.5700
408
497
529
457
417
-0.1942
-0.9023
-0.3240
0.8400
-2.8700
-3.7100
408
496
528
455
417
-0.1918
-0.9062
-0.3294
-17.7800
-3.2900
-4.2000
408
495
528
454
418
-0.1991
-0.9155
-0.3475
-2.5200
1.4700
-14.0000
406
491
526
442
419
-0.1703
-0.8882
-0.3470
-9.0300
-1.2600
-9.5900
403
480
513
416
421
-0.1698
-0.9004
-0.3802
8.6800
-0.7700
-2.7300
402
467
488
392
422
-0.1596
-0.9140
-0.3489
6.0900
-2.0300
-5.9500
398
452
462
371
423
-0.1513
-0.9067
-0.3348
0.0000
-1.7500
-4.8300
388
437
432
352
425
-0.1747
-0.9106
-0.3274
6.3000
-1.4000
-5.1100
383
411
399
323
426
-0.1610
-0.9106
-0.3675
4.2700
-4.4100
-9.8000
374
378
368
299
427
-0.1376
-0.9209
-0.3294
1.8900
-5.1800
-8.6100
358
350
346
281
429
-0.1415
-0.9052
-0.3299
1.3300
-0.8400
-7.3500
338
327
327
265
431
-0.1313
-0.9106
-0.3323
-0.1400
-5.6700
-4.3400
318
304
307
250
432
-0.1420
-0.8901
-0.3509
8.0500
-7.6300
-3.6400
298
286
291
237
431
-0.1444
-0.9189
-0.3221
5.1800
-6.7900
-6.5100
281
269
273
223
431
-0.1357
-0.9038
-0.3143
11.0600
-7.7000
-0.9800
268
257
265
212
423
-0.1283
-0.9179
-0.3440
7.7700
-10.7100
1.0500
256
249
265
209
427
-0.1557
-0.9194
-0.3177
3.3600
-6.5100
-0.5600
247
245
266
209
434
-0.1420
-0.9228
-0.2923
-8.6100
-10.3600
4.6900
244
245
269
210
440
-0.1781
-0.9150
-0.3231
-8.0500
-8.2600
2.4500
243
247
271
211
446
-0.1713
-0.9160
-0.3270
-8.2600
-8.0500
-0.2800
242
248
272
213
450
-0.1791
-0.9311
-0.3484
-6.0900
-5.8100
-2.1700
243
249
274
214
452
-0.1703
-0.9028
-0.3494
-0.6300
-6.1600
-3.9200
243
250
275
215
470
-0.1664
-0.9072
-0.3616
-0.4200
-5.4600
-8.6100
243
251
276
216
497
-0.1401
-0.8984
-0.3670
-4.6200
-9.3800
-5.5300
243
252
276
217
525
-0.1752
-0.9067
-0.3694
0.0000
-5.6000
-6.5100
243
252
275
217
546
-0.1606
-0.9101
-0.3621
-0.9800
-6.3000
-4.9700
244
252
275
217
570
-0.1620
-0.9023
-0.3655
0.7700
-3.7100
-2.3100
244
253
275
217
594
-0.1542
-0.9052
-0.3601
0.3500
-4.7600
-2.1000
244
253
276
217
615
-0.1635
-0.9087
-0.3767
1.6800
-1.6100
-1.2600
244
254
276
221
635
-0.1566
-0.8989
-0.3719
0.7700
-3.2900
-2.1700
245
254
277
222
645
-0.1591
-0.9106
-0.3660
1.0500
-3.7100
-2.0300
245
255
277
223
654
-0.1596
-0.9038
-0.3650
2.1000
-3.3600
-2.6600
245
255
278
224
662
-0.1547
-0.9013
-0.3738
4.9700
-3.2200
-0.9100
245
256
278
224
668
-0.1664
-0.9140
-0.3704
1.6800
-2.7300
-0.7000
246
257
279
225
670
-0.1693
-0.9111
-0.3694
2.2400
-3.8500
-2.1700
246
257
279
225
671
-0.1610
-0.9048
-0.3704
2.1700
-3.0800
-2.8000
247
257
280
225
672
-0.1669
-0.9013
-0.3660
0.7700
-2.8700
-2.1000
247
257
280
226
673
-0.1698
-0.9018
-0.3689
0.7000
-3.2200
-2.4500
247
257
280
226
674
-0.1669
-0.9013
-0.3684
1.8200
-3.5000
-1.4700
247
258
280
226
674
-0.1708
-0.9033
-0.3738
1.4700
-3.4300
-2.2400
247
258
281
226
673
-0.1713
-0.9043
-0.3694
2.0300
-4.4800
-2.3100
248
258
281
227
673
-0.1718
-0.9170
-0.3782
2.9400
-3.1500
-2.8700
248
258
282
227
674
-0.1713
-0.9048
-0.3723
3.3600
-3.7100
-2.3100
248
259
282
227
673
-0.1796
-0.9048
-0.3733
2.5200
-3.2200
-2.9400
248
259
282
228
672
-0.1601
-0.9033
-0.3753
3.8500
-3.7800
-2.5200
248
259
282
228
669
-0.1713
-0.9106
-0.3665
1.9600
-4.5500
-2.7300
248
260
283
228
668
-0.1703
-0.9057
-0.3748
1.8200
-3.6400
-3.5000
249
260
283
228
667
-0.1810
-0.9043
-0.3699
2.1000
-4.9700
-2.5200
249
260
283
228
667
-0.1810
-0.8994
-0.3631
1.6800
-3.3600
-2.1700
249
260
283
228
666
-0.1698
-0.8969
-0.3636
2.3100
-4.1300
-2.1000
249
261
283
229
666
-0.1820
-0.9023
-0.3616
0.8400
-3.2900
-2.5900
249
261
284
229
667
-0.1762
-0.8950
-0.3616
2.1000
-3.2200
-2.3800
249
261
284
229
668
-0.1776
-0.8984
-0.3543
1.7500
-3.2200
-2.1000
249
261
284
229
674
-0.1815
-0.9096
-0.3636
2.1000
-4.3400
-2.8700
249
261
284
229
681
-0.1810
-0.8994
-0.3567
0.4200
-4.4800
-3.3600
249
262
284
229
680
-0.1840
-0.9135
-0.3631
-0.8400
-5.6700
-4.2700
250
262
284
230
673
-0.1786
-0.9028
-0.3660
1.3300
-5.1100
-3.3600
250
262
285
230
670
-0.1859
-0.9052
-0.3689
-1.0500
-5.7400
-3.8500
250
262
285
230
655
-0.1776
-0.9057
-0.3797
-0.0700
-4.2700
-5.4600
250
263
285
228
626
-0.1752
-0.8930
-0.3553
5.3200
-2.0300
-7.2800
250
263
285
223
586
-0.1542
-0.9043
-0.3826
15.6100
1.2600
-11.9000
252
264
286
224
553
-0.1347
-0.9257
-0.3572
3.8500
-1.5400
-6.3000
253
265
286
224
517
-0.1601
-0.9150
-0.3640
3.2200
-4.7600
-3.1500
256
266
287
226
483
-0.1552
-0.9194
-0.3436
-2.0300
-6.3700
-4.3400
259
268
291
229
465
-0.1523
-0.9052
-0.3445
-9.5900
-5.9500
-6.4400
270
280
305
241
453
-0.1352
-0.8979
-0.3660
-2.5200
-2.8700
-5.6000
301
308
337
269
449
-0.1591
-0.9028
-0.3416
2.1000
-6.1600
-1.1900
331
347
387
310
445
-0.1269
-0.9028
-0.3392
12.6000
-4.9000
-3.8500
361
395
451
359
438
-0.1352
-0.9370
-0.3675
10.7800
1.6100
-2.5200
390
434
496
399
434
-0.1293
-0.9331
-0.2991
7.0700
-3.0800
2.9400
407
453
514
430
429
-0.1771
-0.9096
-0.3440
4.9700
-0.5600
1.7500
401
473
522
444
427
-0.1615
-0.8930
-0.2786
4.1300
-4.2700
-2.6600
402
478
523
447
424
-0.1615
-0.9174
-0.3221
0.4900
-3.2900
-2.5200
401
479
524
446
427
-0.1684
-0.9301
-0.3231
-0.0700
-1.9600
-2.8000
400
479
524
446
426
-0.1669
-0.9272
-0.3323
4.2000
-2.4500
-2.3100
399
478
524
445
427
-0.1708
-0.9365
-0.3250
0.8400
-2.5900
-1.6800
398
478
523
444
427
-0.1757
-0.9130
-0.3211
1.5400
-3.5700
-3.1500
398
477
523
442
427
-0.1659
-0.9170
-0.3177
3.2200
-3.9900
-2.5200
397
476
523
440
427
-0.1742
-0.9194
-0.3133
3.2200
-3.5000
-3.2900
397
475
523
438
425
-0.1606
-0.9223
-0.3260
0.7700
-3.5700
-3.8500
396
474
522
436
427
-0.1669
-0.9301
-0.3362
3.2200
-2.0300
-3.9200
396
473
522
434
427
-0.1635
-0.9238
-0.3372
2.4500
-2.8000
-3.0800
395
472
521
432
428
-0.1576
-0.9296
-0.3304
1.9600
-3.2900
-2.6600
395
470
520
430
428
-0.1625
-0.9223
-0.3338
0.3500
-3.2900
-3.0100
394
469
519
427
428
-0.1576
-0.9160
-0.3362
2.0300
-4.2700
-2.6600
394
468
518
426
429
-0.1615
-0.9272
-0.3357
2.6600
-3.0100
-2.8700
394
467
517
425
427
-0.1547
-0.9184
-0.3372
1.9600
-4.0600
-2.5200
393
467
517
424
429
-0.1547
-0.9252
-0.3343
0.0700
-2.3100
-3.9200
393
468
517
424
429
-0.1532
-0.9267
-0.3387
-2.2400
-3.5000
-3.1500
396
468
516
422
430
-0.1479
-0.9228
-0.3499
-6.6500
-3.9900
2.2400
396
460
499
413
433
-0.1723
-0.9028
-0.3494
-3.2900
-1.6100
-2.1700
381
439
443
373
438
-0.1649
-0.9023
-0.3758
2.8000
-0.0700
-6.7900
352
410
393
322
441
-0.1440
-0.9096
-0.3723
-1.2600
-1.8200
-4.7600
321
372
350
282
444
-0.1376
-0.9111
-0.3582
0.7000
-4.5500
-3.1500
318
330
321
256
448
-0.1332
-0.9130
-0.3870
3.7800
-4.4100
-1.4000
299
304
299
240
449
-0.1386
-0.8979
-0.3723
1.1900
-6.2300
-3.0800
280
285
286
229
453
-0.1435
-0.9067
-0.3582
-0.2800
-11.7600
1.6100
265
272
278
222
456
-0.1508
-0.9150
-0.3543
-3.7800
-12.8800
5.5300
253
265
274
216
459
-0.1654
-0.9096
-0.4592
2.1700
-4.5500
-4.4100
246
258
272
212
458
-0.1840
-0.8989
-0.3982
3.6400
-5.0400
-2.3800
243
256
271
212
459
-0.1654
-0.8916
-0.3777
-2.4500
-5.1100
1.7500
243
258
274
213
460
-0.1874
-0.8916
-0.3933
-2.3100
-2.1000
-0.2100
241
257
275
214
460
-0.1815
-0.8784
-0.3860
1.7500
-5.5300
-0.7000
239
256
276
215
464
-0.1801
-0.8813
-0.3860
-2.3100
-10.1500
1.0500
238
256
277
216
477
-0.2128
-0.8974
-0.4085
-2.0300
-4.4800
-2.0300
237
256
278
216
493
-0.2074
-0.8877
-0.4060
0.7700
-5.6700
0.2100
237
257
279
217
513
-0.1996
-0.8833
-0.3992
0.9800
-3.7800
-0.1400
237
257
279
218
557
-0.2191
-0.8828
-0.4002
-0.2800
-3.5000
-1.6100
238
259
280
218
600
-0.2220
-0.8930
-0.4002
-0.7700
-0.9800
-2.5900
238
260
280
219
633
-0.2020
-0.8789
-0.4182
2.6600
-0.2800
-1.9600
238
260
280
224
659
-0.2015
-0.8843
-0.4036
2.7300
-1.1200
-2.1700
239
260
281
226
676
-0.2147
-0.8818
-0.4216
4.5500
-1.9600
-3.0100
239
260
282
226
682
-0.2084
-0.8828
-0.4128
4.4800
-2.6600
-2.0300
239
260
282
226
687
-0.2108
-0.8843
-0.3997
0.7000
-2.5900
-2.6600
239
261
283
226
690
-0.2059
-0.8735
-0.4041
3.0100
-3.2900
-1.8900
239
261
283
226
690
-0.2079
-0.8745
-0.4050
2.1700
-2.7300
-2.6600
240
261
283
227
688
-0.2006
-0.8808
-0.4016
2.6600
-4.3400
-3.0100
240
261
284
227
685
-0.2064
-0.8808
-0.3963
0.4200
-3.7800
-2.3800
240
262
284
228
683
-0.2040
-0.8774
-0.4080
3.0100
-3.4300
-3.0100
240
262
284
228
681
-0.2108
-0.8764
-0.4075
2.4500
-4.8300
-2.3100
241
263
285
229
679
-0.2030
-0.8843
-0.4060
2.0300
-3.7100
-3.0100
241
263
285
229
681
-0.2098
-0.8794
-0.4041
2.8700
-4.4800
-3.0100
241
263
285
229
680
-0.2094
-0.8833
-0.4046
3.3600
-3.9200
-3.1500
241
263
286
230
677
-0.2074
-0.8789
-0.4050
3.2200
-4.0600
-2.2400
241
264
286
230
677
-0.2118
-0.8799
-0.3933
2.2400
-4.3400
-2.5900
241
264
286
230
676
-0.2152
-0.8838
-0.4094
3.5000
-4.6200
-2.6600
242
264
286
231
676
-0.2098
-0.8730
-0.3992
2.4500
-5.2500
-2.8000
242
264
287
231
675
-0.2211
-0.8896
-0.4075
2.0300
-3.6400
-2.9400
242
265
287
231
675
-0.2079
-0.8833
-0.4055
2.6600
-4.6900
-2.5200
242
265
287
231
675
-0.2201
-0.8911
-0.3953
0.2100
-3.4300
-2.6600
242
265
287
232
674
-0.2133
-0.8818
-0.3948
0.7000
-4.1300
-3.0800
243
265
287
232
673
-0.2128
-0.8882
-0.3938
1.2600
-3.9200
-2.9400
243
265
288
232
672
-0.2118
-0.8847
-0.4026
1.3300
-4.0600
-2.5900
243
266
288
233
672
-0.2113
-0.8804
-0.3948
1.0500
-4.4100
-2.1700
243
266
288
233
673
-0.2167
-0.8847
-0.4031
1.8900
-3.8500
-3.4300
243
266
288
233
674
-0.2064
-0.8779
-0.3972
2.8700
-3.8500
-2.3800
243
266
288
233
678
-0.2113
-0.8828
-0.3987
2.2400
-3.5000
-2.2400
243
266
289
233
679
-0.2211
-0.8823
-0.4060
1.1200
-3.9900
-4.0600
243
266
289
233
674
-0.2137
-0.8794
-0.3987
-2.1700
-6.7200
-7.4200
244
266
289
234
644
-0.2123
-0.8789
-0.4011
0.0700
-6.0900
-4.9700
244
267
289
229
599
-0.2011
-0.8750
-0.4041
3.9900
-4.8300
-7.8400
244
267
289
227
552
-0.1928
-0.8838
-0.3997
0.0700
-3.9900
-6.9300
245
267
289
227
507
-0.2025
-0.8838
-0.3855
-17.8500
-4.9000
-6.7200
246
268
288
228
479
-0.1991
-0.8706
-0.4031
-2.3100
-4.4800
-6.9300
249
271
290
231
465
-0.2006
-0.8686
-0.4280
-5.0400
-3.7100
-5.9500
262
281
303
239
453
-0.1947
-0.8813
-0.4260
3.9200
0.4900
-3.9200
279
298
322
253
454
-0.1718
-0.8794
-0.4412
8.4700
-1.8900
-9.5200
300
324
353
278
451
-0.1723
-0.8818
-0.4148
10.3600
-3.6400
3.1500
330
368
423
330
450
-0.1854
-0.8642
-0.4104
9.8700
-5.6000
-17.7800
363
412
480
367
444
-0.2045
-0.8926
-0.4177
11.1300
-3.0800
3.0800
389
438
506
390
442
-0.2011
-0.8916
-0.3714
12.6700
-0.7700
3.7100
402
467
520
414
433
-0.2172
-0.9130
-0.3567
11.6200
1.8200
-0.6300
403
487
525
433
433
-0.1879
-0.9248
-0.3621
6.7200
0.8400
-3.0100
406
495
527
446
429
-0.1996
-0.9096
-0.3548
4.4100
-1.8200
-0.8400
408
498
528
452
427
-0.2050
-0.9043
-0.3396
4.2000
-2.2400
-2.3100
409
499
528
453
426
-0.2025
-0.9106
-0.3382
1.0500
-4.4800
-3.0800
409
499
528
453
426
-0.1952
-0.8994
-0.3455
1.9600
-4.9000
-1.5400
408
498
528
452
427
-0.2108
-0.9199
-0.3479
5.0400
-4.1300
-3.7100
408
498
528
450
425
-0.1937
-0.9160
-0.3465
4.5500
-4.5500
-3.0800
408
497
528
448
428
-0.2020
-0.9101
-0.3460
2.3100
-3.9900
-3.4300
407
496
528
446
428
-0.1976
-0.9038
-0.3392
4.4100
-3.1500
-2.9400
407
495
528
444
428
-0.1996
-0.9150
-0.3382
4.2000
-4.4800
-2.8700
407
495
528
443
429
-0.2054
-0.9126
-0.3387
1.9600
-3.4300
-3.9200
407
494
528
441
429
-0.2030
-0.9130
-0.3372
2.3100
-3.9900
-2.8000
406
494
528
441
429
-0.2079
-0.9106
-0.3318
-0.1400
-3.1500
-2.9400
406
493
528
440
427
-0.1957
-0.9116
-0.3382
3.5700
-4.0600
-2.0300
406
493
527
438
429
-0.2025
-0.9160
-0.3323
2.5200
-3.3600
-3.8500
405
492
527
437
430
-0.1991
-0.9199
-0.3289
1.9600
-3.0800
-3.9900
405
491
527
434
430
-0.1923
-0.9160
-0.3328
1.6100
-2.1000
-5.9500
405
486
522
421
430
-0.1972
-0.9209
-0.3299
0.2100
-3.0800
-5.1800
403
480
509
418
431
-0.1942
-0.9155
-0.3518
2.3100
-2.6600
-3.2900
401
475
496
415
432
-0.1874
-0.9155
-0.3445
1.1900
-3.0100
-4.9700
400
473
489
409
430
-0.1830
-0.9062
-0.3294
0.1400
-3.2200
-3.5700
399
469
480
401
433
-0.1898
-0.9121
-0.3514
-0.2800
-2.5900
-4.0600
397
464
469
391
434
-0.1845
-0.9096
-0.3431
-0.4200
-1.9600
-4.9700
395
455
455
377
435
-0.1840
-0.9145
-0.3484
-1.3300
-3.5000
-6.0900
388
439
437
362
438
-0.1669
-0.9189
-0.3416
1.4000
-2.6600
-5.2500
373
420
416
342
439
-0.1640
-0.9043
-0.3577
0.2800
-4.0600
-5.8800
360
401
393
323
441
-0.1625
-0.9106
-0.3475
-0.2100
-3.9900
-6.5100
346
382
372
306
443
-0.1591
-0.9165
-0.3475
2.5900
-3.9200
-5.3200
333
361
355
290
444
-0.1625
-0.9121
-0.3518
0.0700
-3.5000
-4.6900
319
343
340
274
445
-0.1523
-0.9043
-0.3465
2.1000
-5.1800
-5.4600
303
325
326
260
447
-0.1337
-0.9277
-0.3626
4.1300
-5.0400
-3.7800
286
306
309
244
448
-0.1630
-0.9087
-0.3523
-1.3300
-5.6000
-5.4600
267
288
289
229
449
-0.1342
-0.9038
-0.3884
17.0800
-9.1700
-4.3400
253
274
278
220
449
-0.2015
-0.8760
-0.3548
5.5300
-11.7600
-2.9400
244
266
273
216
447
-0.1562
-0.9326
-0.3821
-4.4100
-9.0300
-2.4500
237
259
270
214
447
-0.1435
-0.9082
-0.3494
5.6000
-8.5400
2.2400
233
255
271
214
451
-0.1762
-0.8979
-0.3284
1.0500
-8.4700
-1.1900
230
254
272
215
456
-0.1840
-0.9130
-0.3426
-0.0700
-5.2500
0.0700
229
253
274
216
458
-0.1898
-0.8984
-0.3279
1.2600
-5.6000
0.2800
229
254
275
217
460
-0.2020
-0.9087
-0.3401
-5.4600
-6.7200
-0.6300
230
255
278
219
467
-0.1835
-0.9048
-0.3436
-7.9800
-6.6500
-0.7000
230
257
279
220
490
-0.2118
-0.8979
-0.3489
-4.8300
-8.4000
-2.8000
230
258
280
221
515
-0.2006
-0.8960
-0.3660
-4.0600
-7.1400
-3.4300
230
259
281
221
541
-0.2025
-0.8945
-0.3806
-1.5400
-2.7300
-6.6500
231
260
281
222
563
-0.1972
-0.8969
-0.3704
0.5600
-4.6900
-5.1800
231
260
282
222
573
-0.1913
-0.8960
-0.3816
0.4200
-6.0200
-3.7100
231
260
282
222
583
-0.1830
-0.8950
-0.3836
1.2600
-4.8300
-3.7100
231
260
282
222
591
-0.1908
-0.8916
-0.3850
1.7500
-3.9200
-5.3900
231
260
282
222
603
-0.1889
-0.8896
-0.3684
0.5600
-3.5700
-2.2400
231
260
282
222
618
-0.1928
-0.9043
-0.3714
0.7700
-2.1000
-0.9100
230
260
282
225
633
-0.1835
-0.9023
-0.3816
1.8200
-3.1500
-1.3300
231
260
283
227
645
-0.1850
-0.8984
-0.3865
2.9400
-3.4300
-1.8900
231
260
283
228
651
-0.1898
-0.9013
-0.3889
2.9400
-3.8500
-2.7300
231
260
284
229
655
-0.1918
-0.8940
-0.3880
1.5400
-4.2700
-2.6600
231
261
284
229
656
-0.1991
-0.8955
-0.3884
2.2400
-4.0600
-2.8000
232
261
285
230
655
-0.1923
-0.9004
-0.3845
1.8900
-3.5700
-3.1500
232
261
285
230
654
-0.1962
-0.8926
-0.3845
3.0100
-4.3400
-2.4500
232
262
285
231
649
-0.1952
-0.8984
-0.3782
1.9600
-3.5000
-2.5900
232
262
286
231
649
-0.1932
-0.8877
-0.4968
1.8200
-3.2200
-2.8000
232
262
286
231
649
-0.1952
-0.9028
-0.3723
0.7700
-3.1500
-1.6100
233
262
286
231
651
-0.1923
-0.8921
-0.3738
1.2600
-4.0600
-2.8000
233
262
286
232
654
-0.1991
-0.8960
-0.3753
1.0500
-4.4100
-2.4500
233
263
286
232
655
-0.1928
-0.9018
-0.3753
-0.0700
-3.2900
-2.8000
233
263
287
232
654
-0.1908
-0.9004
-0.3758
1.0500
-4.0600
-3.0100
234
263
287
232
653
-0.1991
-0.8921
-0.3743
1.1900
-3.3600
-3.5000
234
263
287
233
652
-0.1898
-0.8891
-0.3748
1.1200
-3.7100
-2.5200
234
263
287
233
651
-0.1918
-0.8960
-0.3733
1.6800
-3.3600
-2.4500
234
263
287
233
652
-0.1981
-0.8955
-0.3719
1.0500
-3.5000
-3.1500
234
263
288
233
652
-0.1947
-0.8916
-0.3728
1.9600
-3.9200
-2.1700
234
264
288
233
651
-0.1932
-0.8911
-0.3792
2.3100
-3.6400
-1.8200
234
264
288
234
651
-0.1932
-0.8950
-0.3811
3.4300
-4.4100
-3.2900
235
264
288
234
650
-0.2006
-0.8984
-0.3831
1.8200
-4.3400
-2.7300
235
264
288
234
649
-0.1952
-0.8886
-0.3821
2.5900
-3.9900
-2.8700
235
264
288
234
649
-0.1874
-0.9023
-0.3787
1.7500
-3.7800
-2.8700
235
264
289
234
648
-0.2006
-0.8979
-0.3753
3.3600
-3.8500
-3.2900
235
264
289
234
649
-0.1942
-0.8945
-0.3733
2.9400
-4.0600
-2.6600
235
264
289
234
650
-0.1981
-0.9038
-0.3738
2.8000
-4.1300
-2.8700
235
265
289
235
651
-0.1957
-0.9023
-0.3748
2.8700
-4.0600
-2.8000
235
265
289
235
649
-0.1981
-0.9057
-0.3841
1.7500
-3.9900
-3.3600
235
265
289
234
643
-0.1884
-0.9004
-0.3758
0.9800
-3.9200
-3.0100
236
265
289
234
640
-0.1996
-0.8984
-0.3772
2.3100
-3.8500
-3.0800
236
265
290
234
636
-0.1972
-0.9043
-0.3782
2.7300
-4.5500
-3.0800
236
265
290
233
631
-0.1996
-0.9043
-0.3748
2.2400
-5.1100
-3.3600
236
265
290
232
627
-0.1928
-0.8940
-0.3758
2.0300
-4.4800
-2.2400
236
266
290
231
621
-0.1962
-0.9033
-0.3782
1.0500
-4.7600
-3.2200
236
266
290
229
609
-0.1996
-0.8989
-0.3680
0.9800
-4.9700
-2.3800
237
266
290
228
601
-0.1952
-0.8979
-0.3797
0.5600
-3.5000
-3.0100
237
266
291
227
589
-0.1957
-0.8969
-0.3802
3.6400
-3.5000
-2.3100
238
267
291
228
570
-0.1884
-0.9004
-0.3777
0.7700
-4.8300
-1.4700
238
268
291
228
548
-0.2059
-0.8901
-0.3699
0.9100
-4.8300
-2.1700
238
268
291
229
526
-0.2069
-0.8950
-0.3816
6.4400
-3.7100
-3.9900
239
269
292
229
505
-0.1986
-0.8979
-0.3645
3.7800
-2.5200
-2.8000
240
270
292
230
487
-0.2050
-0.8935
-0.3645
-3.8500
-2.6600
-4.0600
244
274
294
233
470
-0.1976
-0.8960
-0.3777
0.2100
-2.3800
-4.9000
251
282
302
238
458
-0.1893
-0.8789
-0.3914
5.2500
-0.4900
-7.0700
264
293
317
247
457
-0.1820
-0.9028
-0.3733
1.6100
-0.3500
-7.0700
282
309
337
263
452
-0.1889
-0.9067
-0.3933
-1.6800
0.0000
-5.2500
308
338
374
294
454
-0.1718
-0.8818
-0.3972
-0.7700
-0.5600
-3.2200
340
376
423
334
452
-0.1645
-0.8740
-0.3904
1.5400
-0.9800
-1.5400
359
397
463
364
450
-0.1688
-0.8764
-0.3958
2.1000
-0.4200
-2.3800
375
414
490
389
448
-0.1635
-0.8935
-0.4011
1.2600
-1.3300
-2.0300
393
436
508
412
445
-0.1601
-0.8940
-0.4187
7.2100
-2.2400
-2.2400
392
464
519
429
440
-0.1703
-0.9262
-0.3728
9.3100
-1.4700
0.4900
396
482
525
441
436
-0.1728
-0.9077
-0.3880
7.1400
-2.8000
-0.7700
398
490
527
448
433
-0.1928
-0.8960
-0.3733
3.9900
-1.7500
-2.7300
400
493
528
452
432
-0.1835
-0.9121
-0.3723
2.8700
-4.3400
-1.3300
400
495
529
454
431
-0.1776
-0.9111
-0.3821
4.3400
-3.7800
-1.8900
401
495
529
454
429
-0.1732
-0.8999
-0.3753
2.1700
-3.3600
-2.9400
401
495
529
453
431
-0.1786
-0.9048
-0.3621
1.8200
-3.7800
-1.7500
402
495
529
453
431
-0.1771
-0.9135
-0.3743
1.6800
-3.5000
-2.8000
404
495
529
453
431
-0.1752
-0.9052
-0.3670
1.5400
-4.3400
-3.2200
406
495
529
452
431
-0.1786
-0.9018
-0.3650
3.2200
-3.8500
-3.3600
407
494
529
451
431
-0.1791
-0.9067
-0.3762
4.0600
-4.2700
-3.0800
409
494
529
451
432
-0.1742
-0.9174
-0.3689
2.2400
-4.0600
-3.0100
410
494
528
449
430
-0.1884
-0.9072
-0.3626
3.0800
-4.4100
-2.8700
410
493
528
448
432
-0.1859
-0.9111
-0.3650
2.7300
-3.5700
-3.0800
410
492
528
446
432
-0.1767
-0.9067
-0.3665
0.8400
-3.6400
-2.2400
410
491
528
444
432
-0.1864
-0.9155
-0.3748
2.6600
-2.3800
-4.2700
412
491
528
444
432
-0.1806
-0.9062
-0.3631
0.7700
-3.3600
-2.5900
415
491
528
443
432
-0.1850
-0.9057
-0.3611
-0.4200
-2.8000
-2.5900
416
492
528
443
432
-0.1825
-0.9106
-0.3723
-2.0300
-3.3600
-2.0300
418
492
528
445
432
-0.1845
-0.8940
-0.3772
3.3600
-3.5000
-2.0300
418
492
527
445
433
-0.1752
-0.9004
-0.3714
2.7300
-2.9400
-2.3800
418
490
527
445
430
-0.1771
-0.8989
-0.3811
4.2000
-2.7300
-2.2400
419
489
526
444
433
-0.1850
-0.9126
-0.3841
1.1200
-3.1500
-3.0100
419
488
525
443
433
-0.1776
-0.9340
-0.3670
-0.9800
-3.7800
-4.4800
420
488
525
442
433
-0.1776
-0.9140
-0.3875
-1.8900
-3.3600
-3.3600
421
488
525
441
434
-0.1806
-0.8950
-0.3748
-0.2800
-2.8700
-4.3400
422
489
524
440
434
-0.1742
-0.8852
-0.3850
1.6800
-2.2400
-4.9000
422
488
522
437
435
-0.1781
-0.9028
-0.3748
1.6100
-1.9600
-5.3900
421
486
519
434
435
-0.1610
-0.8960
-0.3777
0.0700
-4.2000
-3.7800
420
482
513
429
437
-0.1645
-0.8994
-0.3841
0.5600
-2.8700
-2.8700
418
479
501
422
437
-0.1620
-0.9106
-0.3933
0.1400
-0.6300
-5.8800
416
474
487
414
440
-0.1527
-0.9062
-0.3850
-0.7700
-1.7500
-5.6700
410
464
466
404
439
-0.1547
-0.9091
-0.3753
6.3700
-3.0100
-8.2600
392
443
439
384
444
-0.1493
-0.8994
-0.4241
3.4300
-0.8400
-8.0500
363
411
400
346
446
-0.1381
-0.9008
-0.3826
2.7300
-5.6700
-1.4700
335
384
367
311
447
-0.1347
-0.9199
-0.3963
6.3000
-12.6700
-2.6600
308
352
336
279
449
-0.1347
-0.9116
-0.3831
2.3800
-16.8000
2.8700
291
326
314
259
449
-0.1718
-0.9350
-0.3362
-3.2200
-10.6400
0.8400
273
299
293
241
448
-0.1566
-0.9067
-0.3636
3.7100
-11.7600
2.4500
258
279
281
227
449
-0.1708
-0.9160
-0.3265
7.3500
-10.0800
4.2000
245
265
274
220
448
-0.1786
-0.9213
-0.3157
2.5900
-4.2700
-1.6800
235
257
272
216
451
-0.1684
-0.9194
-0.3323
7.4900
-3.9200
-3.0800
228
251
267
214
454
-0.1830
-0.9252
-0.3362
5.2500
-3.9200
-2.9400
225
249
269
213
462
-0.1747
-0.9335
-0.3216
4.3400
-8.8200
-3.0800
225
249
271
216
446
-0.1532
-0.9199
-0.3245
3.6400
-2.1700
0.7000
224
250
274
218
439
-0.1762
-0.9204
-0.3162
3.0100
-6.5800
0.0700
225
251
276
219
441
-0.1747
-0.9155
-0.3182
-8.4700
-10.9200
-0.7000
225
253
277
221
462
-0.1986
-0.9135
-0.3455
-1.9600
-6.3700
-2.6600
226
255
278
222
492
-0.1957
-0.9135
-0.3440
-1.6800
-3.9900
-6.9300
227
257
278
223
527
-0.1791
-0.9170
-0.3562
-2.1000
0.0700
-2.9400
227
257
278
224
571
-0.1810
-0.9033
-0.3680
3.2900
1.6100
-1.5400
228
258
279
225
615
-0.1801
-0.9052
-0.3567
4.9000
2.9400
-1.7500
229
259
280
229
655
-0.1879
-0.9052
-0.3631
1.3300
-0.8400
-2.5900
229
260
281
233
678
-0.1903
-0.9062
-0.3621
-3.5000
-5.5300
-0.7700
230
260
282
235
688
-0.1991
-0.8965
-0.3709
3.8500
-2.2400
-2.1700
230
261
282
235
693
-0.1810
-0.9028
-0.3582
3.8500
-4.7600
-2.1000
231
261
283
236
690
-0.2006
-0.9096
-0.3587
2.0300
-1.8900
-2.5200
231
262
284
237
685
-0.1869
-0.9126
-0.3655
2.5200
-3.4300
-2.6600
231
262
284
237
683
-0.1928
-0.9048
-0.3587
0.0700
-3.1500
-2.2400
231
262
284
237
682
-0.1918
-0.8984
-0.3606
2.2400
-3.0100
-2.2400
232
262
285
238
683
-0.1850
-0.9048
-0.3558
2.2400
-3.9200
-2.5900
232
263
285
238
684
-0.1913
-0.9048
-0.3665
1.4700
-3.9200
-2.3800
232
263
286
238
684
-0.1898
-0.9008
-0.3528
2.5900
-5.1800
-2.3800
232
263
286
239
683
-0.1957
-0.9067
-0.3597
1.7500
-4.2700
-2.7300
233
263
286
239
682
-0.1850
-0.8994
-0.3538
2.2400
-5.2500
-2.3100
233
264
287
240
684
-0.1996
-0.9077
-0.3567
2.2400
-4.0600
-2.2400
233
264
287
240
682
-0.2079
-0.9023
-0.3558
2.4500
-3.0100
-3.4300
233
264
287
241
679
-0.1986
-0.9023
-0.3543
2.3100
-3.9200
-1.8900
234
265
287
241
678
-0.2011
-0.9033
-0.3509
2.1700
-4.9000
-1.8900
234
265
287
241
677
-0.1986
-0.9116
-0.3567
2.3800
-4.4800
-2.1700
234
265
288
241
676
-0.1991
-0.8994
-0.3406
2.3800
-4.6200
-3.0100
234
265
288
242
676
-0.2030
-0.9091
-0.3445
0.1400
-3.5000
-3.4300
234
265
288
242
675
-0.2045
-0.9004
-0.3523
2.0300
-4.3400
-3.4300
235
266
288
242
673
-0.2001
-0.9121
-0.3582
1.5400
-3.7800
-2.5200
234
266
288
242
673
-0.1972
-0.9052
-0.3636
2.5900
-3.6400
-3.0100
234
266
288
243
672
-0.2011
-0.9091
-0.3558
1.8200
-3.3600
-2.7300
235
266
289
243
671
-0.2006
-0.9033
-0.3587
1.2600
-3.7800
-2.3100
235
266
289
243
671
-0.2040
-0.9111
-0.3587
2.5900
-3.7800
-2.2400
235
266
289
243
673
-0.1991
-0.9077
-0.3558
3.6400
-4.6200
-1.8200
235
266
289
243
673
-0.1962
-0.9062
-0.3445
4.4800
-3.7100
-0.9100
235
266
289
243
680
-0.1962
-0.9170
-0.3431
1.8200
-3.7800
-2.8000
235
266
290
243
681
-0.2069
-0.8979
-0.3538
0.9100
-3.9200
-1.8200
235
267
290
244
683
-0.2147
-0.9057
-0.3416
1.3300
-3.4300
-2.1700
235
267
290
244
686
-0.2059
-0.8994
-0.3411
1.1200
-3.4300
-2.8000
236
267
290
244
687
-0.2074
-0.9004
-0.3499
1.8900
-4.3400
-3.0800
236
267
290
244
687
-0.2040
-0.8999
-0.3392
1.7500
-5.1800
-2.9400
236
267
291
244
685
-0.2089
-0.9091
-0.3504
1.8200
-3.5000
-4.4100
236
267
291
244
674
-0.2059
-0.9082
-0.3611
-0.9100
-4.9000
-7.8400
237
267
290
242
644
-0.2059
-0.9048
-0.3572
1.0500
-5.8100
-9.3800
237
268
290
232
581
-0.1825
-0.9091
-0.3689
-3.8500
-5.8100
-8.8200
238
271
289
233
521
-0.1791
-0.9126
-0.3811
-14.9800
-2.5900
-11.6900
247
279
298
240
487
-0.1664
-0.8950
-0.3987
-11.5500
-2.7300
-8.5400
277
306
327
265
475
-0.1874
-0.8926
-0.4265
-1.7500
-0.9100
-6.0900
313
345
372
304
464
-0.1488
-0.8852
-0.4172
2.3800
-4.9000
-0.2800
348
388
423
346
457
-0.1776
-0.8965
-0.4314
-0.9800
-2.8700
-1.3300
375
418
461
376
448
-0.1498
-0.8867
-0.4192
-0.8400
-4.5500
6.0900
391
433
481
403
446
-0.1635
-0.8745
-0.4436
1.6800
-7.0000
5.1800
402
449
501
426
436
-0.1835
-0.9043
-0.4275
6.9300
-4.2700
5.1800
402
471
518
442
431
-0.1850
-0.8965
-0.4026
10.0100
-1.9600
0.1400
404
485
525
450
429
-0.1918
-0.8989
-0.4187
8.4000
-1.6100
0.4200
406
492
527
455
427
-0.2020
-0.8886
-0.4055
10.2900
0.8400
-1.2600
410
496
529
457
425
-0.1967
-0.8867
-0.3782
9.3100
-2.0300
-4.9000
412
498
530
459
416
-0.1801
-0.8974
-0.3777
10.4300
-2.7300
-3.8500
414
499
530
460
412
-0.1991
-0.8945
-0.3572
2.7300
-2.1000
-3.0800
414
500
531
462
409
-0.1889
-0.8994
-0.3548
1.4000
-4.6200
-1.9600
415
501
531
462
408
-0.1972
-0.8950
-0.3631
1.4000
-3.7800
-3.4300
416
502
531
462
408
-0.1908
-0.8979
-0.3601
1.6100
-4.2700
-2.5900
416
502
531
462
405
-0.1952
-0.8974
-0.3616
4.0600
-2.6600
-3.2200
416
502
531
462
407
-0.1874
-0.9077
-0.3553
2.5200
-2.8700
-2.9400
416
503
531
462
407
-0.1996
-0.9135
-0.3582
2.1700
-3.7100
-2.5200
416
503
531
462
408
-0.1806
-0.9048
-0.3650
2.4500
-2.3800
-3.2900
416
502
531
462
408
-0.1869
-0.9091
-0.3553
1.1900
-3.7800
-3.8500
416
502
531
462
408
-0.1869
-0.9043
-0.3616
1.6100
-3.0100
-5.3900
415
502
531
460
409
-0.1801
-0.9048
-0.3650
-3.2200
-4.0600
-5.8800
414
501
530
457
410
-0.1742
-0.9072
-0.3719
-2.7300
-2.9400
-2.5200
412
497
528
447
409
-0.1708
-0.9272
-0.3802
-3.7100
0.4200
-6.7200
401
484
522
434
415
-0.1557
-0.9048
-0.3977
-4.1300
0.3500
1.4000
393
472
508
417
419
-0.1698
-0.8886
-0.3899
-0.0700
-2.0300
-7.4900
390
459
489
399
421
-0.1640
-0.8984
-0.3865
-2.6600
-0.6300
-3.0100
381
441
463
375
423
-0.1508
-0.9062
-0.4109
-2.4500
3.0800
-6.4400
353
416
426
351
424
-0.1420
-0.8789
-0.3797
3.5000
-2.8700
-5.8800
330
392
388
321
428
-0.1405
-0.9165
-0.4114
6.6500
-3.1500
-5.8800
307
366
356
293
430
-0.1293
-0.8852
-0.4075
6.8600
-10.3600
-9.4500
296
332
329
268
433
-0.1425
-0.8764
-0.3723
8.4700
-7.6300
-5.1800
286
305
306
251
433
-0.1269
-0.8994
-0.3928
10.3600
-12.8100
-0.2100
272
282
286
235
434
-0.1566
-0.9116
-0.3914
9.8700
-7.8400
-2.3100
260
264
274
223
435
-0.1562
-0.9170
-0.3841
12.2500
-4.1300
-2.1000
252
255
270
216
432
-0.1596
-0.9087
-0.3475
11.2700
-3.2900
-2.0300
248
251
270
214
429
-0.1557
-0.9365
-0.3470
4.9700
-3.9900
-2.3100
245
251
271
214
429
-0.1479
-0.9184
-0.3372
2.5900
-8.4000
-4.6200
243
250
272
215
432
-0.1459
-0.9316
-0.3592
-4.7600
-6.9300
1.5400
243
250
274
216
437
-0.1776
-0.9179
-0.3723
-4.5500
-8.9600
-2.5900
242
252
276
218
449
-0.1562
-0.9194
-0.3841
0.2800
-3.8500
3.3600
242
255
278
220
492
-0.1884
-0.9067
-0.3904
5.2500
0.5600
-3.4300
243
257
278
221
537
-0.1659
-0.9101
-0.3870
1.8200
-2.9400
2.2400
243
258
278
222
578
-0.1996
-0.9170
-0.3821
5.6700
3.3600
-2.9400
244
259
278
221
626
-0.1732
-0.9052
-0.3631
0.2100
-3.4300
-0.7000
244
259
278
222
664
-0.1903
-0.8960
-0.3640
-2.5900
-7.2100
-1.4000
244
259
278
226
692
-0.1918
-0.8886
-0.3758
0.7700
-0.7700
-1.8900
244
260
279
226
705
-0.1820
-0.8955
-0.3811
2.9400
-1.9600
-0.5600
245
261
280
227
712
-0.1913
-0.9018
-0.3880
4.4100
-0.3500
-1.6800
245
261
281
227
716
-0.1893
-0.8969
-0.3728
4.3400
-3.5700
-1.3300
246
261
282
227
717
-0.1889
-0.9072
-0.3616
1.3300
-2.5900
-3.2200
246
262
282
228
716
-0.1825
-0.8940
-0.3723
2.5200
-5.0400
-3.7100
246
262
283
228
715
-0.1830
-0.9140
-0.3660
1.0500
-3.7800
-4.2000
247
263
283
229
710
-0.1854
-0.9023
-0.3772
1.1900
-3.8500
-4.4100
247
263
283
230
706
-0.1796
-0.9072
-0.3758
2.6600
-4.4800
-2.8700
247
263
283
231
704
-0.1815
-0.9077
-0.3787
2.0300
-4.6900
-3.2900
248
263
284
231
702
-0.1840
-0.9018
-0.3782
3.0100
-4.3400
-4.0600
248
264
284
232
701
-0.1854
-0.9048
-0.3782
1.4700
-4.7600
-2.7300
248
264
284
232
699
-0.1864
-0.9067
-0.3802
2.2400
-4.0600
-0.2100
248
264
285
233
701
-0.1874
-0.8999
-0.3767
1.4000
-3.4300
-3.2200
248
264
285
233
697
-0.1806
-0.8935
-0.3777
3.1500
-3.4300
-2.4500
249
265
285
234
695
-0.1908
-0.9116
-0.3782
2.0300
-4.1300
-2.3100
249
265
285
234
695
-0.1947
-0.8969
-0.3728
2.0300
-4.1300
-2.9400
249
265
286
234
693
-0.1898
-0.9028
-0.3704
2.9400
-4.6200
-1.8200
249
265
286
235
693
-0.1889
-0.9057
-0.3719
2.5900
-3.5000
-0.1400
249
265
286
235
692
-0.1918
-0.8989
-0.3611
2.0300
-4.2700
-1.1900
250
266
287
235
693
-0.1937
-0.9048
-0.3606
1.8200
-3.0800
-2.5900
250
266
287
236
692
-0.1952
-0.8969
-0.3655
1.9600
-4.6200
-2.8700
250
266
287
236
689
-0.2011
-0.9067
-0.3631
1.7500
-4.2700
-1.8200
250
266
287
236
687
-0.1991
-0.9033
-0.3650
2.3800
-4.2000
-2.1000
250
267
287
237
686
-0.1972
-0.9028
-0.3660
1.0500
-5.2500
-2.6600
250
267
288
237
686
-0.2054
-0.9013
-0.3665
1.6800
-3.8500
-2.8000
250
267
288
237
685
-0.2015
-0.9018
-0.3660
1.8900
-3.9200
-2.8700
251
267
288
238
684
-0.2030
-0.9048
-0.3709
1.1900
-4.1300
-2.8000
251
268
288
238
684
-0.1991
-0.8984
-0.3714
2.7300
-3.7100
-3.2900
251
268
289
238
683
-0.1981
-0.8930
-0.3675
3.2200
-4.1300
-1.8200
251
268
289
238
685
-0.2069
-0.9043
-0.3758
2.8000
-3.9200
-2.2400
251
268
289
238
686
-0.2015
-0.8989
-0.3655
2.0300
-3.9200
-4.2000
251
268
289
239
680
-0.1976
-0.9057
-0.3709
-2.4500
-6.5100
-3.7800
251
268
289
239
645
-0.2108
-0.8965
-0.3777
-2.3800
-8.4000
-0.4200
252
269
288
232
566
-0.2030
-0.8935
-0.3650
3.6400
-6.4400
-9.1700
253
270
288
234
508
-0.1942
-0.9033
-0.3943
0.7700
-0.4200
-9.5900
255
270
288
235
479
-0.1728
-0.8867
-0.3762
-15.1200
-6.3700
-5.9500
258
273
292
239
464
-0.1742
-0.9096
-0.3933
-1.6100
-3.2200
-7.0700
266
279
298
245
453
-0.1659
-0.8764
-0.3914
-0.2100
-3.4300
-7.5600
275
288
307
254
449
-0.1454
-0.8901
-0.3987
1.8200
-0.9800
-5.3200
287
301
323
269
449
-0.1420
-0.8930
-0.4060
3.8500
-2.4500
-4.9700
308
327
352
296
447
-0.1586
-0.8847
-0.3958
8.1900
2.1000
4.4800
341
372
410
344
441
-0.1625
-0.8886
-0.3523
2.8000
-7.7000
4.2000
361
401
455
377
440
-0.1630
-0.9008
-0.4114
-1.2600
-7.2800
2.7300
377
421
481
397
438
-0.1869
-0.8828
-0.4089
2.8700
-3.1500
4.2000
390
437
498
413
436
-0.1976
-0.8935
-0.4080
3.5000
-4.2700
1.5400
396
453
511
423
436
-0.2123
-0.8828
-0.3894
8.4700
-1.8200
0.8400
398
478
522
434
434
-0.2030
-0.8774
-0.3431
7.5600
-1.3300
0.9100
402
491
527
444
431
-0.2069
-0.8784
-0.3572
6.7900
-1.5400
-1.5400
404
496
529
449
429
-0.2050
-0.8891
-0.3406
4.2000
-1.4700
-3.7100
405
498
529
451
428
-0.2045
-0.8769
-0.3484
2.2400
-3.2200
-3.2200
406
499
530
453
426
-0.2064
-0.8935
-0.3558
-0.0700
-5.4600
-4.1300
409
500
531
455
424
-0.2084
-0.8867
-0.3699
2.3800
-4.8300
-4.6200
409
501
531
456
422
-0.2225
-0.8965
-0.3689
5.3900
-4.7600
-4.8300
410
501
531
457
420
-0.2113
-0.8926
-0.3621
3.8500
-4.1300
-2.7300
410
501
531
457
423
-0.2069
-0.9008
-0.3606
3.4300
-3.9900
-1.7500
410
501
531
457
423
-0.2142
-0.9062
-0.3665
4.1300
-3.5700
-2.7300
410
501
531
457
423
-0.2025
-0.9048
-0.3606
2.8700
-3.5700
-0.9100
409
500
531
456
423
-0.2137
-0.9043
-0.3523
2.0300
-3.7800
-2.5900
409
500
531
456
421
-0.2123
-0.8994
-0.3465
2.8700
-4.3400
-2.9400
409
500
531
456
424
-0.2142
-0.9048
-0.3572
4.0600
-5.0400
-3.9200
409
500
531
455
424
-0.2133
-0.9150
-0.3577
2.1700
-3.7800
-3.7100
409
500
531
455
424
-0.2118
-0.8999
-0.3494
1.4000
-3.8500
-2.5200
409
499
531
454
425
-0.2098
-0.8989
-0.3587
1.3300
-3.9200
-2.7300
409
499
531
453
425
-0.2074
-0.9067
-0.3709
-2.9400
-4.9700
-3.0100
408
496
530
450
426
-0.2064
-0.8940
-0.3606
-1.9600
-2.1700
-3.9900
406
490
526
444
425
-0.2069
-0.8965
-0.3611
0.9100
-3.5700
-5.3900
404
483
515
438
428
-0.2050
-0.9018
-0.3709
2.1000
-2.7300
-5.1100
404
479
508
427
428
-0.2035
-0.9067
-0.3665
2.3800
-2.6600
-4.9700
403
470
492
414
429
-0.1859
-0.8916
-0.3475
0.1400
-4.7600
-7.6300
403
459
474
401
431
-0.1986
-0.8955
-0.3616
-0.2100
-2.9400
-12.3900
397
445
445
382
433
-0.1737
-0.9038
-0.3826
-1.2600
-2.2400
-8.0500
392
419
410
353
436
-0.1566
-0.8906
-0.3816
3.1500
-4.3400
-4.4800
382
383
373
322
442
-0.1723
-0.8740
-0.3650
10.6400
-2.1000
-5.7400
367
351
344
294
449
-0.1454
-0.9072
-0.3494
9.1700
-9.3800
-3.0800
351
325
321
275
456
-0.1493
-0.9233
-0.3631
4.1300
-7.4900
-3.0800
335
305
304
262
463
-0.1630
-0.9106
-0.3640
12.7400
-8.1200
-2.9400
321
289
291
252
469
-0.1606
-0.9213
-0.3684
15.1900
-9.7300
-0.6300
305
275
283
244
471
-0.1728
-0.9228
-0.3357
19.4600
-4.5500
0.0000
289
264
278
236
476
-0.1757
-0.9501
-0.3299
9.2400
-8.4700
2.1700
277
257
273
229
475
-0.1762
-0.9170
-0.2962
6.3000
-6.1600
-4.0600
268
252
270
222
478
-0.1962
-0.9204
-0.2962
2.0300
-14.0700
-6.7900
262
250
269
222
469
-0.1830
-0.9511
-0.3040
-2.3100
-8.6800
-4.4800
259
248
268
222
463
-0.2079
-0.9223
-0.2923
-1.8900
-3.5700
-3.5700
256
248
269
224
464
-0.1908
-0.9194
-0.2855
-9.1700
-7.6300
-2.9400
254
247
270
226
467
-0.2059
-0.9111
-0.3104
-22.0500
-10.0100
-0.2800
252
248
271
228
469
-0.2035
-0.9116
-0.3387
-2.5900
-4.9000
-3.3600
252
249
272
229
469
-0.2001
-0.9091
-0.3411
-3.3600
-1.8900
-9.9400
252
251
274
231
476
-0.1806
-0.9174
-0.3631
-4.9000
0.9800
-3.8500
252
253
275
233
472
-0.1806
-0.9087
-0.3587
2.5200
-0.7000
-2.8700
253
254
276
234
468
-0.1732
-0.8999
-0.3645
1.2600
-3.7100
-0.4200
253
256
277
235
472
-0.1791
-0.8911
-0.3714
5.5300
5.1100
-1.8900
254
258
278
236
511
-0.1913
-0.8969
-0.3777
4.6900
3.3600
-0.5600
254
260
278
236
560
-0.1908
-0.9048
-0.3704
3.1500
2.7300
-2.1000
255
260
279
236
607
-0.1932
-0.9023
-0.3592
-0.0700
-3.0100
-2.3100
255
261
279
236
641
-0.2035
-0.9038
-0.4953
2.5200
-2.1700
-3.0800
255
261
280
240
666
-0.1908
-0.8945
-0.3631
2.7300
-2.8700
-2.5200
255
261
281
243
683
-0.1918
-0.8950
-0.3660
0.4200
-3.5000
-2.1700
256
262
282
244
691
-0.1937
-0.9087
-0.3636
0.7000
-2.3100
-2.3100
256
262
283
244
699
-0.1937
-0.8926
-0.3650
2.3800
-1.8200
-2.0300
256
262
283
245
705
-0.1952
-0.9038
-0.3733
1.9600
-3.2200
-1.6800
256
263
284
245
707
-0.1986
-0.9067
-0.3680
1.5400
-4.8300
-2.3100
256
263
284
245
706
-0.2025
-0.9008
-0.3626
2.3800
-3.7800
-3.2200
256
263
284
246
705
-0.1947
-0.9043
-0.3616
0.9800
-4.8300
-2.8000
256
264
285
246
703
-0.1981
-0.9126
-0.3733
2.3100
-3.2200
-3.0800
256
264
285
247
701
-0.1937
-0.8926
-0.3645
0.5600
-2.7300
-3.0100
257
264
285
247
702
-0.1923
-0.9043
-0.3684
1.7500
-3.2900
-3.4300
257
264
286
247
698
-0.1947
-0.9013
-0.3494
1.1900
-3.7100
-3.8500
257
264
286
248
697
-0.2015
-0.8979
-0.3616
1.5400
-2.5900
-3.4300
257
265
286
248
696
-0.1928
-0.8969
-0.3636
4.6900
-4.6900
-2.9400
257
265
287
248
695
-0.2011
-0.9052
-0.3626
1.1900
-3.4300
-2.6600
257
265
287
248
694
-0.1991
-0.9072
-0.3699
1.8900
-3.1500
-3.8500
257
265
287
249
693
-0.1972
-0.9033
-0.3616
2.6600
-3.1500
-2.5900
258
265
287
249
692
-0.1903
-0.9008
-0.3709
1.8900
-3.5000
-2.9400
258
265
288
249
693
-0.1937
-0.9087
-0.3582
1.4700
-3.5700
-2.3100
258
265
288
250
691
-0.1923
-0.9082
-0.3709
2.0300
-3.3600
-4.1300
258
266
288
250
691
-0.1952
-0.9077
-0.3616
2.9400
-4.6900
-3.3600
258
266
288
250
691
-0.1957
-0.9091
-0.3645
2.8000
-4.2700
-2.2400
258
266
288
250
693
-0.1932
-0.8984
-0.3592
3.0800
-5.3900
-2.3800
258
266
289
250
694
-0.1981
-0.9096
-0.3655
2.0300
-4.6200
-3.2200
258
266
289
250
694
-0.2030
-0.8989
-0.3616
0.9100
-3.8500
-1.8200
258
266
289
250
693
-0.1942
-0.9062
-0.3631
2.2400
-4.4100
-3.0100
258
266
289
251
694
-0.2006
-0.9106
-0.3660
1.0500
-4.5500
-4.1300
258
267
289
251
684
-0.1952
-0.9038
-0.3606
-1.8900
-6.0200
-5.6000
259
267
289
250
652
-0.1967
-0.9087
-0.3680
0.8400
-6.9300
-4.9000
259
267
289
242
605
-0.1952
-0.9018
-0.3743
4.0600
-5.4600
-4.2700
259
267
289
241
572
-0.1903
-0.9052
-0.3753
2.5900
-3.9200
-2.3100
259
267
288
242
537
-0.2040
-0.9077
-0.3489
-5.3200
-4.9000
-5.2500
261
269
288
243
508
-0.1864
-0.8960
-0.3616
-7.9100
-8.5400
-1.6800
267
273
290
245
481
-0.2030
-0.8930
-0.3845
0.9100
-11.2000
-6.7200
275
280
297
248
469
-0.1723
-0.9233
-0.4021
-1.6800
-6.3700
-3.0100
282
285
304
252
461
-0.2001
-0.8823
-0.4080
1.2600
-3.7100
-3.5000
295
297
320
263
456
-0.2020
-0.8896
-0.3987
9.3100
1.9600
-7.6300
312
318
355
287
452
-0.1850
-0.8989
-0.3733
5.6000
0.0700
1.9600
345
372
435
334
444
-0.1810
-0.9062
-0.3884
8.1900
-3.9200
1.6100
379
430
494
375
440
-0.2079
-0.9106
-0.3562
9.5200
-0.7700
-3.2200
402
456
516
404
430
-0.2206
-0.9209
-0.3748
9.7300
2.1000
-3.6400
408
480
524
430
426
-0.2001
-0.9194
-0.3533
6.3700
3.4300
-0.4200
410
493
527
445
421
-0.1884
-0.9160
-0.3455
3.0800
-2.1000
0.0000
411
499
529
453
416
-0.1996
-0.9126
-0.3182
2.5200
-3.4300
-2.4500
412
501
530
458
416
-0.1986
-0.9082
-0.3362
3.2900
-2.1700
-3.4300
413
502
531
460
415
-0.1913
-0.8965
-0.3314
8.1900
-4.0600
-0.5600
414
503
531
461
414
-0.1845
-0.9130
-0.3314
5.2500
-4.3400
-0.7700
414
503
531
462
413
-0.2001
-0.9350
-0.3343
6.8600
-3.7800
1.2600
414
503
532
463
413
-0.1967
-0.9438
-0.2977
6.2300
-4.9700
4.2700
415
503
532
463
413
-0.1972
-0.9379
-0.3411
9.1700
-8.3300
4.9000
415
503
532
464
413
-0.2250
-0.9340
-0.2943
13.3700
-10.8500
-2.3100
415
504
532
465
413
-0.2089
-0.9087
-0.2801
18.2700
-15.1200
11.0600
415
503
532
465
416
-0.2918
-0.9516
-0.2255
9.7300
-6.2300
-13.5800
415
503
532
466
417
-0.2562
-0.8930
-0.2137
12.5300
-12.3200
-19.1800
416
503
532
466
419
-0.2045
-0.9106
-0.2064
13.0900
-20.1600
-20.5800
417
502
532
466
419
-0.2211
-0.9121
-0.0439
14.4200
-17.4300
-10.5000
419
502
532
466
418
-0.1850
-0.9955
-0.1874
22.6800
-28.6300
-3.8500
419
502
531
466
421
-0.1898
-1.0414
-0.1039
13.7200
-19.8800
-8.5400
419
501
531
465
427
-0.1684
-0.9335
-0.0468
12.5300
-15.0500
-3.8500
419
501
531
464
434
-0.1635
-1.0102
-0.0283
9.4500
-4.5500
4.5500
419
501
531
463
436
-0.1952
-1.0653
0.0166
-26.1100
5.3200
5.4600
419
501
531
461
437
-0.1996
-0.9462
-0.0649
-12.1100
13.3700
0.4200
419
501
531
459
437
-0.2245
-0.9409
-0.2562
2.1000
12.9500
-3.9900
419
500
531
458
438
-0.1649
-0.9160
-0.1620
6.8600
-10.2900
-6.7900
419
500
531
457
440
-0.2089
-0.9599
-0.1610
10.9900
-7.3500
0.2800
419
499
531
455
442
-0.2352
-0.9721
-0.1444
12.4600
-0.3500
-2.7300
419
499
530
453
442
-0.1996
-0.9555
-0.1030
13.8600
-4.2700
-1.9600
419
498
530
452
443
-0.1752
-0.9462
-0.1015
21.4200
-10.9900
4.1300
419
498
530
452
445
-0.2176
-0.9726
-0.0693
7.5600
-8.5400
5.0400
419
498
530
451
446
-0.2381
-0.9921
-0.0181
3.9900
-3.9900
-2.3100
419
498
530
451
449
-0.2664
-0.9662
-0.0415
-1.6100
-3.6400
-4.0600
419
498
529
451
450
-0.2469
-0.9589
-0.0576
0.7000
0.7700
-7.2800
419
497
529
450
447
-0.2094
-0.9565
-0.0332
1.4700
-0.4900
-4.2700
419
497
529
449
449
-0.2235
-0.9545
-0.0654
0.9800
-3.7800
-1.1200
419
497
529
449
447
-0.2479
-0.9579
-0.0600
2.1700
-3.3600
-3.6400
419
497
529
449
449
-0.2396
-0.9350
-0.0542
9.2400
-6.0900
-2.9400
419
497
529
449
449
-0.2333
-0.9950
-0.0264
-0.9800
-3.0100
-2.9400
419
496
529
449
449
-0.2294
-0.9511
-0.0547
-4.2700
-2.2400
-2.6600
419
496
529
448
450
-0.2318
-0.9575
-0.0630
-0.5600
-3.8500
-1.7500
419
496
529
448
450
-0.2381
-0.9565
-0.0473
2.2400
-5.1800
-1.8200
419
496
529
448
449
-0.2401
-0.9628
-0.0605
-0.0700
-0.6300
-2.4500
419
496
529
447
449
-0.2333
-0.9721
-0.0659
-3.4300
1.1900
-4.9700
419
496
529
447
450
-0.2196
-0.9760
-0.0683
-9.6600
-0.0700
-4.2700
419
496
529
446
450
-0.2308
-0.9399
-0.1176
-1.4700
-2.3100
-6.5800
418
495
528
445
451
-0.2225
-0.9682
-0.1010
2.5200
-1.3300
-3.5000
418
495
529
444
450
-0.2298
-0.9711
-0.1078
-5.9500
-1.1900
-2.5200
418
495
528
444
451