-0.2645
-0.9370
-0.2274
4.0600
-4.8300
-3.6400
422
470
513
434
491
-0.2630
-0.9365
-0.2196
1.3300
-4.1300
-2.9400
422
470
513
434
491
-0.2572
-0.9252
-0.2269
1.8200
-3.5700
-3.5700
422
470
513
433
491
-0.2523
-0.9238
-0.2225
2.4500
-4.4800
-2.3800
422
470
513
433
491
-0.2577
-0.9296
-0.2108
0.9800
-3.3600
-3.1500
422
470
513
433
489
-0.2523
-0.9326
-0.2250
3.8500
-4.7600
-2.0300
421
469
513
433
491
-0.2630
-0.9404
-0.2220
0.6300
-3.9900
-3.3600
421
469
513
433
491
-0.2572
-0.9218
-0.2250
3.5700
-3.9900
-3.1500
421
469
513
433
491
-0.2499
-0.9321
-0.2264
2.3100
-4.6900
-3.5700
421
469
513
433
491
-0.2577
-0.9355
-0.2176
2.3100
-3.9900
-3.7800
421
469
513
433
488
-0.2572
-0.9340
-0.2211
2.1000
-4.9000
-3.0800
421
469
513
433
491
-0.2630
-0.9340
-0.2181
1.4000
-3.4300
-2.8700
422
469
513
433
491
-0.2586
-0.9233
-0.2157
2.8700
-4.5500
-3.7800
421
469
513
433
491
-0.2567
-0.9331
-0.2225
1.6800
-4.2700
-3.3600
421
469
513
433
491
-0.2577
-0.9228
-0.2113
3.0800
-4.0600
-3.4300
422
469
513
433
489
-0.2518
-0.9311
-0.2186
2.6600
-3.9900
-3.1500
421
469
513
433
491
-0.2586
-0.9316
-0.2142
0.9100
-3.5000
-3.5000
421
469
513
433
488
-0.2557
-0.9257
-0.2152
2.5200
-3.6400
-2.8000
421
469
513
433
491
-0.2508
-0.9243
-0.2201
1.1200
-3.6400
-3.2900
421
469
513
433
489
-0.2542
-0.9262
-0.2196
2.3800
-3.9900
-2.7300
421
469
513
433
488
-0.2606
-0.9326
-0.2108
0.8400
-4.0600
-2.8700
421
469
513
433
490
-0.2552
-0.9213
-0.2157
2.8700
-4.0600
-3.0800
421
469
513
433
489
-0.2538
-0.9316
-0.2162
2.9400
-4.1300
-2.7300
421
469
513
432
491
-0.2533
-0.9384
-0.2142
1.0500
-3.1500
-3.4300
421
469
513
432
491
-0.2499
-0.9292
-0.2133
1.7500
-3.9900
-3.1500
421
469
513
432
489
-0.2577
-0.9340
-0.2128
1.6100
-4.0600
-3.5000
421
469
512
432
491
-0.2508
-0.9233
-0.2089
1.6800
-4.8300
-3.9900
421
469
513
432
489
-0.2450
-0.9248
-0.2035
6.1600
-7.2100
0.4200
421
469
512
432
492
-0.2684
-0.9389
-0.2118
4.6900
-4.2000
0.9100
419
465
506
432
492
-0.2757
-0.9306
-0.2128
6.3000
0.7700
-3.7800
415
453
491
430
493
-0.2542
-0.9467
-0.1737
2.4500
-2.8000
-5.5300
412
447
482
429
494
-0.2582
-0.9374
-0.1976
2.0300
-0.9100
-3.5700
410
442
476
428
492
-0.2572
-0.9223
-0.2079
2.3800
-4.2000
-2.0300
409
440
473
427
495
-0.2664
-0.9433
-0.2098
-0.1400
-2.5900
-1.7500
408
439
471
427
494
-0.2664
-0.9331
-0.2001
0.5600
-1.1200
-2.5900
408
438
470
427
496
-0.2762
-0.9262
-0.2079
3.4300
-2.4500
-3.2900
399
422
453
425
499
-0.2801
-0.9311
-0.1923
1.6100
-9.7300
-5.1100
379
392
425
422
504
-0.2401
-0.9423
-0.1752
4.4800
-5.1800
-3.7800
351
357
418
419
511
-0.2645
-0.9477
-0.1776
5.5300
-5.8800
-4.8300
338
337
393
415
518
-0.2786
-0.9550
-0.1889
-2.4500
-7.1400
-4.9700
322
312
356
408
524
-0.2474
-0.9282
-0.1391
-5.1100
-7.9100
-6.3700
308
291
325
400
534
-0.2074
-0.9575
-0.1967
-9.7300
-13.9300
-0.4200
306
285
313
392
536
-0.2562
-0.9326
-0.2064
-20.4400
-13.0200
-0.9800
304
279
303
382
540
-0.2440
-0.9252
-0.2484
-24.5700
-17.2200
1.7500
299
278
293
371
551
-0.2494
-0.9121
-0.2855
-28.2100
-10.8500
8.7500
290
275
291
362
570
-0.3055
-0.8760
-0.3235
-8.6800
-4.9700
-4.9700
285
275
296
360
579
-0.2987
-0.8316
-0.3084
-20.7900
-9.8700
8.8200
282
273
297
354
600
-0.3123
-0.8725
-0.3753
-18.5500
-7.7000
4.5500
280
275
299
348
624
-0.3104
-0.8603
-0.3777
-13.3000
-5.8800
-1.8900
281
277
296
343
634
-0.3035
-0.8584
-0.4026
-1.8200
-2.8000
-10.9900
282
278
297
342
625
-0.2991
-0.8520
-0.3997
-7.1400
-3.3600
-12.1800
283
277
299
342
616
-0.3128
-0.8447
-0.3982
-3.1500
-5.3900
-9.8700
283
276
299
339
629
-0.2611
-0.8428
-0.4109
-4.7600
-5.6000
-7.6300
283
276
300
318
650
-0.2616
-0.8652
-0.4387
-3.0100
0.1400
-4.4800
283
275
301
302
667
-0.2538
-0.8457
-0.4480
-0.8400
-0.3500
-3.9200
283
275
302
292
660
-0.2499
-0.8501
-0.4577
0.4200
-2.3800
-4.0600
283
276
303
289
652
-0.2684
-0.8506
-0.4465
2.8700
-5.0400
-3.1500
284
276
304
288
647
-0.2733
-0.8530
-0.4358
3.5000
-3.9900
-4.6200
284
277
304
288
643
-0.2572
-0.8467
-0.4236
4.7600
-7.9800
-3.2200
285
277
305
289
638
-0.2650
-0.8613
-0.4192
4.1300
-8.5400
-5.1800
285
278
305
290
636
-0.2806
-0.8262
-0.4333
8.4000
-5.3900
-4.2700
286
279
306
290
635
-0.2582
-0.8433
-0.4226
9.6600
-7.0000
-1.9600
286
279
306
291
636
-0.2640
-0.8628
-0.4089
6.0200
-8.5400
-4.2700
286
279
307
291
636
-0.2704
-0.8579
-0.4128
3.7800
-4.4100
-2.3800
286
280
307
292
636
-0.2733
-0.8638
-0.4055
5.6700
-3.9200
-2.1700
286
280
308
292
636
-0.2684
-0.8779
-0.4002
7.4200
-5.6000
-2.3800
286
281
308
293
637
-0.2713
-0.8721
-0.3909
5.1100
-6.0200
-3.2900
287
282
308
294
638
-0.2796
-0.8745
-0.3782
5.1100
-6.5100
-3.2900
287
282
309
294
638
-0.2791
-0.8745
-0.3797
10.3600
-7.4200
-3.4300
288
283
309
295
639
-0.2830
-0.8916
-0.3553
3.5000
-4.2000
-3.5700
288
287
310
296
641
-0.2674
-0.8628
-0.3518
7.7000
-3.7800
-2.5900
288
287
310
296
641
-0.2679
-0.8828
-0.3509
5.0400
-4.8300
-2.4500
289
287
310
296
642
-0.2777
-0.8764
-0.3587
3.9900
-4.2000
0.5600
289
288
310
297
643
-0.2928
-0.8926
-0.3455
3.6400
-1.4000
-2.3100
289
288
311
297
642
-0.2738
-0.8682
-0.3675
7.0700
-0.3500
-4.9000
290
289
311
297
642
-0.2640
-0.9048
-0.3362
2.5900
-6.0900
-1.9600
290
289
311
298
641
-0.2777
-0.8818
-0.3440
3.6400
-4.6200
-1.5400
291
289
311
298
641
-0.2777
-0.9013
-0.3299
3.7800
-4.6900
-3.3600
291
290
311
298
641
-0.2855
-0.8808
-0.3431
1.1900
-2.0300
-3.3600
291
290
312
298
640
-0.2708
-0.8843
-0.3343
1.9600
-4.0600
-2.4500
291
290
312
299
640
-0.2704
-0.8867
-0.3362
4.2000
-5.6700
-1.5400
291
290
312
299
641
-0.2811
-0.8955
-0.3392
5.9500
0.4200
-3.2200
291
290
312
299
649
-0.2786
-0.8877
-0.3274
2.4500
-2.1000
-3.2200
291
291
312
300
648
-0.2767
-0.8969
-0.3299
1.1900
-3.2200
-3.2200
292
291
312
300
645
-0.2664
-0.8950
-0.3274
0.5600
-3.5000
-3.5700
292
291
312
300
646
-0.2772
-0.9004
-0.3382
1.8200
-2.5900
-4.6200
292
291
312
300
645
-0.2650
-0.8935
-0.3426
3.2200
-2.9400
-3.1500
292
291
312
300
645
-0.2674
-0.8891
-0.3387
2.2400
-1.6100
-2.3100
292
292
311
303
658
-0.2616
-0.8935
-0.3318
1.5400
-0.4200
-3.4300
293
292
310
312
651
-0.2694
-0.8857
-0.3211
5.1100
-1.3300
-4.9700
294
292
309
327
625
-0.2591
-0.8843
-0.3231
6.7200
0.9800
-5.1800
295
293
310
338
617
-0.2523
-0.8891
-0.3348
1.1900
-0.6300
-3.7100
296
294
311
347
615
-0.2401
-0.9018
-0.3372
-8.3300
-3.3600
-5.5300
301
298
316
353
610
-0.2650
-0.8686
-0.3558
2.1700
-0.6300
-14.0700
309
303
325
361
585
-0.1440
-0.9213
-0.3460
23.9400
1.7500
-10.3600
336
329
361
383
537
-0.2303
-0.9116
-0.3367
20.3700
0.7700
1.1200
361
382
433
400
507
-0.2298
-0.9189
-0.3026
29.2600
9.3800
3.2200
385
434
480
421
485
-0.2323
-0.9316
-0.2328
26.8100
9.1700
12.1800
409
464
508
440
464
-0.2220
-0.9521
-0.2069
18.1300
-0.6300
9.8000
426
481
519
451
456
-0.2747
-1.0297
-0.2352
17.1500
2.5200
1.5400
432
488
524
456
448
-0.1542
-0.9614
-0.1874
12.3200
6.4400
1.0500
426
496
527
458
442
-0.2718
-0.9472
-0.1810
8.7500
-3.1500
-1.4700
426
500
529
460
439
-0.2674
-0.9389
-0.2054
7.7000
-4.0600
-3.7100
426
502
529
463
437
-0.2762
-0.9404
-0.1674
1.8200
-3.1500
-2.3800
426
502
530
465
435
-0.2655
-0.9228
-0.1781
3.5700
-5.3200
-4.2000
426
503
530
465
435
-0.2772
-0.9433
-0.1757
2.6600
-4.7600
-1.6100
426
503
530
465
433
-0.2869
-0.9335
-0.1659
3.1500
-3.9200
-2.1000
426
503
530
465
436
-0.2806
-0.9355
-0.1752
1.8200
-2.5900
-0.4200
426
503
530
465
433
-0.2826
-0.9428
-0.1601
2.7300
-1.4700
-0.7000
426
503
530
465
436
-0.2782
-0.9365
-0.1845
6.5800
-2.5200
-2.8700
426
503
530
465
436
-0.2723
-0.9438
-0.1786
0.7700
-1.5400
-2.9400
425
503
530
465
436
-0.2650
-0.9433
-0.1649
4.1300
-3.9900
-3.1500
425
502
530
465
437
-0.2723
-0.9428
-0.1830
-2.1700
-4.8300
-6.7200
426
502
530
465
438
-0.2733
-0.9414
-0.1752
0.6300
-3.1500
-4.5500
426
502
530
464
439
-0.2611
-0.9145
-0.1796
-7.7700
-5.6700
-3.9900
426
499
529
463
442
-0.2601
-0.9130
-0.2025
-11.1300
-6.3000
-3.0800
425
491
526
460
447
-0.2957
-0.9467
-0.2440
2.9400
-3.9200
-8.8900
423
474
516
456
451
-0.2523
-0.9355
-0.2113
0.1400
-0.7000
-0.3500
420
464
511
453
453
-0.2660
-0.9370
-0.1810
1.0500
-4.1300
-2.7300
420
461
511
452
455
-0.2767
-0.9199
-0.2054
-1.8900
-2.3800
-6.5800
413
455
503
449
458
-0.2606
-0.9287
-0.2001
-5.6700
-3.6400
-10.7100
406
434
471
442
462
-0.2552
-0.9326
-0.2118
-1.8900
-3.0800
-3.9200
399
410
444
439
467
-0.2503
-0.9531
-0.2630
11.4100
-5.8100
-5.6700
356
351
419
436
474
-0.2464
-0.9091
-0.2079
6.1600
-7.8400
-1.4000
332
320
377
431
478
-0.2523
-0.9531
-0.1918
3.0800
-6.6500
-5.4600
316
300
346
424
489
-0.2450
-0.9345
-0.1967
-4.4800
-8.6100
-10.3600
303
283
315
411
493
-0.2557
-0.9179
-0.1874
-9.8700
-13.5800
-3.9900
291
278
301
397
494
-0.2435
-0.9267
-0.2103
-12.3200
-7.9100
-1.1200
282
275
298
383
508
-0.2616
-0.9096
-0.2596
-10.7800
-6.8600
-3.0800
277
283
293
371
524
-0.2699
-0.9331
-0.2728
-18.2700
-9.4500
1.8200
273
285
298
366
549
-0.2791
-0.9048
-0.2996
-9.5200
-8.2600
0.6300
273
287
301
364
585
-0.2718
-0.9077
-0.3318
-7.9800
-3.9900
2.8700
273
289
303
362
614
-0.2830
-0.8969
-0.3182
-10.7800
-7.1400
0.4200
274
290
304
359
633
-0.2811
-0.9072
-0.3328
-7.8400
-11.2700
-12.9500
273
289
303
350
621
-0.2850
-0.8867
-0.3372
-5.2500
-8.3300
-10.5000
274
289
304
345
616
-0.2567
-0.8823
-0.3548
-0.2100
-9.7300
-6.5800
276
289
306
332
621
-0.2772
-0.8867
-0.3333
-0.1400
-7.0000
-7.1400
278
289
308
312
659
-0.2577
-0.8769
-0.3392
-2.1000
-4.7600
-0.9800
279
289
310
291
683
-0.2738
-0.8799
-0.3499
0.8400
-4.5500
-2.9400
279
289
312
282
678
-0.2645
-0.8794
-0.3543
5.1800
-3.2200
-4.6200
280
289
314
278
673
-0.2503
-0.8930
-0.3372
0.1400
-1.6800
-0.2800
280
289
314
279
670
-0.2523
-0.8916
-0.3509
1.4000
-3.0100
-2.3100
281
290
315
280
670
-0.2586
-0.9004
-0.3543
4.4100
-3.7100
-3.2900
281
290
315
282
668
-0.2567
-0.8989
-0.3440
3.4300
-3.5000
-4.1300
282
291
316
283
666
-0.2582
-0.8950
-0.3450
4.6200
-3.7100
-4.3400
282
291
316
284
664
-0.2538
-0.8974
-0.3431
2.8700
-3.8500
-3.3600
283
291
317
285
660
-0.2542
-0.9052
-0.3357
1.2600
-3.3600
-2.3800
283
292
317
286
661
-0.2621
-0.8867
-0.3372
0.4900
-3.7100
-3.9900
283
292
318
288
662
-0.2743
-0.8847
-0.3387
1.8900
-1.6800
-2.2400
284
293
318
289
661
-0.2635
-0.8872
-0.3455
3.3600
-3.5700
-2.1700
284
293
319
289
660
-0.2596
-0.8926
-0.3396
3.0100
-2.3800
-2.1000
284
293
319
289
660
-0.2660
-0.8950
-0.3455
4.2700
-3.1500
-4.5500
284
293
319
290
659
-0.2528
-0.8955
-0.3426
1.8200
-3.7800
-2.8700
284
294
319
290
659
-0.2572
-0.8930
-0.3323
1.1900
-3.9200
-2.8700
284
294
319
290
659
-0.2655
-0.8935
-0.3382
0.7000
-3.5700
-2.2400
285
294
319
291
659
-0.2655
-0.8843
-0.3489
1.4700
-2.3100
-4.4100
285
294
320
291
660
-0.2572
-0.8857
-0.3348
0.9100
-4.4100
-2.7300
285
295
320
291
659
-0.2635
-0.8945
-0.3396
2.3100
-4.6900
-4.5500
285
295
320
292
660
-0.2601
-0.9048
-0.3479
2.3800
-3.9900
-2.8700
286
295
320
293
659
-0.2611
-0.8989
-0.3455
1.5400
-2.8700
-3.1500
285
295
320
293
659
-0.2596
-0.8916
-0.3518
2.5900
-4.3400
-3.0100
286
296
321
293
659
-0.2650
-0.8916
-0.3431
1.9600
-3.7100
-3.2200
286
296
321
294
658
-0.2669
-0.8901
-0.3460
1.2600
-2.3800
-3.5700
286
296
321
294
659
-0.2499
-0.8886
-0.3455
1.1900
-3.2200
-1.5400
286
296
321
294
659
-0.2640
-0.8999
-0.3436
1.5400
-2.9400
-3.3600
286
296
321
294
663
-0.2523
-0.8735
-0.3475
2.6600
-4.4800
-2.9400
286
296
321
295
669
-0.2611
-0.8926
-0.3436
-2.9400
-2.8000
-2.4500
287
297
320
300
681
-0.2547
-0.8891
-0.3538
-3.3600
-3.9900
-4.3400
290
299
319
319
663
-0.2445
-0.8725
-0.3699
1.4000
-2.5200
-4.3400
293
301
321
345
641
-0.2562
-0.8823
-0.3616
2.3800
-1.6100
-5.9500
298
304
327
354
616
-0.2625
-0.8838
-0.3494
8.6800
0.4900
-9.3100
312
315
350
363
581
-0.2113
-0.8867
-0.3455
9.5200
-2.4500
7.6300
331
331
387
377
536
-0.2225
-0.8945
-0.3421
20.3000
-2.3100
-3.5700
353
357
421
402
506
-0.2225
-0.9233
-0.2977
17.1500
0.8400
0.7700
374
404
460
424
482
-0.2357
-0.9257
-0.2928
17.5700
4.2700
3.4300
394
438
493
439
467
-0.2338
-0.9204
-0.2391
18.8300
2.3800
2.6600
408
455
507
450
457
-0.2333
-0.9238
-0.2020
14.5600
9.1700
0.8400
422
470
518
455
447
-0.2162
-0.9496
-0.2464
17.0100
-2.1700
3.9200
430
481
524
459
440
-0.2347
-0.9496
-0.2313
13.5800
-2.9400
-0.5600
434
487
526
461
438
-0.2050
-0.9740
-0.1996
5.8800
-2.7300
-3.7100
435
491
527
462
436
-0.2313
-0.9423
-0.2152
2.3800
-2.9400
-4.5500
434
494
528
462
435
-0.2547
-0.9316
-0.2020
3.7100
-5.5300
-3.8500
432
495
528
462
436
-0.2508
-0.9394
-0.2113
2.5900
-3.2200
-3.7800
431
495
529
462
433
-0.2533
-0.9414
-0.1996
3.0100
-4.4800
-3.0100
430
496
529
462
436
-0.2577
-0.9418
-0.1976
3.4300
-3.5700
-4.2000
428
496
529
462
436
-0.2586
-0.9360
-0.2113
5.2500
-3.7800
-4.8300
426
496
528
462
436
-0.2450
-0.9287
-0.1962
-0.3500
-4.6900
-3.6400
426
495
528
461
437
-0.2572
-0.9423
-0.1957
0.4200
-5.3200
-3.4300
425
495
528
461
437
-0.2513
-0.9453
-0.2020
2.8700
-4.9000
-5.1100
425
494
528
460
438
-0.2455
-0.9428
-0.2020
-1.4700
-3.7800
-2.8000
424
492
528
458
439
-0.2469
-0.9389
-0.2064
0.6300
-3.9900
-2.0300
423
490
527
457
441
-0.2533
-0.9536
-0.2035
-2.1700
-5.6000
-2.4500
420
485
525
454
444
-0.2518
-0.9243
-0.2074
-3.2900
-6.1600
-2.1700
415
478
520
451
448
-0.2606
-0.9287
-0.2494
-2.1700
3.8500
-2.1700
409
468
512
446
454
-0.2484
-0.9326
-0.2103
0.4900
-2.3100
-5.6000
398
457
504
441
459
-0.2479
-0.9482
-0.2172
0.9800
-1.1200
-5.5300
383
442
489
436
463
-0.2352
-0.9516
-0.2308
-6.5800
-10.5000
-5.8800
378
415
469
431
469
-0.2508
-0.9472
-0.2625
-12.1100
-7.7700
-1.2600
364
383
439
423
476
-0.2450
-0.9350
-0.2528
-8.9600
-5.0400
-3.8500
339
345
406
416
480
-0.2425
-0.9160
-0.2957
-3.2900
-5.9500
0.1400
316
318
370
408
489
-0.2469
-0.9194
-0.2718
-2.8000
-9.5200
-1.1900
302
302
345
403
495
-0.2435
-0.9194
-0.3074
-6.7900
-7.2100
-5.3200
291
287
323
395
496
-0.2318
-0.9194
-0.2869
-7.7000
-10.5000
-0.9800
285
282
308
385
504
-0.2357
-0.9052
-0.2884
-9.1700
-12.2500
-0.7700
280
282
301
374
512
-0.2416
-0.9072
-0.3392
-0.2100
-8.0500
1.5400
273
282
299
367
519
-0.2684
-0.9023
-0.3543
-4.7600
-4.4800
8.8200
270
283
301
361
564
-0.2450
-0.8906
-0.3475
-3.7800
-7.7700
4.2700
269
283
305
358
590
-0.2708
-0.9077
-0.3694
-6.7900
-8.2600
3.9900
267
286
306
352
615
-0.2835
-0.8750
-0.3875
-6.8600
-5.8800
0.9100
265
286
306
344
634
-0.2982
-0.8740
-0.3816
-13.3000
-10.5700
-2.0300
264
286
306
335
641
-0.3133
-0.8789
-0.4002
-2.6600
-6.3000
-4.8300
266
287
306
330
637
-0.2987
-0.8579
-0.3909
-3.1500
-4.5500
-4.2700
266
287
308
323
640
-0.2962
-0.8516
-0.4026
-1.0500
-3.9900
-5.3900
267
288
308
307
656
-0.2845
-0.8589
-0.4006
-0.2100
-3.2900
-6.0900
267
288
309
297
678
-0.2767
-0.8540
-0.3963
0.0000
-6.2300
-6.0200
268
288
311
288
680
-0.2884
-0.8677
-0.4011
3.4300
-2.8700
-5.6000
268
288
311
282
671
-0.2762
-0.8633
-0.4085
3.5700
-4.1300
-6.6500
268
288
312
280
662
-0.2674
-0.8691
-0.4016
3.2900
-3.5000
-5.1100
269
288
312
279
658
-0.2762
-0.8725
-0.3997
4.0600
-3.6400
-6.3700
269
288
312
279
654
-0.2606
-0.8657
-0.3909
2.6600
-5.2500
-3.5700
269
288
313
280
651
-0.2630
-0.8701
-0.3894
3.5000
-4.7600
-4.1300
270
289
313
281
650
-0.2694
-0.8696
-0.3943
4.2700
-4.2700
-3.7800
270
289
313
282
649
-0.2625
-0.8794
-0.3841
2.1700
-3.0800
-3.3600
270
289
314
282
647
-0.2718
-0.8696
-0.3841
3.0800
-4.3400
-2.6600
271
290
314
284
646
-0.2733
-0.8740
-0.3860
4.4800
-3.2900
-4.3400
271
290
314
284
645
-0.2621
-0.8755
-0.3699
2.4500
-3.3600
-3.5000
272
290
314
285
644
-0.2674
-0.8706
-0.3762
2.5200
-3.9900
-3.2900
272
291
315
285
643
-0.2679
-0.8691
-0.3841
3.1500
-4.3400
-3.5700
272
291
315
286
642
-0.2684
-0.8799
-0.3728
1.8900
-4.4800
-3.2900
272
291
315
286
641
-0.2694
-0.8730
-0.3758
2.7300
-4.5500
-2.8700
272
291
315
287
640
-0.2762
-0.8838
-0.3728
0.6300
-3.2900
-3.2900
273
292
316
287
639
-0.2650
-0.8735
-0.3753
2.9400
-2.9400
-3.7800
273
292
316
288
639
-0.2679
-0.8711
-0.3655
2.4500
-4.2700
-2.8000
273
292
316
288
638
-0.2674
-0.8760
-0.3767
2.3100
-4.4100
-3.6400
273
292
316
288
640
-0.2616
-0.8740
-0.3723
3.1500
-5.6000
-2.2400
273
293
316
288
639
-0.2723
-0.8760
-0.3748
1.6800
-3.7100
-3.5700
273
293
317
289
639
-0.2664
-0.8789
-0.3719
2.9400
-4.4800
-2.4500
274
293
317
289
639
-0.2752
-0.8789
-0.3714
2.7300
-3.8500
-3.1500
274
293
317
289
638
-0.2679
-0.8755
-0.3650
2.3100
-3.5700
-3.2900
274
293
317
289
638
-0.2655
-0.8716
-0.3733
1.6100
-3.6400
-3.2200
274
293
317
290
638
-0.2625
-0.8764
-0.3709
2.1000
-4.5500
-3.3600
274
294
318
290
637
-0.2738
-0.8882
-0.3660
1.8900
-4.1300
-3.0800
274
294
318
290
637
-0.2694
-0.8764
-0.3719
1.1900
-3.4300
-3.9200
274
294
318
290
637
-0.2640
-0.8818
-0.3655
0.9100
-3.5700
-3.0800
274
294
318
291
638
-0.2747
-0.8721
-0.3689
0.5600
-2.2400
-2.1700
275
295
319
291
641
-0.2660
-0.8789
-0.3782
5.7400
0.1400
-4.7600
275
295
319
292
651
-0.2650
-0.8838
-0.3841
13.9300
5.6000
-3.7800
277
295
319
297
646
-0.2542
-0.8916
-0.3680
14.9100
5.6000
-7.4900
279
297
318
327
605
-0.2518
-0.8901
-0.3240
11.6900
3.5700
-5.0400
281
299
318
353
581
-0.2460
-0.9067
-0.3343
2.8700
2.7300
-5.8100
282
302
320
366
553
-0.2279
-0.8877
-0.3406
7.4900
1.5400
-12.7400
287
306
325
372
522
-0.2206
-0.9130
-0.3260
11.3400
3.9200
-11.2000
296
313
342
377
499
-0.1781
-0.9087
-0.3265
14.4200
7.1400
-7.0700
322
336
387
387
483
-0.1732
-0.9174
-0.2850
16.5200
1.9600
-0.5600
354
380
444
399
468
-0.1815
-0.9189
-0.2699
17.0800
1.1900
3.7100
380
421
478
414
455
-0.1976
-0.9228
-0.2679
14.0700
10.7100
9.2400
403
444
497
430
442
-0.2059
-0.9321
-0.2372
5.7400
-2.5200
7.5600
422
462
512
441
437
-0.2279
-0.9482
-0.2484
3.2200
-1.8900
4.0600
419
483
522
449
433
-0.2294
-0.9370
-0.2557
6.2300
-2.6600
2.5200
420
493
526
454
429
-0.2230
-0.9453
-0.2523
4.4800
-5.2500
1.4700
421
496
528
456
427
-0.2367
-0.9209
-0.2518
2.5900
-2.9400
-0.9800
422
498
528
458
424
-0.2362
-0.9116
-0.2655
9.5900
-4.3400
-3.4300
424
500
529
458
426
-0.2416
-0.9321
-0.2367
4.2700
-4.2000
-4.3400
425
501
529
458
426
-0.2406
-0.9345
-0.2377
3.5700
-4.4800
-2.5900
425
501
530
458
426
-0.2440
-0.9335
-0.2284
3.2200
-4.4800
-1.3300
425
501
530
458
427
-0.2435
-0.9311
-0.2289
4.8300
-3.7800
-3.2200
425
501
530
457
427
-0.2460
-0.9321
-0.2396
3.8500
-4.5500
-2.3100
425
501
530
457
427
-0.2508
-0.9462
-0.2372
5.6000
-4.3400
-3.5000
425
501
530
457
426
-0.2396
-0.9418
-0.2259
1.6800
-3.6400
-3.9900
425
501
530
456
428
-0.2430
-0.9374
-0.2206
-1.8200
-2.8700
-3.5700
424
500
530
456
429
-0.2386
-0.9243
-0.2245
3.5700
-3.9200
-3.7800
424
500
529
456
429
-0.2362
-0.9438
-0.2274
2.0300
-4.4800
-3.6400
424
499
529
455
430
-0.2391
-0.9457
-0.2225
0.3500
-3.4300
-3.8500
424
497
529
455
431
-0.2269
-0.9272
-0.2381
-3.6400
-3.2200
-6.3000
421
489
528
453
432
-0.2313
-0.9389
-0.2333
-21.3500
-7.0700
-1.8900
414
474
519
446
438
-0.2396
-0.9209
-0.2835
-9.3100
-6.3700
-13.3000
408
460
496
439
442
-0.2450
-0.9165
-0.3089
-5.6700
-3.1500
-4.9000
406
439
473
433
446
-0.2255
-0.9355
-0.3035
2.5200
-1.6800
-7.4200
400
426
455
428
448
-0.1972
-0.9140
-0.3030
-0.7000
-5.8100
-2.1000
396
415
437
426
450
-0.2054
-0.9287
-0.3060
1.5400
-4.9000
-3.3600
394
403
414
423
453
-0.2050
-0.9418
-0.2860
4.2700
-6.7900
-2.0300
388
392
392
420
458
-0.2123
-0.9379
-0.2738
0.7700
-7.8400
-1.8200
380
373
380
418
463
-0.2157
-0.9321
-0.2874
-0.3500
-8.8900
-2.9400
361
360
358
413
467
-0.2103
-0.9194
-0.3367
-0.2100
-9.5900
-4.9000
344
344
339
406
470
-0.1986
-0.9287
-0.2879
-3.0100
-6.0200
-1.4000
333
335
319
392
472
-0.2025
-0.9448
-0.2962
-17.4300
-7.2800
-3.4300
318
328
309
381
474
-0.2108
-0.9194
-0.3065
-1.6800
-7.2100
1.1900
304
318
303
376
481
-0.2094
-0.9272
-0.3270
7.9100
-6.3700
-1.0500
294
313
302
374
488
-0.2040
-0.9374
-0.2786
-2.3100
-12.3200
2.3800
289
309
303
369
508
-0.2542
-0.9238
-0.3079
-11.2700
-10.4300
0.5600
289
312
306
362
532
-0.2201
-0.9033
-0.3323
-10.5700
-11.1300
-2.8000
291
315
308
357
568
-0.2289
-0.9179
-0.3504
-9.3800
-11.7600
-4.1300
293
316
311
355
596
-0.2513
-0.9038
-0.3504
-3.8500
-6.0900
-4.4100
295
317
312
354
611
-0.2684
-0.9174
-0.3601
2.5200
-1.8200
-15.6100
297
320
312
352
595
-0.1947
-0.8974
-0.3406
-0.9100
-8.5400
-4.1300
299
322
314
346
587
-0.2338
-0.8940
-0.3265
-4.2000
-5.0400
-1.8900
301
323
316
335
579
-0.2367
-0.8906
-0.3406
-6.9300
-2.2400
-0.9100
302
323
317
318
600
-0.2333
-0.8979
-0.3636
-7.7000
-0.0700
-0.8400
303
324
318
296
634
-0.2103
-0.8940
-0.3762
-0.7700
-2.3800
-1.2600
303
323
319
282
636
-0.2123
-0.8930
-0.3821
2.3800
-4.1300
-1.4000
304
323
319
277
631
-0.2338
-0.8916
-0.3694
0.7000
-4.4100
-0.6300
304
324
320
277
630
-0.2303
-0.8843
-0.3645
1.8900
-4.7600
-1.3300
304
324
320
278
628
-0.2216
-0.8974
-0.3699
3.3600
-3.2200
-3.9900
304
324
321
279
627
-0.2113
-0.8945
-0.3787
3.3600
-4.6200
-2.8000
304
325
321
280
626
-0.2206
-0.8989
-0.3743
2.5200
-3.7100
-3.2900
304
325
321
281
627
-0.2113
-0.8974
-0.3777
4.5500
-3.8500
-3.2900
304
325
322
282
627
-0.2157
-0.9052
-0.3709
2.4500
-4.9000
-2.1000
304
325
322
283
625
-0.2211
-0.9023
-0.3665
2.2400
-3.6400
-2.0300
305
326
322
284
625
-0.2196
-0.8950
-0.3640
2.5900
-3.7800
-3.2200
305
326
322
284
624
-0.2289
-0.8911
-0.3587
2.8000
-3.7800
-3.9900
305
326
322
285
623
-0.2157
-0.8999
-0.3650
3.5700
-3.6400
-4.5500
305
326
322
285
621
-0.2133
-0.9033
-0.3592
2.5900
-2.9400
-2.4500
305
326
323
285
620
-0.2128
-0.9101
-0.3597
2.1700
-4.4100
-2.8000
305
326
323
286
620
-0.2201
-0.8969
-0.3553
1.4700
-4.6900
-2.5200
305
327
323
286
619
-0.2181
-0.9008
-0.3601
2.5200
-4.0600
-3.1500
305
327
323
286
619
-0.2133
-0.9057
-0.3631
1.8200
-3.7100
-2.6600
305
327
324
287
619
-0.2201
-0.8989
-0.3572
2.1700
-4.3400
-3.2200
305
327
324
287
619
-0.2176
-0.9013
-0.3553
2.3100
-4.4100
-2.5200
305
327
323
287
619
-0.2240
-0.8989
-0.3636
0.8400
-3.3600
-3.6400
306
327
324
288
619
-0.2191
-0.8891
-0.3597
1.6100
-4.4800
-3.0100
306
328
324
288
619
-0.2240
-0.8930
-0.3636
2.4500
-4.6900
-3.0800
306
328
324
289
621
-0.2201
-0.8994
-0.3562
4.1300
-4.6200
-1.9600
306
328
324
289
621
-0.2264
-0.8916
-0.3640
3.1500
-3.4300
-3.0800
306
328
324
289
622
-0.2216
-0.9023
-0.3626
0.7700
-3.1500
-2.5900
306
328
324
290
623
-0.2181
-0.8969
-0.3562
1.1200
-3.2200
-2.6600
306
328
324
290
623
-0.2220
-0.8940
-0.3538
1.2600
-3.2200
-2.8000
306
329
324
291
623
-0.2172
-0.8930
-0.3528
1.0500
-3.4300
-2.6600
306
329
324
291
621
-0.2142
-0.9018
-0.3558
0.9100
-3.9900
-2.2400
306
329
324
291
622
-0.2186
-0.8984
-0.3553
0.7000
-2.8700
-3.3600
307
329
324
292
622
-0.2172
-0.8950
-0.3611
3.1500
-3.1500
-3.2200
307
329
324
292
624
-0.2176
-0.9008
-0.3528
0.9100
-2.1700
-3.7100
307
329
324
293
629
-0.2103
-0.9067
-0.3680
-2.1700
-2.8000
-3.0800
307
329
323
297
634
-0.2152
-0.8989
-0.3680
-0.5600
-1.3300
-1.6100
308
329
322
307
619
-0.2230
-0.9062
-0.3797
0.3500
-0.2800
-3.4300
308
329
321
324
603
-0.2045
-0.8965
-0.3787
0.7000
-0.5600
-4.3400
311
329
322
337
598
-0.1981
-0.8896
-0.3689
4.4100
-2.1700
-6.3000
316
336
334
344
589
-0.2147
-0.8808
-0.3421
-0.7000
-10.9900
-4.0600
325
349
361
353
570
-0.2079
-0.9096
-0.3821
17.1500
0.8400
-9.3800
338
369
410
364
544
-0.1498
-0.9218
-0.3265
15.6800
2.6600
0.2800
356
390
449
387
506
-0.2128
-0.9174
-0.3318
13.5800
-1.4700
-5.1100
376
421
477
405
488
-0.2181
-0.9179
-0.3021
18.2700
5.5300
-0.0700
396
443
497
421
472
-0.2069
-0.9038
-0.2894
19.2500
3.7100
1.4000
407
455
508
437
465
-0.2074
-0.9404
-0.2704
19.9500
5.5300
2.4500
415
467
516
447
457
-0.1893
-0.9511
-0.2308
14.7000
-0.4900
5.1800
417
479
522
453
449
-0.2113
-0.9531
-0.1186
14.7700
3.0100
2.1000
418
486
525
455
443
-0.2181
-0.9448
-0.2225
6.7900
-3.8500
-0.9100
419
489
525
456
442
-0.2250
-0.9423
-0.2167
2.3800
-2.8000
-2.5200
419
489
526
456
441
-0.2191
-0.9521
-0.2235
3.0100
-2.0300
-1.0500
419
489
526
456
441
-0.2191
-0.9448
-0.2108
3.2200
-3.6400
-1.6100
419
489
526
456
441
-0.2147
-0.9506
-0.2128
4.2000
-3.9900
-3.9200
419
489
526
456
441
-0.2235
-0.9423
-0.1928
1.2600
-4.2700
-1.6100
419
488
526
455
441
-0.2152
-0.9414
-0.1986
2.1700
-3.0100
-3.0800
419
488
526
455
441
-0.2137
-0.9365
-0.2020
1.2600
-4.8300
-3.9900
419
488
526
454
439
-0.2079
-0.9462
-0.2015
0.3500
-3.9200
-3.7800
419
488
526
454
442
-0.2162
-0.9428
-0.2098
3.0100
-2.8000
-5.2500
419
487
525
453
442
-0.2011
-0.9438
-0.1996
1.0500
-4.8300
-3.3600
418
487
525
453
442
-0.2133
-0.9467
-0.2015
1.5400
-3.9900
-3.3600
418
487
525
453
442
-0.2108
-0.9506
-0.2162
2.6600
-4.2000
-2.5900
418
486
525
452
442
-0.2142
-0.9560
-0.1976
1.4700
-2.7300
-1.6100
418
486
525
452
442
-0.2103
-0.9496
-0.2176
2.0300
-2.4500
-2.6600
418
486
525
451
442
-0.2108
-0.9506
-0.2064
0.9800
-2.3800
-2.8700
417
485
524
451
443
-0.2152
-0.9516
-0.2098
-1.8200
-2.5900
-2.1000
417
483
524
449
443
-0.2045
-0.9477
-0.2167
0.2100
-2.5200
-3.0100
416
479
523
448
443
-0.2040
-0.9536
-0.2137
-1.8900
-2.2400
-2.8000
415
477
522
447
444
-0.2040
-0.9428
-0.2342
-4.4100
-0.2800
-4.6200
414
474
520
445
445
-0.2133
-0.9248
-0.2577
-0.4200
-4.9700
-4.2700
413
467
506
440
447
-0.2020
-0.9531
-0.2050
-11.7600
-5.4600
1.1900
410
462
500
434
449
-0.2308
-0.9267
-0.2464
-2.9400
-5.3200
-5.6000
404
453
489
429
451
-0.2050
-0.9379
-0.2542
-8.4700
-4.2000
-5.2500
392
440
474
421
453
-0.1840
-0.9457
-0.2430
-2.9400
-5.3200
-1.3300
372
410
462
415
456
-0.1996
-0.9536
-0.2523
-9.2400
-5.1100
-2.7300
351
368
429
406
459
-0.1859
-0.9477
-0.3167
7.4900
-6.1600
-10.7800
328
319
371
399
456
-0.1679
-0.9238
-0.2679
4.0600
-8.0500
-2.2400
304
286
326
391
462
-0.1913
-0.9496
-0.2586
-6.1600
-2.7300
-2.0300
284
261
292
380
471
-0.1850
-0.8833
-0.2830
-3.8500
-9.1700
-1.2600
269
253
284
366
478
-0.2103
-0.9296
-0.2528
-0.0700
-14.1400
-0.4200
264
254
285
358
493
-0.1908
-0.9457
-0.2660
-2.8700
-10.3600
1.3300
263
258
291
352
515
-0.2064
-0.9262
-0.2816
-15.4000
-13.9300
-3.9900
264
260
295
347
535
-0.1986
-0.9272
-0.3245
-3.5700
-1.7500
5.4600
265
264
300
349
599
-0.2469
-0.9267
-0.3494
5.3200
-1.1900
1.1200
265
266
299
347
630
-0.2430
-0.9311
-0.3060
-12.1100
-9.0300
-7.7000
265
267
303
341
622
-0.2381
-0.8965
-0.3631
3.0100
-8.0500
-25.0600
269
268
305
335
606
-0.1962
-0.9135
-0.3582
-2.1700
-5.4600
-15.6800
272
270
310
332
615
-0.2103
-0.9174
-0.3499
-10.1500
-10.5000
-13.5100
273
271
313
316
650
-0.1723
-0.8882
-0.3636
-9.0300
-8.1900
-9.8000
274
272
314
296
672
-0.2011
-0.8735
-0.3567
2.5900
-6.0200
-4.0600
274
273
314
284
662
-0.1845
-0.8755
-0.3470
2.5900
-7.5600
-5.1100
274
274
315
279
657
-0.1898
-0.8921
-0.3689
-0.2800
-3.0100
-4.2700
273
274
316
276
653
-0.1981
-0.9008
-0.3743
2.8000
-5.3200
-3.9200
273
275
317
275
650
-0.1947
-0.9048
-0.3831
1.8200
-3.2200
-2.7300
274
275
318
276
648
-0.1957
-0.8916
-0.3694
2.0300
-4.2700
-2.1000
274
275
318
276
646
-0.1986
-0.8857
-0.3709
3.0800
-4.4800
-1.9600
274
276
318
277
644
-0.1962
-0.9091
-0.3699
4.2700
-3.7100
-4.1300
274
276
319
279
643
-0.1898
-0.9043
-0.3787
2.7300
-3.4300
-3.0100
274
276
319
279
642
-0.1932
-0.9033
-0.3640
2.3100
-2.4500
-3.2200
274
276
319
280
639
-0.1884
-0.9018
-0.3631
3.0100
-3.4300
-2.9400
274
277
320
280
638
-0.1972
-0.8994
-0.3684
0.9800
-3.2900
-2.8000
274
277
320
281
636
-0.1962
-0.8984
-0.3660
3.0100
-3.3600
-2.8000
274
277
320
281
635
-0.1976
-0.9057
-0.3665
1.4000
-3.0100
-3.5700
274
277
321
282
635
-0.1937
-0.8989
-0.3704
2.8000
-3.6400
-3.9900
274
277
321
282
633
-0.1923
-0.9067
-0.3655
3.5000
-4.2000
-2.1000
275
277
321
282
633
-0.1976
-0.9043
-0.3670
0.8400
-2.7300
-4.1300
274
277
321
283
632
-0.1850
-0.9013
-0.3616
1.8900
-3.7100
-2.8000
274
277
322
284
632
-0.1850
-0.8930
-0.3553
1.2600
-4.5500
-3.4300
275
278
322
284
631
-0.1991
-0.8999
-0.3660
2.5900
-4.9000
-2.5200
275
278
322
284
631
-0.1957
-0.9067
-0.3509
1.1200
-4.6200
-2.1700
275
278
322
285
631
-0.1898
-0.8940
-0.3562
2.3800
-5.1100
-1.3300
275
278
323
285
630
-0.2006
-0.9057
-0.3626
3.2200
-5.3200
-2.8000
275
278
323
285
630
-0.1942
-0.9057
-0.3645
2.0300
-3.8500
-6.0900
273
279
323
286
628
-0.1932
-0.8989
-0.3577
2.8700
-4.4800
-1.9600
273
279
323
286
630
-0.1991
-0.9013
-0.3655
3.0100
-4.9700
-2.2400
274
279
323
286
630
-0.1962
-0.9052
-0.3558
1.8200
-4.2000
-2.6600
274
279
323
287
630
-0.1972
-0.9062
-0.3592
2.6600
-4.5500
-2.4500
274
279
323
287
629
-0.2020
-0.9052
-0.3572
3.4300
-4.7600
-2.1700
274
279
323
287
629
-0.2015
-0.8994
-0.3455
4.3400
-5.6700
-2.5200
274
280
323
288
629
-0.2084
-0.9013
-0.3465
0.7700
-3.8500
-2.8000
274
280
323
288
629
-0.2001
-0.9048
-0.3494
2.8000
-4.4100
-2.3100
274
280
323
288
629
-0.2059
-0.8984
-0.3514
2.7300
-3.5700
-2.3800
275
281
324
289
626
-0.2011
-0.9043
-0.3523
1.5400
-3.8500
-2.1000
274
280
323
289
626
-0.1972
-0.9048
-0.3616
2.0300
-2.8700
-1.5400
274
281
324
290
628
-0.2059
-0.9072
-0.3538
2.9400
-1.5400
0.5600
274
281
322
292
647
-0.2152
-0.9023
-0.3426
1.6800
-0.7000
1.6800
274
282
318
305
661
-0.2323
-0.9106
-0.3626
0.3500
2.7300
0.2100
274
282
315
327
639
-0.2147
-0.9018
-0.3694
4.5500
1.3300
-5.3900
275
283
314
343
614
-0.2064
-0.9126
-0.3455
-1.6800
-3.2900
-3.2200
277
284
315
357
589
-0.2211
-0.8994
-0.3479
1.7500
-0.4200
-4.4800
280
287
321
372
567
-0.2025
-0.9106
-0.3299
9.5200
-0.2800
-4.2700
282
289
326
376
533
-0.1869
-0.9174
-0.3470
13.1600
3.5700
-3.5700
290
297
355
380
509
-0.1654
-0.9150
-0.3074
10.1500
-3.6400
-1.5400
311
318
400
389
489
-0.1566
-0.9248
-0.2962
8.8900
-1.4700
-7.0000
338
357
450
402
476
-0.1606
-0.9550
-0.3079
9.7300
0.3500
-2.0300
364
404
479
415
465
-0.1591
-0.9457
-0.2913
5.9500
-0.4200
0.0000
386
436
497
425
458
-0.1791
-0.9423
-0.2811
7.0700
2.7300
7.3500
404
457
509
435
451
-0.1776
-0.9292
-0.2679
9.3800
-2.7300
0.7700
419
472
517
443
445
-0.1962
-0.9335
-0.2528
7.6300
-2.5200
2.1000
427
480
522
449
440
-0.2040
-0.9301
-0.2552
8.9600
-1.4000
3.2900
428
486
524
452
437
-0.2196
-0.9438
-0.2377
17.2900
-3.3600
-0.9100
429
489
525
453
435
-0.2259
-0.9384
-0.2176
8.5400
-2.7300
-0.5600
429
489
526
454
434
-0.2181
-0.9321
-0.1996
10.6400
-2.2400
0.0700
429
490
526
455
433
-0.2416
-0.9409
-0.2020
-0.6300
-2.2400
-4.2700
429
490
526
455
431
-0.2118
-0.9428
-0.2064
4.6900
-3.2900
-3.1500
429
490
526
455
434
-0.2264
-0.9501
-0.2059
2.4500
-4.9700
-4.4100
428
489
526
455
434
-0.2308
-0.9379
-0.2040
3.7100
-3.4300
-3.6400
428
489
526
455
434
-0.2220
-0.9492
-0.1962
1.2600
-4.6200
-3.0100
428
489
526
454
434
-0.2264
-0.9467
-0.1996
1.6800
-4.2000
-3.6400
428
489
526
454
434
-0.2245
-0.9487
-0.1932
0.2100
-4.0600
-3.2900
427
489
526
454
434
-0.2250
-0.9487
-0.1947
0.7000
-3.5700
-3.4300
427
488
526
454
432
-0.2216
-0.9472
-0.1976
1.8200
-4.8300
-3.6400
427
488
526
453
435
-0.2250
-0.9492
-0.2011
-0.4200
-3.7800
-3.8500
427
488
525
453
432
-0.2216
-0.9433
-0.1976
1.1900
-3.2200
-4.5500
426
488
525
452
435
-0.2133
-0.9443
-0.1967
-2.9400
-4.0600
-8.1900
424
485
524
449
437
-0.2147
-0.9399
-0.2406
-4.9700
-4.2700
-8.1200
419
477
516
441
439
-0.1928
-0.9379
-0.2430
-10.3600
-2.3800
-3.4300
413
462
498
433
442
-0.2103
-0.9282
-0.2713
-0.5600
0.8400
-5.0400
408
448
482
430
447
-0.1874
-0.9477
-0.2630
5.1800
-2.8000
-5.3200
392
420
459
427
452
-0.1854
-0.9287
-0.2269
11.3400
-1.3300
-8.9600
369
389
424
421
458
-0.1962
-0.9716
-0.2157
4.9700
-6.9300
-12.1800
333
350
349
408
465
-0.1728
-0.9482
-0.2279
12.1100
-4.4100
-4.9000
299
322
316
399
474
-0.1401
-0.9472
-0.2274
2.3100
-6.5100
0.5600
278
308
303
392
478
-0.1703
-0.9628
-0.2255
-7.4900
-6.7200
-2.5900
264
300
297
384
481
-0.1957
-0.9575
-0.2318
-14.0700
-9.3100
-2.2400
254
293
289
369
481
-0.1840
-0.9472
-0.2640
2.5200
-8.9600
-4.5500
253
297
292
365
480
-0.1815
-0.9633
-0.2582
3.6400
-10.0800
6.4400
258
305
297
365
502
-0.2108
-0.9560
-0.2401
-10.7800
-6.3700
5.8800
263
314
301
366
538
-0.2123
-0.9228
-0.2445
-12.4600
-7.7700
7.6300
265
318
305
363
582
-0.2206
-0.8930
-0.2582
-9.1700
-7.0700
0.5600
266
321
306
359
620
-0.2323
-0.9126
-0.2772
-12.4600
-11.1300
-17.9200
266
321
309
352
620
-0.1928
-0.9433
-0.3650
-8.8200
-12.1800
-20.0900
270
325
318
342
617
-0.1757
-0.9345
-0.3362
-2.0300
-10.3600
-11.4100
272
326
323
328
640
-0.1645
-0.9248
-0.3450
2.0300
-2.8700
-9.2400
272
326
325
304
689
-0.1586
-0.9340
-0.3592
8.4700
2.6600
-3.7800
272
324
325
291
677
-0.1635
-0.9345
-0.3479
0.4900
-5.1100
-0.8400
272
323
325
284
673
-0.1923
-0.9174
-0.3396
8.0500
-2.8000
-5.6000
273
323
327
279
670
-0.1806
-0.9301
-0.3460
8.5400
-1.1900
-5.0400
273
324
327
280
668
-0.1737
-0.9301
-0.3279
6.1600
-3.7100
-0.8400
274
324
328
282
668
-0.1815
-0.9311
-0.3226
2.8000
-2.5200
-1.4700
274
324
328
283
667
-0.1796
-0.9189
-0.3196
4.7600
-5.1800
-3.0800
274
324
328
284
665
-0.1893
-0.9287
-0.3113
3.5700
-2.8000
-3.3600
275
324
329
285
665
-0.1757
-0.9301
-0.2943
0.9100
-3.5000
-2.8000
275
324
329
286
663
-0.1884
-0.9213
-0.3104
1.2600
-3.9200
-3.3600
275
324
329
287
662
-0.1903
-0.9135
-0.2894
1.3300
-5.8800
-1.8900
275
325
330
288
660
-0.1923
-0.9223
-0.2991
1.1900
-4.2000
-2.3800
275
325
330
288
659
-0.1879
-0.9218
-0.3172
1.9600
-4.1300
-3.4300
276
325
330
288
658
-0.1932
-0.9223
-0.3109
1.0500
-3.9200
-1.8900
276
325
330
289
657
-0.1893
-0.9179
-0.3006
-0.1400
-4.1300
-2.9400
276
325
330
289
657
-0.1991
-0.9252
-0.3050
2.5900
-4.3400
-2.4500
276
325
330
289
656
-0.1937
-0.9257
-0.3109
3.0800
-4.4800
-2.5900
276
326
330
290
655
-0.1932
-0.9287
-0.2972
1.6100
-5.0400
-2.3100
276
326
331
290
655
-0.1928
-0.9262
-0.3021
2.6600
-4.3400
-2.7300
276
326
331
291
657
-0.1928
-0.9262
-0.3074
2.8700
-3.9200
-3.5700
277
326
331
291
656
-0.2054
-0.9282
-0.3055
2.6600
-3.7800
-3.0100
277
326
331
291
655
-0.1991
-0.9257
-0.3045
0.6300
-2.8000
-2.0300
277
326
331
292
654
-0.1932
-0.9243
-0.3113
1.8900
-3.7800
-2.7300
277
326
331
292
654
-0.1942
-0.9213
-0.3089
2.7300
-3.7100
-1.5400
277
326
332
292
653
-0.1972
-0.9243
-0.3030
1.7500
-3.9900
-3.0100
277
326
332
292
653
-0.1981
-0.9252
-0.3021
2.3100
-3.2900
-2.3800
277
326
332
293
653
-0.1918
-0.9189
-0.3055
3.4300
-3.5700
-2.9400
277
326
332
293
653
-0.1923
-0.9248
-0.3021
2.2400
-3.4300
-3.0100
277
326
332
293
652
-0.1996
-0.9296
-0.3104
1.6100
-3.7100
-3.2900
277
326
332
293
652
-0.1879
-0.9277
-0.3040
3.2900
-4.6900
-2.7300
278
326
332
294
652
-0.1918
-0.9243
-0.3065
0.9800
-3.2200
-3.1500
278
326
332
294
648
-0.1874
-0.9179
-0.3011
1.9600
-3.8500
-3.8500
278
326
332
294
649
-0.1947
-0.9223
-0.3001
0.4200
-3.0100
-2.5200
278
326
332
294
648
-0.1928
-0.9335
-0.2977
2.2400
-3.4300
-3.2900
278
327
332
294
647
-0.1864
-0.9306
-0.2957
1.2600
-4.4800
-2.8700
278
327
332
294
647
-0.1835
-0.9213
-0.2982
1.7500
-2.9400
-2.5900
278
327
333
294
647
-0.1854
-0.9316
-0.2957
3.3600
-3.6400
-3.0100
278
327
333
294
646
-0.1923
-0.9238
-0.3094
1.6100
-4.0600
-2.6600
278
327
334
294
646
-0.1879
-0.9184
-0.2991
3.2900
-5.4600
-1.8900
278
327
334
294
647
-0.1835
-0.9296
-0.2991
2.2400
-1.4000
-1.1200
279
327
332
297
655
-0.1893
-0.9179
-0.2743
-2.3100
-4.2700
-3.3600
279
326
328
305
674
-0.1972
-0.9267
-0.3030
-3.4300
-4.2700
-2.5900
279
323
324
316
658
-0.1913
-0.9033
-0.3060
-2.8700
-2.3800
-1.3300
279
322
320
334
629
-0.2113
-0.9257
-0.3079
2.1000
-3.2900
-1.1200
279
323
318
354
593
-0.1932
-0.9087
-0.3045
-2.2400
-2.5900
-4.9700
280
324
319
372
566
-0.1854
-0.9218
-0.3309
5.9500
2.9400
-5.8100
285
328
325
387
519
-0.1503
-0.9370
-0.2913
3.8500
-0.9800
-9.0300
293
334
350
395
491
-0.1571
-0.9252
-0.3113
1.8200
-1.4700
-5.7400
306
350
392
401
479
-0.1620
-0.9316
-0.3304
-6.3000
1.9600
0.9100
330
383
447
408
461
-0.1679
-0.9316
-0.3157
6.2300
2.1700
3.1500
356
411
475
416
453
-0.1610
-0.9462
-0.3074
20.4400
7.0700
4.2700
379
433
491
431
436
-0.1703
-0.9170
-0.2943
11.3400
2.5200
6.1600
405
457
508
448
426
-0.1718
-0.9077
-0.2606
9.5200
-2.9400
0.6300
423
471
519
455
419
-0.1981
-0.9579
-0.2367
0.6300
-5.4600
2.9400
428
481
524
458
416
-0.2011
-0.9428
-0.2621
6.5800
-1.8900
-3.8500
422
488
526
459
416
-0.1908
-0.9570
-0.2333
1.8200
-4.2000
-2.1000
422
490
527
460
415
-0.1967
-0.9389
-0.2445
3.7100
-3.5000
-4.9000
422
491
527
460
415
-0.1840
-0.9389
-0.2455
3.3600
-2.8700
-2.9400
422
491
527
460
415
-0.1850
-0.9252
-0.2289
1.4000
-4.7600
-2.6600
421
491
527
460
416
-0.1947
-0.9418
-0.2338
1.5400
-5.1100
-4.7600
421
491
527
460
416
-0.1869
-0.9340
-0.2406
2.0300
-3.9200
-3.3600
420
491
527
460
416
-0.1781
-0.9389
-0.2284
-1.4700
-3.2900
-3.4300
420
491
527
460
416
-0.1815
-0.9409
-0.2333
2.5900
-3.9200
-3.4300
420
491
527
460
417
-0.1874
-0.9521
-0.2381
3.0100
-3.1500
-4.0600
419
491
527
459
416
-0.1854
-0.9428
-0.2372
1.6100
-3.5000
-4.4800
419
491
527
459
416
-0.1781
-0.9374
-0.2377
0.5600
-3.2200
-3.7800
419
491
527
459
417
-0.1771
-0.9521
-0.2367
2.1700
-3.2900
-3.2200
419
491
527
459
417
-0.1742
-0.9531
-0.2445
4.0600
-3.7800
-2.7300
419
490
527
459
417
-0.1757
-0.9545
-0.2479
2.1000
-2.0300
-2.8700
418
490
527
458
417
-0.1649
-0.9516
-0.2411
0.7000
-2.8700
-2.3800
418
490
527
458
417
-0.1728
-0.9418
-0.2411
-0.0700
-3.5700
-2.5200
417
489
527
457
417
-0.1732
-0.9462
-0.2533
0.9100
-3.0100
-4.0600
417
487
525
456
418
-0.1742
-0.9487
-0.2430
-3.7100
-5.2500
-1.8900
416
485
524
454
419
-0.1659
-0.9414
-0.2435
1.6100
-5.7400
-3.7100
415
481
521
451
420
-0.1732
-0.9438
-0.2552
4.1300
-2.9400
-5.3200
406
472
515
446
424
-0.1825
-0.9433
-0.2250
1.2600
-6.1600
-5.8100
393
460
501
438
428
-0.1703
-0.9184
-0.2586
0.8400
-2.8000
-0.8400
370
444
477
432
433
-0.1635
-0.9604
-0.2489
-1.1900
-9.2400
-2.2400
348
423
460
425
435
-0.1645
-0.9331
-0.2440
1.9600
-8.2600
-3.4300
324
402
436
417
438
-0.1718
-0.9482
-0.2650
-4.4800
-11.4100
-0.7700
297
371
385
408
442
-0.1903
-0.9457
-0.2928
-16.1000
-5.7400
-4.5500
278
336
317
400
444
-0.1698
-0.9038
-0.2943
2.7300
-7.3500
-1.6100
257
319
296
398
445
-0.1923
-0.9355
-0.2772
-0.7000
-9.1000
-4.9700
247
313
292
390
446
-0.1918
-0.9252
-0.2874
-7.6300
-12.7400
-1.4000
241
310
290
381
447
-0.1903
-0.9077
-0.2713
-2.2400
-12.1800
1.5400
240
310
294
373
463
-0.1850
-0.9243
-0.2987
-16.9400
-16.0300
9.9400
241
315
297
365
510
-0.2333
-0.9194
-0.3406
2.4500
-0.4200
5.8800
245
319
303
357
562
-0.2406
-0.9126
-0.3284
-4.9700
-7.6300
-5.1800
245
321
305
353
606
-0.2440
-0.9106
-0.3440
-3.0100
-5.3200
-10.1500
245
323
307
347
616
-0.2089
-0.8877
-0.3548
-4.9700
-7.1400
-13.7200
247
326
316
334
604
-0.2157
-0.9189
-0.3660
-2.3800
-5.8800
-16.9400
249
327
321
329
619
-0.1932
-0.9018
-0.3558
-6.0900
-6.5100
-15.7500
249
328
324
309
673
-0.2279
-0.8979
-0.3660
0.7000
-7.0700
-7.0700
249
327
326
291
653
-0.2006
-0.9135
-0.3631
2.1000
-6.8600
-3.7800
248
327
327
282
648
-0.1723
-0.9135
-0.3821
7.9100
-4.0600
-8.7500
249
326
328
278
650
-0.1498
-0.9272
-0.4314
25.1300
7.7700
-10.0100
248
325
329
276
653
-0.1552
-0.9311
-0.3733
0.9800
-0.9800
-2.5900
248
325
329
275
650
-0.1703
-0.9257
-0.3650
1.7500
-1.4000
-3.4300
248
325
330
275
646
-0.1889
-0.9096
-0.3714
-1.8200
-3.6400
-2.1700
249
325
330
276
644
-0.1889
-0.9087
-0.3650
-0.0700
-2.7300
-3.5000
249
325
330
277
642
-0.1840
-0.9052
-0.3621
0.9100
-4.0600
-4.3400
249
326
331
278
640
-0.1820
-0.9072
-0.3738
3.4300
-4.3400
-3.2200
249
326
331
279
639
-0.1850
-0.9067
-0.3772
4.3400
-4.4800
-3.5000
249
326
331
280
638
-0.1850
-0.9067
-0.3689
3.1500
-3.9900
-2.5900
250
326
331
281
637
-0.1820
-0.9116
-0.3636
2.9400
-5.1800
-3.3600
250
326
332
282
636
-0.1859
-0.9116
-0.3518
2.9400
-4.3400
-2.3100
250
326
332
283
635
-0.1864
-0.9087
-0.3553
2.3800
-5.1800
-2.7300
250
327
332
284
635
-0.1835
-0.8999
-0.3450
2.4500
-5.7400
-3.3600
250
327
332
284
634
-0.1898
-0.9023
-0.3553
3.1500
-5.4600
-3.0100
251
327
332
285
634
-0.1972
-0.9096
-0.3606
3.1500
-5.8100
-2.3100
251
327
333
286
634
-0.1962
-0.9189
-0.3538
4.0600
-3.8500
-3.0100
251
327
333
286
633
-0.1859
-0.9067
-0.3538
4.6900
-3.2900
-1.8900
251
328
333
286
633
-0.2001
-0.9165
-0.3562
2.8700
-3.4300
-3.3600
251
328
333
287
635
-0.1952
-0.9130
-0.3543
2.8000
-4.2700
-2.6600
251
328
333
287
634
-0.1957
-0.9121
-0.3528
0.2100
-4.4800
-1.8900
251
328
333
287
634
-0.2015
-0.9052
-0.3421
3.6400
-4.9000
-2.5900
251
328
333
288
634
-0.2006
-0.9101
-0.3504
2.5900
-4.6900
-2.2400
252
328
333
288
634
-0.1962
-0.9028
-0.3479
2.2400
-3.9200
-2.5900
252
328
333
288
634
-0.1928
-0.9091
-0.3445
4.6900
-2.5900
-1.0500
252
329
333
288
635
-0.1986
-0.9096
-0.3367
2.8000
-3.7800
-2.8000
252
329
334
289
635
-0.1986
-0.9111
-0.3479
2.1700
-3.7800
-3.1500
252
329
334
289
635
-0.1884
-0.9150
-0.3416
2.3800
-4.0600
-3.3600
252
329
334
289
635
-0.2015
-0.9204
-0.3445
3.1500
-1.8900
-3.5700
252
329
334
289
636
-0.1991
-0.9072
-0.3401
5.0400
-3.9200
-3.5000
252
329
334
289
635
-0.1986
-0.9199
-0.3274
0.4900
-5.1800
-3.5700
252
329
334
289
635
-0.1898
-0.9130
-0.3436
3.2900
-3.9200
-2.3800
252
329
334
289
635
-0.2006
-0.9165
-0.3328
0.4900
-3.3600
-2.3100
253
329
334
290
636
-0.2035
-0.9179
-0.3289
0.2800
-2.0300
-2.3800
253
329
333
291
640
-0.1981
-0.9116
-0.3440
3.8500
-2.2400
0.2800
253
329
331
293
650
-0.2006
-0.9048
-0.3401
7.1400
-1.5400
0.5600
253
329
328
297
669
-0.2094
-0.9101
-0.3255
-0.7000
-2.0300
-2.1000
253
329
322
311
659
-0.2167
-0.9028
-0.3392
7.3500
2.1700
-3.2200
255
331
317
338
593
-0.1884
-0.8882
-0.3411
5.5300
1.8200
-3.1500
263
337
318
360
569
-0.1820
-0.9106
-0.3396
3.1500
2.7300
-3.4300
269
344
327
376
540
-0.1967
-0.9292
-0.3235
5.2500
4.4100
-4.0600
281
353
343
382
498
-0.1889
-0.9184
-0.3099
8.8900
-0.6300
-6.3000
299
370
396
389
475
-0.1649
-0.9365
-0.3040
5.2500
-1.3300
-2.4500
331
400
455
399
465
-0.1703
-0.9238
-0.2996
13.0900
1.4000
-1.5400
358
424
481
411
456
-0.1713
-0.9140
-0.2913
16.2400
0.4200
0.2100
379
439
495
423
452
-0.1737
-0.9433
-0.2601
12.6700
0.0700
-0.9100
394
451
506
432
441
-0.1767
-0.9423
-0.2303
7.3500
1.6100
0.7700
401
459
513
440
437
-0.1771
-0.9360
-0.2264
2.0300
-2.5900
-0.1400
401
472
520
446
432
-0.1815
-0.9350
-0.2586
5.4600
-7.7700
-0.0700
401
479
523
448
432
-0.2020
-0.9609
-0.2386
0.9800
-4.2000
-3.1500
402
482
524
450
431
-0.1918
-0.9472
-0.2499
5.4600
-4.0600
-2.4500
402
483
525
450
431
-0.1952
-0.9399
-0.2298
1.5400
-5.0400
-0.1400
402
483
525
449
432
-0.2015
-0.9462
-0.2328
4.9700
-4.7600
-2.5200
402
483
525
449
430
-0.1981
-0.9492
-0.2240
6.3000
-3.7800
-3.1500
401
482
525
448
433
-0.1937
-0.9477
-0.2313
3.0800
-3.4300
-3.3600
401
481
524
447
434
-0.1981
-0.9399
-0.2128
3.2200
-4.1300
-3.3600
401
481
524
446
434
-0.1928
-0.9462
-0.2152
2.1700
-4.6200
-3.2900
400
480
524
445
435
-0.1903
-0.9472
-0.2216
2.3800
-4.0600
-2.1000
400
480
524
444
435
-0.1932
-0.9560
-0.2225
1.0500
-3.3600
-2.5200
400
480
524
444
435
-0.1976
-0.9384
-0.2196
1.8900
-4.0600
-2.9400
400
479
523
443
433
-0.1947
-0.9453
-0.2108
-0.7700
-3.2900
-3.4300
399
479
523
443
436
-0.1932
-0.9404
-0.2167
3.2900
-4.6900
-2.5200
399
479
523
442
434
-0.1972
-0.9575
-0.2157
1.6800
-3.9900
-2.8700
399
478
523
442
437
-0.1962
-0.9409
-0.2157
2.8000
-2.5200
-2.7300
399
478
523
442
437
-0.1928
-0.9477
-0.2133
1.2600
-3.1500
-3.2200
399
478
523
441
437
-0.1967
-0.9506
-0.2142
1.4700
-3.7100
-3.5700
399
478
523
441
437
-0.1923
-0.9409
-0.2147
3.5000
-3.4300
-2.3800
398
478
523
441
437
-0.1957
-0.9579
-0.2294
3.0100
-2.3100
-3.9200
398
478
523
441
437
-0.1850
-0.9516
-0.2137
0.7000
-3.1500
-3.0100
398
477
522
441
437
-0.1957
-0.9482
-0.2172
-2.5900
-3.5700
-3.4300
396
473
521
440
437
-0.1893
-0.9448
-0.2347
-4.9000
-4.3400
-2.8000
392
465
514
437
439
-0.1874
-0.9414
-0.2357
1.1200
-2.8000
-2.5200
385
458
510
436
440
-0.1957
-0.9428
-0.2435
-3.7800
-4.2700
-2.4500
375
447
506
433
439
-0.1972
-0.9292
-0.2845
2.1700
-5.1100
-3.4300
361
434
495
429
444
-0.1908
-0.9379
-0.2269
8.7500
-4.9000
-1.3300
337
410
484
424
444
-0.2098
-0.9658
-0.2440
3.9200
-4.4800
-6.2300
311
383
464
418
448
-0.1830
-0.9409
-0.2303
-1.0500
-3.0100
-1.4000
282
353
438
411
449
-0.2035
-0.9360
-0.2494
3.9900
0.0000
-1.0500
255
325
399
405
455
-0.2059
-0.9277
-0.2216
1.7500
-2.5900
1.6800
236
305
354
398
461
-0.2128
-0.9233
-0.2172
-9.5200
-0.8400
6.0900
221
289
309
388
467
-0.2323
-0.9555
-0.2743
-11.2700
-5.8100
0.0000
218
290
286
375
482
-0.1976
-0.9155
-0.2723
6.0900
-5.5300
5.1800
218
291
293
371
512
-0.2196
-0.9418
-0.2879
-1.3300
-5.5300
-0.5600
219
292
299
368
542
-0.2445
-0.9296
-0.2533
-2.7300
-7.3500
-2.3100
219
292
301
365
565
-0.2440
-0.9228
-0.2840
-17.0100
-9.5200
-6.1600
218
290
301
358
593
-0.2557
-0.9082
-0.3128
-1.6800
-2.8000
-7.1400
216
291
300
352
597
-0.2386
-0.9165
-0.3118
-1.4700
-7.5600
-8.0500
216
290
300
348
590
-0.2435
-0.9052
-0.3045
-9.2400
-10.6400
-10.9900
216
291
301
342
580
-0.2386
-0.9033
-0.3279
-3.7800
-11.3400
-12.6700
217
290
302
341
576
-0.2225
-0.8921
-0.3255
-6.3700
-10.1500
-13.1600
218
291
304
336
579
-0.1986
-0.8926
-0.3294
-0.7700
-6.7200
-12.1100
217
291
306
315
623
-0.1742
-0.9057
-0.3445
-1.4700
-5.9500
-8.9600
218
292
309
296
642
-0.1610
-0.9106
-0.3470
8.4700
-3.8500
-8.1900
218
293
311
285
639
-0.1645
-0.9301
-0.3816
10.7100
6.9300
-5.8800
218
295
313
277
642
-0.1625
-0.9379
-0.3572
4.6900
-0.7700
-3.5000
218
295
314
275
644
-0.1654
-0.9252
-0.3567
5.0400
-3.6400
-3.9900
218
295
315
273
642
-0.1708
-0.9331
-0.3504
0.0700
-3.0100
-3.2900
218
296
316
273
639
-0.1693
-0.9204
-0.3499
3.9900
-4.6200
-3.5700
219
296
316
274
638
-0.1776
-0.9199
-0.3367
1.6800
-4.1300
-0.6300
219
297
316
276
636
-0.1806
-0.9194
-0.3348
1.8200
-2.7300
-1.9600
219
297
317
277
635
-0.1786
-0.9179
-0.3279
2.8700
-3.2900
0.1400
220
297
317
278
634
-0.1820
-0.9126
-0.3367
-0.4900
-3.7100
-1.3300
220
298
317
279
632
-0.1752
-0.9096
-0.3431
4.0600
-3.2900
-1.5400
220
298
317
280
631
-0.1874
-0.9296
-0.3382
1.4700
-4.0600
-3.0800
220
299
317
281
630
-0.1752
-0.9194
-0.3367
-0.2100
-2.8000
-3.0100
221
299
317
281
630
-0.1723
-0.9160
-0.3333
1.1200
-5.5300
-2.5900
221
299
318
282
629
-0.1879
-0.9213
-0.3416
1.4700
-4.3400
-4.1300
221
299
318
282
628
-0.1737
-0.9140
-0.3460
1.6800
-3.3600
-4.2000
221
300
318
283
626
-0.1767
-0.9155
-0.3367
2.3800
-4.6900
-3.4300
221
300
318
283
626
-0.1796
-0.9243
-0.3353
2.1700
-3.4300
-3.9900
222
300
318
284
623
-0.1688
-0.9150
-0.3416
3.9900
-4.6200
-3.4300
222
300
318
284
621
-0.1810
-0.9228
-0.3406
3.3600
-3.6400
-2.8000
222
300
319
284
620
-0.1801
-0.9218
-0.3372
1.2600
-4.7600
-3.0100
222
301
319
284
620
-0.1801
-0.9179
-0.3309
1.2600
-5.2500
-2.1700
222
301
319
285
620
-0.1776
-0.9121
-0.3231
1.8900
-4.6200
-2.3800
222
301
319
285
619
-0.1806
-0.9126
-0.3289
2.7300
-4.6200
-2.9400
222
301
319
285
619
-0.1845
-0.9252
-0.3299
2.3100
-6.0200
-2.2400
222
302
319
285
619
-0.1840
-0.9145
-0.3245
2.8000
-4.6900
-1.8900
223
302
319
286
619
-0.1884
-0.9233
-0.3182
0.8400
-3.8500
-2.8700
223
303
319
286
621
-0.1757
-0.9140
-0.3289
3.1500
-4.2700
-1.7500
223
303
320
286
623
-0.1776
-0.9262
-0.3265
-0.1400
-3.3600
4.9700
223
304
318
292
663
-0.1996
-0.9111
-0.3318
10.1500
2.5900
4.6200
224
305
315
310
653
-0.2084
-0.9209
-0.3079
1.4700
0.8400
0.9100
225
306
316
336
605
-0.1952
-0.9194
-0.3011
4.4100
0.2800
-2.5200
228
310
319
358
564
-0.2113
-0.9174
-0.2957
6.2300
-0.7700
-4.8300
234
317
332
373
530
-0.2025
-0.9618
-0.3006
10.4300
-0.7700
-10.8500
243
325
345
382
502
-0.1669
-0.9321
-0.2913
6.5100
-1.5400
-1.1200
252
333
363
384
490
-0.1879
-0.9331
-0.2835
9.3100
-1.5400
0.2100
282
363
418
391
477
-0.1952
-0.9521
-0.2679
11.0600
0.9800
1.3300
317
399
464
403
471
-0.1845
-0.9345
-0.2723
14.8400
0.3500
-2.1700
346
426
487
417
464
-0.1762
-0.9360
-0.2396
5.8100
1.0500
0.5600
369
445
503
430
457
-0.1864
-0.9072
-0.2630
8.8200
0.3500
3.5000
385
464
515
441
448
-0.2142
-0.9472
-0.2298
11.4100
-0.0700
1.6100
393
477
521
447
447
-0.2123
-0.9345
-0.2074
2.0300
-5.6000
0.7700
396
483
524
450
443
-0.2303
-0.9379
-0.2167
5.6000
-4.1300
-3.2900
398
485
525
450
445
-0.2176
-0.9443
-0.2147
5.8800
-3.7800
-3.2900
398
485
525
450
445
-0.2250
-0.9565
-0.2123
4.5500
-2.9400
-2.6600
398
485
525
450
445
-0.2235
-0.9443
-0.2015
1.6100
-5.2500
-3.1500
397
484
525
449
445
-0.2250
-0.9545
-0.2133
8.0500
-4.0600
-3.8500
397
483
525
449
446
-0.2196
-0.9540
-0.2089
3.5000
-3.4300
-3.1500
397
482
525
448
446
-0.2303
-0.9638
-0.1986
0.9100
-3.1500
-2.9400
396
482
525
448
446
-0.2216
-0.9506
-0.1967
-0.1400
-3.3600
-3.1500
396
481
524
447
446
-0.2186
-0.9365
-0.2079
0.6300
-3.9900
-3.7800
396
481
524
446
446
-0.2191
-0.9506
-0.2118
1.7500
-2.8700
-2.3800
395
481
524
445
446
-0.2142
-0.9516
-0.2059
2.6600
-4.2000
-2.1700
395
480
524
445
446
-0.2142
-0.9428
-0.1981
2.3800
-4.2700
-2.5200
395
480
524
444
447
-0.2186
-0.9370
-0.2079
3.1500
-4.3400
-2.6600
395
480
524
444
447
-0.2152
-0.9472
-0.1976
0.9100
-3.7800
-2.8000
395
480
523
444
447
-0.2162
-0.9477
-0.2069
1.6800
-3.3600
-3.4300
394
479
523
443
445
-0.2118
-0.9521
-0.2059
2.6600
-3.4300
-3.2900
394
479
523
443
448
-0.2240
-0.9545
-0.2079
1.4000
-1.6800
-3.2900
395
480
523
443
446
-0.2113
-0.9492
-0.2059
2.1000
-2.8700
-2.6600
396
480
523
443
448
-0.2123
-0.9496
-0.2245
-2.2400
-2.8700
-5.0400
398
480
523
442
446
-0.2094
-0.9414
-0.2303
0.2100
-4.0600
-2.3800
400
481
523
442
449
-0.2220
-0.9511
-0.2294
-1.0500
-3.7800
-2.8000
401
482
523
442
447
-0.2123
-0.9355
-0.2274
-2.5200
-3.0100
-3.8500
401
482
523
443
449
-0.2079
-0.9345
-0.2333
-2.3100
-4.0600
-2.5900
401
480
523
443
447
-0.2128
-0.9287
-0.2264
-12.7400
-2.4500
-1.8900
399
473
515
436
457
-0.2084
-0.9091
-0.2635
-20.5100
-1.4700
-1.4000
388
455
490
425
466
-0.2025
-0.9379
-0.3104
-3.7100
-3.0800
-9.3800
356
427
462
418
473
-0.1840
-0.9301
-0.3426
5.3900
-3.1500
0.7000
309
382
427
411
478
-0.2147
-0.9135
-0.2967
13.5100
-1.0500
3.1500
272
347
383
406
483
-0.2279
-0.9282
-0.3026
-2.4500
-2.3800
3.3600
248
324
336
398
488
-0.1859
-0.9218
-0.2904
-6.9300
-8.0500
-1.8900
236
310
306
388
491
-0.2455
-0.9243
-0.3235
-2.3100
-2.5200
-1.3300
231
306
297
379
501
-0.2264
-0.8926
-0.3328
-8.4700
-2.8700
3.2200
228
304
294
372
518
-0.2142
-0.8852
-0.3533
5.2500
3.2900
3.1500
228
305
299
367
561
-0.2406
-0.9082
-0.3348
13.9300
5.4600
3.0100
228
306
303
362
622
-0.2528
-0.9077
-0.3152
8.1900
4.9000
2.2400
227
307
303
356
669
-0.2323
-0.9116
-0.3382
13.9300
4.1300
-0.2800
229
310
305
350
724
-0.2567
-0.9106
-0.3274
0.2800
-4.9000
-6.1600
231
311
304
340
738
-0.2796
-0.8584
-0.3162
-4.6900
-10.9900
-12.3200
232
313
305
332
712
-0.2503
-0.9004
-0.3196
-0.4900
-2.8700
-12.3200
235
316
319
327
669
-0.2020
-0.8711
-0.2918
-3.0800
-10.0100
-7.9800
236
316
323
314
701
-0.2113
-0.9082
-0.3255
-11.6900
-4.9700
-3.9900
236
316
326
294
758
-0.1918
-0.9155
-0.3601
-0.7000
7.4200
1.4000
237
317
326
279
770
-0.1767
-0.9262
-0.3284
-3.1500
0.6300
-0.4200
236
316
326
276
762
-0.1976
-0.8667
-0.3470
2.7300
-5.6700
1.1200
235
317
327
278
764
-0.2284
-0.8974
-0.3479
12.2500
1.0500
0.9100
235
317
327
278
768
-0.2401
-0.8857
-0.3601
16.5200
5.9500
2.0300
235
317
328
280
773
-0.1976
-0.9087
-0.3006
19.5300
6.3700
0.9100
235
318
329
281
776
-0.2201
-0.9262
-0.3026
25.1300
12.1800
-5.7400
235
317
330
283
778
-0.1928
-0.9165
-0.2181
33.1800
7.9800
-6.9300
235
318
331
285
775
-0.1288
-0.9672
-0.1757
33.1800
-4.7600
-1.0500
235
316
331
286
782
-0.2011
-1.0175
-0.1137
20.1600
14.4900
-1.6800
235
317
332
287
778
-0.1542
-0.9823
-0.0737
7.0700
15.8900
3.0800
236
318
332
288
768
-0.1645
-0.9350
-0.0464
9.0300
4.1300
3.5000
236
319
332
288
764
-0.1996
-0.9428
-0.0922
3.9900
-3.0100
3.1500
236
319
333
289
763
-0.2191
-0.9448
-0.1591
0.9100
-3.0100
-1.7500
236
320
333
290
759
-0.2342
-0.9838
-0.1064
-4.2000
5.1800
-0.1400
237
321
333
290
757
-0.2147
-0.9570
-0.1401
-5.0400
1.1900
-8.1900
237
320
333
290
753
-0.2074
-0.9409
-0.1464
-2.0300
-1.4000
-10.2900
237
318
333
290
750
-0.1679
-0.9589
-0.1308
3.6400
-9.2400
-7.9800
237
319
333
291
748
-0.1737
-1.0150
-0.1688
-4.5500
-5.6700
-11.1300
237
319
333
291
745
-0.1488
-0.9711
-0.1552
-0.9800
-5.8100
-10.9200
237
318
333
291
746
-0.1562
-0.9496
-0.1157
3.6400
-11.1300
-6.6500
237
319
333
291
746
-0.1513
-1.0019
-0.1752
-5.6000
-8.5400
0.6300
238
319
333
292
745
-0.1552
-0.9609
-0.1308
-6.0900
-7.8400
-7.5600
238
317
333
292
744
-0.1654
-0.9252
-0.1342
3.0100
-14.6300
-9.8000
238
317
333
292
745
-0.1615
-0.9838
-0.1825
-5.6000
-11.3400
-5.1800
238
316
335
293
745
-0.1303
-0.9721
-0.1552
-4.2700
-5.4600
0.7700
237
318
336
293
737
-0.1440
-1.0053
-0.1962
-10.2900
-6.7900
0.7700
238
319
336
293
727
-0.1557
-0.9492
-0.2489
-16.1000
-7.4900
4.2000
241
322
335
295
723
-0.1752
-0.9443
-0.2211
-1.8900
-2.5900
7.7000
252
334
332
312
655
-0.1825
-0.9399
-0.2538
27.9300
7.6300
-14.2100
279
360
343
344
571
-0.1205
-0.9945
-0.1957
12.6000
-4.8300
-5.1800
297
377
409
364
543
-0.1503
-0.9496
-0.2001
18.2000
-6.4400
-3.7800
316
404
453
376
526
-0.1659
-0.9389
-0.1386
19.8800
-0.8400
-2.9400
347
434
483
392
513
-0.1405
-0.9350
-0.0942
18.4100
-11.6900
-6.5100
368
451
497
410
508
-0.1484
-0.9814
-0.0849
0.7700
-5.6700
-4.0600
384
469
510
426
499
-0.1801
-0.9062
-0.0200
-3.9900
-5.4600
-0.8400
396
483
519
439
488
-0.1435
-0.9770
-0.0869
8.1200
-7.5600
-2.4500
401
490
524
446
487
-0.1401
-0.9965
-0.0595
12.9500
-13.5800
1.1200
401
490
525
447
485
-0.1742
-0.9838
-0.0693
7.9100
-8.0500
1.9600
401
490
525
446
486
-0.2108
-0.9794
-0.0366
-1.0500
0.2100
-1.8900
401
489
524
443
488
-0.1767
-0.9780
-0.0498
-1.0500
4.4100
-5.9500
400
488
524
441
487
-0.1586
-0.9780
-0.0590
3.1500
-9.9400
-7.1400
400
488
524
440
486
-0.1601
-0.9848
-0.0517
-4.8300
-5.1100
-2.1700
400
488
524
440
484
-0.1601
-0.9653
-0.0869
-6.0900
-9.1700
-5.3900
400
487
524
439
485
-0.1718
-1.0209
0.0176
17.8500
-17.9200
-24.2200
400
487
523
438
480
-0.1606
-0.9784
0.0800
-13.2300
-4.7600
21.1400
399
486
523
437
478
-0.0966
-1.0194
0.0224
1.0500
-14.6300
5.5300
398
487
523
436
480
-0.1635
-0.9438
-0.0634
-3.4300
-7.9800
24.1500
397
487
523
436
478
-0.2411
-0.9565
-0.0532
-7.2800
-10.0800
15.3300
396
486
522
436
481
-0.3972
-0.9321
-0.1147
-27.0900
1.4700
31.6400
393
486
522
435
484
-0.2396
-0.9340
-0.0688
7.8400
-15.0500
28.7000
392
486
522
434
484
-0.3279
-0.9087
-0.0874
-23.7300
-22.8900
28.4200
390
486
521
435
488
-0.3836
-0.9511
-0.0825
1.6800
-17.9900
11.7600
390
486
520
434
490
-0.3689
-0.9018
-0.0849
20.2300
-21.2100
-23.1000
390
485
520
433
488
-0.4133
-0.9194
-0.0493
3.4300
-5.2500
-28.4900
390
484
520
431
485
-0.3802
-0.9116
-0.0786
-5.2500
3.3600
-11.9700
390
484
520
430
487
-0.3265
-0.9252
-0.0717
-3.7800
-2.8700
-5.9500
389
484
520
428
485
-0.3152
-0.8916
-0.1074
-4.6900
-3.9900
9.4500
388
484
520
426
484
-0.3553
-0.9038
-0.0971
4.4100
9.3800
7.0700
386
483
521
423
484
-0.3245
-0.9204
-0.0747
27.7900
2.8700
-1.8900
384
482
522
420
481
-0.3001
-0.9145
-0.0224
18.9000
23.9400
24.0800
383
479
523
429
481
-0.3982
-0.9350
-0.0449
44.0300
13.7900
-6.3000
385
477
524
435
479
-0.3689
-0.8969
0.0068
17.0100
0.0000
-7.7000
381
466
519
438
482
-0.3587
-0.8974
0.0478
1.6100
-7.2100
-22.1200
373
456
513
436
487
-0.3660
-0.8833
0.0273
3.0800
-5.2500
-13.4400
363
442
505
432
486
-0.3484
-0.9189
0.0059
1.3300
-9.3100
-16.7300
360
441
504
430
490
-0.3152
-0.9170
0.0068
-4.3400
-2.3100
-7.8400
360
443
504
428
494
-0.2987
-0.9282
0.0293
-4.0600
-11.9700
-1.0500
355
441
505
427
500
-0.3738
-0.9409
-0.0146
1.0500
2.1700
10.5000
319
405
505
428
515
-0.3499
-0.9511
-0.0054
4.5500
4.3400
3.5700
293
379
486
427
522
-0.2991
-0.9004
-0.0010
35.1400
4.4100
-2.1000
267
346
455
423
532
-0.3270
-0.9496
0.0259
-6.0200
-9.7300
-5.1100
250
330
403
419
541
-0.3806
-0.8706
0.0781
-23.3800
-5.1800
-3.7100
233
311
338
409
550
-0.3343
-0.9189
-0.0683
-26.8100
-16.5900
-1.1200
222
297
317
395
562
-0.3626
-0.8960
-0.1205
-15.7500
-5.7400
-9.1000
219
294
316
377
557
-0.3587
-0.9370
-0.1308
-9.9400
-0.7700
-15.7500
219
294
322
364
547
-0.3245
-0.9360
-0.1440
-23.3800
-4.6200
-14.8400
220
295
327
352
551
-0.3470
-0.9345
-0.1874
-22.1900
-6.8600
-15.3300
220
295
325
338
563
-0.3314
-0.9150
-0.2284
-11.0600
-1.9600
-19.3900
221
296
318
331
614
-0.2713
-0.9038
-0.2391
14.9100
-1.2600
-29.4700
222
294
316
323
675
-0.2489
-0.9414
-0.1879
13.0900
2.1700
-23.7300
224
294
324
297
678
-0.1274
-0.9335
-0.3553
19.6700
21.0700
-14.2800
225
296
330
277
655
-0.1854
-0.9887
-0.2435
13.3700
30.2400
2.6600
226
297
333
276
653
-0.1684
-0.9594
-0.2011
4.4100
4.1300
-6.2300
227
297
332
277
652
-0.1391
-0.9745
-0.1752
1.1900
-6.7900
-12.8100
228
298
332
277
655
-0.1986
-0.9121
-0.0800
-2.3800
-25.2000
-10.4300
229
299
333
277
653
-0.1771
-0.9555
-0.1674
2.4500
1.2600
-8.4700
230
300
334
277
654
-0.1142
-0.9614
-0.1923
-0.6300
0.7000
-6.3700
230
301
335
278
654
-0.1030
-1.0175
-0.1854
2.9400
-0.7000
-3.0800
230
301
335
279
653
-0.1166
-0.9706
-0.1630
5.3900
-4.4800
-3.8500
231
302
335
280
653
-0.1279
-0.9618
-0.1440
1.9600
-5.7400
-2.8700
231
302
336
281
652
-0.1166
-0.9716
-0.1591
-0.7700
-6.4400
-4.6900
231
302
336
282
651
-0.1523
-0.9579
-0.1464
-4.2000
-0.0700
-2.5200
231
303
336
282
650
-0.1020
-0.9784
-0.1747
1.2600
-5.3900
-6.2300
231
303
336
283
649
-0.0966
-0.9775
-0.1693
2.0300
-6.1600
-3.2200
232
303
336
283
649
-0.1142
-0.9643
-0.1840
6.4400
-4.2000
-5.0400
232
304
336
284
650
-0.1088
-0.9453
-0.1606
-1.4000
-5.4600
-3.9200
232
304
337
286
650
-0.1054
-0.9672
-0.1557
1.1900
-6.3700
-2.1000
232
305
337
287
650
-0.1127
-0.9970
-0.1645
0.9100
-2.4500
-4.2000
232
305
337
287
650
-0.0986
-0.9726
-0.1830
0.4900
-4.0600
-3.7800
232
305
338
288
650
-0.0966
-0.9760
-0.1810
0.7000
-5.3900
-3.9900
232
306
338
288
650
-0.0942
-0.9706
-0.1854
0.4900
-2.8700
-2.4500
233
306
338
289
652
-0.1049
-0.9838
-0.1869
-1.6800
-4.2000
-3.6400
232
306
337
291
657
-0.0956
-0.9823
-0.2045
-2.0300
-4.7600
-3.7100
232
306
336
295
665
-0.1049
-0.9726
-0.2211
-1.0500
-4.6200
-6.3700
232
306
336
297
663
-0.1054
-0.9575
-0.2181
1.3300
-5.8800
-5.5300
233
306
336
298
661
-0.0947
-0.9726
-0.2020
0.4900
-5.8800
-4.4800
232
306
336
299
672
-0.0996
-0.9775
-0.2123
-6.6500
-2.5200
-6.2300
232
306
335
306
696
-0.0922
-0.9697
-0.2294
-10.4300
-1.8200
-4.6900
232
306
334
317
686
-0.0908
-0.9618
-0.2406
-5.7400
-6.8600
-4.6900
232
307
334
328
664
-0.0864
-0.9760
-0.2874
1.1200
-1.2600
-4.7600
238
312
338
342
627
-0.0756
-0.8901
-0.2606
2.5900
-3.5700
-5.3900
253
325
355
352
594
-0.0737
-0.9418
-0.2728
14.0000
-3.9200
-9.8000
274
348
392
362
572
-0.0737
-0.9770
-0.2606
24.7800
2.3100
-7.7700
296
373
429
373
545
-0.0937
-0.9599
-0.2040
25.4100
3.2200
-4.4800
319
400
455
383
536
-0.0752
-0.9931
-0.1786
10.0100
-0.9100
-1.9600
346
425
474
395
534
-0.0688
-0.9609
-0.1708
10.9200
-6.0200
6.4400
362
436
480
404
531
-0.1039
-0.9658
-0.1425
18.6200
-9.3800
10.9900
377
451
493
418
520
-0.1352
-0.9970
-0.1444
6.1600
-8.1900
1.9600
390
470
510
432
510
-0.1181
-0.9980
-0.1308
15.3300
-0.6300
-8.2600
397
482
519
440
499
-0.0981
-0.9780
-0.1225
2.6600
-1.3300
4.7600
403
488
523
444
488
-0.1396
-0.9740
-0.1274
2.1700
-1.1900
2.0300
405
492
526
447
485
-0.1410
-0.9814
-0.1074
-0.4900
-2.4500
-1.5400
408
495
527
449
484
-0.1137
-0.9750
-0.1161
6.5100
-3.7100
-1.7500
410
496
529
449
483
-0.1401
-0.9750
-0.1166
5.3900
-0.9100
-1.3300
411
497
529
449
483
-0.1454
-0.9848
-0.1142
0.5600
-3.5000
-1.1900
411
497
530
449
481
-0.1464
-0.9809
-0.1264
5.1800
0.0000
-4.4100
411
497
530
447
483
-0.1440
-0.9697
-0.0952
0.4900
-4.0600
-1.8200
411
497
530
447
480
-0.1449
-0.9770
-0.1147
3.8500
-4.9700
-2.2400
411
497
530
446
483
-0.1405
-0.9814
-0.1025
0.2800
-3.0800
-3.5700
411
497
530
446
481
-0.1357
-0.9799
-0.1108
3.0100
-2.9400
-4.3400
411
497
530
445
483
-0.1376
-0.9794
-0.1103
0.9100
-4.2000
-3.9900
411
497
530
444
481
-0.1308
-0.9789
-0.1191
-3.8500
-5.6700
-1.6800
410
496
530
442
484
-0.1401
-0.9755
-0.1293
-0.9100
-6.6500
-5.4600
410
495
530
441
484
-0.1444
-0.9721
-0.1279
-2.6600
-3.9200
-1.8900
410
494
529
440
482
-0.1332
-0.9721
-0.1332
-13.1600
-6.3000
0.4900
409
493
529
438
486
-0.1596
-0.9633
-0.1708
-2.2400
-3.9200
-5.5300
409
491
528
437
486
-0.1366
-0.9594
-0.1469
-6.8600
-8.0500
-2.6600
408
488
527
434
489
-0.1357
-0.9697
-0.1684
-1.1900
-7.0700
-1.8200
410
484
524
431
492
-0.1449
-0.9697
-0.1674
0.9100
-4.7600
-3.0100
413
482
520
429
491
-0.1581
-0.9506
-0.1771
-8.6800
-11.6200
-3.5000
410
475
510
421
499
-0.1186
-0.9765
-0.1723
-17.7100
-7.1400
-1.1900
395
464
501
412
505
-0.1440
-0.9492
-0.2352
-2.5900
-2.8700
-5.5300
380
451
495
406
506
-0.1498
-0.9604
-0.2264
-0.3500
-0.2800
-2.5200
362
437
487
402
511
-0.1493
-0.9648
-0.2542
6.3700
1.2600
-4.8300
338
416
470
401
512
-0.1693
-0.9150
-0.2103
6.5100
-1.3300
-2.5200
311
387
443
403
513
-0.1527
-0.9501
-0.2118
5.4600
-2.7300
-1.6800
280
356
391
398
515
-0.1337
-0.9677
-0.2211
4.2700
-4.1300
-6.5800
256
332
318
388
511
-0.1469
-0.9526
-0.2499
18.4800
-5.8100
-9.4500
244
319
291
380
505
-0.1430
-0.9731
-0.1850
4.7600
-13.7200
-6.1600
241
319
287
372
502
-0.1484
-0.9370
-0.1957
6.7900
-6.3700
0.0700
239
320
291
367
499
-0.1410
-0.9672
-0.1562
-5.3200
-13.5100
5.3900
241
322
296
365
514
-0.1718
-0.9575
-0.1932
-3.6400
-7.0000
4.1300
244
327
301
363
549
-0.1645
-0.9526
-0.1698
-10.9200
-12.6000
8.3300
244
330
305
357
595
-0.1845
-0.9477
-0.2401
-30.8000
-16.3800
1.4700
244
331
308
348
639
-0.2191
-0.9472
-0.2655
-16.1700
-14.0700
-13.9300
243
332
315
345
645
-0.2191
-0.9321
-0.2425
-7.5600
-12.8800
-11.4100
243
331
321
340
638
-0.1698
-0.9360
-0.2596
-1.6800
-10.1500
-3.5000
243
330
325
336
633
-0.1679
-0.9370
-0.2796
-1.7500
-10.0800
-7.2100
243
330
325
310
730
-0.1698
-0.9472
-0.2826
8.9600
4.7600
-5.6000
242
329
326
287
708
-0.1362
-0.9658
-0.3040
12.3900
1.6800
6.0200
242
330
328
282
687
-0.1791
-0.9467
-0.2767
17.2200
11.4100
7.9100
242
331
328
281
687
-0.1454
-0.9614
-0.2528
-1.8900
0.7000
-5.1100
242
330
329
282
683
-0.1737
-0.9301
-0.2347
-8.1200
-4.8300
-1.7500
242
330
330
282
676
-0.1645
-0.9379
-0.2567
2.6600
-2.9400
-2.8700
242
331
331
284
675
-0.1688
-0.9492
-0.2513
2.8700
-4.2700
-2.6600
242
332
331
285
672
-0.1742
-0.9516
-0.2616
2.8700
-4.2700
-3.6400
242
332
331
286
671
-0.1723
-0.9409
-0.2479
3.7100
-4.5500
-3.7100
242
332
331
287
673
-0.1820
-0.9521
-0.2381
2.3100
-3.8500
-3.1500
243
333
331
288
672
-0.1742
-0.9457
-0.2503
1.8200
-3.9900
-3.9900
243
333
331
289
671
-0.1820
-0.9477
-0.2567
0.1400
-4.6200
-2.2400
243
333
331
289
667
-0.1767
-0.9399
-0.2460
1.9600
-4.9700
-2.5900
243
333
331
290
667
-0.1928
-0.9521
-0.2542
2.8000
-4.1300
-1.8900
243
334
332
291
666
-0.1893
-0.9370
-0.2416
2.3800
-3.9200
-2.5200
243
334
332
291
666
-0.1693
-0.9516
-0.2435
2.5200
-6.0200
-2.0300
243
334
331
292
666
-0.1937
-0.9540
-0.2430
2.8000
-4.2700
-3.7800
244
334
332
292
666
-0.1830
-0.9423
-0.2523
2.3100
-3.3600
-3.1500
244
335
332
293
666
-0.1879
-0.9482
-0.2420
0.9800
-1.9600
-4.6900
244
335
332
293
665
-0.1732
-0.9423
-0.2479
0.9800
-3.9900
-3.3600
244
335
332
293
665
-0.1728
-0.9433
-0.2533
1.4000
-4.2000
-2.8700
244
335
332
293
665
-0.1781
-0.9472
-0.2420
-0.4900
-3.7800
-2.4500
244
335
333
293
664
-0.1757
-0.9414
-0.2547
2.9400
-4.2700
-4.1300
244
335
333
294
665
-0.1791
-0.9457
-0.2469
3.7100
-3.2900
-4.4100
244
335
333
293
666
-0.1752
-0.9389
-0.2391
2.4500
-4.7600
-2.3800
244
335
334
293
667
-0.1684
-0.9453
-0.2406
0.3500
-6.0900
-2.3800
244
335
334
294
668
-0.1815
-0.9409
-0.2381
4.4100
-3.9900
-1.3300
244
335
334
294
668
-0.1830
-0.9599
-0.2406
-0.9100
-2.9400
-0.9100
244
335
334
294
669
-0.1742
-0.9443
-0.2455
-3.9900
-3.2200
3.2900
244
335
329
298
684
-0.1854
-0.9438
-0.2694
-2.8000
-2.0300
0.9100
245
336
325
310
696
-0.1908
-0.9326
-0.2762
1.2600
-0.5600
0.3500
245
336
321
319
677
-0.2020
-0.9501
-0.2679
-11.3400
1.8900
3.4300
247
338
319
329
653
-0.1918
-0.9448
-0.3157
2.3100
0.9800
-5.3200
248
339
318
342
605
-0.1845
-0.9311
-0.3143
-0.4200
-3.5000
-7.1400
251
341
329
374
554
-0.2074
-0.9326
-0.2791
10.9900
-1.6800
-8.1900
251
342
332
396
542
-0.1674
-0.9326
-0.2689
8.8200
1.2600
-5.9500
253
344
345
403
529
-0.1586
-0.9321
-0.2591
8.2600
-3.2900
-5.6700
260
356
393
411
518
-0.1215
-0.9238
-0.2425
18.5500
-5.8800
-5.3200
277
367
455
421
510
-0.1503
-0.9579
-0.2323
12.2500
1.4700
-5.1100
329
411
479
430
498
-0.1220
-0.9374
-0.2147
9.6600
-3.8500
-3.9900
372
448
501
442
480
-0.1235
-0.9599
-0.2133
2.0300
-2.2400
-0.4200
395
477
517
451
457
-0.1308
-0.9677
-0.2255
5.0400
-3.3600
0.4900
403
488
523
455
441
-0.1493
-0.9457
-0.2011
2.1700
-4.3400
0.2800
406
492
525
457
435
-0.1659
-0.9511
-0.2045
2.0300
-1.3300
-0.2800
407
493
527
458
434
-0.1425
-0.9516
-0.1952
-0.0700
0.6300
0.5600
408
494
527
458
431
-0.1703
-0.9536
-0.2079
-2.1000
-2.1000
-1.8200
409
496
528
458
433
-0.1630
-0.9589
-0.2211
-1.0500
-4.5500
-3.4300
410
498
528
458
431
-0.1757
-0.9457
-0.2191
0.4900
-5.1800
-2.4500
411
498
528
459
433
-0.1410
-0.9209
-0.2054
0.1400
-4.5500
-2.3100
411
498
529
459
434
-0.1752
-0.9506
-0.2079
3.3600
-6.9300
-3.1500
411
498
529
459
435
-0.1747
-0.9736
-0.2123
1.6800
-4.7600
-4.3400
411
498
528
458
435
-0.1635
-0.9521
-0.1937
0.5600
-7.7000
-0.2100
412
498
528
458
435
-0.1884
-0.9492
-0.2098
4.6200
-5.7400
-4.8300
414
497
528
458
437
-0.1732
-0.9472
-0.2152
4.4800
-4.4100
-3.1500
415
496
528
457
436
-0.1869
-0.9760
-0.2079
0.4200
-2.4500
-2.3800
415
493
526
456
443
-0.1854
-0.9667
-0.2181
-3.7800
0.4900
-7.8400
414
490
523
455
443
-0.1630
-0.9482
-0.2279
1.3300
-0.5600
-3.0100
414
488
521
454
447
-0.1640
-0.9501
-0.2377
5.4600
-0.6300
-5.3200
413
485
518
452
448
-0.1581
-0.9516
-0.2181
2.5200
-2.1000
-4.7600
411
479
514
450
451
-0.1571
-0.9653
-0.2435
2.1700
-3.4300
-5.4600
410
477
511
448
452
-0.1542
-0.9555
-0.2147
4.5500
-3.8500
-6.4400
404
470
503
447
460
-0.1532
-0.9697
-0.2152
10.2900
-1.0500
-10.6400
395
464
496
446
461
-0.1332
-0.9711
-0.1976
5.8800
-0.4200
-4.9000
380
450
482
445
466
-0.1210
-0.9536
-0.2054
10.0100
-3.7100
-5.1800
354
431
471
442
470
-0.1166
-0.9736
-0.1591
12.6700
-1.6100
-4.4100
332
414
463
440
473
-0.1376
-0.9848
-0.1732
3.3600
0.0700
-4.8300
309
394
447
437
473
-0.1235
-0.9565
-0.2045
3.7800
-2.8000
3.3600
271
354
427
432
474
-0.1303
-0.9526
-0.1503
3.9200
-4.5500
1.5400
249
327
406
425
474
-0.1215
-1.0024
-0.1781
-2.8700
-3.2900
-3.6400
237
313
379
418
472
-0.1293
-0.9799
-0.2079
-4.0600
-8.6100
-2.7300
227
302
348
411
473
-0.1098
-0.9789
-0.1913
-10.4300
-11.1300
2.9400
220
297
328
401
474
-0.1488
-0.9687
-0.2284
-8.7500
-8.2600
1.7500
218
300
314
392
481
-0.1513
-0.9462
-0.2279
-9.1000
-9.1700
6.7900
218
302
308
383
502
-0.1586
-0.9448
-0.2255
3.9900
-10.6400
3.8500
220
307
311
375
529
-0.1752
-0.9531
-0.2533
-10.2900
-10.9200
7.8400
221
313
317
367
576
-0.2694
-0.9501
-0.2689
4.3400
-2.1700
-3.9200
221
316
312
365
633
-0.2186
-0.9384
-0.2933
-4.3400
-12.0400
-17.4300
223
317
322
367
610
-0.1801
-0.9496
-0.2450
7.2100
-8.1900
-18.2000
224
313
326
370
577
-0.1527
-0.9457
-0.2298
15.4700
-11.2700
-10.2900
226
312
328
358
585
-0.1308
-0.9555
-0.2401
-1.0500
-15.4000
-3.0100
226
311
329
337
623
-0.1830
-0.9145
-0.2255
-5.9500
-11.3400
-1.6100
226
313
330
306
647
-0.1732
-0.7706
-0.2323
-2.6600
-3.7100
-2.4500
225
315
330
299
642
-0.1566
-0.9594
-0.2747
-1.1900
-3.5000
-7.0000
225
316
330
291
642
-0.1313
-0.9536
-0.3084
11.7600
0.2800
-7.2100
225
316
330
286
640
-0.1479
-0.9570
-0.2967
5.3200
-1.6100
-6.5100
225
317
331
285
636
-0.1381
-0.9550
-0.2987
3.2200
-6.9300
-7.0700
225
317
331
284
633
-0.1498
-0.9579
-0.2977
5.6000
-3.5000
-5.1800
225
316
332
284
633
-0.1557
-0.9370
-0.2899
5.6000
-3.2200
-4.6900
225
316
332
284
633
-0.1449
-0.9409
-0.2860
6.2300
-4.6900
-4.3400
226
317
332
285
632
-0.1493
-0.9594
-0.2855
5.2500
-3.0800
-4.9000
226
317
333
286
632
-0.1420
-0.9506
-0.2733
1.1900
-5.1100
-5.1100
226
317
333
286
631
-0.1523
-0.9477
-0.2674
3.9900
-4.0600
-2.3100
226
317
333
287
633
-0.1566
-0.9448
-0.2567
4.4100
-4.9000
-3.7100
226
317
333
288
633
-0.1518
-0.9579
-0.2616
0.4900
-3.6400
-4.3400
226
317
333
288
632
-0.1444
-0.9501
-0.2738
2.8000
-3.1500
-4.1300
226
317
334
288
634
-0.1357
-0.9579
-0.2484
0.9800
-4.6900
-2.7300
226
317
334
288
638
-0.1484
-0.9487
-0.2582
-0.7000
-4.2000
-2.5900
226
317
335
288
638
-0.1401
-0.9370
-0.2738
2.0300
-4.8300
-3.1500
226
317
335
288
639
-0.1430
-0.9531
-0.2611
2.9400
-4.4100
-2.9400
226
317
335
288
639
-0.1371
-0.9516
-0.2625
2.8000
-4.1300
-4.1300
226
318
335
289
638
-0.1454
-0.9482
-0.2645
2.3800
-3.3600
-3.0100
227
318
335
289
638
-0.1405
-0.9540
-0.2655
2.7300
-3.5000
-3.5700
227
318
336
289
637
-0.1435
-0.9423
-0.2562
2.1000
-4.3400
-3.2900
227
318
336
290
637
-0.1425
-0.9414
-0.2625
0.8400
-4.2700
-2.5900
227
318
336
290
636
-0.1386
-0.9482
-0.2567
0.8400
-3.5000
-2.7300
227
318
336
291
636
-0.1435
-0.9409
-0.2567
1.5400
-3.9900
-3.5700
227
318
336
291
635
-0.1366
-0.9487
-0.2606
1.6100
-4.2700
-3.4300
228
319
336
291
635
-0.1405
-0.9414
-0.2508
1.1900
-3.7800
-3.1500
228
319
336
292
636
-0.1420
-0.9457
-0.2577
2.8000
-2.3800
-2.0300
228
319
335
295
637
-0.1518
-0.9511
-0.2503
0.3500
-3.9200
-1.3300
228
320
335
296
640
-0.1581
-0.9360
-0.2435
-0.8400
-4.9000
-0.5600
228
320
335
298
643
-0.1464
-0.9462
-0.2479
-2.3100
-2.3800
-1.6800
228
320
333
302
665
-0.1469
-0.9252
-0.2572
-18.0600
-3.4300
-0.8400
228
321
327
318
643
-0.1625
-0.9218
-0.2835
-10.2200
-2.8700
1.5400
229
321
322
342
601
-0.1391
-0.9609
-0.3001
-3.1500
-3.6400
3.5000
231
323
323
361
564
-0.1654
-0.9443
-0.3118
2.8000
-2.0300
-0.2100
234
326
325
373
545
-0.1464
-0.9418
-0.3074
9.8700
1.4000
-3.5000
244
337
347
385
518
-0.1401
-0.9501
-0.2894
12.9500
1.7500
-2.1000
264
356
400
393
502
-0.1288
-0.9628
-0.2782
13.8600
1.9600
-0.7700
304
391
449
401
489
-0.1542
-0.9492
-0.2762
15.8900
2.4500
5.5300
346
427
480
411
482
-0.1547
-0.9384
-0.2601
21.6300
7.0000
9.9400
374
452
504
428
472
-0.1664
-0.9545
-0.1967
11.1300
-1.2600
2.1700
391
475
519
442
459
-0.1752
-0.9443
-0.2050
4.1300
-1.5400
2.3100
403
487
525
450
448
-0.1664
-0.9565
-0.1947
-1.9600
-5.3900
3.7100
408
493
528
454
443
-0.2084
-0.9501
-0.1991
8.1900
-4.1300
-0.6300
411
495
529
455
442
-0.2128
-0.9350
-0.1962
4.6200
-3.4300
-1.2600
411
496
529
455
442
-0.2113
-0.9609
-0.1747
3.4300
-4.9700
-2.2400
411
495
529
454
443
-0.2191
-0.9448
-0.1747
2.8700
-3.7800
-1.1900
410
494
529
453
444
-0.2191
-0.9404
-0.1732
1.3300
-1.4700
-1.3300
410
494
529
452
444
-0.2113
-0.9506
-0.1752
3.9900
-3.3600
-2.3100
409
494
529
451
446
-0.2181
-0.9618
-0.1869
6.7900
-2.3100
-4.1300
409
493
529
451
446
-0.2069
-0.9618
-0.1796
6.8600
-1.8200
-3.0800
409
493
529
450
446
-0.2089
-0.9618
-0.1674
-0.6300
-4.7600
-3.0800
408
492
528
449
445
-0.2137
-0.9472
-0.1640
1.6800
-3.9900
-4.0600
407
491
528
448
448
-0.2152
-0.9404
-0.1698
0.9100
-4.7600
-3.1500
406
488
527
446
447
-0.2098
-0.9565
-0.1669
1.3300
-3.7100
-2.3800
405
483
526
444
450
-0.2147
-0.9599
-0.1742
0.9800
-4.1300
-3.2200
404
481
525
443
449
-0.2142
-0.9482
-0.1659
0.6300
-3.5000
-2.6600
403
479
524
443
452
-0.2069
-0.9423
-0.1781
-2.6600
-6.5800
-3.8500
402
475
521
441
454
-0.2054
-0.9667
-0.1830
-13.7900
-9.6600
-7.0000
398
470
515
436
463
-0.2064
-0.9516
-0.2128
-7.4200
-4.0600
-8.5400
378
448
502
432
465
-0.1976
-0.9252
-0.2191
2.3100
0.7700
-3.3600
349
420
492
430
470
-0.1884
-0.9443
-0.2172
3.9900
-1.7500
-2.5900
322
393
481
428
472
-0.1854
-0.9740
-0.2298
1.9600
-3.1500
-4.9700
298
368
454
425
477
-0.1908
-0.9487
-0.2020
5.3200
-0.2800
-4.2700
274
346
418
422
478
-0.1893
-0.9726
-0.2108
-0.2100
-3.8500
-11.2000
242
313
361
414
480
-0.1557
-0.9418
-0.2367
2.4500
-7.0700
-7.3500
221
291
328
406
483
-0.1728
-0.9082
-0.2162
-1.1900
-7.0700
1.6800
214
285
317
396
482
-0.1845
-0.9350
-0.2094
-5.8800
-19.7400
-0.9100
210
285
313
388
488
-0.1947
-0.9433
-0.2518
8.1200
-8.1900
-3.9200
210
290
306
378
483
-0.1640
-0.9570
-0.2113
8.1200
-5.3900
-5.8100
211
290
307
371
483
-0.1913
-0.9374
-0.2108
-6.0200
-10.8500
2.5200
211
291
309
365
488
-0.1986
-0.9277
-0.2450
-6.8600
-13.5100
4.2700
211
292
310
360
498
-0.2089
-0.9428
-0.2655
0.4200
-8.1900
-0.9100
210
291
313
357
515
-0.2269
-0.9506
-0.2528
-2.2400
-5.3200
1.4000
209
294
315
354
524
-0.2216
-0.9248
-0.2625
-0.1400
-3.2200
-3.3600
210
295
318
353
527
-0.2250
-0.9340
-0.2635
3.5700
-2.1700
-1.8900
210
296
318
353
534
-0.2250
-0.9292
-0.2523
0.0700
-6.4400
-6.3000
211
297
318
355
592
-0.2108
-0.9404
-0.2777
8.8200
-4.0600
-10.1500
212
297
318
355
589
-0.2308
-0.9462
-0.2835
0.0000
-14.1400
-16.7300
213
295
320
352
586
-0.2035
-0.9287
-0.2596
-5.9500
-13.6500
-9.2400
214
294
324
346
596
-0.1737
-0.9282
-0.2577
-5.2500
-11.2000
-6.3700
214
294
325
326
634
-0.1864
-0.9130
-0.2542
-2.4500
-2.8000
-8.3300
215
295
326
305
655
-0.1732
-0.9140
-0.2884
1.4000
-5.6000
-7.0700
215
296
327
293
650
-0.1796
-0.9438
-0.2801
6.8600
-1.4700
-6.4400
216
296
328
288
651
-0.1566
-0.9209
-0.2513
2.7300
-4.3400
-5.8800
216
297
329
285
654
-0.1796
-0.9233
-0.2679
4.0600
-2.9400
-3.7100
216
297
330
284
651
-0.1791
-0.9262
-0.2738
4.7600
-2.8000
-2.1000
217
297
331
285
651
-0.1776
-0.9404
-0.2772
4.8300
-2.1000
-4.0600
217
298
331
286
650
-0.1742
-0.9389
-0.2674
1.5400
-4.5500
-1.6800
217
298
331
286
649
-0.1801
-0.9296
-0.2591
1.2600
-3.5000
-2.5200
217
298
331
287
648
-0.1737
-0.9287
-0.2640
1.8200
-5.5300
-3.2900
217
298
332
288
648
-0.1723
-0.9438
-0.2611
2.8000
-3.1500
-3.2900
218
299
332
288
647
-0.1679
-0.9370
-0.2664
1.2600
-4.6200
-1.8900
218
299
332
288
647
-0.1781
-0.9331
-0.2694
3.0100
-2.3100
-3.4300
218
299
332
289
648
-0.1669
-0.9433
-0.2708
3.7100
-4.1300
-3.5000
218
299
332
289
647
-0.1723
-0.9428
-0.2601
2.8000
-4.7600
-2.5900
218
299
333
290
646
-0.1776
-0.9472
-0.2586
1.9600
-4.2000
-3.0800
218
299
333
290
645
-0.1688
-0.9448
-0.2689
2.4500
-4.4800
-2.5200
218
300
333
290
645
-0.1742
-0.9394
-0.2689
2.8700
-2.9400
-3.5000
219
300
333
291
645
-0.1698
-0.9511
-0.2640
3.5000
-3.6400
-4.6900
219
300
333
291
645
-0.1630
-0.9526
-0.2645
1.4700
-4.2700
-3.7800
219
300
334
291
645
-0.1601
-0.9389
-0.2586
3.0100
-3.7100
-2.7300
219
300
334
291
645
-0.1532
-0.9536
-0.2484
1.1900
-5.8100
-3.2900
219
300
334
291
645
-0.1791
-0.9448
-0.2611
0.2100
-3.8500
-3.8500
219
301
334
291
644
-0.1654
-0.9409
-0.2586
3.5000
-3.7100
-3.5000
219
301
334
291
644
-0.1728
-0.9433
-0.2645
4.2700
-4.7600
-3.9200
220
301
334
292
646
-0.1732
-0.9501
-0.2616
-2.0300
-6.1600
-1.0500
220
301
335
293
649
-0.1693
-0.9555
-0.2655
1.2600
-2.3100
-1.4700
220
302
334
296
652
-0.1679
-0.9394
-0.2664
2.5900
-1.5400
-1.8200
220
302
334
298
656
-0.1801
-0.9404
-0.2655
5.0400
1.4000
3.0100
220
302
332
309
684
-0.1820
-0.9384
-0.2660
-4.9700
-2.6600
0.2100
220
303
331
326
665
-0.1820
-0.9248
-0.2591
-3.3600
-1.8200
5.4600
220
306
331
344
639
-0.2181
-0.9409
-0.2899
2.5900
0.4900
-2.3800
222
309
333
356
601
-0.1854
-0.9472
-0.2830
1.8900
-0.6300
-6.1600
228
314
338
363
581
-0.1869
-0.9370
-0.2777
5.3900
-1.4700
-8.5400
235
322
354
370
557
-0.1786
-0.9321
-0.2640
20.0200
5.3200
-6.0900
247
331
382
379
524
-0.1547
-0.9628
-0.2503
38.7100
9.3800
-5.3200
266
349
422
389
504
-0.1479
-0.9570
-0.1957
10.5700
0.2800
-2.2400
301
386
455
399
495
-0.1562
-0.9653
-0.1923
10.2900
1.4000
1.7500
334
418
476
409
481
-0.1659
-0.9599
-0.1518
27.9300
6.5800
6.2300
365
440
492
425
475
-0.1669
-0.9560
-0.1171
12.0400
0.4200
6.8600
386
457
507
436
462
-0.2025
-0.9482
-0.1230
-2.1000
-2.1000
6.3700
395
470
516
443
456
-0.1967
-0.9682
-0.0966
-0.8400
-2.7300
-0.3500
400
478
520
447
449
-0.1913
-0.9633
-0.1113
2.1000
-4.3400
-2.8000
402
483
523
448
450
0.0024
-0.9575
-0.1205
-6.6500
-3.9900
-4.2700
404
487
525
449
447
-0.1937
-0.9701
-0.1098
0.5600
-3.1500
-3.1500
408
492
527
450
449
-0.2015
-1.0048
-0.1464
24.5000
-6.2300
0.0000
410
495
528
451
446
-0.2094
-0.9706
-0.1391
2.4500
0.0700
-1.4700
411
495
528
451
449
-0.1996
-0.9618
-0.1205
-1.6100
-1.7500
-4.7600
411
495
528
450
449
-0.1820
-0.9570
-0.1264
-3.0100
-6.5100
-4.2700
410
494
528
449
451
-0.1869
-0.9716
-0.1454
-2.5200
-6.8600
-5.9500
410
493
528
447
453
-0.1835
-0.9682
-0.1303
-2.1000
-4.0600
-2.1000
409
492
528
446
454
-0.1967
-0.9555
-0.1435
-6.0200
-3.5000
-3.7800
409
490
527
444
453
-0.2035
-0.9511
-0.1606
-0.4200
-1.5400
-6.0200
408
487
527
442
457
-0.1840
-0.9472
-0.1537
1.9600
-2.8000
-4.9700
408
485
526
441
455
-0.1708
-0.9565
-0.1498
-1.4700
-4.2700
-4.4800
408
484
525
441
458
-0.1835
-0.9697
-0.1469
-0.4200
-0.7000
-4.7600
408
484
525
441
456
-0.1786
-0.9667
-0.1723
0.9800
-2.7300
-2.8700
408
484
525
440
459
-0.1767
-0.9618
-0.1864
7.0700
-3.8500
-4.5500
408
484
524
439
457
-0.1810
-0.9662
-0.1688
2.7300
-5.6700
-5.9500
406
481
523
438
462
-0.1776
-0.9623
-0.1532
5.5300
-3.8500
-3.3600
401
474
520
437
464
-0.1674
-0.9755
-0.1240
3.7800
-1.0500
-9.9400
373
455
517
436
469
-0.1518
-0.9789
-0.1347
-6.5800
-0.7000
-2.8000
356
440
510
433
471
-0.1742
-0.9565
-0.1693
-1.4700
-2.8000
-1.4700
340
427
494
426
475
-0.1645
-0.9477
-0.1581
-1.7500
-4.8300
-3.1500
315
402
458
421
480
-0.1737
-0.9628
-0.1601
1.1900
-6.4400
-4.7600
279
363
414
415
480
-0.1542
-0.9677
-0.1508
3.2900
-7.0700
-3.4300
251
332
371
408
485
-0.1615
-0.9692
-0.1518
-10.5000
-5.7400
-0.7000
231
310
333
399
488
-0.1776
-0.9614
-0.1806
-7.3500
-6.9300
7.2100
218
301
307
385
506
-0.1654
-0.9643
-0.1976
6.3000
-7.4900
-1.8900
216
303
301
378
511
-0.1693
-0.9706
-0.1767
0.2100
-8.0500
-2.3800
216
305
301
372
514
-0.1762
-0.9555
-0.1620
5.9500
-6.8600
-0.6300
218
307
304
371
531
-0.1801
-0.9765
-0.1488
-7.4200
-10.0100
5.1100
220
310
310
369
556
-0.1913
-0.9428
-0.1664
-8.0500
-11.1300
4.9000
221
312
311
366
587
-0.2025
-0.9492
-0.2074
-18.2700
-15.1200
-5.6700
221
312
310
362
620
-0.1908
-0.9414
-0.2386
-22.8200
-17.5000
-17.0800
221
311
322
358
597
-0.1810
-0.9389
-0.2660
-3.0800
-8.6100
-14.6300
222
310
330
352
587
-0.1532
-0.9516
-0.2430
-7.3500
-10.7800
-3.8500
222
310
332
330
641
-0.1703
-0.9433
-0.2782
-1.6100
-6.9300
-2.5200
222
311
334
307
676
-0.1625
-0.9389
-0.2718
11.3400
0.2800
-1.8200
222
311
334
296
667
-0.1713
-0.9438
-0.2650
4.9700
-6.4400
-7.5600
222
312
336
290
657
-0.1752
-0.9409
-0.2586
4.6900
-5.3900
-4.9700
222
313
337
288
653
-0.1762
-0.9404
-0.2616
2.6600
-4.8300
-4.8300
222
313
337
288
649
-0.1776
-0.9443
-0.2640
2.5200
-3.7100
-3.9200
223
313
337
288
647
-0.1845
-0.9355
-0.2635
1.4700
-3.8500
-3.7100
223
313
338
288
645
-0.1684
-0.9438
-0.2630
2.8700
-4.4800
-1.6800
223
313
338
289
645
-0.1728
-0.9331
-0.2455
2.5200
-5.1100
-1.4700
223
313
338
290
644
-0.1776
-0.9536
-0.2484
1.1200
-3.9200
-3.5000
223
313
339
291
645
-0.1776
-0.9379
-0.2586
2.5900
-3.9900
-2.7300
223
314
339
291
644
-0.1747
-0.9501
-0.2499
1.1900
-3.2200
-3.0100
223
314
339
292
645
-0.1713
-0.9384
-0.2591
2.6600
-4.0600
-1.9600
223
314
339
293
644
-0.1801
-0.9414
-0.2508
0.4900
-3.7100
-2.7300
224
315
340
293
643
-0.1718
-0.9438
-0.2582
2.3800
-3.9200
-2.1700
224
315
340
294
643
-0.1747
-0.9365
-0.2523
0.7000
-5.0400
-1.9600
224
315
340
295
642
-0.1854
-0.9433
-0.2572
2.3100
-3.1500
-2.9400
224
315
340
295
642
-0.1776
-0.9399
-0.2699
3.0800
-4.9000
-3.0100
224
315
340
295
641
-0.1767
-0.9545
-0.2528
1.8200
-4.5500
-3.1500
224
316
340
296
641
-0.1806
-0.9428
-0.2538
0.9800
-4.4100
-2.5200
224
316
341
296
641
-0.1781
-0.9414
-0.2552
1.1200
-3.7800
-3.6400
224
316
341
297
640
-0.1752
-0.9394
-0.2533
1.2600
-3.4300
-3.1500
225
316
341
297
640
-0.1684
-0.9399
-0.2474
1.4000
-4.7600
-2.9400
225
316
341
298
642
-0.1791
-0.9506
-0.2640
1.4000
-3.5700
-3.5700
225
316
341
298
641
-0.1747
-0.9335
-0.2640
1.5400
-2.9400
-2.9400
225
316
341
298
642
-0.1703
-0.9448
-0.2582
1.3300
-3.9900
-3.9900
225
317
341
299
641
-0.1747
-0.9345
-0.2616
0.9800
-4.2000
-3.0800
225
317
341
299
642
-0.1737
-0.9360
-0.2664
1.6800
-3.2900
-3.0100
225
317
341
300
642
-0.1664
-0.9477
-0.2606
0.3500
-4.0600
-3.4300
226
317
341
300
642
-0.1679
-0.9453
-0.2586
1.4000
-3.7800
-3.2900
226
317
341
300
641
-0.1654
-0.9462
-0.2611
3.0100
-4.6200
-3.9200
226
317
342
300
642
-0.1688
-0.9409
-0.2586
2.8700
-3.0100
-2.7300
226
317
342
299
643
-0.1620
-0.9394
-0.2586
1.4000
-4.1300
-2.5200
226
317
343
299
644
-0.1635
-0.9428
-0.2577
1.9600
-4.9700
-3.2900
226
317
343
299
645
-0.1698
-0.9501
-0.2533
1.8200
-2.9400
-2.8000
226
318
343
300
646
-0.1586
-0.9453
-0.2679
-3.7800
2.2400
2.6600
226
318
338
307
695
-0.1669
-0.9570
-0.2865
-14.0000
6.9300
4.6900
228
320
327
335
613
-0.1757
-0.9057
-0.2948
5.7400
4.2000
-1.6100
229
322
326
358
556
-0.1776
-0.9501
-0.3016
4.4800
1.6100
-5.6000
231
323
327
377
530
-0.1684
-0.9033
-0.2699
7.2100
0.9800
-4.6200
234
327
334
390
510
-0.1771
-0.9409
-0.2630
11.4100
-1.1200
-7.0000
241
334
360
398
496
-0.1557
-0.9618
-0.2606
12.7400
-0.9100
-5.0400
252
343
403
403
487
-0.1498
-0.9506
-0.2552
12.2500
-1.8200
-1.8900
267
358
434
409
484
-0.1620
-0.9482
-0.2069
11.5500
-2.8700
0.2800
313
400
465
417
478
-0.1606
-0.9579
-0.2264
14.7700
5.6000
-2.3100
349
432
482
423
468
-0.1347
-0.9628
-0.1923
11.9000
0.6300
5.1800
377
453
500
436
460
-0.1532
-0.9658
-0.1737
0.7000
-4.9000
3.6400
395
474
516
446
450
-0.2406
-0.9374
-0.2123
1.9600
-2.9400
1.5400
401
485
523
450
449
-0.1845
-0.9697
-0.1698
0.9800
-2.8700
1.1200
406
490
526
453
446
-0.1991
-0.9482
-0.1942
0.4900
-3.7100
2.3800
408
492
527
454
446
-0.2054
-0.9570
-0.1928
7.7000
-1.9600
-3.0800
409
492
527
455
445
-0.1898
-0.9628
-0.1918
0.6300
-3.0100
-3.2200
409
492
527
455
445
-0.2001
-0.9614
-0.1898
2.0300
-3.6400
-2.8000
409
492
527
455
445
-0.1952
-0.9423
-0.1845
2.8000
-4.2700
-2.6600
409
492
527
455
446
-0.2035
-0.9536
-0.1801
0.3500
-3.4300
-3.6400
409
492
527
454
445
-0.1918
-0.9457
-0.1854
-0.1400
-4.4100
-1.8900
408
491
527
454
445
-0.2006
-0.9409
-0.1957
3.2200
-3.0100
-4.2000
408
491
527
454
445
-0.1923
-0.9487
-0.1874
1.3300
-3.0800
-3.5000
408
491
527
454
443
-0.1947
-0.9536
-0.1918
2.0300
-3.5700
-4.1300
407
491
527
453
446
-0.1981
-0.9511
-0.1903
1.6800
-3.5000
-4.2000
407
490
527
453
444
-0.1879
-0.9521
-0.1864
3.7100
-3.7800
-3.1500
407
490
527
453
446
-0.1932
-0.9526
-0.1820
1.4700
-4.3400
-2.5900
406
490
527
453
446
-0.1996
-0.9579
-0.1947
1.4700
-3.6400
-3.9900
406
489
527
452
446
-0.1908
-0.9536
-0.1820
-0.2100
-2.6600
-3.7100
406
489
527
452
446
-0.1913
-0.9550
-0.1918
3.0100
-4.2700
-3.2900
405
489
527
452
446
-0.1918
-0.9701
-0.1913
0.6300
-3.5000
-3.1500
405
488
526
451
447
-0.1903
-0.9438
-0.1967
-1.4700
-3.1500
-3.9900
405
487
526
451
447
-0.1864
-0.9448
-0.1942
1.5400
-3.8500
-3.9900
405
487
526
450
448
-0.1835
-0.9511
-0.2015
1.6800
-3.2200
-2.8000
405
486
526
450
448
-0.1889
-0.9599
-0.2020
0.9100
-2.5200
-3.2200
405
486
526
450
448
-0.1810
-0.9604
-0.2035
1.4000
-2.2400
-4.3400
405
486
525
450
448
-0.1762
-0.9487
-0.2059
0.4200
-3.0100
-5.0400
405
484
525
449
449
-0.1737
-0.9545
-0.1898
-10.9900
-10.7100
-0.4900
404
469
512
446
455
-0.1908
-0.9462
-0.2220
2.7300
-5.1800
-6.0900
396
455
492
442
457
-0.3050
-0.9516
-0.2308
-1.8900
-0.9100
-4.2700
368
430
450
435
465
-0.1918
-0.9477
-0.2562
3.4300
-2.8700
-2.3100
329
398
402
427
473
-0.1830
-0.9243
-0.2313
3.9200
-4.4100
-0.7700
299
371
368
420
477
-0.1884
-0.9697
-0.2367
2.8000
-3.3600
-4.8300
274
348
347
414
477
-0.1791
-0.9545
-0.2391
0.4200
-4.9000
-5.6700
256
331
332
408
479
-0.1698
-0.9521
-0.2201
-5.2500
-6.6500
-2.7300
245
320
323
402
476
-0.1688
-0.9389
-0.2460
-3.4300
-8.7500
-5.0400
237
312
318
398
479
-0.1586
-0.9228
-0.2440
-0.9100
-4.2700
-1.4700
232
309
314
395
479
-0.1688
-0.9604
-0.2572
-1.4700
-7.7700
0.4900
227
305
310
388
478
-0.1781
-0.9618
-0.2425
-4.4800
-8.2600
-1.0500
222
303
308
381
478
-0.1630
-0.9472
-0.2362
0.3500
-14.5600
-1.3300
221
305
308
374
476
-0.1810
-0.9321
-0.2821
-10.1500
-14.2800
1.4700
220
307
309
367
483
-0.1986
-0.9340
-0.2718
-10.0100
-6.5800
0.2800
221
313
313
365
501
-0.1952
-0.9365
-0.2977
-2.3800
-17.4300
5.6000
224
321
317
369
566
-0.2025
-0.9277
-0.3070
-1.5400
-5.5300
2.8000
226
327
319
371
591
-0.2094
-0.9228
-0.3089
-6.1600
-27.3700
-18.9700
227
328
322
372
570
-0.2079
-0.9404
-0.3518
-5.5300
-17.2900
-18.1300
229
326
330
370
548
-0.2035
-0.9184
-0.3309
-9.5200
-11.2000
-2.3100
231
323
333
362
541
-0.1981
-0.9087
-0.3406
-7.2800
-7.1400
-2.0300
231
322
333
342
566
-0.2050
-0.8940
-0.3611
2.1000
-0.7700
-3.2200
231
321
333
314
608
-0.2011
-0.9126
-0.3636
3.5700
-1.6100
-2.5900
231
321
332
297
622
-0.1972
-0.9243
-0.3582
7.5600
-4.3400
-6.5800
231
323
334
286
627
-0.1874
-0.9165
-0.3406
7.8400
-5.5300
-8.6800
231
323
336
279
631
-0.1845
-0.9223
-0.3367
8.2600
-3.3600
-4.8300
231
322
338
277
629
-0.1728
-0.9228
-0.3274
6.8600
-4.5500
-4.2000
231
322
338
277
629
-0.1781
-0.9174
-0.3265
4.4800
-4.9000
-0.9100
230
322
338
279
628
-0.1893
-0.9316
-0.3109
4.2000
-4.6900
-3.8500
230
321
338
280
626
-0.1869
-0.9140
-0.3177
2.5900
-3.9200
-2.8700
230
321
338
281
626
-0.1791
-0.9257
-0.3172
4.0600
-4.2700
-4.4100
230
321
338
282
625
-0.1791
-0.9282
-0.3089
2.8700
-3.0100
-2.3100
230
320
338
282
626
-0.1810
-0.9311
-0.3006
1.0500
-4.4800
-2.7300
230
321
339
283
625
-0.1810
-0.9384
-0.3099
1.8900
-3.9900
-2.8700
230
321
339
284
625
-0.1801
-0.9292
-0.3104
2.3100
-4.6200
-2.1700
231
321
339
285
627
-0.1850
-0.9326
-0.3001
2.7300
-5.0400
-2.1700
231
321
339
285
627
-0.1845
-0.9360
-0.3094
1.1200
-3.5000
-3.2900
231
322
339
286
626
-0.1737
-0.9267
-0.2996
1.2600
-5.0400
-3.5700
231
322
339
287
625
-0.1874
-0.9292
-0.2987
1.5400
-4.6200
-2.0300
231
322
339
287
625
-0.1835
-0.9301
-0.3099
1.0500
-4.4100
-3.5700
231
322
340
287
624
-0.1859
-0.9199
-0.3016
0.8400
-3.7100
-2.4500
231
323
340
288
624
-0.1859
-0.9228
-0.3094
1.5400
-3.9200
-2.1000
231
323
340
288
621
-0.1859
-0.9306
-0.3050
2.5900
-3.7800
-3.8500
231
323
340
288
621
-0.1776
-0.9257
-0.3104
1.7500
-3.7800
-3.2900
232
323
339
289
620
-0.1830
-0.9272
-0.3070
1.6100
-3.9200
-3.8500
232
323
340
289
620
-0.1815
-0.9360
-0.3026
2.6600
-3.5700
-3.8500
231
323
340
289
621
-0.1830
-0.9345
-0.3070
2.9400
-3.8500
-4.0600
231
322
341
289
621