-0.1161
-0.9575
0.2460
0.6300
-4.9700
-4.4100
426
475
501
414
520
-0.1108
-0.9697
0.2445
1.9600
-6.0900
-4.0600
426
475
501
413
520
-0.1205
-0.9662
0.2513
3.2200
-5.6700
-3.7100
426
475
501
413
518
-0.1200
-0.9628
0.2538
0.3500
-4.4100
-3.5000
426
475
501
413
520
-0.1254
-0.9536
0.2264
1.8900
-2.5200
-4.4100
424
475
501
413
519
-0.1098
-0.9550
0.2342
2.8000
-3.6400
-3.7800
424
475
501
413
517
-0.1108
-0.9550
0.2484
-0.9100
-1.9600
-4.6900
424
475
501
413
519
-0.0034
-0.9506
0.2323
0.4200
-2.8700
-4.4800
423
475
501
413
517
-0.1210
-0.9633
0.2440
0.4200
-3.0800
-5.6000
423
475
501
413
519
-0.1074
-0.9653
0.2191
0.4900
-3.5700
-6.7200
423
475
501
412
518
-0.1196
-0.9677
0.2167
0.9100
-11.2700
-12.2500
423
475
501
412
515
-0.0883
-0.9755
0.2323
-5.7400
-5.8800
1.2600
423
475
501
410
517
-0.1264
-0.9682
0.1820
-6.3700
-0.8400
-8.6100
421
474
500
408
516
-0.0722
-0.9496
0.1937
-4.8300
0.6300
-4.9000
420
474
501
406
514
-0.1083
-0.9467
0.1474
-0.3500
-13.5100
-22.8200
420
473
500
406
513
-0.0869
-0.9975
0.1810
0.6300
-57.4000
-57.7500
420
473
500
406
517
0.0317
-0.9389
0.1215
3.7800
-78.5400
-72.6600
420
472
499
409
519
0.1986
-0.9379
0.2328
10.1500
-81.1300
-72.1000
420
473
499
412
519
0.3494
-0.9267
0.1801
12.0400
-50.6100
-39.5500
420
473
499
412
521
0.4065
-0.9126
0.1767
24.7100
-18.8300
4.1300
419
473
499
413
523
0.4192
-0.9189
0.2328
17.4300
-2.8700
21.0700
419
473
500
413
522
0.3187
-0.9101
0.1981
11.3400
-8.2600
1.5400
419
473
500
413
520
0.3821
-0.9150
0.2328
-0.5600
3.7800
13.9300
419
473
500
414
522
0.3343
-0.9057
0.2040
-17.6400
4.4100
-7.0700
422
475
501
417
522
0.3157
-0.9418
0.2186
7.2100
-20.0900
0.2100
422
476
501
420
520
0.3323
-0.9409
0.2289
3.2200
-22.0500
-1.7500
422
476
501
420
522
0.2982
-0.9374
0.1967
4.2000
-47.1800
-18.6900
421
476
501
420
523
0.3138
-0.9228
0.1601
20.3700
-99.1200
-67.9700
419
476
500
420
526
0.4636
-0.8350
0.0644
28.1400
-143.1500
-110.6700
418
477
500
421
526
0.7305
-0.7042
0.0132
43.4000
-102.6200
-43.8900
419
479
500
420
511
0.8120
-0.6715
-0.0444
67.6200
-114.9400
-44.1700
420
480
500
415
508
0.8940
-0.6866
-0.0376
78.1900
-107.2400
-13.0900
421
483
502
414
512
0.8340
-0.6593
-0.0888
71.6800
-49.4900
24.6400
423
483
502
412
522
0.6847
-0.6188
-0.1200
57.7500
-64.5400
31.2200
425
484
503
411
524
0.6495
-0.7047
-0.1127
68.4600
-42.4200
28.0000
425
486
503
412
526
0.5993
-0.7886
-0.0532
63.4900
-41.5100
18.3400
426
486
502
402
525
0.5915
-0.7984
0.0239
46.4100
-30.4500
9.8000
426
486
501
401
524
0.6061
-0.8262
0.0181
48.7200
-12.2500
17.7800
426
487
501
400
525
0.5075
-0.8257
0.0693
45.3600
-18.6900
4.5500
426
488
501
399
524
0.5422
-0.8428
0.1293
16.8000
-45.8500
0.1400
425
488
501
398
523
0.5573
-0.8564
0.1986
5.4600
-14.4900
-2.0300
425
489
503
397
525
0.5758
-0.8569
0.0293
-4.9000
-6.5800
-1.6800
425
489
503
396
530
0.5417
-0.8447
0.0649
9.0300
-1.4000
-2.3100
425
489
504
396
528
0.5446
-0.8716
0.0854
10.0800
-3.5700
-2.0300
425
489
504
396
530
0.5007
-0.8447
0.0683
-0.9800
-8.6100
-3.5000
425
489
504
396
530
0.5558
-0.9135
0.0176
5.2500
-16.3800
2.1000
425
489
505
397
529
0.4431
-0.8247
0.1908
0.9100
-8.1200
-9.1700
425
489
507
394
533
0.4987
-0.8194
0.2020
-1.6100
24.1500
-13.0200
425
490
506
393
533
0.4734
-0.7945
0.2064
-77.2800
8.7500
-32.3400
425
490
506
394
533
0.5778
-0.7832
-0.0547
-117.2500
-8.5400
-45.4300
425
488
506
400
522
0.5846
-0.7047
-0.2011
-108.4300
4.9700
-65.3800
425
486
505
405
519
0.7110
-0.5490
-0.3279
-98.2100
-34.4400
-73.3600
424
483
504
410
515
0.8130
-0.4821
-0.4997
-89.5300
-5.8100
-43.1200
423
484
504
413
514
0.7662
-0.3035
-0.4958
-88.6900
15.0500
-32.1300
423
484
504
416
511
0.7857
-0.1366
-0.6139
-99.8200
1.6800
-52.8500
423
484
505
417
506
0.9233
-0.0185
-0.6207
-57.1900
1.0500
-28.2800
424
484
506
417
498
0.9140
0.0742
-0.6934
-23.0300
-2.7300
-5.8800
425
485
506
422
502
0.8955
0.0351
-0.6217
7.2100
-3.0800
3.0100
425
485
506
422
502
0.8696
-0.0063
-0.5549
6.9300
-1.7500
0.4900
426
484
506
422
502
0.8594
-0.0200
-0.5495
6.9300
-2.4500
-0.3500
426
484
506
421
502
0.8511
-0.0181
-0.5466
1.1200
-2.8700
-1.4700
426
484
506
421
500
0.8398
-0.0137
-0.5563
-0.4200
-5.7400
-3.9200
426
484
506
420
502
0.8472
-0.0098
-0.5714
1.7500
-4.4100
-7.1400
426
484
506
420
500
0.8584
-0.0142
-0.5592
4.9000
-3.4300
-5.6700
426
484
506
420
503
0.8594
-0.0029
-0.5641
3.9900
-5.9500
-3.7100
426
484
506
420
503
0.8725
-0.0190
-0.5666
3.3600
-7.8400
-2.0300
426
484
506
420
501
0.8725
-0.0205
-0.5876
6.6500
-5.3200
5.3900
426
483
506
419
503
0.8516
-0.0112
-0.6227
14.0700
-8.6100
4.1300
426
483
505
418
500
0.8540
-0.0171
-0.6276
32.2000
-6.9300
13.0200
426
484
505
418
503
0.8701
-0.0815
-0.6368
58.1700
-2.2400
16.3100
426
485
505
418
503
0.8359
-0.1532
-0.6022
70.1400
0.7700
24.3600
426
485
505
416
496
0.8481
-0.2967
-0.5431
112.8400
-0.3500
37.5200
427
485
504
412
496
0.8252
-0.4246
-0.4148
93.2400
6.5800
39.6900
427
485
503
409
496
0.7715
-0.5187
-0.3040
89.1800
11.8300
43.8200
427
485
503
407
501
0.7213
-0.5905
-0.2035
77.3500
3.2200
30.3800
426
484
503
404
497
0.7183
-0.6827
-0.1200
68.9500
18.8300
37.9400
426
484
503
404
492
0.6124
-0.7369
-0.0229
65.8000
4.9700
25.1300
426
484
503
403
488
0.5646
-0.7862
0.0346
71.3300
-3.9900
12.8100
426
484
503
399
487
0.6163
-0.8174
0.1771
54.4600
-41.4400
8.4700
425
484
503
398
485
0.6227
-0.8086
0.1391
16.5200
-35.1400
13.3000
426
485
502
398
483
0.6251
-0.8276
0.1078
8.1900
-15.7500
11.7600
426
485
502
400
482
0.5607
-0.8247
0.0854
9.1000
-3.3600
7.1400
427
486
503
401
482
0.5495
-0.8477
0.0986
18.1300
3.0800
3.5000
427
486
503
401
482
0.4943
-0.8379
0.1371
0.7000
-6.7900
-2.5200
427
486
503
402
482
0.5192
-0.8355
0.1147
-0.7000
-6.2300
-3.7100
427
487
503
401
482
0.5075
-0.8345
0.0927
-0.4200
-8.1200
-3.2900
427
486
503
400
483
0.5646
-0.8491
0.1132
2.0300
-1.6100
1.3300
427
486
503
401
483
0.5134
-0.8345
0.1147
2.1700
-2.5900
-3.0800
427
487
503
401
482
0.5217
-0.8452
0.1103
1.0500
-8.1200
-3.7800
427
486
504
402
482
0.5114
-0.8447
0.1498
-3.0100
-6.5800
-3.3600
428
487
504
402
482
0.5397
-0.8394
0.1606
1.5400
2.5200
-2.2400
428
487
504
402
483
0.4870
-0.8247
0.2133
-19.2500
8.1900
-12.6700
428
486
503
402
485
0.4797
-0.8047
0.1947
-58.8000
-8.4700
-36.1900
427
486
503
400
488
0.5256
-0.7657
-0.0386
-92.8200
-16.2400
-50.8200
425
485
503
396
488
0.6817
-0.7305
-0.1523
-84.4200
-4.6200
-36.9600
425
484
504
399
486
0.6969
-0.6803
-0.2274
-101.7100
-23.1700
-44.6600
424
483
505
406
479
0.7632
-0.4880
-0.4763
-110.9500
-23.8700
-46.8300
423
482
506
409
469
0.7481
-0.3904
-0.5666
-97.4400
-15.4000
-43.5400
422
482
509
411
465
0.7745
-0.3035
-0.6320
-61.2500
-12.3900
-25.7600
422
481
509
412
467
0.7715
-0.2079
-0.6603
-52.8500
0.2800
-17.5000
422
481
509
414
468
0.8301
-0.0937
-0.7271
-31.8500
-4.9000
-8.0500
422
481
509
415
466
0.8042
-0.0956
-0.6671
-19.3900
-2.2400
-5.6700
423
481
508
415
469
0.7871
-0.1035
-0.6793
1.6100
-0.7700
-1.4000
423
481
507
415
469
0.7749
-0.1181
-0.6544
2.7300
-0.9100
-1.0500
423
481
507
415
469
0.7735
-0.1225
-0.6329
0.7000
-1.6100
-3.3600
423
481
506
415
469
0.7793
-0.0991
-0.6593
0.2800
-3.5700
-4.1300
423
481
506
415
469
0.7886
-0.0815
-0.6686
4.2700
-4.5500
-1.8200
423
481
506
415
470
0.7832
-0.1020
-0.6354
6.3000
-4.2700
-0.6300
423
481
506
415
470
0.7852
-0.1313
-0.6217
0.4200
-5.1800
-0.8400
423
481
506
415
469
0.7569
-0.1108
-0.6637
-3.9900
-5.6000
-7.6300
423
481
507
415
470
0.7984
-0.0625
-0.7266
8.1200
-6.5100
-0.7700
423
481
507
415
470
0.7979
-0.0756
-0.7330
33.9500
-4.1300
6.6500
423
481
506
414
471
0.7735
-0.1566
-0.6998
52.3600
-3.1500
5.0400
423
481
506
413
472
0.7862
-0.2084
-0.6744
87.0100
8.3300
24.6400
424
482
506
413
478
0.8023
-0.3235
-0.5119
112.0000
15.7500
51.1700
425
482
505
411
486
0.7257
-0.4743
-0.3577
123.9700
17.4300
35.1400
426
482
504
407
492
0.7154
-0.5836
-0.2879
83.5100
-2.5200
19.8100
427
482
502
404
495
0.7115
-0.6939
-0.2362
60.4800
-0.2800
16.8000
427
482
502
403
500
0.7144
-0.7344
-0.1508
60.7600
13.4400
25.1300
427
482
502
402
500
0.5514
-0.7501
-0.0273
72.1000
-5.9500
3.9900
427
482
501
397
494
0.6461
-0.7881
0.0015
44.5900
-20.3700
0.9100
427
482
501
397
495
0.7066
-0.8291
0.0727
44.3100
-8.8200
15.5400
427
482
501
398
493
0.6442
-0.7915
0.1279
33.3900
-19.0400
17.7100
427
483
501
401
488
0.5134
-0.7730
0.1542
3.9900
-2.3800
4.9700
427
483
501
402
490
0.5519
-0.8062
0.1039
-3.4300
-7.5600
2.6600
427
483
501
402
488
0.5705
-0.8301
0.0551
-2.4500
-15.1900
3.5700
427
484
501
403
490
0.5007
-0.8032
0.0834
-5.6000
-21.5600
-3.1500
427
484
503
403
489
0.6037
-0.8530
0.0752
4.0600
-6.0900
-0.8400
427
484
505
403
491
0.5563
-0.8364
0.0752
3.2900
-2.1700
-0.8400
427
484
505
404
491
0.5412
-0.8403
0.0727
0.5600
-5.3900
-2.8700
427
484
505
404
491
0.5685
-0.8501
0.0556
2.7300
-6.2300
-1.3300
427
484
506
404
490
0.5505
-0.8408
0.0537
1.8900
-10.5000
-1.9600
427
484
506
404
488
0.5729
-0.8345
0.0742
1.9600
-4.9000
-2.0300
428
484
506
404
490
0.5583
-0.8462
0.0434
0.8400
-5.3200
-2.8000
427
484
506
404
487
0.5724
-0.8472
0.0732
1.1200
-2.6600
-0.2800
427
484
506
404
489
0.5290
-0.8369
0.1342
-8.1200
7.5600
-11.1300
427
483
502
401
488
0.5431
-0.8403
0.1352
-16.1000
5.0400
-19.3900
427
483
502
400
488
0.5475
-0.8115
0.1493
-33.4600
18.8300
-26.1100
427
483
502
401
485
0.6120
-0.7969
0.0639
-60.9000
10.8500
-32.0600
426
483
504
405
484
0.6383
-0.7564
-0.0771
-91.4900
-14.9800
-28.3500
426
483
506
407
480
0.6300
-0.6383
-0.2821
-129.6400
-32.2700
-44.9400
426
483
508
410
477
0.7535
-0.5261
-0.5109
-152.9500
-14.0700
-46.9700
425
482
511
412
471
0.7174
-0.3577
-0.5680
-131.3900
-6.0900
-48.4400
424
481
513
414
466
0.7779
-0.1898
-0.6334
-95.4100
7.4900
-33.3900
423
481
514
415
466
0.8374
0.0015
-0.8072
-57.7500
5.6700
-14.0000
423
483
512
418
471
0.7974
0.0283
-0.7222
-11.7600
6.6500
-4.4100
424
484
512
418
474
0.8072
0.0142
-0.7027
-3.5000
0.2100
-1.3300
424
484
511
418
473
0.8042
-0.0278
-0.6393
7.2100
4.9000
-0.8400
424
484
511
418
478
0.8052
-0.0259
-0.6281
-14.3500
2.5900
-5.9500
424
484
511
419
475
0.8037
-0.0127
-0.6583
1.1900
-5.0400
-2.8700
425
484
511
419
478
0.7901
-0.0395
-0.6237
2.6600
-3.2900
-3.0800
425
484
511
419
476
0.8032
-0.0405
-0.6144
1.0500
-3.0800
-1.2600
425
484
510
419
479
0.8047
-0.0478
-0.6383
0.1400
-2.1000
-3.0800
425
484
510
419
477
0.8111
-0.0371
-0.6393
5.6000
-4.0600
-1.4700
425
484
510
419
482
0.7886
-0.0390
-0.6432
3.8500
-7.1400
-4.2000
425
484
510
418
484
0.8120
-0.0298
-0.6456
-1.9600
-4.9000
5.9500
425
484
510
417
484
0.7896
-0.0717
-0.6110
8.1900
-1.5400
2.1700
425
484
510
417
483
0.7989
-0.0737
-0.6276
-0.9800
-4.1300
-0.4200
425
484
510
417
483
0.7847
-0.0630
-0.6520
-2.9400
-8.8200
-4.5500
425
484
510
417
482
0.8062
-0.0361
-0.7208
4.5500
-6.9300
9.0300
425
484
510
416
482
0.8120
-0.0176
-0.7476
29.6800
4.5500
14.6300
425
484
510
413
482
0.8320
-0.0390
-0.7305
60.6200
5.6000
24.3600
424
484
511
412
482
0.8047
-0.2050
-0.5807
83.0900
14.6300
30.1700
423
484
510
408
485
0.8140
-0.3484
-0.4841
107.9400
18.9700
57.4700
423
483
505
404
486
0.8701
-0.5280
-0.3592
95.3400
10.1500
53.4100
422
482
505
400
488
0.6773
-0.6071
-0.2255
84.5600
18.7600
44.7300
422
480
503
399
490
0.6715
-0.7037
-0.1537
71.2600
-14.6300
24.0100
422
480
502
398
495
0.6466
-0.7696
-0.0644
68.6000
-7.4900
25.4800
422
480
501
396
498
0.6037
-0.8062
-0.0142
48.3700
-24.4300
14.4900
422
478
499
389
490
0.5783
-0.8589
0.0595
51.9400
-15.3300
16.6600
421
478
498
387
492
0.5690
-0.8301
0.0615
23.6600
-24.6400
13.3000
421
478
498
387
494
0.5456
-0.8525
0.0795
16.6600
-6.2300
10.0100
421
478
498
388
493
0.5183
-0.8398
0.0942
5.8100
-0.5600
5.3900
421
478
498
389
495
0.5031
-0.8764
0.0791
1.1900
-0.9100
0.0700
421
478
499
389
493
0.5080
-0.8823
0.0810
3.0800
-5.3200
-2.7300
421
479
500
390
495
0.5295
-0.8843
0.0795
1.7500
-4.4100
-1.2600
421
479
500
390
493
0.5114
-0.8716
0.0722
1.5400
-4.5500
-2.5900
422
480
500
390
495
0.5104
-0.8755
0.0830
2.6600
-4.9700
-3.3600
422
480
500
390
495
0.5192
-0.8799
0.0844
4.2000
-4.5500
-3.0800
422
480
500
391
495
0.5241
-0.8769
0.0810
3.2900
-2.0300
-1.7500
422
480
500
392
494
0.5197
-0.8662
0.0649
2.0300
-2.1000
-2.6600
422
480
500
392
493
0.4987
-0.8672
0.0844
-4.3400
1.0500
-2.8000
422
480
499
390
494
0.5261
-0.8857
0.0634
4.7600
-0.7000
-0.1400
422
480
499
391
493
0.4616
-0.8608
0.1064
3.6400
-4.3400
-5.5300
422
480
499
391
494
0.4997
-0.8569
0.1630
1.6100
19.6700
-8.6800
422
480
499
391
491
0.4558
-0.8569
0.1903
-31.0800
11.9700
-30.3800
421
480
499
391
490
0.4729
-0.8418
0.0830
-78.2600
-25.4800
-52.2200
418
480
500
392
482
0.5636
-0.7842
-0.0151
-80.4300
-14.9100
-50.1900
417
481
501
395
477
0.5568
-0.7271
-0.1547
-94.0800
-45.7100
-62.6500
417
481
502
398
466
0.6891
-0.5597
-0.4192
-113.5400
-56.0700
-61.2500
418
481
503
401
466
0.7432
-0.3841
-0.6500
-94.2900
-7.9800
-22.0500
419
481
503
403
467
0.7096
-0.2308
-0.6998
-66.7100
-7.1400
-18.7600
418
481
503
406
468
0.7510
-0.1103
-0.7198
-42.6300
-1.3300
-23.1000
419
480
503
408
479
0.7930
-0.0590
-0.7257
-12.4600
2.3800
-9.4500
420
480
503
409
482
0.7779
-0.0571
-0.6676
-6.8600
3.5700
-8.2600
420
480
503
409
480
0.8042
-0.0488
-0.6920
-4.3400
-3.7100
-1.8900
420
480
504
409
484
0.7842
-0.0493
-0.6608
3.6400
0.2100
-1.7500
420
481
503
409
482
0.7828
-0.0517
-0.6481
0.2800
-3.7800
-4.5500
421
481
503
409
485
0.7862
-0.0390
-0.6573
2.4500
-4.6200
-2.5900
421
481
503
409
483
-3.0800
-2.5200493
-0.6549
4.0600
-2.1700
-5.1800
421
481
503
409
484
0.8067
-0.0625
-0.6344
3.6400
-3.0100
-3.1500
421
481
503
409
485
0.7993
-0.0527
-0.6515
3.4300
-2.5900
0.8400
421
481
503
409
487
0.7676
-0.0386
-0.6407
-1.1900
-2.1700
-3.8500
421
481
503
409
487
0.7828
-0.0361
-0.6529
-1.7500
-2.8000
-4.2700
421
481
503
409
487
0.7989
-0.0473
-0.6427
2.1700
-5.0400
-3.8500
421
481
503
409
487
0.7906
-0.0405
-0.6573
2.8700
-5.3200
-2.3800
421
481
503
409
485
0.7906
-0.0410
-0.6505
4.9000
-4.9000
0.3500
421
481
503
409
486
0.7989
-0.0678
-0.6315
4.6900
-7.0000
2.3100
421
481
503
408
484
0.7828
-0.0669
-0.6578
5.8800
-4.4100
0.3500
421
481
503
408
486
0.7769
-0.0742
-0.6817
11.0600
-4.7600
0.2100
421
481
503
408
484
0.8008
-0.0708
-0.6993
23.4500
-6.0900
6.3700
421
481
503
407
486
0.8438
-0.0468
-0.7881
60.7600
24.5000
38.4300
422
481
504
408
485
0.7832
-0.1898
-0.6471
96.0400
-1.5400
30.3800
421
482
503
406
486
0.7676
-0.3445
-0.5056
97.4400
-5.9500
30.1700
421
482
503
406
486
0.7393
-0.4792
-0.4226
93.0300
20.3700
46.1300
421
481
502
405
487
0.6803
-0.5588
-0.3650
96.2500
14.4900
36.4700
421
481
501
403
487
0.7466
-0.6944
-0.0810
108.3600
37.6600
54.9500
421
481
501
400
495
0.6310
-0.7496
0.0449
92.4700
-6.6500
26.1800
420
480
500
398
490
0.5797
-0.7740
0.1152
43.8200
-25.2700
15.2600
419
480
500
398
490
0.5949
-0.7935
0.0717
29.1900
-14.4200
14.0000
420
481
500
397
493
0.5973
-0.8252
0.0766
21.4200
-17.9900
16.9400
420
481
500
398
492
0.5378
-0.8457
0.1181
16.3100
-7.9800
8.6100
420
481
500
398
490
0.5187
-0.8672
0.1181
19.6700
1.1200
7.5600
421
482
500
399
491
0.4948
-0.8599
0.1381
5.1800
-4.5500
2.3800
422
483
501
400
488
0.4846
-0.8599
0.1127
0.0000
-3.9900
-0.4900
423
483
502
400
491
0.4987
-0.8652
0.1415
2.3100
-0.2800
-1.4000
423
484
503
401
488
0.5124
-0.8769
0.1225
2.1700
-0.7000
-1.1900
424
484
504
401
489
0.4680
-0.8623
0.1181
0.1400
-4.4100
-3.2900
424
484
504
401
486
0.4934
-0.8686
0.1264
4.5500
-2.5900
-4.3400
424
484
505
402
486
0.5026
-0.8686
0.1425
3.1500
-1.5400
-2.8700
424
484
505
402
486
0.4973
-0.8677
0.1240
2.1700
-1.6100
-1.6100
424
485
505
403
485
0.4743
-0.8657
0.1200
2.1700
-2.3800
-3.7100
424
485
505
402
485
0.4978
-0.8613
0.1020
-1.9600
-3.7100
-4.1300
424
484
505
402
485
0.5100
-0.8755
0.1327
-1.4000
-3.5700
-7.0000
424
484
504
401
485
0.4534
-0.8291
0.2669
-27.7200
4.0600
-25.6900
423
484
503
399
485
0.4548
-0.8111
0.2147
-82.3900
-6.0200
-47.1100
422
484
504
396
489
0.6632
-0.7871
-0.1649
-106.9600
-16.4500
-30.6600
422
484
504
398
487
0.5978
-0.7286
-0.3782
-78.1200
-25.1300
-28.1400
423
484
505
401
483
0.6817
-0.6856
-0.2547
-58.7300
-7.9100
-33.0400
423
484
505
405
479
0.6642
-0.6549
-0.3650
-69.6500
-17.9900
-48.1600
423
484
505
405
481
0.6954
-0.5139
-0.4963
-82.8100
-22.3300
-48.9300
422
483
505
404
483
0.7320
-0.3675
-0.5617
-75.8100
-17.0800
-42.3500
422
482
505
405
484
0.7735
-0.2445
-0.6988
-49.2800
-7.1400
-15.6100
423
482
504
406
486
0.7808
-0.1264
-0.7315
-30.3100
-2.3100
-10.0100
424
482
504
408
496
0.7891
-0.1059
-0.6939
-1.1900
0.1400
-2.8000
424
482
504
409
497
0.7876
-0.1386
-0.6637
-2.6600
-3.2200
-4.6900
424
482
504
409
494
0.7730
-0.1259
-0.6554
0.1400
-3.2900
-5.3900
424
482
504
408
496
0.7598
-0.1274
-0.6520
2.1700
-1.9600
-5.3200
424
482
504
408
494
0.7745
-0.1166
-0.6593
1.3300
-4.4800
-1.9600
424
482
504
409
497
0.7740
-0.1254
-0.6427
-0.7000
-3.4300
-3.2900
425
482
504
408
497
0.7764
-0.1161
-0.6686
2.2400
-0.7700
-2.3800
425
482
504
408
495
0.7740
-0.1215
-0.6534
4.2000
-2.1700
-2.1700
425
482
504
408
497
0.7730
-0.1152
-0.6481
1.1900
-4.0600
-2.9400
425
482
504
408
495
0.7696
-0.1191
-0.6505
0.9100
-2.5900
-3.2200
425
482
504
408
497
0.7749
-0.1142
-0.6573
1.3300
-2.2400
-3.1500
425
482
504
408
495
0.7808
-0.1147
-0.6476
1.7500
-3.3600
-2.2400
425
482
504
408
497
0.7784
-0.1157
-0.6422
3.2900
-2.3100
-1.8900
425
482
504
408
497
0.7710
-0.1171
-0.6451
0.3500
-3.1500
-3.8500
425
482
504
408
495
0.7759
-0.1010
-0.6637
-3.0100
-4.6200
-4.4800
425
482
504
408
498
0.7969
-0.1044
-0.6725
5.7400
-5.9500
-2.0300
425
482
504
408
495
0.7969
-0.0908
-0.7178
18.8300
-8.5400
2.3100
425
482
504
408
497
0.7984
-0.1352
-0.6632
38.9200
0.2100
8.9600
425
482
504
407
495
0.7774
-0.2020
-0.6661
47.1100
-1.4000
11.2000
425
482
504
406
491
0.7832
-0.2718
-0.6290
55.8600
-0.3500
17.7100
425
482
504
405
493
0.7823
-0.3528
-0.5646
64.8900
15.1900
33.4600
425
482
504
405
493
0.7486
-0.4270
-0.5212
70.0700
0.9100
28.5600
425
483
504
404
489
0.7300
-0.5178
-0.4333
66.6400
10.2200
32.0600
425
483
504
403
491
0.7208
-0.6329
-0.3382
74.6200
10.0800
33.8100
425
483
504
401
491
0.6983
-0.6930
-0.2362
81.6200
0.1400
35.3500
424
482
503
400
494
0.6671
-0.7535
-0.1176
86.4500
1.4000
39.2700
423
482
503
398
499
0.5431
-0.8135
0.0386
66.2900
9.3100
22.9600
423
483
502
397
491
0.5187
-0.8237
0.1020
28.2100
-10.6400
7.2100
422
482
502
396
490
0.5334
-0.8672
0.0932
9.2400
-8.3300
7.7700
422
483
502
396
492
0.5456
-0.8638
0.0527
8.7500
-3.5700
9.8000
422
482
502
397
490
0.4836
-0.8642
0.0869
10.0800
3.4300
1.8900
422
483
503
397
492
0.4704
-0.8706
0.0673
0.3500
-3.7100
-1.6800
422
483
504
397
490
0.4924
-0.8838
0.0630
3.1500
-4.4100
-0.5600
422
483
504
397
492
0.5173
-0.8882
0.0830
4.5500
3.3600
0.9100
422
483
504
397
490
0.4992
-0.8813
0.0610
3.2900
-3.1500
-0.2100
422
483
504
397
492
0.4773
-0.8784
0.0878
1.4700
-3.6400
-4.0600
422
483
504
397
490
0.4904
-0.8901
0.0917
1.2600
-1.6800
-3.7800
422
483
505
397
492
0.4934
-0.8872
0.1064
3.4300
-0.5600
-4.8300
422
483
504
396
490
0.4885
-0.8891
0.0991
2.3800
-1.3300
-6.7200
422
483
504
396
492
0.5007
-0.8794
0.1283
-2.1700
-2.2400
-5.1100
422
483
504
396
490
0.4856
-0.8603
0.0756
0.7000
-1.4000
-5.2500
422
483
505
396
492
0.4841
-0.8750
0.1230
-2.4500
-1.4700
-6.2300
422
483
505
397
492
0.4870
-0.8633
0.1435
4.1300
20.8600
-5.3900
422
483
504
397
492
0.4758
-0.8638
0.1342
-27.6500
-1.3300
-14.9800
422
483
504
396
492
0.5295
-0.8599
0.0644
-35.9100
-3.0100
-17.8500
422
483
504
396
491
0.5651
-0.8398
0.0195
-52.9900
-8.9600
-21.3500
422
483
504
396
488
0.5539
-0.7989
-0.0888
-73.4300
-24.6400
-35.7000
422
483
504
396
491
0.6076
-0.7847
-0.1552
-73.0800
-4.1300
-35.2800
422
483
504
397
489
0.5895
-0.6705
-0.2860
-91.7700
-31.9900
-52.9200
422
483
504
398
488
0.6900
-0.5446
-0.4597
-104.7200
-33.9500
-70.8400
422
482
504
401
481
0.7627
-0.4246
-0.7369
-117.2500
-17.8500
-43.6100
421
482
506
406
481
0.7422
-0.2606
-0.7061
-56.8400
-15.0500
-29.4700
422
483
506
408
480
0.7574
-0.2113
-0.7125
-29.9600
3.9900
-10.7800
422
482
506
409
482
0.7535
-0.1679
-0.6725
-28.0700
0.2100
-14.3500
422
483
506
409
481
0.7837
-0.0683
-0.7276
-22.9600
-1.0500
-10.9900
423
483
506
409
485
0.7671
-0.0610
-0.7135
-2.8700
4.5500
-1.6100
423
483
506
410
485
0.7715
-0.0766
-0.6910
2.5900
-0.3500
-1.4000
423
483
506
410
486
0.7627
-0.0874
-0.6583
3.1500
1.8900
-3.5700
423
483
505
410
487
0.7696
-0.0737
-0.6676
1.7500
2.8700
-3.7800
423
483
505
409
487
0.7793
-0.0712
-0.6627
2.8000
0.3500
-3.5000
423
483
505
410
487
0.7876
-0.0878
-0.6461
4.2000
-2.7300
0.4200
424
483
505
410
487
0.7730
-0.0722
-0.6510
1.0500
-5.7400
-0.7000
424
483
505
410
488
0.7754
-0.0815
-0.6471
2.8000
-3.9900
-2.3100
424
483
505
409
486
0.7715
-0.0942
-0.6354
1.3300
-1.5400
-4.0600
424
483
505
410
489
0.7837
-0.0659
-0.6559
2.3100
-2.6600
-3.0100
424
483
505
409
487
0.7837
-0.0747
-0.6334
3.2200
-4.6900
-4.2700
424
484
505
409
489
0.7749
-0.0898
-0.6329
0.2100
-3.7100
-4.9700
424
483
505
409
487
0.7881
-0.0712
-0.6603
-0.3500
-2.5200
-4.1300
424
483
505
409
490
0.7876
-0.0571
-0.6593
0.9800
-3.7800
-3.5700
424
484
505
409
489
0.7857
-0.0649
-0.6578
1.9600
-6.7200
-3.2900
424
483
505
409
491
0.7808
-0.0742
-0.6417
4.4800
-5.1100
-2.8700
424
483
505
409
491
0.7803
-0.0903
-0.6188
-0.5600
-2.5200
-3.7100
424
483
505
409
489
0.7813
-0.0625
-0.6525
-5.1800
-5.6000
-5.8100
424
484
505
409
491
0.8091
-0.0590
-0.6769
3.4300
-3.2200
-1.1200
424
484
505
409
489
0.7940
-0.0644
-0.6612
6.0200
-6.2300
-0.9100
424
483
505
409
491
0.8013
-0.0386
-0.6886
13.7200
-5.6000
5.6700
424
483
505
409
491
0.7993
-0.0425
-0.7374
29.5400
-10.9200
8.2600
424
483
505
408
491
0.8047
-0.0634
-0.7735
62.2300
3.2900
18.4800
424
483
505
408
490
0.7710
-0.2230
-0.6427
84.7700
7.7700
26.7400
424
483
505
407
487
0.7276
-0.3640
-0.4699
74.4100
-0.9100
12.4600
422
483
505
404
492
0.7203
-0.4099
-0.4509
72.9400
-13.3000
12.8100
422
483
504
403
489
0.7535
-0.5231
-0.4133
103.1100
24.5700
45.9900
422
483
504
401
490
0.7281
-0.6183
-0.2616
109.9000
10.4300
35.0700
422
483
502
399
492
0.6568
-0.7183
-0.0859
74.8300
-7.2100
22.6800
422
483
502
397
496
0.6671
-0.7823
-0.0468
59.5000
-2.5900
23.1700
422
483
502
397
495
0.5871
-0.7867
0.0464
40.9500
-8.8200
15.1900
422
483
502
397
493
0.5797
-0.8120
0.0869
28.7000
-5.6700
9.1700
422
483
501
397
495
0.5441
-0.8145
0.0874
-0.7000
-9.1700
5.6700
422
483
501
397
492
0.5314
-0.8340
0.0229
-1.8200
-8.8200
5.0400
422
483
502
398
494
0.5461
-0.8398
0.0332
8.2600
1.6800
2.8000
422
484
502
398
491
0.5353
-0.8491
0.0400
1.0500
-11.7600
-1.4700
423
484
502
399
493
0.5475
-0.8530
0.0166
3.7800
-10.2200
1.4000
423
484
503
398
493
0.5305
-0.8599
0.0654
2.8700
-0.2800
1.7500
423
484
503
399
493
0.5280
-0.8784
0.0673
3.3600
1.1900
-0.2100
423
484
504
399
493
0.5134
-0.8638
0.0464
3.7800
-4.8300
-1.6800
423
484
504
399
492
0.5183
-0.8520
0.0434
2.8700
-5.2500
-1.4700
423
484
503
399
492
0.5104
-0.8667
0.0717
4.9700
-1.7500
-0.0700
423
484
503
399
490
0.4929
-0.8491
0.0727
5.6700
0.2800
-2.8700
423
484
503
399
492
0.5183
-0.8569
0.0859
8.9600
-0.2800
0.0000
423
484
504
399
492
0.4841
-0.8579
0.0922
6.3700
-2.2400
-3.7100
423
484
504
399
492
0.4934
-0.8560
0.1152
4.1300
-8.0500
-8.3300
423
484
503
398
489
0.5563
-0.8691
0.1415
4.2000
1.8200
-2.9400
423
484
503
398
492
0.5348
-0.8716
0.1083
6.7200
4.4100
3.0800
423
484
503
397
492
0.4885
-0.8506
0.1078
1.6800
0.7700
-2.4500
423
484
503
396
492
0.5061
-0.8696
0.1220
-2.7300
1.9600
-5.3900
423
484
504
396
489
0.5144
-0.8701
0.0961
0.9800
3.8500
-3.7800
423
484
504
396
491
0.5373
-0.8628
0.0874
-0.7000
4.8300
-0.8400
423
484
503
396
490
0.5280
-0.8657
0.1552
1.5400
13.0200
-3.3600
423
484
503
396
492
0.4690
-0.8379
0.2396
-34.9300
16.7300
-19.4600
423
484
503
393
491
0.4841
-0.8394
0.1157
-55.4400
37.0300
-27.6500
420
483
504
394
482
0.4812
-0.8413
-0.0068
-100.5200
-19.2500
-43.2600
418
484
504
396
481
0.5656
-0.7422
-0.2040
-108.7100
-14.2800
-62.5100
417
483
504
400
480
0.6612
-0.6354
-0.3392
-97.1600
-29.1200
-85.1900
414
482
504
402
481
0.7886
-0.4109
-0.5363
-121.0300
-14.3500
-61.8800
412
483
506
406
480
0.7422
-0.2406
-0.6344
-89.8100
-6.9300
-59.9900
411
482
505
408
476
0.7964
-0.0654
-0.6749
-67.4800
-0.2100
-36.4700
412
483
505
412
488
0.8511
-0.0132
-0.7086
-34.0900
-3.1500
-12.7400
412
483
505
414
495
0.8179
0.0942
-0.6978
-14.2800
-3.7100
-11.2000
412
483
505
415
497
0.8154
0.0395
-0.6920
1.8900
-6.0900
-4.0600
412
483
505
415
500
0.8296
-0.0127
-0.6456
11.3400
-6.1600
-1.1900
415
483
505
415
502
0.7974
0.0068
-0.6583
4.9700
-6.3700
-3.2200
416
483
505
415
502
0.8115
0.0102
-0.6295
6.6500
-1.0500
-2.2400
416
483
505
415
503
0.8115
0.0137
-0.6310
4.2000
-3.0800
0.0700
416
483
505
415
502
0.8008
-0.0098
-0.6364
6.1600
-1.6800
1.4700
416
483
505
415
505
0.7832
-0.0107
-0.6315
1.8900
-4.5500
-4.4100
417
483
505
414
503
0.8052
-0.0039
-0.6432
4.2700
-3.0100
-2.6600
417
483
505
414
505
0.8042
-0.0127
-0.6198
2.5900
-5.6700
-2.9400
417
483
505
414
506
0.8013
-0.0088
-0.6373
3.9900
-2.8700
-3.7800
417
483
505
414
507
0.8120
-0.0122
-0.6471
6.4400
-3.5000
0.2100
417
483
505
413
507
0.8130
0.0000
-0.6671
11.2000
-4.4800
5.4600
417
483
505
413
504
0.7901
0.0010
-0.6734
12.7400
-9.5200
1.7500
417
483
505
412
506
0.7969
-0.0337
-0.6617
20.5100
-9.6600
3.2200
417
482
505
412
503
0.8062
-0.0586
-0.6808
36.2600
-2.6600
14.7000
417
482
505
410
502
0.8091
-0.1225
-0.6578
44.5200
6.5100
33.4600
418
482
505
408
504
0.8301
-0.2006
-0.6344
67.6900
17.7800
47.1100
418
482
505
405
504
0.7720
-0.3367
-0.5573
71.9600
2.8000
33.2500
418
482
505
404
502
0.7549
-0.4470
-0.3836
73.0800
5.5300
31.7100
418
483
505
402
503
0.7232
-0.5368
-0.3802
74.2700
-7.9100
26.7400
419
482
505
401
502
0.7257
-0.6061
-0.2962
82.7400
1.9600
35.7000
419
482
505
400
499
0.6578
-0.6983
-0.2181
89.0400
9.2400
31.3600
419
482
505
398
502
0.6095
-0.7579
-0.0659
66.9200
-14.0000
15.1900
419
482
505
397
504
0.6261
-0.8140
0.0117
49.0000
8.0500
17.5000
419
482
505
395
506
0.5524
-0.8262
0.0434
32.7600
-24.7800
9.5900
421
482
505
396
511
0.5724
-0.8296
0.0669
30.0300
-10.9900
10.6400
424
483
505
398
512
0.5187
-0.8389
0.0664
18.2700
-25.4800
5.1100
426
484
505
399
507
0.5500
-0.8613
0.0542
13.5800
-23.1700
1.5400
426
485
507
400
507
0.5036
-0.8696
0.1127
1.8200
-16.1000
-0.9800
427
486
510
401
506
0.5319
-0.8711
0.0649
3.7100
-7.7700
-0.9800
428
486
511
401
504
0.5119
-0.8682
0.0649
3.0100
-6.2300
-2.9400
428
486
511
401
505
0.5095
-0.8721
0.0864
3.5000
-0.0700
-2.3100
428
486
512
401
502
0.5031
-0.8696
0.0781
3.1500
-2.9400
-1.8200
428
486
512
401
504
0.5109
-0.8721
0.0732
2.4500
-3.2200
-2.0300
428
486
512
401
502
0.5104
-0.8725
0.0659
4.3400
-2.8700
-3.1500
428
486
511
400
504
0.5114
-0.8657
0.0693
4.9700
-5.2500
-4.0600
428
486
511
400
504
0.5290
-0.8750
0.0605
0.8400
-7.0700
-2.0300
428
486
511
400
504
0.5080
-0.8789
0.0830
1.5400
-2.5200
-1.0500
428
487
512
401
504
0.5056
-0.8535
0.0620
3.4300
-4.8300
-1.4000
428
487
512
402
501
0.4992
-0.8657
0.0683
2.1000
-7.9100
-2.4500
428
487
512
402
503
0.5031
-0.8774
0.0766
2.2400
-1.4000
-1.0500
428
487
512
402
501
0.4558
-0.8603
0.1337
-0.3500
0.0000
-6.7200
428
486
512
402
504
0.5036
-0.8740
0.0556
-7.0700
-0.0700
-5.7400
428
486
510
400
503
0.5217
-0.8711
0.1054
-11.9700
-3.0100
-7.7700
427
486
509
400
504
0.5036
-0.8477
0.1200
-34.8600
-5.9500
-13.2300
427
486
508
399
504
0.4919
-0.8291
0.0229
-68.3200
-34.1600
-27.0900
427
486
508
399
503
0.5470
-0.7823
-0.1430
-108.0100
-59.2200
-34.3700
426
485
510
402
497
0.5871
-0.7310
-0.3479
-98.9800
-34.2300
-40.5300
423
484
509
404
488
0.5768
-0.6168
-0.5183
-118.7900
-15.6100
-59.0100
419
483
509
406
483
0.6349
-0.4138
-0.6515
-120.4700
6.6500
-60.6900
418
484
508
410
478
0.7725
-0.1420
-0.7613
-116.7600
31.1500
-47.2500
418
484
508
416
489
0.7925
-0.0498
-0.7574
-61.3900
7.4900
-24.0100
418
484
508
419
492
0.7842
-0.0176
-0.7549
-19.9500
6.0200
-5.3900
419
485
507
420
496
0.7735
0.0444
-0.7618
-3.7100
1.7500
-1.2600
419
484
507
420
497
0.7579
-0.0093
-0.7125
1.1200
-6.1600
-1.0500
420
484
508
420
500
0.7462
-0.0229
-0.6852
4.6900
-3.8500
-0.5600
420
484
507
420
498
0.7364
-0.0239
-0.6934
2.2400
-2.5900
-5.3200
420
484
507
420
501
0.7564
-0.0142
-0.6983
7.0000
-4.8300
-3.1500
420
484
508
420
500
0.7544
-0.0200
-0.6847
2.0300
-5.3900
-3.6400
421
484
508
420
502
0.7544
-0.0259
-0.6900
2.1000
-3.5700
-2.3100
421
484
508
420
502
0.7505
-0.0249
-0.7008
-0.4200
-1.7500
-2.9400
421
484
508
420
503
0.7549
-0.0073
-0.6993
4.0600
-3.0800
-2.3100
421
484
508
420
503
0.7462
-0.0205
-0.6871
-0.7000
-4.6900
-2.4500
421
484
508
420
500
0.7666
-0.0259
-0.6954
0.2100
-6.8600
1.1900
421
484
508
419
504
0.7715
-0.0185
-0.7222
-2.5900
-8.0500
5.3900
422
484
507
418
502
0.7613
-0.0381
-0.7032
18.9000
4.2700
11.6900
423
484
507
417
505
0.7335
-0.0722
-0.6949
13.7200
-2.4500
6.4400
422
484
507
417
506
0.7510
-0.0747
-0.7115
20.1600
-2.1700
7.4200
423
484
507
417
505
0.7696
-0.0903
-0.7442
59.5700
28.7000
43.6100
423
484
507
416
507
0.7657
-0.1840
-0.6837
94.5000
26.8100
44.9400
425
484
507
413
507
0.8023
-0.4055
-0.5178
91.3500
15.0500
41.9300
425
484
507
411
504
0.8003
-0.5319
-0.3938
96.3200
22.8200
43.7500
426
484
508
410
503
0.7501
-0.5944
-0.2557
118.8600
12.4600
43.8200
425
483
508
405
505
0.6710
-0.6661
-0.0117
93.6600
15.9600
34.0200
425
484
507
402
507
0.6295
-0.7920
0.1098
67.9700
-22.5400
19.8100
425
484
506
401
510
0.6442
-0.8423
0.1332
29.8900
13.1600
28.7000
425
484
506
401
507
0.5002
-0.8311
0.0991
10.3600
-19.1800
15.6800
425
485
506
401
508
0.5407
-0.8599
0.0742
16.0300
-12.8800
16.5900
426
485
507
401
509
0.4934
-0.8579
0.0698
14.8400
-5.7400
11.8300
427
486
507
402
508
0.4738
-0.8618
0.1147
3.4300
-8.1900
3.3600
427
486
507
402
507
0.4621
-0.8579
0.0752
-0.1400
-9.1000
-2.3800
427
487
508
402
507
0.5095
-0.8833
0.0815
3.0100
-2.1700
1.8200
427
487
508
402
504
0.4782
-0.8794
0.0678
2.3800
-5.2500
-0.5600
427
488
508
402
506
0.4860
-0.8760
0.0932
2.1000
-5.1800
-1.9600
427
488
508
401
504
0.4807
-0.8813
0.0966
3.8500
-7.3500
-2.7300
427
488
508
401
506
0.5056
-0.8755
0.1020
4.6900
-2.9400
-1.8200
427
488
509
401
503
0.4738
-0.8642
0.0917
1.6100
-5.9500
-3.5000
427
488
509
402
505
0.4851
-0.8828
0.1049
2.8000
-0.6300
-1.7500
427
488
509
402
505
0.4641
-0.8740
0.0874
1.6800
-3.2200
-2.0300
427
488
510
402
502
0.4846
-0.8711
0.0961
1.4700
-4.9700
-3.0100
427
488
510
402
499
0.4724
-0.8721
0.0942
0.7700
-2.5200
-2.1000
427
488
510
402
497
0.4670
-0.8804
0.0991
2.0300
-2.6600
-3.2200
427
488
510
402
499
0.4665
-0.8774
0.1186
2.5200
-1.5400
-4.6200
427
488
510
402
496
0.4963
-0.8828
0.1015
2.3800
-1.0500
-1.8200
427
488
510
402
498
0.4763
-0.8896
0.1015
3.0100
-2.0300
-3.2900
427
488
510
402
496
0.4831
-0.8833
0.1059
3.0100
-2.0300
-3.9200
427
488
510
401
498
0.4734
-0.8735
0.1357
-0.9800
3.7100
-5.3200
427
488
509
401
498
0.4319
-0.8804
0.0708
-14.0700
-7.3500
-6.7200
427
487
507
397
497
0.4817
-0.8594
0.1484
-11.7600
4.8300
-10.5000
427
487
506
396
499
0.4475
-0.8506
0.1371
-49.9800
-18.3400
-22.6100
426
487
506
397
495
0.5592
-0.8486
-0.0522
-70.0000
-20.8600
-19.7400
426
487
507
398
491
0.5041
-0.8023
-0.1054
-54.4600
32.6900
-25.3400
425
487
507
400
488
0.4929
-0.7286
-0.2484
-88.9700
-19.8800
-48.5100
425
487
508
402
487
0.6242
-0.6822
-0.3616
-92.0500
-21.2100
-56.8400
424
486
510
405
484
0.6812
-0.5109
-0.5383
-112.4900
-47.2500
-64.7500
423
486
511
407
481
0.7237
-0.3699
-0.6515
-89.6700
-8.0500
-35.4200
421
485
513
408
479
0.7159
-0.1796
-0.7300
-69.2300
1.1200
-28.5600
423
485
513
411
487
0.8018
-0.1005
-0.7437
-33.7400
-5.6000
-22.1900
424
486
508
414
487
0.7808
-0.0498
-0.7637
1.6100
-2.3100
-3.1500
424
486
508
414
488
0.7559
-0.0761
-0.6920
8.7500
-3.0100
-4.4100
424
485
508
414
492
0.7579
-0.1030
-0.6725
6.4400
-0.9800
-4.2000
425
485
508
414
491
0.7457
-0.0874
-0.6886
0.0700
-5.1100
-5.3900
425
485
507
414
493
0.7354
-0.0888
-0.6832
-0.1400
-6.7200
-9.4500
425
485
508
414
495
0.7652
-0.1000
-0.6856
7.4200
0.0000
-3.3600
425
485
508
414
496
0.7657
-0.0791
-0.6939
0.9800
-6.2300
-3.7800
425
485
507
414
497
0.7471
-0.0839
-0.6803
1.7500
-7.7000
-5.8800
425
485
507
414
497
0.7544
-0.1044
-0.6642
2.0300
-6.4400
-6.5800
425
485
507
414
497
0.7652
-0.0869
-0.6969
7.0700
0.3500
0.9100
425
485
507
414
495
0.7422
-0.1054
-0.6881
4.4800
-3.9200
-0.9100
425
485
507
413
496
0.7432
-0.0908
-0.6895
1.4000
-6.9300
-3.0800
425
485
507
413
494
0.7422
-0.1113
-0.6759
2.0300
-4.0600
-4.2700
425
485
507
413
497
0.7520
-0.0986
-0.6837
2.5200
-3.9200
-2.7300
425
485
507
413
494
0.7530
-0.1039
-0.6769
2.5900
-3.5700
-3.5700
425
485
507
413
497
0.7501
-0.1069
-0.6939
3.3600
-1.9600
0.9100
425
485
507
413
497
0.7349
-0.0966
-0.6915
-3.4300
-7.2800
-3.7100
425
485
507
413
497
0.7442
-0.0878
-0.6866
0.0700
-5.5300
-3.9200
425
485
507
413
497
0.7427
-0.0971
-0.6808
-1.6100
-6.3000
-4.6900
425
485
507
413
495
0.7613
-0.0854
-0.7183
8.1200
-8.7500
-5.0400
425
485
507
413
495
0.7945
-0.0449
-0.8008
39.6200
5.2500
14.6300
425
485
507
412
496
0.7510
-0.1635
-0.7056
59.3600
-6.7900
12.0400
425
485
506
412
494
0.7662
-0.2381
-0.6681
64.6100
-8.3300
22.0500
424
485
506
413
492
0.7232
-0.3558
-0.5836
80.9900
11.3400
43.4000
424
486
505
412
489
0.6451
-0.5090
-0.4441
94.9200
-13.3000
28.3500
424
485
505
408
486
0.6520
-0.5734
-0.4294
82.8800
1.4000
23.3100
424
485
506
406
487
0.6671
-0.6598
-0.3357
90.5100
22.1200
27.7200
424
485
506
403
485
0.6432
-0.7364
-0.2206
88.2700
15.1900
19.6000
424
485
506
401
491
0.5827
-0.7871
-0.0429
67.6200
-14.9800
8.5400
424
485
506
401
492
0.5427
-0.7857
0.0454
30.3100
-21.6300
2.4500
424
485
507
401
490
0.6149
-0.8257
0.0005
16.3100
-4.0600
7.0000
425
486
507
402
492
0.5827
-0.8267
0.0054
0.0000
-10.9900
6.2300
425
487
508
403
490
0.5441
-0.8345
-0.0473
2.1700
-17.9200
1.8900
425
488
509
403
492
0.5812
-0.8413
-0.0400
7.7700
-5.4600
3.2900
425
488
510
404
489
0.5256
-0.8423
-0.0068
2.0300
-4.4800
-1.0500
425
488
511
405
490
0.5510
-0.8550
-0.0137
3.9200
-5.2500
-0.2800
425
488
511
405
490
0.5583
-0.8525
-0.0307
3.0100
-7.6300
0.2800
425
488
511
405
489
0.5392
-0.8447
-0.0063
2.3800
-8.8900
-2.7300
425
488
511
405
489
0.5295
-0.8574
-0.0283
-0.4900
-9.3100
-0.4200
425
488
511
405
488
0.5163
-0.8472
0.0044
0.6300
-7.1400
-2.0300
425
488
511
405
487
0.5251
-0.8579
0.0132
2.3800
-6.2300
-3.9900
425
488
511
405
487
0.5314
-0.8569
0.0190
3.7100
-6.6500
-4.9000
425
488
511
406
487
0.5407
-0.8506
0.0195
2.0300
-2.0300
-3.5000
425
489
511
406
486
0.5427
-0.8520
0.0176
2.2400
-1.9600
-2.1000
425
488
511
406
486
0.5446
-0.8589
0.0220
2.3800
-0.4200
-2.5200
425
489
512
406
484
0.5461
-0.8633
-0.0034
3.1500
-1.0500
-2.3100
425
489
512
406
486
0.5392
-0.8555
0.0068
2.8700
-3.0100
-2.7300
425
489
512
406
484
0.5226
-0.8579
0.0024
2.3100
-6.6500
-4.7600
425
488
512
406
486
0.5187
-0.8589
0.0264
-0.0700
-5.8100
-9.3100
425
488
511
405
484
0.5441
-0.8501
0.0342
-7.8400
-0.8400
-9.1700
425
487
508
402
489
0.5173
-0.8428
0.0605
-17.4300
-3.8500
-22.8200
425
487
508
401
491
0.5763
-0.8120
0.0259
-49.4200
-11.4100
-27.5800
425
487
508
400
489
0.5578
-0.7788
-0.0610
-73.6400
2.6600
-25.4800
425
487
508
402
489
0.5627
-0.6959
-0.2342
-118.4400
-26.1100
-54.4600
425
487
510
403
487
0.6925
-0.5885
-0.4499
-110.7400
-26.7400
-55.2300
425
487
512
404
489
0.7403
-0.3719
-0.6046
-117.4600
-2.5900
-44.5900
423
486
514
405
490
0.7525
-0.2318
-0.6744
-100.8000
38.2200
-41.3000
423
486
508
411
496
0.8018
-0.1064
-0.7149
-70.5600
-10.1500
-22.3300
424
486
507
415
500
0.8252
-0.0498
-0.7476
-12.9500
2.9400
-4.0600
424
486
507
416
501
0.7940
-0.0371
-0.6915
-0.7700
-2.0300
-2.1000
425
486
507
416
500
0.8013
-0.0586
-0.6681
6.9300
-2.9400
0.2100
425
486
507
416
503
0.7915
-0.0825
-0.6266
-0.0700
-4.4100
-6.5100
425
485
507
416
503
0.7915
-0.0766
-0.6451
4.3400
-1.2600
-1.8200
425
485
506
415
504
0.7666
-0.0800
-0.6398
3.1500
-5.5300
-5.2500
425
485
507
415
504
0.8111
-0.0825
-0.6349
2.1700
-3.9200
-4.5500
425
485
507
415
503
0.8032
-0.0766
-0.6242
5.1100
-1.4700
-1.0500
425
485
506
415
505
0.7974
-0.0820
-0.6149
-2.4500
-3.1500
-5.1100
426
485
507
415
506
0.7979
-0.0693
-0.6573
3.0100
0.4900
-1.4000
426
485
507
415
506
0.7998
-0.0678
-0.6461
-1.0500
-4.7600
-3.9900
426
485
507
415
506
0.8032
-0.0786
-0.6246
3.5000
-0.4200
-0.5600
426
485
506
415
504
0.7964
-0.0766
-0.6266
0.7000
-2.2400
-3.1500
426
485
507
415
507
0.8057
-0.0669
-0.6364
3.4300
-2.8700
-0.6300
426
485
507
415
505
0.7950
-0.0537
-0.6432
0.7000
-9.7300
-3.1500
426
485
506
415
507
0.8159
-0.0688
-0.6588
9.1000
-11.6200
-2.3100
426
485
507
415
507
0.8467
-0.0420
-0.7164
24.0100
-9.2400
10.8500
426
485
507
414
506
0.8032
-0.0956
-0.6964
51.1000
6.3000
28.9800
426
485
507
413
507
0.8150
-0.2020
-0.6183
105.3500
48.7900
76.1600
426
486
507
412
504
0.7457
-0.4246
-0.4919
114.3100
19.3900
44.5200
426
486
507
410
502
0.7281
-0.5583
-0.3553
94.6400
-22.6800
24.0100
426
486
508
408
502
0.7452
-0.6466
-0.3011
85.4000
-16.1000
33.5300
426
486
508
408
499
0.6949
-0.6315
-0.1918
99.4000
24.0100
36.5400
425
486
508
407
504
0.6124
-0.7247
-0.0278
74.8300
24.2200
27.8600
425
485
508
405
505
0.5592
-0.7740
0.1352
48.7900
-20.0200
18.7600
424
486
508
404
501
0.5705
-0.8272
0.1566
12.5300
-30.9400
10.9900
424
486
508
404
498
0.5651
-0.8574
0.1010
9.7300
-22.7500
9.5900
425
486
509
404
498
0.5353
-0.8384
0.0771
12.3900
-9.9400
6.6500
426
487
509
405
495
0.4875
-0.8516
0.1420
5.0400
-8.0500
-0.4900
426
487
510
406
496
0.5290
-0.8613
0.0815
6.7200
0.7000
-1.2600
427
488
511
406
493
0.4904
-0.8516
0.1147
2.5900
-1.7500
-2.3100
427
488
512
406
496
0.5085
-0.8603
0.1030
3.4300
-2.5900
-1.8200
427
488
512
406
493
0.5153
-0.8657
0.0903
4.2700
1.1200
-2.0300
427
488
513
407
495
0.5031
-0.8652
0.1020
3.7100
-1.8200
-2.4500
427
488
514
407
495
0.5007
-0.8642
0.1098
3.0100
-2.5200
-4.4100
428
488
514
407
494
0.5197
-0.8608
0.1210
3.0100
0.2800
-3.0100
428
488
514
407
493
0.5261
-0.8642
0.1147
4.4800
-0.8400
-3.4300
427
488
514
407
493
0.5104
-0.8725
0.1074
3.2900
-5.8800
-5.2500
428
488
514
407
493
0.5109
-0.8608
0.0898
2.8000
-4.8300
-2.5200
427
488
515
407
493
0.5173
-0.8711
0.0942
3.3600
-3.7100
-3.6400
427
488
515
407
493
0.5344
-0.8735
0.1049
4.0600
-1.7500
-2.9400
427
488
515
407
490
0.5212
-0.8608
0.0888
3.2900
-5.6000
-3.0100
427
488
515
407
492
0.4919
-0.8647
0.0942
2.0300
-3.8500
-2.8700
428
489
516
408
490
0.4987
-0.8594
0.1127
2.8700
-1.9600
-3.1500
427
489
516
408
492
0.5124
-0.8628
0.1293
3.0800
2.1700
-4.9000
427
488
515
407
489
0.5017
-0.8721
0.1527
-9.5900
10.5700
-11.3400
427
488
511
401
492
0.5046
-0.8511
0.1884
-36.4700
5.7400
-18.2000
426
487
509
399
493
0.4568
-0.8213
0.0678
-61.0400
6.3700
-42.7700
425
486
508
397
491
0.5705
-0.7969
-0.0815
-85.8200
-30.8700
-51.8000
423
485
509
398
491
0.6446
-0.7569
-0.2298
-103.3200
-30.4500
-50.7500
422
484
509
403
488
0.7281
-0.6124
-0.2821
-104.9300
5.7400
-43.8900
417
482
508
404
486
0.7232
-0.5324
-0.4216
-78.6800
-28.8400
-56.7000
416
482
508
407
484
0.7828
-0.4241
-0.5358
-64.3300
-19.5300
-44.3800
415
482
508
411
487
0.8023
-0.2499
-0.5690
-53.9000
-17.6400
-42.4200
416
482
508
412
489
0.8413
-0.1503
-0.6461
-41.0900
5.2500
-13.0900
417
482
508
412
495
0.8408
-0.0917
-0.6622
-26.2500
-8.6100
-11.2700
417
482
508
414
500
0.8311
-0.0415
-0.6681
-9.3800
-1.8200
-4.2000
417
482
508
414
503
0.8345
-0.0493
-0.6212
1.2600
-17.5000
-1.0500
417
482
507
414
504
0.8140
-0.0756
-0.6061
-0.5600
-3.4300
-3.5000
418
482
508
414
503
0.8198
-0.0732
-0.5988
2.1000
-3.0100
-3.7100
418
482
507
414
505
0.8281
-0.0805
-0.6061
3.7100
-4.6200
-1.9600
418
482
507
414
505
0.8164
-0.0669
-0.6271
4.3400
-5.2500
-2.1700
418
482
507
414
505
0.7954
-0.0712
-0.5978
0.2800
-7.3500
-7.4200
418
482
508
414
505
0.8296
-0.0698
-0.6071
2.0300
-3.5000
-4.4800
419
482
507
414
502
0.8276
-0.0551
-0.6202
3.0100
-3.1500
-3.5000
419
482
507
414
504
0.8115
-0.0698
-0.6051
2.9400
-5.1100
-5.3200
419
482
507
414
502
0.8325
-0.0752
-0.6193
9.8000
-2.5200
-0.0700
419
482
507
414
504
0.8330
-0.0878
-0.6100
11.9000
-4.0600
3.1500
419
482
507
413
503
0.8272
-0.1113
-0.5998
18.1300
0.1400
8.7500
419
482
507
413
499
0.7950
-0.1171
-0.5705
5.4600
-7.7700
-3.9900
419
482
507
413
501
0.8150
-0.1196
-0.5924
2.0300
-5.1800
-3.9900
419
482
507
413
498
0.8213
-0.1283
-0.5978
4.3400
-0.7000
1.2600
419
482
507
413
500
0.8076
-0.1200
-0.6163
0.5600
-6.7200
-4.4100
419
482
507
413
501
0.8164
-0.1171
-0.5939
0.4200
-6.4400
-4.2700
419
482
507
413
501
0.8091
-0.1078
-0.6110
-0.8400
-10.3600
-5.4600
419
482
507
413
501
0.8242
-0.1279
-0.6173
6.6500
-6.0200
-2.7300
419
482
507
413
500
0.8223
-0.1537
-0.5988
13.5800
-2.3100
4.9700
419
482
507
412
496
0.8179
-0.1718
-0.5973
11.2000
-7.2800
2.8000
420
482
507
412
497
0.8169
-0.1591
-0.6417
23.4500
-3.1500
9.1000
419
482
508
413
493
0.8096
-0.2030
-0.6105
39.5500
-0.2100
18.2700
420
482
508
413
494
0.8603
-0.2572
-0.6251
84.7000
32.5500
60.9000
420
483
508
413
494
0.7959
-0.4309
-0.4821
92.0500
20.3700
57.1200
420
482
508
412
493
0.7149
-0.5788
-0.3416
89.1100
6.2300
48.7200
420
482
508
411
487
0.6886
-0.6407
-0.2220
97.7900
-9.5900
34.7200
421
483
508
408
499
0.6300
-0.7198
-0.1244
92.0500
11.1300
29.1900
421
483
508
405
504
0.6339
-0.7881
0.0190
67.7600
-3.3600
22.8900
421
483
508
404
503
0.5861
-0.8106
0.1030
48.3000
-5.5300
17.6400
420
484
508
403
513
0.5168
-0.8081
0.1249
24.4300
-5.7400
9.1700
420
484
508
402
518
0.5270
-0.8291
0.0888
8.6800
-21.0000
5.3900
422
485
508
403
519
0.5705
-0.8516
0.0776
10.9200
1.0500
7.2100
423
486
508
403
521
0.5178
-0.8462
0.1396
6.3000
-4.4100
3.1500
424
488
509
404
518
0.4831
-0.8457
0.1166
0.1400
-5.3200
-1.6100
425
488
510
404
520
0.4978
-0.8555
0.1161
1.5400
-1.2600
-1.3300
425
488
511
405
519
0.5241
-0.8579
0.1186
1.6800
5.4600
0.1400
425
488
511
406
515
0.5100
-0.8608
0.1396
4.4800
1.7500
-0.9800
425
488
512
407
518
0.4900
-0.8667
0.1147
2.6600
-2.1000
-3.2900
426
488
512
407
515
0.5051
-0.8657
0.1376
3.8500
-4.1300
-4.4100
426
488
512
407
515
0.5163
-0.8682
0.1430
3.0800
-3.9200
-2.8700
426
488
512
407
514
0.5168
-0.8569
0.1474
3.0800
-2.8700
-3.0100
426
488
512
407
514
0.5256
-0.8603
0.1205
3.0800
-0.4200
-1.1200
426
488
513
407
514
0.5109
-0.8696
0.1186
3.4300
-1.8900
-2.3800
426
488
513
407
511
0.5261
-0.8730
0.1469
3.2900
-2.6600
-2.6600
426
488
513
408
512
0.5046
-0.8638
0.1523
2.8000
-3.7100
-3.2900
426
488
513
408
509
0.4982
-0.8755
0.1713
3.7800
-4.3400
-3.9900
426
488
513
408
511
0.5031
-0.8599
0.1815
2.1700
0.4200
-5.6700
426
488
513
408
509
0.5305
-0.8638
0.1127
-3.3600
2.3100
-2.9400
426
488
512
406
505
0.4968
-0.8711
0.1342
-8.8200
-6.7900
-9.1000
425
488
511
403
507
0.4743
-0.8467
0.1967
-18.2700
-7.0000
-22.9600
425
487
509
399
506
0.5119
-0.8179
0.1493
-54.1100
-18.9000
-38.7100
425
487
509
398
500
0.6364
-0.7940
-0.0342
-72.5200
-20.5100
-33.1800
424
486
509
399
500
0.6534
-0.7710
-0.1493
-99.1200
-9.5900
-30.8000
422
486
509
402
500
0.7086
-0.7310
-0.2172
-81.2700
-3.9900
-31.1500
421
486
510
404
499
0.7003
-0.6061
-0.3587
-92.8200
-25.5500
-44.7300
419
486
511
407
498
0.7261
-0.5095
-0.5036
-94.1500
-21.2100
-50.3300
418
485
513
409
499
0.7710
-0.3889
-0.5729
-72.2400
33.8100
-21.8400
417
485
514
410
504
0.7432
-0.2894
-0.5958
-58.6600
-13.3700
-40.2500
418
485
508
411
504
0.8189
-0.2040
-0.6237
-37.1000
-9.7300
-28.3500
419
485
509
413
504
0.7974
-0.0971
-0.6749
-20.9300
-11.4800
-21.7000
419
486
509
416
506
0.8208
-0.0727
-0.6632
-5.8100
-4.6200
-8.5400
420
486
509
416
510
0.8203
-0.0683
-0.6466
2.3100
-0.9100
-1.1200
420
485
509
416
511
0.8052
-0.0712
-0.6261
-0.4900
-2.4500
-3.5700
420
485
509
417
509
0.7950
-0.0717
-0.6242
-1.4000
-5.1800
-6.0900
420
485
509
417
513
0.8150
-0.0664
-0.6281
1.9600
-2.0300
-5.2500
421
485
509
417
514
0.8262
-0.0737
-0.6178
0.1400
-3.7800
-3.0100
421
485
509
417
513
0.8052
-0.0522
-0.6207
0.2100
-4.3400
-2.2400
421
485
509
417
516
0.8028
-0.0673
-0.6295
0.7700
-2.9400
-4.9000
421
485
509
417
514
0.8189
-0.0615
-0.6276
0.2800
-3.9200
-4.5500
421
485
509
417
517
0.8081
-0.0483
-0.6222
-1.4000
-5.0400
-4.6900
421
485
509
417
517
0.8003
-0.0459
-0.6212
-1.7500
-3.5700
-5.6700
421
485
509
417
515
0.8047
-0.0434
-0.6178
-1.8200
-2.6600
-6.0200
421
485
509
418
518
0.8228
-0.0376
-0.6344
-2.6600
-4.5500
-4.4100
421
485
509
417
518
0.8120
-0.0361
-0.6202
-3.2900
-4.1300
-4.3400
421
485
509
418
516
0.8237
-0.0215
-0.6544
0.1400
-7.6300
-5.1100
421
485
509
417
517
0.8389
0.0181
-0.7022
14.9100
-10.9200
1.4700
421
485
508
417
516
0.8081
-0.0029
-0.6964
34.4400
-8.6800
8.4700
421
485
509
418
511
0.8130
-0.0927
-0.6788
59.9900
2.4500
17.5700
421
484
508
418
511
0.8154
-0.1508
-0.6573
63.5600
7.9100
25.2700
421
484
509
417
509
0.7979
-0.2830
-0.5622
85.3300
17.7100
39.9000
420
485
509
416
502
0.7930
-0.4465
-0.5217
103.1100
25.4100
58.6600
420
485
509
416
499
0.7144
-0.5680
-0.3221
114.5900
21.2800
51.5200
420
484
509
416
502
0.6281
-0.6910
-0.1820
94.8500
-20.5100
33.8800
420
484
509
415
503
0.6256
-0.7457
-0.1161
84.4200
-14.7000
23.3100
419
484
509
412
506
0.6159
-0.7974
0.0073
63.4900
-4.6900
23.8700
419
485
510
412
499
0.5510
-0.7901
0.0834
41.0200
5.6700
12.0400
419
486
510
412
502
0.5392
-0.8286
0.0864
14.6300
-8.2600
9.0300
419
486
510
413
498
0.5514
-0.8501
0.0849
9.1700
-2.1000
5.2500
419
486
510
413
500
0.5139
-0.8428
0.0605
7.4200
-3.7800
1.7500
419
486
511
414
497
0.5353
-0.8481
0.0830
6.1600
1.0500
0.4900
419
486
511
414
499
0.5295
-0.8608
0.0673
4.5500
2.1700
-2.5200
419
486
511
414
496
0.5378
-0.8633
0.1025
7.6300
-1.8200
-3.0800
419
487
511
414
497
0.5319
-0.8535
0.0834
3.9900
-5.8800
-0.3500
419
487
512
414
497
0.5261
-0.8628
0.1069
5.0400
-5.7400
-0.2800
419
487
512
415
497
0.4939
-0.8423
0.0898
1.4000
-5.3900
-3.5000
419
487
513
415
497
0.5412
-0.8535
0.1054
3.0100
-5.6000
-1.4700
419
487
513
415
496
0.5266
-0.8540
0.0830
2.3800
-5.1800
-1.7500
420
487
513
415
496
0.5202
-0.8608
0.0971
3.0100
-2.6600
-2.0300
420
487
514
415
493
0.4870
-0.8550
0.1230
-2.8000
-3.9200
-4.4800
419
487
513
415
496
0.5251
-0.8491
0.0346
-0.9800
-13.0900
0.4900
419
487
513
415
493
0.4929
-0.8457
0.1845
4.7600
0.6300
-1.9600
419
487
513
415
495
0.5168
-0.8447
0.1308
2.3800
-0.0700
-7.2800
420
487
513
415
493
0.5173
-0.8423
0.1523
-12.5300
4.4100
-11.9000
419
487
511
411
496
0.4856
-0.8257
0.1903
-42.2800
0.7700
-22.1200
419
486
511
408
497
0.5187
-0.8174
0.0464
-93.8000
-34.8600
-32.7600
417
485
510
406
496
0.5768
-0.7652
-0.1923
-92.1900
-22.3300
-35.0700
416
485
510
407
491
0.5910
-0.6861
-0.3353
-114.7300
-22.2600
-45.4300
414
485
511
408
489
0.7427
-0.5866
-0.5192
-70.4900
-7.7700
-48.7900
414
485
510
410
489
0.6803
-0.4656
-0.5612
-81.5500
1.1200
-34.0200
415
485
510
413
488
0.7593
-0.3206
-0.6324
-73.3600
2.4500
-35.6300
415
484
510
414
486
0.7681
-0.2011
-0.6368
-66.7800
-3.4300
-28.1400
415
484
510
415
494
0.8276
-0.0595
-0.7881
-38.2200
0.1400
-12.4600
417
485
510
417
503
0.8076
-0.0459
-0.7369
-9.5900
5.3900
-4.9000
418
485
510
417
501
0.8115
-0.0747
-0.6827
7.5600
-1.4700
-1.6100
418
484
510
417
503
0.7823
-0.1074
-0.6315
4.3400
-4.6200
-4.4100
418
484
510
417
503
0.7701
-0.0986
-0.6368
0.1400
-4.8300
-7.0700
419
484
510
417
504
0.7950
-0.0815
-0.6534
3.0800
-5.1100
-5.2500
419
484
510
417
505
0.7993
-0.1020
-0.6334
4.8300
-1.2600
-5.6000
419
484
510
418
502
0.7910
-0.0917
-0.6383
2.1700
-2.5900
-0.9100
419
484
510
417
502
0.7837
-0.0815
-0.6486
1.5400
-3.8500
-2.0300
419
484
510
418
503
0.7837
-0.0849
-0.6310
1.7500
-4.0600
-4.1300
419
484
510
418
504
0.7906
-0.0839
-0.6354
1.8900
-3.2200
-3.8500
419
484
510
417
502
0.7945
-0.0878
-0.6368
3.2200
-3.2900
-4.4100
419
484
510
417
504
0.8028
-0.0898
-0.6378
4.9700
-1.8200
-2.5200
419
484
510
417
502
0.7974
-0.0966
-0.6290
3.4300
-2.4500
-2.0300
419
484
510
417
504
0.7906
-0.0864
-0.6354
1.6800
-3.5000
-3.6400
419
484
510
417
504
0.7925
-0.0883
-0.6329
1.9600
-2.9400
-3.8500
419
484
510
417
505
0.8052
-0.0917
-0.6300
2.3100
-3.6400
-2.7300
419
484
510
417
505
0.7959
-0.0864
-0.6481
2.1700
-3.5000
-2.5200
419
484
510
417
503
0.7945
-0.0878
-0.6334
3.8500
-3.7800
-2.1700
419
484
510
417
505
0.7901
-0.0922
-0.6227
2.0300
-3.4300
-3.3600
419
484
510
417
505
0.7847
-0.0908
-0.6246
0.8400
-3.5700
-3.1500
419
484
510
417
505
0.7867
-0.0830
-0.6407
-1.0500
-4.2700
-4.6900
419
484
510
417
505
0.8247
-0.0747
-0.6871
6.3000
-6.2300
-0.2100
419
484
510
417
502
0.8725
-0.0293
-0.8140
56.0700
9.8000
43.1900
420
484
510
419
502
0.8262
-0.1044
-0.7881
97.5100
1.4700
49.2800
420
485
510
419
497
0.7598
-0.3182
-0.5305
121.9400
8.1200
55.8600
420
485
511
417
491
0.7120
-0.4978
-0.3045
112.9100
16.1700
55.9300
420
485
511
416
494
0.6710
-0.6232
-0.2357
106.7500
9.8000
53.4100
420
485
511
413
495
0.6027
-0.7369
-0.0630
93.0300
-3.7100
36.6800
419
485
511
407
496
0.5719
-0.7837
0.0732
74.6200
-1.8200
23.4500
419
485
510
403
499
0.5383
-0.8428
0.1552
41.5100
-10.1500
11.4100
419
485
510
402
498
0.5183
-0.8599
0.1371
11.3400
-20.6500
6.0900
419
486
511
404
497
0.4665
-0.8394
0.0927
1.1200
-16.8000
-2.3100
419
486
511
406
497
0.5241
-0.8701
0.1010
2.0300
-10.1500
-2.1000
419
487
512
406
496
0.5524
-0.8740
0.0937
7.7700
-0.3500
0.1400
419
487
513
407
493
0.5124
-0.8706
0.0537
5.8100
-5.8800
-1.6800
420
487
513
408
495
0.5197
-0.8740
0.0825
5.6700
-4.9700
-1.2600
420
487
513
408
492
0.5129
-0.8735
0.0786
3.9200
-6.0200
-1.6800
420
487
513
409
494
0.5109
-0.8755
0.0727
4.9700
-8.1200
-1.6800
420
487
513
409
491
0.5056
-0.8686
0.0708
2.5900
-6.4400
-2.8000
420
487
514
409
493
0.5041
-0.8657
0.0952
3.2200
-5.9500
-2.2400
420
487
514
410
490
0.5095
-0.8750
0.0727
2.5900
-4.1300
-1.4700
420
487
514
410
492
0.5163
-0.8725
0.0669
2.0300
-5.5300
-2.0300
420
487
514
410
490
0.4939
-0.8589
0.0795
0.9800
-6.7200
-2.6600
420
487
514
410
492
0.5080
-0.8764
0.0678
2.2400
-10.3600
-1.3300
420
487
514
410
491
0.4929
-0.8725
0.0942
1.2600
-5.6700
-1.7500
420
487
514
410
491
0.4836
-0.8662
0.1279
0.0700
1.7500
-6.1600
420
487
513
410
491
0.4812
-0.8613
0.1859
-7.4900
21.0700
-13.8600
420
487
511
405
491
0.4041
-0.8257
0.1810
-63.0000
-3.7100
-44.0300
419
486
510
400
494
0.5529
-0.8091
0.0200
-88.0600
-18.7600
-52.2200
418
485
509
402
494
0.5710
-0.7540
-0.1210
-129.3600
-47.5300
-62.0200
419
484
510
407
491
0.6495
-0.5597
-0.3753
-138.3200
-75.2500
-80.9900
419
485
511
410
486
0.8150
-0.4094
-0.6281
-123.1300
-4.9000
-38.6400
421
485
512
412
485
0.7930
-0.2025
-0.6969
-82.6000
-6.0200
-33.6000
421
485
511
413
488
0.8350
-0.1713
-0.7032
-39.7600
20.7200
-10.0100
422
485
511
415
492
0.8164
-0.1508
-0.6866
-36.6800
-6.3700
-13.0200
422
485
511
417
492
0.7662
-0.0703
-0.6827
-30.7300
-10.7100
-12.4600
422
485
511
417
492
0.7520
-0.0268
-0.6773
-19.2500
0.0700
-7.6300
423
485
511
416
494
0.7671
-0.0112
-0.6827
-17.3600
-0.0700
-10.7100
423
485
511
416
495
0.8159
0.0034
-0.7008
-6.4400
1.8200
-5.6000
423
485
511
416
496
0.8057
0.0107
-0.6759
1.8200
0.8400
-5.8100
423
485
511
416
494
0.8057
0.0029
-0.6422
4.5500
-3.9200
-3.1500
423
485
511
416
496
0.7940
0.0102
-0.6276
2.6600
-3.9900
-3.4300
423
485
511
416
496
0.7950
0.0010
-0.6217
2.1700
-2.5900
-4.2700
423
485
511
416
496
0.8174
0.0093
-0.6383
4.2700
-4.0600
-1.7500
424
485
511
415
497
0.8008
0.0020
-0.6359
3.5000
-3.5700
-2.8000
424
485
511
416
495
0.7954
0.0000
-0.6354
2.5900
-4.6200
-3.1500
424
485
511
416
498
0.7930
0.0039
-0.6383
2.7300
-4.8300
-5.6000
424
485
511
415
496
0.8135
0.0088
-0.6427
5.4600
-4.4100
-3.3600
424
485
511
416
498
0.8111
0.0020
-0.6295
5.4600
-3.8500
-0.7700
424
485
511
415
496
0.7896
0.0024
-0.6271
0.7000
-5.3200
-3.9200
424
485
511
416
499
0.7984
0.0010
-0.6393
1.3300
-4.8300
-3.0800
424
485
511
416
497
0.8252
0.0171
-0.6710
5.6700
-7.6300
-0.2800
424
485
511
416
499
0.8316
0.0176
-0.6944
13.9300
-6.7200
7.6300
424
485
511
418
507
0.8233
-0.0322
-0.6730
35.9800
-1.6100
9.8700
423
485
511
420
505
0.8159
-0.0893
-0.6730
43.1900
0.6300
12.0400
423
485
511
419
505
0.8247
-0.1391
-0.6500
53.6900
5.4600
16.9400
423
486
511
419
504
0.8032
-0.2030
-0.6422
60.0600
0.0700
19.7400
422
485
511
418
504
0.7735
-0.3221
-0.5388
74.2700
11.1300
26.1100
421
486
511
418
504
0.7530
-0.4192
-0.4460
74.9000
12.4600
29.8900
422
486
511
418
502
0.7774
-0.4875
-0.3821
76.7900
28.7700
45.5700
421
486
511
418
499
0.6974
-0.5495
-0.2952
89.7400
45.0800
55.4400
421
485
511
417
502
0.6661
-0.6886
-0.1127
98.0000
6.8600
32.1300
421
485
512
415
498
0.6695
-0.7803
0.0537
71.1900
-15.2600
24.5700
421
485
512
413
499
0.6002
-0.7906
0.0922
39.6200
-23.9400
21.0000
420
485
512
411
496
0.5378
-0.7964
0.0708
29.5400
-19.1100
9.8000
421
486
512
410
496
0.5734
-0.8145
0.0766
27.0200
-14.5600
5.2500
421
486
512
408
495
0.5895
-0.8359
0.1137
18.8300
-16.5900
7.2100
421
486
512
408
494
0.5514
-0.8296
0.1396
4.0600
-16.2400
3.3600
421
486
512
409
493
0.5549
-0.8520
0.0908
6.3000
-9.1700
2.9400
421
486
513
410
490
0.5480
-0.8467
0.1142
3.5000
-5.5300
2.5200
421
487
513
411
492
0.5090
-0.8481
0.0986
2.6600
-9.5200
-2.3100
421
487
514
412
489
0.5309
-0.8525
0.1113
2.5200
-6.5800
-0.5600
421
487
514
412
491
0.5129
-0.8535
0.0927
0.3500
-8.5400
-0.7000
421
487
514
412
489
0.5290
-0.8506
0.1152
0.5600
-10.0100
0.4900
421
487
515
412
491
0.5266
-0.8520
0.1103
1.3300
-4.4100
1.1900
421
487
515
413
489
0.5158
-0.8613
0.1264
2.8700
-3.9200
-2.3100
421
487
515
413
488
0.5007
-0.8589
0.1054
1.8900
-5.7400
-2.5200
421
487
515
413
490
0.5104
-0.8603
0.1152
1.9600
-1.7500
-2.3800
421
487
515
413
488
0.5100
-0.8560
0.1469
1.9600
-0.0700
-2.9400
421
487
515
413
490
0.5353
-0.8711
0.1327
3.3600
1.1200
-0.2800
421
487
515
412
487
0.4865
-0.8721
0.1166
-8.4000
-8.7500
-5.0400
421
487
514
411
487
0.5456
-0.8730
0.0908
1.8900
-8.5400
2.1700
421
486
515
412
487
0.4348
-0.8472
0.1420
0.0700
2.8700
-6.3700
421
487
514
412
486
0.4782
-0.8345
0.1596
-13.6500
7.2800
-13.2300
421
486
514
409
484
0.4778
-0.8291
0.1586
-35.0000
6.0900
-22.5400
421
486
513
409
486
0.5514
-0.8438
0.1137
-55.7200
3.2900
-23.8000
421
486
514
408
486
0.5461
-0.7593
-0.0727
-97.5800
-44.3800
-43.4000
419
485
513
406
483
0.5695
-0.7056
-0.2255
-88.5500
-48.7200
-50.9600
418
485
513
407
484
0.6315
-0.5944
-0.4060
-98.3500
-43.4000
-54.2500
418
485
513
407
483
0.7247
-0.4612
-0.5710
-69.6500
-1.0500
-39.2700
419
484
512
408
482
0.7564
-0.4148
-0.5178
-79.5200
24.6400
-20.0200
419
484
512
410
477
0.7701
-0.2264
-0.6651
-91.9100
14.0000
-27.1600
419
485
512
413
480
0.8306
-0.1103
-0.7584
-56.0700
11.2700
-15.4700
419
485
513
416
480
0.8096
-0.0678
-0.7115
-23.1700
6.2300
-10.0100
420
486
513
417
478
0.8447
-0.1030
-0.5397
-0.2100
5.3200
-10.9900
420
486
512
416
485
0.8311
-0.0527
-0.6134
-14.8400
0.8400
-11.9700
420
485
512
417
485
0.8330
-0.0239
-0.6207
-11.2000
2.7300
-8.6800
420
485
512
417
483
0.8530
-0.0205
-0.6110
-7.0000
0.9800
-4.4800
420
485
512
417
485
0.8335
0.0024
-0.6227
-4.9000
-4.6200
-4.4800
420
485
512
416
483
0.8530
-0.0010
-0.6281
3.3600
-4.9700
-0.4900
420
485
512
416
486
0.8252
-0.0093
-0.5958
8.1200
-4.9000
-2.6600
420
485
512
416
483
0.8150
-0.0068
-0.5861
7.0700
-4.6900
-7.6300
421
485
512
416
487
0.8379
-0.0137
-0.5944
5.5300
-11.4800
-6.1600
421
485
512
417
489
0.8228
-0.0122
-0.5807
13.8600
-12.3900
-4.2700
421
485
512
419
497
0.8159
-0.0215
-0.6315
14.6300
-12.0400
-4.2000
421
485
512
419
499
0.7945
-0.0293
-0.6266
14.7700
-14.7700
-5.6000
421
485
512
419
499
0.8028
-0.0366
-0.6417
13.4400
-11.4100
-5.8100
421
485
512
419
497
0.8003
-0.0410
-0.6324
14.9100
-6.5800
-1.6100
421
485
512
419
499
0.7720
-0.0542
-0.6432
10.4300
-6.8600
-3.5700
421
485
511
419
498
0.8174
-0.0595
-0.6339
16.4500
-8.1200
3.5700
421
485
512
419
495
0.7896
-0.1088
-0.6310
11.9700
-9.1700
1.5400
421
485
512
419
497
0.7979
-0.0654
-0.7056
14.8400
-4.6200
11.4100
421
485
512
419
497
0.7769
-0.1606
-0.6442
28.7000
-4.6900
19.3200
421
485
512
419
493
0.7764
-0.2201
-0.5866
16.1700
14.4200
26.9500
421
485
512
419
496
0.7598
-0.2538
-0.6295
19.2500
1.2600
7.9800
421
485
512
419
495
0.8150
-0.2528
-0.6608
33.6000
-7.5600
13.5100
421
485
512
420
494
0.7696
-0.3177
-0.5446
51.8700
8.5400
21.2100
421
485
512
421
493
0.7798
-0.4060
-0.4490
51.0300
52.0800
32.2000
421
485
512
423
492
0.7764
-0.4826
-0.3211
34.9300
26.6000
16.3800
421
486
512
423
490
0.8096
-0.5373
-0.2328
35.9800
57.8200
30.3800
421
486
513
423
492
0.8184
-0.6090
-0.1630
56.2800
68.9500
45.2900
421
486
513
425
489
0.7422
-0.6398
-0.0098
57.0500
65.1000
41.7900
422
487
514
428
486
0.7647
-0.7091
0.1405
61.9500
176.0500
84.7700
422
487
515
430
492
0.3201
-0.7130
0.4236
75.6700
146.7200
38.6400
424
488
515
429
493
0.1381
-0.7105
0.6920
35.0000
65.5900
-5.5300
424
488
516
430
491
0.2723
-0.7549
0.7032
14.6300
60.6900
-0.8400
424
488
516
428
492
0.2172
-0.7340
0.6783
5.5300
59.7100
-3.4300
424
489
516
426
490
0.1215
-0.6876
0.7218
9.3100
28.9100
-9.6600
425
489
518
426
483
0.0952
-0.6944
0.7159
13.5800
21.9100
-12.6700
426
490
520
428
479
0.0869
-0.6842
0.6934
14.4900
27.0900
-13.0200
426
491
521
430
472
0.0576
-0.6827
0.7364
1.6100
-7.9800
-13.3000
426
491
522
430
469
0.0869
-0.6847
0.7393
-0.9100
30.5200
-4.3400
427
491
522
429
467
-0.0020
-0.6661
0.7335
-3.2200
-21.7000
-9.1700
427
491
522
429
464
0.0688
-0.6661
0.7466
-0.8400
-3.9200
-6.0900
427
491
521
431
464
0.0429
-0.6603
0.7281
2.3100
16.4500
-7.1400
427
490
521
434
458
0.0205
-0.6803
0.7398
2.9400
0.1400
-7.9800
428
489
520
436
451
0.0146
-0.6803
0.7208
-1.8200
-3.9900
-10.1500
429
489
520
437
448
0.0337
-0.6744
0.7305
-5.5300
0.2100
-2.1700
429
490
520
436
446
0.0171
-0.6788
0.7266
3.6400
-1.9600
-2.2400
429
490
521
434
447
0.0298
-0.6617
0.7603
3.6400
2.2400
4.4100
429
490
521
432
445
-0.0351
-0.6793
0.7335
1.6100
-7.5600
-3.0100
429
490
521
433
447
0.0049
-0.6900
0.7203
1.7500
-4.1300
0.7000
430
490
521
434
448
0.0151
-0.6861
0.7242
-3.2200
9.7300
1.9600
430
490
521
433
448
-0.0034
-0.6812
0.7437
-2.1000
-2.9400
-4.2000
430
490
521
433
449
0.0102
-0.6969
0.7008
-2.3800
3.7100
-2.7300
430
490
520
431
448
-0.0195
-0.7066
0.6744
0.6300
-4.5500
-1.0500
430
490
520
429
454
-0.0273
-0.6969
0.7183
10.8500
-2.3100
-0.2100
430
490
519
427
457
0.0215
-0.6856
0.7764
4.6200
5.1100
5.3200
430
490
519
427
461
-0.0537
-0.6690
0.6988
-1.9600
10.2900
1.6100
430
490
519
427
461
-0.0756
-0.6720
0.6930
4.9000
-15.8900
-2.3100
430
490
519
427
460
-0.0522
-0.6730
0.7252
0.7700
-0.2100
-5.1800
430
490
519
428
460
-0.0571
-0.6988
0.7110
6.0200
4.3400
-3.2900
430
491
519
428
459
-0.0673
-0.6866
0.7081
-1.4000
-9.6600
-8.0500
430
491
519
428
459
-0.0351
-0.6842
0.7022
3.1500
-3.7100
-4.4800
430
491
519
428
459
-0.0517
-0.6798
0.7242
3.9900
-10.5700
-8.4700
430
491
519
428
459
-0.0239
-0.6788
0.7398
1.8200
-3.2200
-7.7000
430
491
519
428
458
-0.0190
-0.6847
0.7056
4.5500
-5.8800
-3.9900
430
491
520
428
458
-0.0185
-0.6847
0.7174
5.9500
-6.0200
-4.2700
430
491
519
429
458