-0.3484
-0.9687
-0.1932
-8.8900
12.0400
-11.2000
397
480
522
421
510
-0.2728
-0.9340
-0.2162
-7.6300
-0.7000
-13.7900
397
480
522
421
510
-0.2206
-0.9150
-0.1503
-1.6100
-20.2300
1.8200
397
480
522
421
508
-0.2967
-0.9121
-0.1703
0.0700
-19.8100
-2.3800
397
480
522
422
511
-0.3026
-0.9623
-0.1513
5.7400
-17.2200
-6.7200
397
479
522
422
511
-0.2845
-0.9340
-0.1161
-3.8500
-14.4900
-6.0900
397
479
522
422
508
-0.2894
-0.9077
-0.1259
3.0100
-10.2900
-2.6600
397
479
522
422
511
-0.2850
-0.9101
-0.1513
5.8800
-13.7200
8.0500
398
480
522
421
509
-0.3143
-0.9658
-0.1635
3.7800
-4.6200
-1.4700
398
479
522
421
507
-0.3172
-0.9394
-0.1625
-3.9900
-3.4300
-4.8300
398
480
522
420
508
-0.2782
-0.9155
-0.1288
-5.8100
-11.9700
2.8000
399
480
522
421
508
-0.3558
-0.9077
-0.1654
5.7400
-11.4100
-5.7400
401
478
521
421
509
-0.2650
-0.9204
-0.0952
-1.5400
-7.9800
6.8600
405
478
521
423
509
-0.4148
-0.9618
-0.1293
-1.5400
11.9000
-4.3400
406
479
522
422
507
-0.3079
-0.8481
-0.1337
-3.3600
7.9100
2.4500
403
476
522
422
504
-0.3723
-0.9160
-0.1171
12.3900
-4.7600
-1.6100
398
467
522
423
505
-0.3460
-0.9379
-0.1113
4.3400
-7.2100
-6.5100
401
465
522
423
507
-0.3382
-0.8999
-0.1684
-1.7500
-6.5100
-24.3600
403
477
522
422
505
-0.2860
-0.9765
-0.0722
-0.0700
2.1000
-13.1600
406
479
522
422
502
-0.2630
-0.9345
-0.0922
-6.1600
-9.1000
-8.8200
407
479
522
421
504
-0.2821
-0.9355
-0.1591
0.3500
-10.7100
-8.8200
406
479
522
420
505
-0.2747
-0.9462
-0.1440
4.2000
-9.0300
-11.9000
406
479
522
420
503
-0.2669
-0.9521
-0.1303
-3.5000
-2.3100
-10.2200
406
479
522
420
505
-0.2513
-0.9745
-0.1606
-0.9100
-0.6300
-15.4700
405
479
522
419
504
-0.2460
-0.9350
-0.1484
-6.5800
1.6800
-7.2800
405
479
522
419
501
-0.2230
-0.9194
-0.1664
3.7100
-4.6200
-11.0600
405
479
522
419
503
-0.1854
-0.9433
-0.1327
5.1800
-10.7800
-0.3500
405
479
522
419
503
-0.2445
-0.9726
-0.1493
-0.7000
0.0700
-4.4100
405
479
522
419
501
-0.2089
-0.9560
-0.1401
-3.7800
-0.2100
-5.9500
405
479
522
419
502
-0.1850
-0.9550
-0.1562
-3.3600
-5.1100
-4.5500
405
479
522
419
502
-0.1967
-0.9521
-0.1762
-2.7300
-10.5700
-0.1400
405
479
522
419
500
-0.2259
-0.9443
-0.1806
-3.1500
-7.4900
-0.9800
405
479
522
418
502
-0.2377
-0.9575
-0.1864
-12.6000
0.2100
-7.4900
405
479
522
418
501
-0.1737
-0.9355
-0.2259
-0.4200
-11.3400
-7.9100
404
479
522
419
498
-0.2035
-0.9784
-0.2294
8.0500
-10.0100
-1.7500
404
479
522
419
502
-0.2328
-0.9604
-0.2362
1.4700
-1.7500
-3.7100
404
479
521
419
502
-0.2035
-0.9335
-0.2030
5.8100
-4.1300
2.8700
404
479
522
420
499
-0.2572
-0.9316
-0.2240
5.1800
4.6900
-0.7700
400
479
521
420
501
-0.2108
-0.9423
-0.2054
3.3600
4.0600
-0.3500
398
479
521
421
498
-0.2006
-0.9374
-0.1840
3.0800
-7.6300
0.9100
398
478
521
421
501
-0.2533
-0.9326
-0.2128
2.9400
-7.2100
-0.6300
397
476
520
421
501
-0.2318
-0.9409
-0.1996
6.4400
-4.9700
-5.1100
395
471
520
421
499
-0.2342
-0.9399
-0.2162
-1.7500
-7.3500
-0.2100
362
437
517
419
502
-0.2362
-0.9228
-0.1713
7.0700
-9.0300
1.4700
328
394
513
418
503
-0.2225
-0.9365
-0.1835
1.5400
-3.2900
2.3100
292
353
510
418
512
-0.2347
-0.9350
-0.1674
-16.3100
-1.4700
3.2900
253
319
507
419
528
-0.2460
-0.9301
-0.1972
-1.3300
-11.9700
-1.3300
233
300
502
420
533
-0.2850
-0.9692
-0.2064
-15.3300
-13.8600
-2.1700
222
288
499
417
532
-0.2830
-0.9350
-0.2240
-8.1900
-16.9400
-0.9800
216
282
497
413
529
-0.2728
-0.9360
-0.2420
2.8700
-8.6800
-2.2400
215
280
497
410
535
-0.2718
-0.9204
-0.2518
-9.7300
-11.9000
3.3600
215
281
495
405
580
-0.2982
-0.8984
-0.2611
-7.9800
-7.4900
7.8400
216
283
495
403
630
-0.3157
-0.9140
-0.2728
4.4100
-2.4500
1.6100
216
283
494
404
676
-0.3172
-0.8969
-0.2733
1.6100
-4.3400
-0.8400
211
282
492
405
715
-0.3231
-0.8989
-0.2743
0.8400
-1.9600
-1.4000
207
284
495
410
736
-0.3333
-0.8823
-0.2679
21.1400
3.5000
-8.2600
206
285
504
418
724
-0.3060
-0.9111
-0.2245
19.3200
0.1400
-3.3600
207
286
513
425
714
-0.3460
-0.9150
-0.2064
7.9800
4.0600
-3.0100
206
286
516
429
707
-0.3109
-0.8921
-0.2308
8.8200
3.6400
-4.9000
206
285
518
430
705
-0.2757
-0.9033
-0.2118
1.0500
-4.2000
-0.7000
206
285
518
431
701
-0.2991
-0.9584
-0.1840
7.0700
-2.9400
-4.6200
207
286
519
431
699
-0.2699
-0.9326
-0.1908
12.5300
-7.2100
-4.8300
208
287
519
432
698
-0.2977
-0.9326
-0.1737
8.8900
-5.8800
-6.1600
209
289
519
431
696
-0.2728
-0.9536
-0.1332
10.5000
-5.3200
-3.7100
210
290
519
431
693
-0.2757
-0.9316
-0.1352
5.3900
-3.0100
-5.3200
211
291
519
431
694
-0.2840
-0.9292
-0.1484
-0.2100
-1.7500
-2.3800
211
291
518
430
690
-0.2699
-0.9389
-0.1591
2.1000
-2.1700
-4.3400
212
291
518
430
689
-0.2630
-0.9496
-0.1444
7.7000
-3.2900
-3.2200
212
292
518
430
689
-0.2616
-0.9623
-0.1576
1.0500
-3.9200
-6.0200
213
292
518
430
688
-0.2596
-0.9472
-0.1498
5.1100
-9.6600
-3.0100
213
293
518
430
687
-0.2591
-0.9077
-0.1669
19.0400
-5.6700
-4.6200
213
294
518
430
687
-0.2811
-0.9994
-0.1381
-6.1600
0.2100
-6.5100
214
294
518
428
685
-0.2430
-0.8999
-0.1596
1.7500
-5.5300
0.0000
214
295
517
428
687
-0.2699
-0.9521
-0.1420
6.3000
-4.5500
-3.2900
214
295
517
428
686
-0.2669
-0.9623
-0.1484
3.3600
-2.8700
-5.7400
215
295
517
427
683
-0.2582
-0.9350
-0.1459
2.1700
-5.3900
-4.3400
215
295
517
427
683
-0.2557
-0.9550
-0.1449
2.7300
-4.9000
-3.7800
215
296
517
427
683
-0.2611
-0.9462
-0.1332
-1.0500
-3.5000
-4.2000
215
296
517
427
682
-0.2523
-0.9199
-0.1630
1.3300
-5.6000
-2.3100
215
296
517
427
682
-0.2523
-0.9384
-0.1645
0.6300
-3.9900
-2.7300
215
297
517
427
682
-0.2528
-0.9545
-0.1518
0.4900
-4.0600
-3.5700
216
297
517
426
682
-0.2464
-0.9374
-0.1708
1.9600
-4.8300
-2.6600
216
298
517
426
682
-0.2640
-0.9550
-0.1571
-0.6300
-3.1500
-4.4800
216
298
516
425
684
-0.2479
-0.9345
-0.1625
0.8400
-4.6900
-2.8000
216
298
516
425
684
-0.2518
-0.9560
-0.1620
-1.4700
-4.4800
-1.6100
216
298
516
423
680
-0.2513
-0.9409
-0.1610
-4.4100
-4.0600
-5.8100
217
299
515
422
675
-0.2508
-0.9438
-0.1850
-3.6400
-3.5000
-4.2700
222
299
513
419
645
-0.2616
-0.9428
-0.1923
-6.6500
0.4900
-9.1000
231
297
510
414
603
-0.2347
-0.9287
-0.2152
-6.2300
-4.8300
-8.1200
239
306
509
413
572
-0.2235
-0.9496
-0.2323
-7.4200
-6.9300
-5.6700
261
326
510
414
549
-0.2186
-0.9296
-0.2621
-2.5900
-5.2500
-3.4300
297
377
513
417
531
-0.2269
-0.9257
-0.2294
0.4200
-10.0100
-1.4700
344
440
516
420
521
-0.2303
-0.9311
-0.1932
-16.4500
-5.3900
-3.2900
371
472
519
423
515
-0.2264
-0.8984
-0.2328
-1.2600
-5.5300
0.7000
389
484
521
427
508
-0.2460
-0.9267
-0.2342
6.6500
-3.2900
2.6600
396
488
522
431
500
-0.2508
-0.9506
-0.2406
10.0100
0.4900
-3.0800
401
491
523
433
497
-0.2425
-0.9653
-0.2045
7.1400
-0.3500
-3.7800
405
493
524
435
495
-0.2386
-0.9326
-0.2396
4.2700
-3.5700
-3.2200
408
495
524
436
492
-0.2450
-0.9443
-0.2240
7.4200
-5.3200
-3.3600
412
499
525
436
488
-0.2342
-0.9311
-0.2362
1.9600
-2.3100
-2.4500
415
502
525
436
484
-0.2381
-0.9311
-0.2250
4.7600
-2.1000
-1.8200
416
503
526
437
486
-0.2445
-0.9306
-0.2108
-1.5400
-2.6600
-1.7500
416
503
526
437
485
-0.2460
-0.9272
-0.2367
2.6600
-1.2600
-1.9600
416
503
526
437
484
-0.2425
-0.9360
-0.2255
-1.4700
-3.9200
-3.5000
416
503
527
437
485
-0.2523
-0.9189
-0.2181
-1.3300
-3.1500
-3.1500
416
503
527
437
483
-0.2342
-0.9335
-0.2216
-3.2900
-3.4300
-0.9100
415
503
527
437
486
-0.2499
-0.9296
-0.2386
3.5700
-3.2200
-2.3100
415
502
527
437
486
-0.2523
-0.9335
-0.2264
0.0000
-1.1200
-1.5400
415
502
527
437
486
-0.2489
-0.9433
-0.2255
-2.3800
-1.1200
-4.4800
414
500
527
436
487
-0.2284
-0.9160
-0.2269
-0.4900
-5.1800
-2.9400
413
498
527
436
485
-0.2416
-0.9496
-0.2474
4.2000
-2.5900
-5.4600
412
495
527
436
488
-0.2357
-0.9399
-0.2303
-1.3300
-2.4500
-5.7400
411
492
526
436
486
-0.2289
-0.9414
-0.2338
1.0500
-1.5400
-1.4000
411
490
526
436
489
-0.2289
-0.9262
-0.2440
2.8000
-2.1700
-2.8000
409
487
526
435
491
-0.2220
-0.9418
-0.2245
9.1000
-3.3600
-2.8700
403
482
526
436
491
-0.2245
-0.9311
-0.2567
4.8300
-7.7700
-1.3300
381
466
526
435
499
-0.2508
-0.9575
-0.2391
6.2300
-6.0200
-4.6900
345
425
526
434
500
-0.2416
-0.9457
-0.2186
-6.3700
-0.9800
-1.4700
295
359
525
431
506
-0.2157
-0.9204
-0.2279
11.4100
-1.1900
-2.9400
255
312
520
427
514
-0.2557
-0.9496
-0.2323
7.6300
-5.9500
-2.5200
234
292
510
424
520
-0.2318
-0.9575
-0.2401
-1.5400
-8.3300
-0.7000
223
280
504
420
530
-0.2513
-0.9252
-0.2279
-1.9600
-6.5800
-0.0700
218
275
500
418
552
-0.2289
-0.9340
-0.2298
4.0600
-3.2900
0.5600
218
278
500
418
606
-0.2567
-0.9331
-0.2313
-7.8400
-1.4000
2.0300
219
278
500
418
649
-0.2474
-0.9130
-0.2391
-0.7700
-1.3300
2.8000
216
280
501
420
695
-0.2503
-0.9296
-0.2391
2.8000
-4.6200
-6.0900
212
284
506
415
730
-0.2391
-0.9179
-0.2391
-3.7800
-2.8700
-1.7500
208
283
506
411
752
-0.2635
-0.9150
-0.2450
2.6600
-13.0200
-1.1200
206
284
506
412
755
-0.2708
-0.9389
-0.2240
0.2100
-2.7300
-2.4500
207
288
507
413
746
-0.2606
-0.9296
-0.2484
2.5200
-5.0400
-3.0800
208
289
507
413
739
-0.2455
-0.9365
-0.2572
7.4900
-11.3400
-2.5900
209
292
507
414
736
-0.2674
-0.9414
-0.2357
3.6400
-11.7600
-4.3400
211
294
507
414
732
-0.2699
-0.9277
-0.2162
5.7400
-9.8000
-5.5300
211
295
507
414
728
-0.2621
-0.9150
-0.2289
3.1500
-15.5400
-1.4000
212
297
507
414
726
-0.2801
-0.9170
-0.2162
2.1000
-10.0800
-8.4000
213
298
506
414
722
-0.2826
-0.9575
-0.2216
-1.0500
-10.7100
-11.1300
213
299
506
413
719
-0.2577
-0.9018
-0.2333
5.7400
-14.7700
-10.8500
214
301
506
412
717
-0.2586
-0.9414
-0.1893
5.6700
-6.7900
3.2900
215
304
506
413
715
-0.2679
-0.9653
-0.2045
-7.4200
7.7700
0.7700
215
304
506
413
714
-0.2489
-0.9170
-0.2259
-6.4400
-17.6400
-0.7000
215
304
506
412
716
-0.2606
-0.9189
-0.2279
1.1200
-6.2300
-2.3800
216
305
506
412
713
-0.2874
-0.9335
-0.2313
3.0100
-2.4500
-2.3100
216
305
506
412
713
-0.2821
-0.9306
-0.2391
1.3300
-1.7500
-2.2400
216
305
506
412
713
-0.2762
-0.9331
-0.2333
1.4700
-5.8100
-2.8700
216
305
505
412
711
-0.2855
-0.9160
-0.2289
-1.7500
-0.2800
-5.2500
217
306
505
412
710
-0.2660
-0.9238
-0.2284
-4.0600
2.8700
-3.2900
217
306
504
411
708
-0.2611
-0.9028
-0.2660
3.0800
-3.5700
-1.2600
218
306
504
411
707
-0.2664
-0.9306
-0.2425
4.3400
-5.0400
-3.5000
218
306
504
412
707
-0.2860
-0.9428
-0.2420
-0.2100
2.3800
-6.6500
218
306
504
412
706
-0.2499
-0.9218
-0.2401
5.8800
-1.6100
-7.2100
219
305
501
412
704
-0.2464
-0.9292
-0.2352
6.0900
-6.4400
-5.3900
219
305
498
412
703
-0.2630
-0.9257
-0.2508
1.2600
-1.6100
-3.3600
220
305
498
413
700
-0.2533
-0.9267
-0.2289
0.3500
-4.2700
-4.8300
222
303
497
414
679
-0.2547
-0.9199
-0.2518
1.7500
-2.3800
-4.9000
224
298
497
414
639
-0.2469
-0.9257
-0.2347
-5.3200
-0.2800
-10.2900
234
306
499
414
571
-0.2094
-0.9277
-0.2377
-4.5500
-9.4500
-15.8200
255
339
502
413
540
-0.2030
-0.9433
-0.2952
2.1700
-0.9800
-5.9500
311
394
506
414
517
-0.2045
-0.9355
-0.2879
-1.6800
-9.5200
8.0500
352
430
510
418
501
-0.2352
-0.9555
-0.2826
3.6400
-10.2900
8.5400
375
462
515
425
482
-0.2855
-0.9252
-0.2723
-3.7800
-7.4200
7.9100
393
486
520
432
464
-0.2738
-0.9048
-0.2738
4.2000
-7.2100
0.9800
401
493
522
437
458
-0.3021
-0.9126
-0.2743
-4.6900
-0.2800
-1.4000
404
495
524
439
454
-0.2972
-0.8940
-0.2782
-1.1200
17.3600
-0.4900
406
497
524
440
456
-0.2606
-0.8974
-0.2840
12.4600
-2.3100
-5.3200
408
498
525
440
455
-0.2743
-0.9355
-0.2699
2.1700
-2.5900
-4.8300
408
499
525
441
455
-0.2689
-0.9033
-0.2733
0.9100
-4.1300
-1.6100
408
499
525
441
456
-0.2708
-0.9189
-0.2625
4.1300
-4.6200
-3.5700
407
499
525
441
456
-0.2747
-0.9199
-0.2757
4.2000
-1.9600
-3.9200
407
498
525
441
457
-0.2674
-0.9209
-0.2621
1.6800
-1.6100
-4.4100
407
498
525
441
458
-0.2616
-0.9165
-0.2669
1.4700
-0.4200
-5.4600
406
497
525
442
460
-0.2586
-0.9111
-0.2767
1.6100
-2.4500
-3.3600
406
497
525
442
459
-0.2660
-0.9267
-0.2660
1.4000
-2.4500
-5.3200
405
497
525
443
460
-0.2538
-0.9257
-0.2821
-1.2600
-2.3800
-3.9200
405
496
526
443
460
-0.2572
-0.9140
-0.2923
3.6400
-3.4300
-4.7600
404
496
525
443
462
-0.2513
-0.9321
-0.2786
1.6800
-0.2100
-6.0900
403
495
526
443
466
-0.2455
-0.9170
-0.2811
2.2400
-1.1900
-7.9100
402
492
525
441
474
-0.2523
-0.9331
-0.2952
-7.5600
-3.0800
-10.5000
398
483
521
423
483
-0.2006
-0.9355
-0.3109
6.0200
-5.1100
-7.6300
386
464
518
417
494
-0.2245
-0.9526
-0.3177
4.6900
-5.6000
-6.1600
353
431
514
416
505
-0.2269
-0.9521
-0.2972
3.6400
-3.2200
-3.5700
314
380
512
415
509
-0.2147
-0.9370
-0.3060
8.4000
-1.9600
-2.3100
287
351
509
412
521
-0.2128
-0.9272
-0.2826
8.6100
-3.2900
-4.1300
266
328
505
410
526
-0.2108
-0.9179
-0.2684
3.0100
-4.7600
-5.2500
247
309
501
410
522
-0.2103
-0.9316
-0.2591
1.4700
-4.4100
-3.7100
238
300
498
409
521
-0.2006
-0.9311
-0.2645
8.0500
-4.9700
-4.2000
232
299
495
410
535
-0.2162
-0.9311
-0.2494
-9.7300
-8.1900
-3.0100
228
297
492
409
539
-0.2142
-0.8828
-0.2762
4.4800
-6.7200
-0.4900
226
296
491
410
583
-0.2235
-0.9335
-0.2645
5.1800
-0.6300
-0.0700
223
293
491
410
635
-0.2167
-0.9321
-0.2669
3.2900
-4.0600
-1.7500
221
290
491
411
680
-0.2279
-0.9428
-0.2948
11.7600
0.8400
-3.3600
219
288
498
416
704
-0.2206
-0.9545
-0.2640
17.9200
-2.6600
-8.1900
217
290
505
421
717
-0.2064
-0.9409
-0.2440
7.5600
-4.0600
-2.4500
217
291
506
422
717
-0.2123
-0.9506
-0.2245
-0.4200
-5.6000
-1.6100
217
292
507
423
718
-0.2235
-0.9511
-0.2445
8.0500
0.4200
-3.4300
217
293
508
424
709
-0.2098
-0.9384
-0.2240
11.1300
-2.7300
-2.2400
218
293
509
426
706
-0.2211
-0.9448
-0.2172
6.5800
-3.5700
-6.0900
218
294
509
427
708
-0.2118
-0.9501
-0.2015
8.9600
-5.2500
-6.5800
217
294
509
427
709
-0.2255
-0.9604
-0.1825
-0.9800
0.5600
-3.7100
217
295
509
427
707
-0.2103
-0.9438
-0.2035
2.8700
-1.4000
-9.6600
217
295
510
427
709
-0.1957
-0.9506
-0.2054
10.6400
-3.4300
-6.3000
217
295
510
426
706
-0.1991
-0.9658
-0.2011
4.7600
-1.7500
-6.3700
218
296
510
427
702
-0.1835
-0.9604
-0.1893
0.6300
-4.2700
-5.8800
219
296
510
432
698
-0.1728
-0.9711
-0.1928
-0.8400
-6.7900
-4.4100
220
296
510
431
693
-0.1986
-0.9370
-0.2235
0.9800
-3.5700
-4.6200
222
296
510
435
685
-0.1645
-0.9448
-0.2113
-2.2400
-4.3400
-3.1500
223
296
510
452
683
-0.1781
-0.9501
-0.2035
2.5200
-4.9700
-2.1700
223
296
510
458
682
-0.1962
-0.9667
-0.2225
3.4300
-2.2400
-1.4700
224
295
510
461
679
-0.1796
-0.9389
-0.2230
7.8400
-2.3100
-1.4000
224
295
510
462
679
-0.1845
-0.9862
-0.1932
6.0200
-2.3800
-4.2700
224
295
510
459
678
-0.1757
-0.9365
-0.2225
-2.3100
-0.5600
-1.7500
225
296
510
447
676
-0.1776
-0.9599
-0.1928
-1.1900
-3.3600
-1.1900
226
296
510
424
671
-0.1874
-0.9482
-0.2133
2.8000
-2.5900
-2.0300
227
297
510
425
667
-0.1957
-0.9804
-0.2591
0.5600
-0.7000
-0.6300
227
297
510
430
665
-0.2040
-0.9399
-0.2142
-0.5600
-3.2900
-3.3600
227
297
509
431
665
-0.1903
-0.9555
-0.2050
-0.6300
-3.5000
-5.3200
227
297
510
432
665
-0.1854
-0.9379
-0.2089
2.4500
-5.1800
-2.3800
227
297
509
432
670
-0.1820
-0.9540
-0.2206
4.1300
-6.2300
-1.4000
226
298
509
433
683
-0.1879
-0.9550
-0.2113
-0.1400
-1.9600
-3.6400
226
300
509
433
680
-0.1781
-0.9443
-0.1923
-0.2800
-4.6200
-3.5000
228
301
508
433
651
-0.1767
-0.9487
-0.2079
-6.7900
-6.7200
-7.5600
238
307
508
432
575
-0.1591
-0.9482
-0.2328
-3.7100
-6.7900
-9.5200
245
319
508
430
537
-0.1410
-0.9492
-0.2508
-0.9800
-6.2300
-9.1000
268
356
510
430
517
-0.1498
-0.9496
-0.2474
6.3000
-4.3400
2.1000
305
402
513
431
506
-0.1976
-0.9501
-0.2372
12.7400
-4.4800
-0.2100
354
450
517
434
496
-0.1742
-0.9487
-0.1908
8.0500
-5.5300
-0.0700
376
474
518
435
491
-0.1654
-0.9628
-0.1845
10.2900
-4.3400
-0.6300
391
486
520
437
491
-0.1908
-0.9540
-0.1884
4.7600
-5.2500
2.2400
403
493
522
440
485
-0.1976
-0.9731
-0.1825
7.6300
-3.2900
-0.9100
410
496
524
442
482
-0.1884
-0.9662
-0.1688
5.0400
-4.9000
-1.7500
415
499
525
444
478
-0.1981
-0.9731
-0.1630
5.2500
-4.7600
-0.7700
422
502
526
445
475
-0.1996
-0.9472
-0.1869
9.5900
-5.8100
-0.3500
426
503
527
447
472
-0.2147
-0.9740
-0.1523
3.6400
-2.7300
-3.5000
427
505
527
448
470
-0.2098
-0.9526
-0.1474
-0.4200
-3.8500
-3.5700
428
505
527
448
470
-0.2089
-0.9658
-0.1659
0.9800
-2.4500
-2.7300
428
505
527
448
466
-0.2113
-0.9536
-0.1571
3.0100
-1.9600
-2.6600
428
505
528
448
469
-0.2020
-0.9623
-0.1586
2.9400
-3.2900
-3.4300
428
506
527
448
466
-0.2045
-0.9531
-0.1620
2.3800
-3.7800
-2.9400
428
506
528
448
466
-0.1981
-0.9560
-0.1484
1.7500
-4.8300
-2.4500
427
506
528
448
463
-0.2015
-0.9584
-0.1620
1.7500
-3.3600
-3.5700
427
506
528
448
465
-0.1952
-0.9648
-0.1635
2.2400
-2.5900
-2.9400
426
506
527
448
463
-0.2020
-0.9628
-0.1610
0.2800
-3.0100
-3.9900
426
506
528
448
465
-0.2020
-0.9594
-0.1610
-2.1000
-2.6600
-5.0400
426
506
528
448
465
-0.1918
-0.9492
-0.1703
0.9800
-3.7800
-4.5500
426
506
528
448
465
-0.1972
-0.9540
-0.1708
0.2100
-3.7100
-3.5000
425
506
528
448
465
-0.1913
-0.9467
-0.1703
-3.0100
-3.0100
-3.9900
423
505
528
447
467
-0.1864
-0.9394
-0.1815
1.3300
-1.6800
1.4700
419
492
528
447
471
-0.1937
-0.9340
-0.1659
2.1700
-2.5200
-3.9200
407
464
527
447
479
-0.1796
-0.9604
-0.1737
0.3500
-1.4700
-5.6700
384
419
527
446
491
-0.1742
-0.9745
-0.2045
4.4100
-2.1000
-3.5000
353
360
527
445
495
-0.1952
-0.9565
-0.1781
4.4800
-1.8900
-2.1700
317
323
527
444
504
-0.1932
-0.9506
-0.1757
5.8100
1.1200
-2.5900
288
303
526
443
507
-0.1884
-0.9555
-0.1854
8.3300
-3.4300
-2.8000
275
294
525
443
505
-0.1928
-0.9638
-0.1542
-1.8900
-7.9800
-4.7600
268
290
524
442
527
-0.1732
-0.9331
-0.1752
0.4200
-3.3600
1.4700
265
292
523
442
562
-0.1981
-0.9335
-0.1523
-3.2200
-3.1500
2.5900
266
290
522
441
598
-0.1937
-0.9316
-0.1708
-2.1700
-4.4100
0.2800
266
287
521
441
642
-0.1957
-0.9409
-0.1742
1.5400
-3.7800
-2.4500
266
282
521
441
689
-0.2001
-0.9428
-0.1688
-0.1400
-2.5900
-2.0300
265
278
520
441
712
-0.1845
-0.9711
-0.1976
4.8300
-3.5700
-3.8500
268
274
521
441
723
-0.1962
-0.9682
-0.1801
1.1900
-0.1400
-1.0500
269
271
521
441
724
-0.1937
-0.9579
-0.1796
3.6400
-3.1500
-2.7300
269
271
521
441
736
-0.1898
-0.9618
-0.1932
0.7000
-3.0800
-4.4800
265
268
521
440
743
-0.1840
-0.9618
-0.1932
3.2200
-3.0800
-2.0300
265
267
521
440
742
-0.1962
-0.9760
-0.1801
4.4100
-5.7400
-3.9900
265
268
521
440
742
-0.2006
-0.9609
-0.1854
4.5500
-3.5000
-2.4500
264
268
521
439
742
-0.1932
-0.9526
-0.1893
3.9900
-3.2200
-1.8200
264
268
521
439
742
-0.1937
-0.9618
-0.1884
3.3600
-4.2700
-1.8900
265
269
521
439
742
-0.1972
-0.9575
-0.1845
4.9000
-3.3600
-2.5200
264
269
521
438
742
-0.1976
-0.9643
-0.1762
1.6800
-3.2900
-3.2200
264
269
521
438
741
-0.1928
-0.9565
-0.1806
1.6100
-5.1100
-2.6600
265
270
521
438
738
-0.2074
-0.9682
-0.1762
1.7500
-1.2600
-3.7100
265
271
520
438
737
-0.1967
-0.9536
-0.1879
1.4700
-1.1900
-4.2000
266
272
520
437
735
-0.1718
-0.9589
-0.1850
3.7800
-5.1800
-3.5000
266
272
520
437
734
-0.1918
-0.9706
-0.1718
-0.5600
-2.5900
-4.6200
266
273
520
437
732
-0.1781
-0.9462
-0.1859
1.5400
-3.9900
-1.4700
266
272
520
437
731
-0.1737
-0.9506
-0.1830
1.0500
-6.7200
-0.9800
267
273
520
436
731
-0.1913
-0.9550
-0.1986
0.6300
-3.5700
-2.4500
267
273
520
436
732
-0.1796
-0.9565
-0.1830
1.3300
-4.7600
-0.9800
266
273
520
436
737
-0.1879
-0.9672
-0.1801
-2.1700
-4.0600
-5.3900
266
273
520
436
747
-0.1669
-0.9331
-0.1947
1.6800
-6.5800
-0.7700
266
274
520
435
762
-0.1859
-0.9706
-0.1659
2.9400
-9.5900
-7.2800
267
277
519
435
790
-0.1610
-0.9579
-0.2128
0.8400
-10.0100
-4.5500
268
278
518
434
809
-0.1757
-0.9677
-0.1864
2.5900
-8.2600
-2.3100
268
279
517
435
817
-0.1825
-0.9618
-0.2045
1.5400
-9.7300
-2.1700
268
280
516
435
837
-0.1674
-0.9902
-0.1679
1.4000
-9.3100
-4.3400
268
282
516
433
844
-0.1981
-0.9545
-0.1918
-1.7500
-10.0800
3.1500
269
285
515
432
853
-0.2176
-0.9975
-0.1869
-5.7400
6.0900
-7.5600
269
287
515
431
831
-0.1625
-0.9438
-0.2191
4.6200
-2.5900
-7.0700
272
290
515
431
785
-0.1845
-0.9662
-0.2050
6.6500
4.2000
-7.4900
274
296
516
431
725
-0.1493
-0.9721
-0.1820
1.1900
-4.4100
-7.2100
277
311
516
430
652
-0.1537
-0.9521
-0.1840
2.3800
-11.4100
-5.8800
281
318
516
429
622
-0.1410
-0.9584
-0.1835
-6.5100
-8.6100
-2.4500
300
341
518
430
594
-0.1557
-0.9531
-0.2123
-5.0400
-5.0400
-3.0800
317
366
519
431
587
-0.1464
-0.9594
-0.2250
-3.1500
-10.6400
1.7500
329
382
519
431
587
-0.1815
-0.9726
-0.2606
6.4400
-9.4500
2.1700
322
429
520
432
595
-0.1820
-0.9579
-0.2167
0.0700
-11.4100
-3.6400
331
437
520
432
587
-0.1645
-0.9492
-0.2216
5.3200
-5.3900
3.1500
352
449
520
432
571
-0.1635
-0.9238
-0.2054
4.6900
-6.7900
6.3000
368
461
520
432
562
-0.1952
-0.9599
-0.1962
7.0700
-2.1700
7.2100
374
467
520
433
556
-0.2157
-0.9516
-0.2098
1.5400
-3.2200
2.5900
375
469
520
433
560
-0.1981
-0.9316
-0.2318
8.8900
-7.9100
2.8000
376
470
520
433
570
-0.2284
-0.9667
-0.1820
-2.3100
-6.8600
-4.9000
375
470
520
433
574
-0.2045
-0.9292
-0.2098
-3.2900
-6.0900
-2.5200
375
470
520
433
578
-0.2059
-0.9448
-0.2147
3.7100
-7.0000
1.4000
374
470
520
433
592
-0.2211
-0.9370
-0.2059
1.4000
-4.1300
-2.5200
373
469
520
433
602
-0.2084
-0.9423
-0.1913
-0.4900
-5.9500
-2.1000
373
468
520
433
603
-0.2362
-0.9457
-0.2040
0.0000
-4.2000
-1.0500
373
468
520
433
599
-0.2216
-0.9326
-0.2020
0.9100
-5.7400
-5.1100
372
467
520
433
598
-0.2235
-0.9355
-0.2113
2.2400
-6.0200
-3.3600
373
467
520
433
598
-0.2367
-0.9565
-0.2059
-0.9800
-5.0400
-6.5800
373
467
520
433
598
-0.2201
-0.9311
-0.2137
0.7700
-5.2500
-4.5500
372
466
520
433
601
-0.2157
-0.9399
-0.2084
0.5600
-6.5800
-2.6600
372
466
520
433
599
-0.2245
-0.9433
-0.2201
-2.1000
-1.8900
-2.1700
372
465
520
433
598
-0.2176
-0.9409
-0.2211
2.0300
-0.2800
-4.2000
373
464
520
433
596
-0.2255
-0.9345
-0.2186
2.9400
0.7700
-4.2700
374
462
520
432
593
-0.2211
-0.9365
-0.2123
2.0300
0.0000
-3.0100
374
452
520
432
590
-0.2118
-0.9301
-0.2367
8.2600
-3.5000
-3.7100
372
440
520
433
589
-0.2167
-0.9560
-0.2025
8.1200
-2.7300
-1.8200
358
420
519
433
593
-0.2064
-0.9379
-0.2006
5.1800
-4.7600
-1.6100
324
383
519
433
593
-0.2035
-0.9433
-0.1962
8.7500
-5.4600
-3.0800
281
336
518
433
595
-0.2079
-0.9550
-0.2025
0.4900
-2.7300
-2.1700
252
311
514
431
595
-0.2245
-0.9521
-0.1854
3.4300
-5.8100
-0.5600
240
300
511
429
600
-0.2069
-0.9496
-0.1884
4.9000
-6.3700
-2.8000
234
297
508
427
609
-0.2176
-0.9521
-0.1737
-0.2800
-6.3700
-1.8900
231
296
505
425
642
-0.2045
-0.9618
-0.1723
2.7300
-6.7900
0.4200
230
297
504
424
690
-0.2250
-0.9521
-0.1947
0.3500
-5.8800
-2.3100
229
296
504
424
734
-0.2250
-0.9589
-0.1771
0.7700
-6.2300
-2.8700
228
296
504
424
773
-0.2367
-0.9501
-0.1859
-3.2200
-5.0400
-2.8700
227
297
504
424
794
-0.2289
-0.9487
-0.1991
3.7800
-3.9200
-5.7400
226
299
504
425
809
-0.2225
-0.9560
-0.1845
6.5100
-3.7100
-4.2000
225
303
505
425
832
-0.2128
-0.9711
-0.2054
6.1600
-5.3200
-4.3400
224
303
506
424
844
-0.2250
-0.9599
-0.1913
2.3100
-4.9700
-3.9200
223
303
506
424
853
-0.2074
-0.9570
-0.1835
-1.7500
-4.1300
-3.9200
222
303
506
424
853
-0.2240
-0.9599
-0.1781
0.2800
-3.9900
-9.5200
223
304
507
423
853
-0.2011
-0.9487
-0.1884
-3.7800
-5.3900
-7.5600
223
305
507
422
855
-0.1986
-0.9170
-0.2020
-5.6000
-1.3300
-3.2200
224
306
507
421
848
-0.2211
-0.9267
-0.2211
3.6400
1.6100
-1.1200
224
306
507
421
842
-0.2035
-0.9550
-0.2030
6.5100
-3.0100
-1.6100
224
307
506
422
841
-0.2172
-0.9579
-0.1952
4.5500
0.3500
-4.0600
225
307
506
423
837
-0.2059
-0.9379
-0.1976
3.4300
0.2100
-3.8500
225
306
506
422
838
-0.1879
-0.9443
-0.1864
5.8100
-5.9500
-2.8000
225
307
506
422
834
-0.2123
-0.9697
-0.1771
1.3300
-2.9400
-3.5000
225
307
506
423
836
-0.2050
-0.9531
-0.1942
2.1700
-3.5000
-3.6400
226
308
506
423
833
-0.2050
-0.9609
-0.1962
3.0100
-3.7100
-4.9000
226
308
506
423
834
-0.1996
-0.9604
-0.2142
3.6400
-4.2000
-2.8000
225
304
506
423
831
-0.1986
-0.9643
-0.1835
0.1400
-4.2000
-0.9800
225
305
506
424
833
-0.1952
-0.9550
-0.2079
3.3600
-4.4100
-3.0100
225
305
507
424
833
-0.1972
-0.9506
-0.1903
4.6900
-2.4500
-4.2000
226
305
508
424
833
-0.1893
-0.9453
-0.1986
3.5000
-4.3400
-3.8500
226
306
508
424
833
-0.1942
-0.9555
-0.1923
2.4500
-5.6000
-4.8300
226
306
508
424
835
-0.1952
-0.9589
-0.1820
0.2800
-4.6200
-5.8100
226
306
509
423
836
-0.1815
-0.9418
-0.1962
2.0300
-5.5300
-4.9700
226
306
510
422
837
-0.1952
-0.9428
-0.1850
0.2100
-5.1800
-4.6900
225
306
512
422
838
-0.1854
-0.9272
-0.1898
1.4700
-4.4100
-1.5400
225
306
512
422
840
-0.1884
-0.9550
-0.1869
2.7300
-2.5900
-2.5900
225
306
512
423
839
-0.1928
-0.9506
-0.2054
5.5300
-2.8700
-3.2900
225
307
512
423
838
-0.1889
-0.9565
-0.1718
4.2700
-3.7100
-4.9700
225
307
512
423
839
-0.1986
-0.9545
-0.1703
2.6600
-2.8000
-0.7700
225
307
512
423
840
-0.1928
-0.9492
-0.1864
1.2600
-2.3100
-2.0300
226
308
512
423
833
-0.1976
-0.9648
-0.1801
-3.7100
-7.2100
-5.8800
229
308
511
422
806
-0.1723
-0.9428
-0.2006
-2.3800
-1.4700
-3.4300
235
304
509
420
723
-0.1825
-0.9550
-0.1840
3.2900
-2.5200
-3.7800
239
311
508
417
667
-0.1713
-0.9472
-0.1928
0.9100
-6.7200
-3.5000
243
316
508
416
644
-0.1806
-0.9433
-0.1976
-4.8300
-7.6300
3.5700
268
343
509
416
637
-0.1972
-0.9438
-0.2098
0.7700
-5.3200
1.4700
318
416
512
418
632
-0.2045
-0.9394
-0.1947
5.8100
-3.7800
-0.9800
347
452
514
420
630
-0.2123
-0.9423
-0.2079
-1.2600
-2.8700
-1.8200
372
469
516
421
629
-0.2098
-0.9384
-0.2011
5.4600
-3.1500
-1.6100
384
482
517
422
628
-0.2054
-0.9350
-0.1942
0.4200
-4.9000
-0.7000
393
489
518
423
626
-0.2201
-0.9648
-0.1801
3.3600
-3.0100
-2.6600
401
494
519
423
623
-0.2186
-0.9516
-0.1976
10.0800
-2.1000
-2.2400
409
497
520
425
618
-0.2118
-0.9745
-0.1835
3.9200
-3.4300
-1.4000
413
499
521
428
612
-0.2050
-0.9623
-0.1859
4.7600
-3.0800
-1.5400
417
499
522
430
608
-0.2255
-0.9628
-0.1728
-0.2100
-2.5900
-5.6700
419
500
523
432
605
-0.2015
-0.9570
-0.1908
-3.5700
-2.0300
-2.3100
422
502
525
433
602
-0.2094
-0.9414
-0.1923
3.1500
-3.8500
1.0500
422
503
526
434
602
-0.2279
-0.9467
-0.1879
2.2400
-4.2700
-3.0100
423
503
526
434
601
-0.2196
-0.9326
-0.1864
6.8600
-4.9000
-2.3100
423
503
526
434
600
-0.2196
-0.9560
-0.1713
2.8000
-4.6200
-2.4500
424
503
526
434
598
-0.2323
-0.9521
-0.1708
2.1700
-5.4600
-5.1800
426
503
526
434
597
-0.2167
-0.9516
-0.1679
2.1700
-3.9900
-3.0100
428
503
526
434
597
-0.2264
-0.9404
-0.1674
1.1900
-4.0600
-2.6600
428
503
526
434
597
-0.2357
-0.9536
-0.1620
1.9600
-5.6000
-4.3400
429
503
526
434
597
-0.2240
-0.9423
-0.1718
1.8900
-4.5500
-3.5000
431
502
526
433
599
-0.2191
-0.9496
-0.1752
3.3600
-4.3400
-2.1000
432
502
526
433
599
-0.2259
-0.9638
-0.1747
4.9000
-2.6600
-3.5700
432
501
526
433
599
-0.2294
-0.9487
-0.1606
1.6100
-3.6400
-2.5900
432
501
526
432
597
-0.2230
-0.9496
-0.1708
1.7500
-3.9900
-3.0100
431
500
526
432
597
-0.2220
-0.9579
-0.1718
2.2400
-3.1500
-1.4700
430
498
526
432
597
-0.2255
-0.9511
-0.1693
3.5000
-2.1700
-3.5000
423
493
525
432
598
-0.2245
-0.9379
-0.1698
3.9200
-1.5400
-3.2900
404
473
525
431
602
-0.2338
-0.9618
-0.1732
5.6000
-2.1700
-5.5300
376
441
525
431
603
-0.2157
-0.9584
-0.1757
1.4000
-4.4100
-3.7800
341
391
524
431
605
-0.2103
-0.9545
-0.1484
4.6200
-3.0800
-4.9000
317
342
523
429
605
-0.2162
-0.9472
-0.1703
5.3900
-3.8500
-3.3600
296
318
521
429
603
-0.2176
-0.9516
-0.1493
1.9600
-1.4700
-4.6200
281
307
519
428
601
-0.2040
-0.9457
-0.1547
-8.1900
-6.5100
-2.8700
276
303
516
428
597
-0.2113
-0.9409
-0.1752
-5.6000
-2.8000
-0.2800
270
298
514
428
617
-0.2045
-0.9531
-0.1752
1.0500
-1.4700
2.2400
269
297
512
428
702
-0.2020
-0.9301
-0.1747
0.9100
-2.5900
-0.1400
271
296
511
428
754
-0.2279
-0.9516
-0.1742
1.6800
-1.8900
0.7700
275
292
510
429
784
-0.2133
-0.9516
-0.1820
9.3800
-2.1000
-7.2800
278
288
511
429
796
-0.2206
-0.9809
-0.1679
10.4300
-1.4000
-2.5200
278
287
511
429
798
-0.2259
-0.9414
-0.1508
0.5600
-5.0400
1.1900
281
286
513
427
789
-0.2054
-0.9457
-0.1527
0.7700
-5.1100
0.1400
282
288
514
427
789
-0.2406
-0.9448
-0.1645
4.4800
-5.2500
-0.3500
282
288
514
427
796
-0.2323
-0.9575
-0.1523
1.4700
-4.6200
-2.9400
280
285
514
426
802
-0.2303
-0.9536
-0.1796
5.0400
-3.9900
-3.3600
280
286
514
425
800
-0.2338
-0.9565
-0.1630
5.2500
-4.3400
-4.2700
280
286
514
425
801
-0.2416
-0.9618
-0.1581
2.8700
-5.3900
-4.4100
280
287
514
424
799
-0.2372
-0.9467
-0.1547
3.1500
-4.9000
-3.2200
280
287
514
424
796
-0.2396
-0.9550
-0.1508
1.7500
-4.5500
-4.1300
280
288
514
424
801
-0.2391
-0.9467
-0.1688
3.6400
-5.3200
-3.2900
281
289
514
423
799
-0.2391
-0.9701
-0.1459
3.7800
-3.8500
-3.2900
281
289
514
423
797
-0.2294
-0.9462
-0.1527
3.0100
-4.2700
-2.1700
281
290
514
423
797
-0.2372
-0.9540
-0.1493
3.1500
-3.5000
-2.9400
281
291
514
423
794
-0.2318
-0.9496
-0.1552
4.2000
-3.7100
-2.1700
281
291
514
423
794
-0.2328
-0.9511
-0.1498
2.5200
-5.8800
-2.7300
282
292
514
423
793
-0.2430
-0.9594
-0.1479
2.6600
-2.8700
-3.0800
282
292
514
422
793
-0.2318
-0.9365
-0.1449
1.9600
-4.6200
-2.2400
282
292
514
422
792
-0.2440
-0.9584
-0.1357
2.7300
-4.8300
-4.1300
282
293
514
422
789
-0.2391
-0.9555
-0.1474
3.5700
-5.3200
-2.9400
282
293
514
422
791
-0.2518
-0.9633
-0.1464
3.3600
-4.6900
-3.8500
282
294
514
421
790
-0.2425
-0.9711
-0.1425
3.2200
-4.1300
-3.7800
282
294
514
421
789
-0.2318
-0.9472
-0.1376
1.9600
-4.7600
-2.1000
282
294
514
421
788
-0.2464
-0.9560
-0.1401
2.5900
-2.7300
-2.2400
282
295
514
421
787
-0.2308
-0.9536
-0.1430
2.1700
-4.0600
-1.8900
281
293
514
421
794
-0.2411
-0.9389
-0.1430
1.8200
-4.4100
-2.5200
280
292
514
420
795
-0.2430
-0.9453
-0.1386
1.6800
-4.1300
-3.0100
280
291
514
420
799
-0.2396
-0.9487
-0.1196
-1.4000
-2.3100
-3.6400
277
288
514
420
806
-0.2377
-0.9399
-0.1469
0.6300
-4.5500
-2.5900
277
287
514
420
801
-0.2435
-0.9531
-0.1352
1.1200
-3.9200
-3.7800
276
286
514
421
799
-0.2381
-0.9560
-0.1474
-0.6300
-4.4100
-3.2200
277
287
513
421
793
-0.2420
-0.9453
-0.1347
-1.9600
-4.1300
-4.1300
277
288
513
422
785
-0.2386
-0.9550
-0.1581
-4.5500
-3.9200
-6.7200
278
290
513
422
770
-0.2318
-0.9570
-0.1542
-7.5600
-3.9900
-10.9900
282
298
514
423
713
-0.1781
-0.9687
-0.1918
-13.5800
-3.6400
-13.5800
298
314
515
426
666
-0.1786
-0.9609
-0.2381
2.5200
-3.0100
-5.2500
335
379
517
427
657
-0.1913
-0.9618
-0.2142
12.0400
-1.5400
2.0300
381
426
521
430
636
-0.1835
-0.9604
-0.2108
4.4100
-5.3200
3.9200
397
477
523
433
606
-0.2211
-0.9589
-0.1903
3.1500
-7.2800
2.8000
407
492
524
435
590
-0.2372
-0.9618
-0.1874
8.2600
-6.2300
-4.5500
416
497
525
437
535
-0.1972
-0.9692
-0.1786
14.1400
-6.7200
-6.6500
420
500
527
440
512
-0.2172
-0.9501
-0.1625
8.1200
-4.2000
-4.9700
421
501
527
441
513
-0.2147
-0.9706
-0.1547
1.1200
-4.0600
-3.9200
421
502
528
442
512
-0.2128
-0.9682
-0.1586
3.4300
-5.4600
-4.7600
419
501
528
442
511
-0.2181
-0.9687
-0.1474
3.9900
-3.1500
-4.8300
419
501
528
442
513
-0.2123
-0.9550
-0.1654
1.4000
-3.9200
-3.4300
418
501
528
442
514
-0.2225
-0.9540
-0.1630
2.3800
-4.2000
-2.7300
418
501
528
442
512
-0.2235
-0.9521
-0.1586
4.4100
-3.5000
-2.8700
417
501
528
442
515
-0.2172
-0.9594
-0.1566
-0.2800
-3.3600
-3.8500
417
500
528
442
515
-0.2172
-0.9599
-0.1576
1.7500
-3.8500
-4.4100
417
500
528
441
513
-0.2220
-0.9589
-0.1557
1.8200
-4.2000
-3.6400
416
500
528
441
515
-0.2191
-0.9521
-0.1581
2.1000
-3.6400
-4.0600
416
500
528
441
515
-0.2176
-0.9579
-0.1601
0.7700
-4.4100
-3.7800
416
499
528
441
513
-0.2089
-0.9623
-0.1576
2.1700
-5.0400
-4.2000
415
499
528
441
516
-0.2074
-0.9648
-0.1596
0.2100
-3.6400
-3.2900
415
498
528
440
517
-0.2133
-0.9604
-0.1640
4.1300
-3.9200
-5.4600
414
492
528
439
515
-0.2128
-0.9697
-0.1484
5.9500
-0.9800
-3.0800
407
479
527
438
519
-0.1913
-0.9506
-0.1469
4.1300
-2.3100
-2.4500
398
462
527
437
521
-0.2045
-0.9604
-0.1542
3.8500
-1.8200
-4.9000
370
430
527
433
525
-0.2035
-0.9623
-0.1552
4.4800
-2.9400
-3.5000
322
379
526
430
535
-0.1850
-0.9638
-0.1410
7.4900
-3.0100
-2.1000
289
341
525
426
540
-0.1962
-0.9531
-0.1181
3.0100
-4.6200
-4.2700
263
317
522
425
540
-0.1991
-0.9672
-0.1298
4.2000
-6.6500
-7.7000
248
305
519
424
541
-0.2015
-0.9614
-0.1259
5.1100
-6.0200
-5.7400
240
298
515
422
560
-0.1884
-0.9711
-0.1376
5.5300
-1.8200
-4.2000
236
298
513
420
613
-0.1908
-0.9677
-0.1464
0.6300
-0.4900
-2.5200
237
298
512
420
661
-0.1884
-0.9623
-0.1425
0.9100
-5.6000
-2.4500
238
299
513
422
699
-0.2006
-0.9765
-0.1440
17.8500
-1.8900
-5.2500
238
301
515
423
719
-0.1893
-0.9989
-0.1181
10.7800
-2.8000
-2.2400
238
302
518
422
719
-0.2108
-0.9721
-0.1147
3.5000
-2.6600
-2.1700
239
303
519
420
716
-0.2040
-0.9623
-0.1142
2.8700
-4.1300
-1.8900
239
304
519
419
716
-0.2040
-0.9653
-0.1098
1.7500
-4.8300
-2.5900
240
305
519
420
717
-0.2098
-0.9677
-0.1186
5.8800
-2.9400
-3.0800
239
305
520
421
722
-0.2015
-0.9643
-0.1078
3.7100
-3.3600
-4.2700
239
305
520
422
720
-0.2108
-0.9584
-0.1054
3.3600
-3.6400
-3.2200
239
305
520
423
719
-0.2079
-0.9721
-0.0961
1.4000
-4.4800
-2.9400
239
306
520
423
719
-0.2074
-0.9511
-0.1078
3.9200
-3.9900
-3.7100
239
307
520
423
719
-0.1981
-0.9526
-0.0971
1.9600
-4.2700
-3.8500
239
307
520
423
721
-0.2050
-0.9594
-0.0922
1.5400
-5.3200
-2.8000
240
308
521
423
719
-0.2113
-0.9614
-0.0991
-0.9800
-4.4100
-3.7800
240
308
520
423
719
-0.2050
-0.9565
-0.1035
2.1700
-5.6000
-3.5000
240
309
520
423
718
-0.2040
-0.9682
-0.1039
0.5600
-4.9700
-2.8700
241
309
520
423
719
-0.1996
-0.9618
-0.1039
2.8000
-5.0400
-4.2700
241
309
520
423
721
-0.2054
-0.9736
-0.1020
-0.2100
-5.1100
-4.1300
241
309
520
423
719
-0.2079
-0.9609
-0.1035
1.4700
-5.0400
-4.1300
241
309
520
423
719
-0.1981
-0.9555
-0.1064
0.3500
-6.1600
-2.0300
241
309
520
423
719
-0.2157
-0.9799
-0.1049
2.8000
-3.3600
-3.0100
241
310
520
423
719
-0.1957
-0.9521
-0.1122
3.7800
-3.9200
-2.3800
241
310
521
423
720
-0.2079
-0.9809
-0.0922
2.6600
-4.3400
-1.9600
241
310
520
423
721
-0.2001
-0.9658
-0.1093
3.3600
-4.9000
-2.5900
241
310
520
423
721
-0.2059
-0.9833
-0.0981
2.3800
-3.4300
-3.4300
241
310
521
423
722
-0.2054
-0.9692
-0.1108
0.9800
-3.6400
-2.2400
241
310
521
422
720
-0.2006
-0.9692
-0.0908
0.2100
-3.5000
-3.0100
241
310
520
422
720
-0.2108
-0.9614
-0.1000
0.3500
-3.5700
-2.1700
241
310
520
423
723
-0.2020
-0.9643
-0.0927
2.1000
-4.1300
-2.5900
241
310
520
423
721
-0.2040
-0.9697
-0.1010
1.1200
-4.1300
-3.7800
241
310
520
422
722
-0.2074
-0.9589
-0.0888
2.2400
-4.2000
-3.0100
241
310
521
422
723
-0.1976
-0.9609
-0.1035
-1.3300
-4.1300
-1.6800
241
310
521
422
721
-0.2069
-0.9672
-0.0976
-0.8400
-2.0300
-2.8000
243
311
521
422
710
-0.1908
-0.9579
-0.1152
-2.5900
-3.7800
-2.0300
245
310
521
421
693
-0.2128
-0.9628
-0.1196
0.5600
-4.4100
-3.7100
247
310
520
421
672
-0.2001
-0.9623
-0.1064
0.1400
-3.2200
-3.2200
248
311
520
420
657
-0.2054
-0.9614
-0.1210
-4.0600
-4.4100
-4.9000
250
317
520
419
608
-0.1986
-0.9462
-0.1108
-3.0800
-3.5000
-1.4000
255
328
519
418
578
-0.2006
-0.9501
-0.1318
-7.3500
-4.3400
0.0700
275
361
519
419
555
-0.2123
-0.9662
-0.1542
4.4800
-5.9500
-1.2600
343
436
521
423
541
-0.2103
-0.9692
-0.1113
0.6300
-4.4800
-2.1000
385
474
521
425
539
-0.1932
-0.9428
-0.1391
-3.0800
-5.1800
-1.8200
400
492
522
427
540
-0.2025
-0.9648
-0.1557
-0.7000
-2.4500
-1.3300
413
499
523
428
540
-0.1976
-0.9423
-0.1391
1.8900
-3.0100
0.7700
420
503
524
429
537
-0.2079
-0.9438
-0.1420
-2.3800
-6.7900
1.4000
424
504
525
431
533
-0.2123
-0.9492
-0.1513
0.7700
-4.4800
-2.1000
427
505
525
431
531
-0.2250
-0.9604
-0.1444
-1.4000
-2.3800
-6.1600
428
505
525
432
528
-0.1972
-0.9780
-0.1645
-6.7200
-3.9200
-3.0100
428
506
526
434
528
-0.2196
-0.9536
-0.1659
3.4300
-4.5500
-3.5000
428
506
526
434
530
-0.2108
-0.9516
-0.1620
0.9800
-3.9200
-3.1500
428
506
526
435
531
-0.1986
-0.9482
-0.1664
3.1500
-2.8700
-2.3100
428
506
526
434
528
-0.2142
-0.9550
-0.1674
5.6700
-4.1300
-2.9400
428
506
526
434
531
-0.2084
-0.9623
-0.1566
2.7300
-4.5500
-3.5700
428
506
526
434
531
-0.1991
-0.9618
-0.1640
5.9500
-3.3600
-3.8500
427
506
526
434
529
-0.2084
-0.9726
-0.1444
4.5500
-4.4800
-4.2000
427
506
526
434
531
-0.2074
-0.9648
-0.1562
4.9700
-4.6900
-3.7800
427
505
526
434
531
-0.2079
-0.9638
-0.1479
3.7800
-3.9200
-3.5700
426
504
526
433
529
-0.2142
-0.9565
-0.1352
1.8200
-3.5000
-4.5500
426
503
526
433
530
-0.2025
-0.9511
-0.1357
2.7300
-2.1700
-4.3400
424
496
525
433
533
-0.2001
-0.9687
-0.1435
0.3500
-3.8500
-5.1100
416
477
525
432
533
-0.1942
-0.9736
-0.1645
4.3400
-2.1700
-3.8500
392
445
525
432
531
-0.2006
-0.9784
-0.1571
4.9700
-0.9800
-3.8500
378
400
525
432
536
-0.1879
-0.9750
-0.1430
6.7200
-4.4800
-5.6000
355
353
524
430
540
-0.1967
-0.9618
-0.1396
7.6300
-4.4800
-3.5700
327
324
523
428
540
-0.1991
-0.9770
-0.1235
10.6400
-1.8900
-3.7800
304
306
521
426
546
-0.1923
-0.9726
-0.1220
6.6500
-2.1700
-4.6900
279
299
518
423
549
-0.1850
-0.9633
-0.1054
4.4800
-6.0200
-2.7300
267
293
515
418
565
-0.1991
-0.9623
-0.1064
3.8500
-4.4800
-1.1200
263
292
513
416
623
-0.2059
-0.9809
-0.1005
8.3300
-3.1500
-2.7300
263
288
512
415
676
-0.1976
-0.9692
-0.0898
3.7800
-5.4600
-1.3300
259
283
511
414
723
-0.2147
-0.9677
-0.1044
-0.2800
-3.7800
-3.2200
254
279
510
410
752
-0.1903
-0.9672
-0.0874
2.1000
-2.1700
-2.1700
253
276
511
409
761
-0.1845
-0.9658
-0.0952
6.2300
-3.5700
-0.2100
253
274
511
409
753
-0.1937
-0.9716
-0.0795
5.5300
-2.2400
-1.1200
256
273
511
410
747
-0.1942
-0.9706
-0.0810
5.3200
-2.6600
-1.4700
257
273
512
411
743
-0.1962
-0.9916
-0.0815
5.6000
-3.7800
-0.0700
257
273
512
411
743
-0.2084
-0.9804
-0.0581
5.4600
-3.3600
-1.0500
255
270
512
409
761
-0.2045
-0.9721
-0.0615
5.1100
-3.3600
-2.7300
254
268
512
408
767
-0.2015
-0.9706
-0.0590
3.7100
-5.0400
-2.8000
254
269
512
408
767
-0.2020
-0.9789
-0.0630
4.9700
-5.0400
-1.4000
254
268
512
407
773
-0.2098
-0.9711
-0.0488
3.2900
-5.1800
-3.1500
254
269
512
407
776
-0.2108
-0.9760
-0.0586
2.8700
-5.2500
-4.5500
254
269
511
407
776
-0.1972
-0.9677
-0.0610
0.6300
-3.9900
-3.7800
255
270
511
407
774
-0.2094
-0.9833
-0.0551
3.4300
-5.6000
-3.4300
255
271
511
407
772
-0.2089
-0.9750
-0.0590
3.3600
-5.0400
-2.8700
256
272
512
407
772
-0.2079
-0.9814
-0.0605
1.2600
-4.9000
-5.1100
257
273
511
407
769
-0.2045
-0.9799
-0.0581
4.7600
-5.6000
-3.9900
257
273
511
407
768
-0.2108
-0.9716
-0.0590
7.3500
-4.5500
-3.1500
258
274
512
407
766
-0.2147
-0.9760
-0.0454
2.8700
-2.8700
-3.2900
258
275
512
408
765
-0.2069
-0.9545
-0.0547
1.8200
-4.2000
-2.1000
259
275
511
407
763
-0.2147
-0.9594
-0.0371
0.7000
-4.2000
-3.5700
259
276
511
407
762
-0.2015
-0.9575
-0.0405
0.2800
-3.8500
-2.9400
259
276
511
407
759
-0.2103
-0.9697
-0.0415
3.5700
-4.1300
-2.4500
260
277
511
407
759
-0.2054
-0.9775
-0.0454
3.0100
-4.8300
-4.4800
260
277
512
407
758
-0.2074
-0.9740
-0.0351
4.8300
-3.4300
-3.5700
260
277
511
407
757
-0.2113
-0.9750
-0.0464
5.8100
-3.2900
-3.0100
260
278
511
407
756
-0.2103
-0.9770
-0.0434
3.0100
-3.2900
-2.4500
260
278
511
407
755
-0.2045
-0.9658
-0.0283
2.1000
-4.5500
-2.4500
260
278
511
407
753
-0.2142
-0.9672
-0.0366
-2.2400
-4.2700
-5.6700
263
281
512
407
728
-0.2054
-0.9731
-0.0434
-5.7400
-7.4200
-9.6600
270
287
511
407
689
-0.2045
-0.9765
-0.0522
-3.8500
-4.4100
-11.1300
275
305
512
404
635
-0.1810
-0.9623
-0.0615
-3.6400
-5.1800
-3.7100
288
318
512
404
599
-0.1659
-0.9833
-0.0908
3.2200
-4.6900
-3.5700
298
330
513
407
581
-0.1845
-0.9677
-0.1098
6.1600
-8.5400
-0.6300
330
385
514
410
564
-0.1879
-0.9638
-0.0659
0.4200
-7.2100
-1.8200
369
426
516
414
556
-0.1962
-0.9633
-0.0834
-4.9700
-6.6500
-0.9800
405
458
519
417
551
-0.1937
-0.9599
-0.0698
-8.9600
-4.1300
-1.2600
405
488
521
419
537
-0.1688
-0.9667
-0.1220
-6.6500
-7.2100
0.3500
412
496
523
423
524
-0.2040
-0.9623
-0.1166
-0.2100
-3.9900
0.0700
415
499
524
425
518
-0.2089
-0.9760
-0.1215
-0.1400
-1.2600
-1.3300
416
500
524
427
514
-0.2074
-0.9565
-0.1171
-1.6800
-3.5000
-4.1300
416
500
525
428
516
-0.1932
-0.9428
-0.1132
-0.3500
-3.1500
-4.0600
416
500
525
428
516
-0.1986
-0.9604
-0.1191
3.8500
-1.6100
-3.6400
415
500
525
428
514
-0.1932
-0.9628
-0.1230
4.2000
-3.0100
-3.0800
415
499
525
428
517
-0.1957
-0.9780
-0.1220
5.3900
-2.8000
-3.0100
414
499
525
427
518
-0.1986
-0.9721
-0.1176
5.8800
-3.5700
-2.4500
414
499
525
427
516
-0.1932
-0.9809
-0.1166
1.7500
-2.5900
-3.7100
413
498
525
427
519
-0.1903
-0.9667
-0.1293
3.5700
-3.1500
-2.7300
413
498
525
427
519
-0.1889
-0.9599
-0.1074
3.9200
-5.8800
-3.0800
413
498
525
427
517
-0.1962
-0.9736
-0.1176
2.7300
-3.7800
-3.3600
413
497
525
427
519
-0.1947
-0.9677
-0.1118
2.7300
-4.4100
-3.3600
412
497
525
426
520
-0.2015
-0.9770
-0.1030
-0.4200
-4.1300
-4.9700
412
496
525
426
516
-0.1928
-0.9648
-0.1118
-3.5000
0.7000
-4.2000
412
495
524
426
519
-0.1698
-0.9531
-0.1054
0.4900
-5.0400
-3.4300
412
494
524
426
519
-0.1830
-0.9804
-0.1098
-1.4000
-3.2900
-2.4500
411
493
524
426
516
-0.1752
-0.9775
-0.1283
-0.8400
-5.8800
-3.2200
410
488
524
425
521
-0.1996
-0.9667
-0.1342
2.8000
-1.1900
-2.8000
409
487
524
425
521
-0.1781
-0.9706
-0.1210
1.8200
-3.9900
-2.8700
409
486
524
425
519
-0.1947
-0.9789
-0.1220
-4.9700
-2.5900
-1.1900
408
485
524
425
521
-0.1908
-0.9648
-0.1459
1.1900
-3.1500
-1.9600
407
476
524
424
522
-0.1796
-0.9819
-0.1322
3.7100
-4.3400
-5.3900
385
447
523
423
522
-0.1845
-0.9755
-0.1518
-4.1300
-2.2400
-3.9200
330
393
522
421
525
-0.1713
-0.9672
-0.1864
11.2000
-5.8100
-1.7500
283
339
519
420
531
-0.1962
-0.9472
-0.1293
5.8800
-2.1700
-0.7700
264
318
516
419
533
-0.1796
-0.9409
-0.1181
1.8900
-5.3200
-2.3100
254
307
514
416
532
-0.2074
-0.9609
-0.1064
5.8100
-4.5500
-1.6100
245
303
512
414
543
-0.1986
-0.9677
-0.1103
7.2800
-4.3400
-3.5700
240
298
509
413
571
-0.1874
-0.9521
-0.1005
-1.0500
-3.5700
3.9200
240
298
508
412
612
-0.1957
-0.9628
-0.1196
-1.1200
-2.5200
-0.0700
239
297
507
413
655
-0.2020
-0.9579
-0.1196
3.4300
-4.7600
-2.3800
236
294
506
414
691
-0.2064
-0.9599
-0.1254
4.1300
-2.8700
-2.8000
233
293
506
414
713
-0.1928
-0.9711
-0.1157
2.2400
-5.3900
-3.0100
231
294
506
414
726
-0.1903
-0.9653
-0.1069
3.4300
-5.1800
-4.2000
231
293
507
415
731
-0.1962
-0.9623
-0.1210
1.4000
-4.2700
-2.3100
230
295
507
415
742
-0.1986
-0.9623
-0.1283
3.7800
-5.4600
-2.4500
229
296
507
414
745
-0.2020
-0.9667
-0.1035
0.6300
-5.7400
-2.1700
230
297
507
413
741
-0.1996
-0.9653
-0.1254
2.0300
-4.4800
-2.1000
231
299
507
412
735
-0.2035
-0.9599
-0.1074
3.4300
-5.4600
-1.8900
233
300
507
411
729
-0.2133
-0.9501
-0.1171
0.0700
-2.5900
-0.9100
234
302
508
409
722
-0.2123
-0.9594
-0.1000
3.9200
-3.2200
-3.0800
235
303
508
411
721
-0.2123
-0.9623
-0.0976
0.4900
-4.6200
-2.9400
236
303
508
411
719
-0.2162
-0.9579
-0.1181
1.6100
-3.1500
-2.4500
237
304
508
410
718
-0.2011
-0.9721
-0.1000
3.0800
-4.6200
-3.5000
237
304
509
411
715
-0.2064
-0.9653
-0.1093
1.6100
-4.6900
-3.0100
237
304
509
411
714
-0.2108
-0.9745
-0.1020
3.8500
-3.9200
-4.2700
238
304
509
412
713
-0.2030
-0.9628
-0.1098
3.9200
-4.4800
-2.8700
238
304
509
412
712
-0.2113
-0.9687
-0.0996
3.2200
-3.5700
-2.4500
238
305
509
412
711
-0.2001
-0.9560
-0.0942
2.0300
-4.4800
-1.1900
239
305
509
412
711
-0.2103
-0.9653
-0.0898
1.3300
-3.0100
-2.9400
239
305
509
411
710
-0.2054
-0.9511
-0.0937
1.9600
-3.5000
-2.0300
239
305
509
411
709
-0.2128
-0.9609
-0.1010
1.5400
-3.9200
-2.9400
239
306
509
412
709
-0.2064
-0.9618
-0.0932
3.0100
-3.7100
-3.4300
239
306
509
413
710
-0.2045
-0.9672
-0.0956
3.7100
-4.0600
-2.6600
239
306
509
414
707
-0.2040
-0.9770
-0.1030
4.3400
-4.6200
-3.4300
240
306
509
413
707
-0.2045
-0.9687
-0.0952
3.7800
-4.6900
-2.4500
240
306
509
413
706
-0.2035
-0.9628
-0.0961
2.4500
-5.1800
-3.0800
240
307
509
413
706
-0.2181
-0.9648
-0.0927
3.0800
-4.2700
-1.6100
240
307
509
411
707
-0.2089
-0.9775
-0.0927
1.6800
-4.9000
-1.3300
241
307
508
411
708
-0.2079
-0.9682
-0.0917
1.0500
-3.1500
-2.8700
241
307
508
411
706
-0.2054
-0.9643
-0.0883
2.3100
-4.0600
-3.4300
241
307
508
411
705
-0.2064
-0.9677
-0.0883
1.7500
-3.7800
-2.7300
241
307
508
411
705
-0.2094
-0.9711
-0.0956
0.9800
-3.2900
-3.7100
241
307
508
411
704
-0.2025
-0.9716
-0.0927
1.8900
-3.4300
-2.7300
241
307
508
411
705
-0.2137
-0.9687
-0.0937
1.4700
-8.4000
-9.8700
242
307
508
410
693
-0.1991
-1.0102
-0.1449
-19.1100
-3.5700
-4.9700
250
313
506
408
550
-0.2045
-0.9428
-0.1547
-7.7000
-0.5600
-4.2000
253
317
505
408
496
-0.1786
-0.9716
-0.1484
-5.3200
-5.3900
-7.3500
263
329
507
411
483
-0.1923
-0.9614
-0.1698
-9.1000
-11.5500
-7.0000
303
373
510
413
476
-0.1972
-0.9370
-0.1591
7.5600
-4.8300
-3.5700
349
429
514
416
472
-0.1810
-0.9877
-0.1679
2.3100
-0.7000
-0.2800
389
468
517
419
473
-0.1815
-0.9667
-0.1635
8.1200
0.2800
0.2100
414
491
520
422
471
-0.2025
-0.9740
-0.1513
6.8600
0.8400
-0.9800
423
499
522
423
472
-0.2006
-0.9672
-0.1610
9.5200
0.2800
-2.0300
428
502
523
425
469
-0.1957
-0.9687
-0.1484
9.8700
-1.0500
-5.1100
430
504
524
427
469
-0.2054
-0.9682
-0.1357
8.1200
-1.8900
-3.7100
431
505
525
428
467
-0.1981
-0.9555
-0.1318
1.8200
-2.6600
-3.3600
431
505
525
429
469
-0.1830
-0.9516
-0.1269
4.9000
-7.7000
-2.8700
431
505
525
429
467
-0.2020
-0.9721
-0.1274
6.7200
-3.5700
-4.6900
431
505
525
429
469
-0.1893
-0.9609
-0.1303
-1.3300
-5.7400
-0.7000
431
505
525
429
470
-0.1967
-0.9633
-0.1303
4.3400
-9.1000
-1.5400
430
504
525
429
472
-0.2118
-0.9614
-0.1030
2.9400
-6.3000
-4.1300
430
504
525
428
473
-0.2079
-0.9467
-0.1362
2.4500
-3.5000
-3.0100
429
503
524
428
473
-0.2035
-0.9906
-0.0903
2.0300
-1.1900
-9.5900
429
503
524
428
473
-0.1698
-0.9736
-0.0800
-2.7300
-8.8900
-3.7100
428
503
524
428
474
-0.2250
-0.9784
-0.1342
-1.4700
0.8400
-10.4300
427
502
524
427
474
-0.1723
-0.9492
-0.1366
-10.6400
6.6500
-7.0700
426
499
524
424
471
-0.1420
-0.9536
-0.1771
-0.4900
-1.8200
-17.0800
424
496
523
420
473
-0.1279
-1.0028
-0.1235
1.4700
1.1200
-22.1200
424
495
524
418
473
-0.1078
-0.9545
-0.1566
5.6000
-11.2000
-17.6400
424
494
524
417
471
-0.0996
-0.9975
-0.1454
7.7000
4.9700
-3.2900
424
493
524
418
472
-0.0937
-1.0756
-0.0712
-14.7700
17.8500
-3.2900
422
476
523
417
470
-0.0615
-0.9218
-0.1889
-21.3500
2.5200
3.9900
408
422
521
416
476
-0.0927
-0.9418
-0.2347
-7.7700
-12.9500
0.3500
379
354
520
416
485
-0.0839
-0.9438
-0.2216
18.9000
-11.2700
3.4300
350
312
520
415
494
-0.1420
-1.0136
-0.1825
5.7400
-6.0200
-3.2200
322
293
519
414
504
-0.0010
-0.9736
-0.1659
0.7000
1.3300
-7.9100
302
283
517
410
511
-0.0961
-0.9570
-0.1703
-5.4600
-3.5000
-5.0400
289
277
515
406
525
-0.0908
-0.9726
-0.1698
3.0100
-5.1800
-2.8000
282
275
513
404
591
-0.1449
-0.9575
-0.1986
-2.5900
-4.6200
2.1000
281
277
513
403
665
-0.1581
-0.9584
-0.1913
-7.0700
-3.6400
1.6800
282
276
513
402
708
-0.1513
-0.9614
-0.1962
-0.8400
-4.3400
-0.4200
281
269
513
402
738
-0.1205
-0.9736
-0.2045
-9.1000
-7.2800
0.7700
284
263
513
402
741
-0.1444
-0.9404
-0.2230
-9.3800
-5.9500
4.3400
288
264
513
405
736
-0.1391
-0.9545
-0.2181
0.9800
-5.1100
-0.2800
289
264
514
405
741
-0.1474
-0.9618
-0.2191
0.4200
-6.0200
-0.8400
287
261
514
405
751
-0.1479
-0.9506
-0.2259
3.2200
-5.8800
0.0000
287
260
514
405
753
-0.1454
-0.9662
-0.2167
2.3100
-5.1800
-1.2600
288
262
514
405
749
-0.1518
-0.9496
-0.2025
0.1400
-3.6400
-2.2400
289
264
514
405
744
-0.1435
-0.9482
-0.2098
2.1000
-4.6900
-0.4200
290
264
514
405
742
-0.1571
-0.9721
-0.2147
6.6500
-4.2000
-0.6300
290
265
514
405
740
-0.1444
-0.9589
-0.1991
2.1700
-5.9500
-1.0500
291
267
514
405
738
-0.1742
-0.9531
-0.2011
1.4000
-4.0600
-1.4700
291
268
514
405
736
-0.1625
-0.9521
-0.1972
3.5000
-3.9200
-2.6600
291
269
514
405
735
-0.1606
-0.9604
-0.2006
4.6900
-3.1500
-3.7100
292
269
514
404
734
-0.1664
-0.9599
-0.1879
0.0000
-3.5700
-3.3600
292
270
514
404
733
-0.1562
-0.9555
-0.2069
1.1900
-4.3400
-2.8700
292
270
514
404
731
-0.1713
-0.9643
-0.2015
0.9100
-4.1300
-2.9400
292
271
514
404
730
-0.1620
-0.9575
-0.1996
1.8200
-4.2700
-3.2900
292
271
514
404
730
-0.1620
-0.9526
-0.2045
3.3600
-4.3400
-2.3800
292
271
514
404
729
-0.1659
-0.9667
-0.1884
1.4000
-3.9200
-3.9200
293
272
514
405
729
-0.1630
-0.9492
-0.2050
1.9600
-3.5000
-3.6400
293
272
514
404
727
-0.1557
-0.9594
-0.1981
2.0300
-5.1100
-2.3800
293
273
514
405
726
-0.1640
-0.9589
-0.1972
1.8200
-3.5700
-3.0100
293
273
514
404
725
-0.1649
-0.9555
-0.1928
1.4000
-3.8500
-3.5700
293
273
513
404
725
-0.1562
-0.9570
-0.1884
1.2600
-4.4800
-2.6600
294
274
513
404
726
-0.1649
-0.9594
-0.1991
-0.1400
-3.6400
-3.5700
294
274
513
404
723
-0.1698
-0.9516
-0.2059
1.8900
-2.8000
-4.2700
294
275
513
404
720
-0.1620
-0.9604
-0.1972
-1.0500
-5.1100
-4.5500
294
275
514
405
718
-0.1523
-0.9604
-0.2186
2.8700
-4.5500
-2.5200
292
273
514
406
725
-0.1640
-0.9677
-0.2108
5.3900
-4.8300
1.0500
286
267
514
406
742
-0.1693
-0.9604
-0.2001
1.0500
-3.6400
-2.4500
287
269
514
407
734
-0.1630
-0.9618
-0.2142
-0.2100
-3.7800
-2.1000
289
273
514
407
719
-0.1737
-0.9672
-0.1981
-2.5900
-5.9500
-6.7900
280
294
512
405
604
-0.1518
-0.9496
-0.2230
-1.2600
-9.2400
-4.7600
287
337
512
406
545
-0.1401
-0.9252
-0.2176
-2.5900
-14.3500
0.9100
331
392
513
410
533
-0.1674
-0.9506
-0.1918
4.4100
-6.1600
-0.4200
373
437
516
412
531
-0.1810
-0.9321
-0.2186
1.9600
-8.6100
1.4700
400
466
518
416
525
-0.1728
-0.9570
-0.2172
-4.2000
-4.5500
-2.1700
406
482
520
420
520
-0.1869
-0.9521
-0.2279
2.6600
-1.8200
-0.8400
411
488
521
424
517
-0.1932
-0.9594
-0.1957
3.2200
0.2100
0.4900
415
492
523
428
509
-0.1928
-0.9448
-0.2152
7.7700
-3.5000
2.6600
418
494
524
431
507
-0.1991
-0.9467
-0.1932
0.2100
-3.5000
-1.1200
418
495
524
433
506
-0.2094
-0.9418
-0.1952
0.7700
-3.1500
-3.0800
419
495
524
434
503
-0.1996
-0.9531
-0.1874
4.3400
-1.6800
-4.0600
421
497
525
434
504
-0.1903
-0.9321
-0.1879
0.4900
-4.8300
-2.6600
422
498
525
435
503
-0.2030
-0.9482
-0.1976
4.6900
-2.7300
-2.7300
423
499
525
436
503
-0.1991
-0.9550
-0.1937
3.7100
-3.7800
-4.0600
423
499
525
436
503
-0.1981
-0.9614
-0.1923
2.4500
-4.3400
-1.8200
423
499
525
436
501
-0.1952
-0.9531
-0.2050
3.9200
-4.0600
-2.9400
423
499
525
435
504
-0.1986
-0.9628
-0.1859
0.9800
-4.6900
-2.8000
422
499
525
435
504
-0.1972
-0.9472
-0.1942
2.4500
-3.9200
-3.2900
422
498
525
435
502
-0.2006
-0.9633
-0.1903
2.1000
-4.3400
-4.2000
422
497
525
435
505
-0.1859
-0.9521
-0.1913
7.9100
-3.7100
-1.8900
422
495
525
435
503
-0.1942
-0.9614
-0.1752
4.4100
-3.5700
-2.2400
422
494
525
435
506
-0.1967
-0.9531
-0.1879
3.5700
-3.6400
-2.1000
421
493
525
435
506
-0.1893
-0.9526
-0.1825
5.2500
-4.3400
-1.1900
422
492
525
435
504
-0.1952
-0.9511
-0.1713
5.4600
-3.7800
-2.1700
422
489
525
434
507
-0.1996
-0.9540
-0.1610
2.2400
-3.5000
-2.1000
421
484
525
434
507
-0.1942
-0.9414
-0.1566
0.0000
-4.0600
-3.8500
421
480
525
434
506
-0.1972
-0.9706
-0.1493
0.0700
-1.5400
-5.8100
421
476
525
433
511
-0.1762
-0.9506
-0.1542
-0.7000
-1.2600
-4.2000
413
459
525
433
510
-0.1820
-0.9540
-0.1493
-8.4700
-3.9900
-2.6600
401
410
523
432
512
-0.1820
-0.9555
-0.1732
0.2100
-1.5400
-4.3400
387
362
522
430
518
-0.1835
-0.9653
-0.1601
4.4100
-3.0800
-4.7600
362
319
521
428
519
-0.1762
-0.9526
-0.1635
1.8200
-3.9900
-7.2100
336
300
521
426
521
-0.1923
-0.9321
-0.1332
7.6300
-2.5900
-2.4500
316
292
519
424
544
-0.1679
-0.9638
-0.1279
4.6200
-4.4800
-1.5400
300
290
518
423
607
-0.1737
-0.9575
-0.1498
-0.7000
1.0500
-4.2700
295
287
517
420
657
-0.1645
-0.9462
-0.1488
-1.4700
4.5500
-7.9100
291
278
515
418
706
-0.2440
-0.9492
-0.1928
6.4400
14.4200
-11.2700
290
270
515
417
750
-0.1025
-0.9575
-0.1200
-1.2600
-9.8700
-2.5200
292
263
515
416
806
-0.1513
-0.9623
-0.1928
-4.4100
-6.3000
-5.1100
290
258
515
414
831
-0.1362
-0.9579
-0.1825
1.4000
-6.5800
-3.2900
291
256
515
413
839
-0.1562
-0.9594
-0.1937
4.6200
-4.6900
-1.1900
292
253
514
413
842
-0.1513
-0.9609
-0.1669
-3.0800
-4.2700
-0.9100
292
255
514
413
835
-0.1542
-0.9477
-0.1830
-0.6300
-2.4500
-2.8000
293
257
514
413
830
-0.1405
-0.9511
-0.1806
1.7500
-4.1300
-1.7500
293
258
514
413
827
-0.1488
-0.9677
-0.1713
1.8200
-4.0600
-3.5000
294
258
514
413
827
-0.1420
-0.9477
-0.1893
4.4800
-6.6500
-2.1700
294
259
514
412
826
-0.1586
-0.9965
-0.1664
1.6100
-4.6200
-5.4600
295
261
514
412
823
-0.1449
-0.9560
-0.1903
2.7300
-3.9900
-3.4300
295
262
514
412
819
-0.1484
-0.9614
-0.1776
1.8900
-3.1500
-4.4100
295
263
514
411
817
-0.1444
-0.9423
-0.1703
-1.9600
-4.5500
-3.0100
296
264
513
410
814
-0.1537
-0.9623
-0.1830
4.3400
-2.9400
-2.3100
296
265
513
410
808
-0.1537
-0.9701
-0.1669
3.7800
-3.6400
-1.4700
296
265
513
410
807
-0.1425
-0.9575
-0.1825
5.9500
-5.6700
0.1400
297
266
512
409
807
-0.1562
-0.9701
-0.1659
1.1200
-1.6800
-2.0300
297
267
512
409
805
-0.1396
-0.9623
-0.1645
-1.6100
-4.7600
-3.7100
297
267
512
408
802
-0.1537
-0.9428
-0.2006
3.3600
-4.5500
-1.6800
298
268
512
408
800
-0.1498
-0.9843
-0.1503
4.0600
-2.0300
-3.0100
298
269
512
409
798
-0.1269
-0.9555
-0.1786
2.5900
-7.4200
-1.6800
298
269
512
408
798
-0.1635
-0.9780
-0.1801
4.9000
-3.3600
-3.0100
298
270
512
408
797
-0.1518
-0.9770
-0.1820
-0.5600
-4.5500
-4.4100
299
270
512
408
795
-0.1527
-0.9618
-0.1830
3.0100
-5.2500
-2.8700
299
272
512
408
785
-0.1649
-0.9789
-0.1703
2.5900
0.0700
-3.7800
299
273
512
408
781
-0.1337
-0.9536
-0.1864
2.3800
-6.5100
-1.8200
300
273
512
408
781
-0.1571
-0.9697
-0.1820
4.3400
-4.0600
-1.1900
300
273
513
408
787
-0.1469
-0.9628
-0.1723
4.4800
-2.0300
-2.3800
299
269
512
408
805
-0.1571
-0.9897
-0.1791
-2.2400
-5.6700
-5.1100
299
270
513
408
796
-0.1596
-0.9555
-0.1664
-6.5800
-3.9900
-5.7400
300
274
513
409
762
-0.1484
-0.9438
-0.1703
-7.4900
-4.2000
-7.9800
304
280
513
408
681
-0.1196
-0.9448
-0.1991
-0.3500
-8.2600
-0.4200
304
305
513
408
581
-0.1362
-0.9604
-0.1918
-2.2400
-6.0900
-3.0100
321
353
513
409
530
-0.1113
-0.9736
-0.2045
7.8400
-10.3600
-4.9700
366
436
516
413
512
-0.0561
-0.9111
-0.1708
12.7400
-8.7500
4.3400
400
472
519
419
505
-0.1732
-0.9462
-0.1962
4.1300
-8.0500
-0.2800
405
483
521
423
501
-0.1645
-0.9687
-0.1884
-0.8400
-1.6800
-1.8900
406
487
522
425
503
-0.1669
-0.9789
-0.1791
10.7100
-2.5200
-2.7300
408
490
523
428
503
-0.1708
-0.9862
-0.1615
-3.4300
-0.8400
-4.0600
409
493
524
429
499
-0.1718
-0.9565
-0.2059
6.1600
-2.4500
-0.8400
409
494
524
430
501
-0.1684
-0.9823
-0.1518
2.3800
-3.1500
-3.9900
410
494
524
430
502
-0.1645
-0.9614
-0.1532
1.1200
-5.4600
-4.9000
409
494
524
430
503
-0.1684
-0.9794
-0.1762
-4.1300
-4.3400
-4.2700
409
493
524
430
503
-0.1596
-0.9667
-0.1688
0.9100
-3.3600
-3.5000
409
493
524
429
501
-0.1635
-0.9614
-0.1845
-0.1400
-2.3800
-1.8200
409
492
524
429
504
-0.1523
-0.9745
-0.1654
3.4300
-5.7400
-1.8900
409
492
524
429
504
-0.1708
-0.9565
-0.1649
6.7200
-1.4000
-3.1500
409
490
524
429
502
-0.1469
-0.9511
-0.1591
5.0400
-4.2700
-1.4000
409
488
524
428
506
-0.1566
-0.9726
-0.1435
4.9700
-7.1400
-2.3800
409
482
523
427
507
-0.1728
-0.9819
-0.1640
3.5000
-4.4100
-6.5800
408
461
523
426
507
-0.1713
-0.9970
-0.2074
2.9400
0.1400
-7.0700
403
412
522
425
510
-0.1620
-0.9579
-0.1615
4.5500
-6.1600
-1.7500
377
361
521
423
514
-0.1669
-0.9770
-0.1523
13.9300
-4.6200
-3.0800
344
326
520
421
519
-0.1693
-0.9789
-0.1205
0.1400
15.5400
-8.8200
320
309
519
419
522
-0.1488
-0.9609
-0.1391
-3.0800
-3.1500
-2.1000
301
300
518
416
526
-0.1889
-0.9789
-0.1449
-1.2600
-1.5400
-6.0900
287
292
517
412
524
-0.1357
-0.9711
-0.1318
-0.8400
-1.2600
-2.0300
274
290
515
409
526
-0.1679
-0.9716
-0.1645
-2.1700
-2.2400
-3.0100
260
290
514
406
527
-0.1542
-0.9579
-0.1625
6.5100
-2.2400
-2.4500
257
287
510
406
539
-0.1435
-0.9721
-0.1425
7.7700
-1.6800
-0.7700
252
283
506
405
561
-0.1405
-0.9672
-0.1474
11.0600
-3.4300
-1.5400
245
281
501
402
581
-0.1601
-0.9687
-0.1288
7.4900
-6.1600
-1.8200
243
281
501
403
603
-0.1425
-0.9823
-0.1181
8.4700
-4.6200
-4.2000
241
277
500
402
637
-0.1566
-0.9726
-0.1108
8.4700
-6.1600
-4.5500
240
272
501
402
657
-0.1566
-0.9858
-0.1030
4.2000
-3.5700
-1.8900
238
270
501
402
673
-0.1566
-1.0028
-0.1015
1.1900
-2.7300
-4.2700
237
269
501
402
679
-0.1474
-0.9745
-0.1196
2.0300
-4.6200
-2.8700
237
269
501
401
681
-0.1484
-0.9784
-0.1322
3.0100
-4.6900
-3.0100
238
270
501
401
680
-0.1552
-0.9906
-0.0864
3.5700
-1.4000
-2.5200
239
271
501
401
679
-0.1479
-0.9648
-0.1147
-4.6900
-6.0200
-2.1700
239
271
501
401
679
-0.1566
-0.9643
-0.1352
10.0100
-7.2800
-0.2800
240
272
501
401
677
-0.1679
-0.9892
-0.0917
3.9200
-1.1200
-5.2500
241
273
501
401
675
-0.1332
-0.9609
-0.1152
2.1000
-9.3800
-3.2900
241
273
501
401
675
-0.1508
-0.9838
-0.1088
9.6600
-5.1100
-2.4500
242
276
502
402
679
-0.1703
-1.0150
-0.0771
-1.8900
1.3300
-4.6200
242
276
502
401
679
-0.1410
-0.9594
-0.1186
2.8000
-8.7500
-0.6300
242
276
502
402
680
-0.1796
-0.9980
-0.0961
4.3400
-2.3100
-5.9500
242
276
502
402
679
-0.1562
-0.9833
-0.0888
-1.9600
-1.4700
-5.9500
242
276
502
401
678
-0.1532
-0.9765
-0.1035
-0.4200
-4.9000
-3.1500
242
276
502
401
679
-0.1625
-0.9672
-0.1127
3.0800
-4.1300
-2.0300
242
276
502
401
678
-0.1571
-0.9902
-0.0952
-2.9400
-3.0100
-3.6400
243
277
502
402
677
-0.1552
-0.9526
-0.1293
-1.1200
-6.7900
-2.3100
243
277
503
403
677
-0.1606
-0.9819
-0.1078
0.9100
-3.2200
-6.3700
243
277
504
405
678
-0.1488
-0.9618
-0.1225
-2.1700
-6.5100
-5.5300
243
276
508
407
681
-0.1401
-0.9701
-0.1288
-0.2800
-10.7100
-4.3400
243
277
512
412
680
-0.1527
-0.9872
-0.1342
3.1500
-3.5700
-5.5300
244
276
516
416
677
-0.1469
-0.9867
-0.1342
3.8500
-7.2800
-2.3800
244
275
518
419
675
-0.1479
-1.0048
-0.1454
9.1700
-2.3800
-1.4000
245
276
519
421
672
-0.1493
-1.0053
-0.1093
0.4900
-2.0300
-2.6600
246
277
518
421
667
-0.1576
-0.9521
-0.1205
-4.9700
-4.7600
-3.4300
252
281
516
419
645
-0.1659
-0.9789
-0.1347
-5.7400
-3.1500
-3.9900
264
298
516
415
579
-0.2157
-0.9374
-0.1327
-7.0000
-12.4600
-2.6600
313
365
515
414
533
-0.1581
-0.9819
-0.1649
-3.7100
-6.0200
2.6600
371
432
517
416
521
-0.1610
-0.9887
-0.0961
3.9200
-3.8500
-1.8200
400
463
520
420
517
-0.1342
-0.9506
-0.1425
8.4700
-4.8300
-1.3300
401
476
521
422
519
-0.1347
-0.9887
-0.1303
8.6800
-6.2300
-2.9400
402
480
522
423
520
-0.1493
-0.9872
-0.1293
6.1600
-1.0500
-2.9400
402
481
522
424
517
-0.1435
-0.9658
-0.1161
0.7000
-4.2000
-2.9400
401
481
522
424
519
-0.1484
-0.9740
-0.1249
1.6800
-4.9000
-3.2900
400
480
522
424
520
-0.1571
-0.9736
-0.1161
0.0700
0.7000
-5.0400
400
480
522
424
517
-0.1381
-0.9623
-0.1235
0.2100
-1.8200
-3.8500
400
480
522
424
519
-0.1425
-0.9750
-0.1386
6.0900
-4.6200
-2.1000
400
480
522
424
519
-0.1479
-0.9862
-0.1215
4.2700
-1.9600
-1.0500
400
480
522
424
516
-0.1415
-0.9843
-0.1210
2.8700
-4.3400
-4.2700
400
480
522
424
519
-0.1562
-0.9799
-0.1269
4.8300
-4.0600
-1.1900
399
478
522
424
518
-0.1542
-0.9892
-0.1249
4.6200
-1.8200
-1.8900
399
478
522
424
516
-0.1469
-0.9692
-0.1127
2.3800
-6.6500
-3.5700
399
478
522
423
518
-0.1518
-0.9726
-0.1147
5.0400
-4.8300
-2.8700
399
478
522
423
519
-0.1459
-0.9760
-0.0991
1.8900
-1.5400
-2.4500
399
477
522
423
516
-0.1440
-0.9682
-0.1064
-1.6100
-3.5700
-2.5900
398
476
522
423
519
-0.1454
-0.9740
-0.1161
3.0100
-4.6200
-2.2400
398
472
522
423
519
-0.1464
-0.9872
-0.1064
-2.3100
-3.6400
-3.5700
396
463
522
423
517
-0.1435
-0.9643
-0.1161
0.1400
-5.1800
-2.7300
392
457
522
423
519
-0.1303
-0.9843
-0.1210
-0.3500
-2.0300
-2.3800
381
444
522
423
519
-0.1488
-0.9794
-0.0834
-0.9800
-2.3800
-4.8300
357
420
521
422
517
-0.1464
-0.9902
-0.1274
2.9400
-4.8300
-3.3600
328
387
521
422
520
-0.1464
-0.9858
-0.1205
-4.8300
-0.4200
-6.5800
293
351
520
420
522
-0.1381
-0.9687
-0.1518
5.5300
-2.9400
-3.9900
265
321
519
417
524
-0.1064
-0.9867
-0.1293
10.2900
-5.6000
-3.5000
248
304
517
414
529
-0.1430
-0.9872
-0.1039
8.8200
-2.9400
-2.3100
240
299
515
410
553
-0.1449
-0.9687
-0.0986
-13.8600
-12.7400
-3.7100
233
292
514
405
566
-0.1391
-0.9618
-0.1430
0.7700
-7.4200
1.0500
231
291
513
403
605
-0.1591
-0.9809
-0.1108
7.4900
4.1300
-0.5600
231
289
512
403
636
-0.1259
-0.9643
-0.1132
5.3900
-2.8000
-3.0100
229
285
511
403
667
-0.1410
-0.9794
-0.0932
2.1700
-5.1800
-2.9400
228
286
511
403
690
-0.1552
-0.9755
-0.1030
-0.2800
-2.2400
-2.7300
226
283
511
403
712
-0.1464
-0.9604
-0.0986
-1.3300
-3.6400
-2.9400
225
281
511
403
729
-0.1479
-0.9545
-0.1181
1.7500
-3.5700
-2.5200
224
280
511
403
736
-0.1435
-0.9823
-0.0825
0.9100
-1.4700
-2.5900
224
281
511
403
737
-0.1327
-0.9692
-0.0952
-2.3100
-3.6400
-2.3800
225
282
511
403
732
-0.1562
-0.9667
-0.1244
5.3200
-1.8900
-2.2400
225
283
511
403
730
-0.1449
-0.9877
-0.0952
3.7100
1.1900
-3.0100
226
284
511
403
728
-0.1298
-0.9726
-0.1171
1.3300
-3.7100
-2.1700
226
284
511
403
726
-0.1396
-0.9740
-0.1161
3.9900
-3.7100
-3.3600
227
285
511
403
723
-0.1371
-0.9911
-0.0991
1.1200
-3.8500
-5.3900
228
286
511
403
724
-0.1435
-0.9750
-0.1083
2.3100
-3.7800
-4.4100
228
286
511
403
721
-0.1386
-0.9780
-0.1030
3.7100
-4.9700
-2.4500
228
287
511
403
720
-0.1444
-0.9853
-0.0961
0.1400
-4.3400
-3.3600
229
287
511
403
722
-0.1444
-0.9575
-0.1088
2.5200
-4.9000
-2.5200
228
286
511
403
729
-0.1444
-0.9789
-0.1059
2.2400
-2.3100
-1.7500
228
285
511
403
733
-0.1366
-0.9682
-0.1083
1.8900
-5.8100
-2.1700
228
285
511
403
736
-0.1557
-0.9789
-0.1039
2.7300
-4.9700
-2.1700
228
285
511
404
739
-0.1547
-0.9882
-0.0913
-0.5600
-2.6600
-3.1500
228
286
511
404
734
-0.1425
-0.9697
-0.1059
-1.5400
-5.0400
-3.9900
229
288
511
404
726
-0.1484
-0.9809
-0.1069
0.9800
-4.2700
-4.9000
230
290
511
405
715
-0.1410
-0.9750
-0.1005
-5.3200
-4.6200
-4.5500
231
291
511
405
713
-0.1459
-0.9599
-0.1274
-1.0500
-5.9500
-4.8300
230
291
511
406
712
-0.1366
-0.9823
-0.1318
-4.4800
-4.9700
-5.2500
231
291
513
411
712
-0.1308
-0.9814
-0.1469
-2.7300
-4.9700
-5.4600
231
291
515
415
712
-0.1274
-0.9760
-0.1615
0.6300
-4.4100
-2.3800
233
290
516
419
709
-0.1157
-0.9945
-0.1396
4.1300
-2.5200
-3.9900
233
290
516
420
708
-0.1171
-0.9819
-0.1459
5.8100
-4.2700
-2.2400
235
291
517
421
690
-0.1303
-0.9814
-0.1527
5.6700
-3.8500
1.6800
244
294
516
420
623
-0.1181
-0.9921
-0.0878
-7.2100
-5.0400
-3.7100
257
312
515
417
557
-0.1381
-0.9560
-0.1718
-11.7600
-8.3300
-3.8500
297
361
515
418
531
-0.0976
-0.9721
-0.1322
4.2700
-1.8200
0.2800
359
429
517
420
524
-0.1205
-0.9809
-0.1425
3.9200
-2.1700
-0.1400
378
460
519
421
520
-0.1352
-0.9814
-0.1064
-0.2100
-3.0800
1.1200
386
473
520
423
521
-0.1220
-0.9414
-0.1425
0.7700
-4.6200
-2.3800
392
482
521
428
518
-0.1283
-0.9579
-0.1518
-0.5600
-0.4200
-1.6800
398
487
523
433
510
-0.1288
-0.9819
-0.1586
-5.5300
-0.8400
-0.8400
404
492
524
437
503
-0.1240
-0.9506
-0.1957
-1.1200
-3.2900
-0.7700
408
496
525
440
497
-0.1279
-0.9892
-0.1796
7.0000
-2.2400
-1.8900
410
497
526
443
491
-0.1308
-0.9775
-0.1664
4.9700
-2.8700
-1.8900
410
498
526
443
492
-0.1288
-0.9750
-0.1601
1.3300
-6.5800
-1.1200
410
498
526
443
492
-0.1391
-0.9579
-0.1586
1.9600
-3.0800
-1.4700
409
497
526
443
492
-0.1376
-0.9687
-0.1488
1.8900
-1.8200
-2.2400
409
496
526
443
492
-0.1230
-0.9638
-0.1493
-0.4900
-4.9000
-2.5200
409
496
526
443
491
-0.1308
-0.9648
-0.1664
1.5400
-4.2000
-2.9400
408
495
526
442
494
-0.1366
-0.9736
-0.1620
3.7800
-2.8000
-3.2200
408
495
526
442
494
-0.1342
-0.9716
-0.1444
1.9600
-3.2900
-4.4100
408
495
526
442
492
-0.1269
-0.9716
-0.1469
-0.7700
-3.9200
-6.2300
407
494
526
442
494
-0.1254
-0.9726
-0.1576
3.6400
-3.2900
-3.9900
407
494
526
441
492
-0.1269
-0.9950
-0.1610
10.2200
-3.2200
-6.8600
407
492
526
441
494
-0.1093
-0.9697
-0.1527
8.7500
-1.8900
-0.6300
407
486
526
440
495
-0.1196
-1.0067
-0.1010
6.6500
-4.9000
-1.4700
407
472
526
440
496
-0.1235
-1.0180
-0.1176
1.0500
-4.7600
-2.7300
386
436
526
438
502
-0.1274
-0.9784
-0.1337
1.3300
-2.1700
-1.1900
359
384
525
436
504
-0.1391
-0.9843
-0.1488
8.1900
-0.9100
-0.7700
327
338
525
433
511
-0.1264
-0.9838
-0.1308
9.3800
-4.0600
-0.9800
294
302
523
429
517
-0.1200
-0.9848
-0.1054
3.4300
-8.5400
1.2600
275
287
522
425
522
-0.1552
-0.9848
-0.1069
7.4200
-4.4800
-2.4500
266
283
520
423
539
-0.1479
-0.9531
-0.0986
5.6000
-6.0900
-2.5200
260
281
520
425
588
-0.1332
-0.9755
-0.0991
9.1000
-4.7600
-0.9800
260
278
521
429
626
-0.1376
-1.0043
-0.1035
4.2000
-0.9800
-5.1800
262
278
520
426
646
-0.1332
-0.9682
-0.1103
2.1700
-4.7600
-0.7700
264
278
520
425
651
-0.1469
-0.9882
-0.0956
2.5200
-2.3100
-4.5500
266
279
520
425
647
-0.1371
-0.9794
-0.1118
4.1300
-3.7800
-3.2200
267
280
520
425
655
-0.1303
-1.0019
-0.0937
3.1500
-4.5500
-5.0400
265
278
520
426
677
-0.1362
-0.9994
-0.0942
1.9600
-3.8500
-6.3000
260
272
520
425
705
-0.1322
-0.9740
-0.1083
-0.2100
-4.4100
-2.4500
253
264
520
425
727
-0.1459
-0.9848
-0.1054
5.1800
-0.6300
-2.1700
250
260
520
425
746
-0.1230
-0.9692
-0.0913
5.0400
-3.5700
-1.9600
246
256
520
424
764
-0.1366
-0.9945
-0.0947
1.2600
-0.7700
-4.3400
243
255
520
424
770
-0.1352
-0.9814
-0.0947
4.4100
-3.4300
-2.3100
244
256
520
424
769
-0.1386
-0.9936
-0.0805
2.5900
-3.9900
-3.2200
243
256
520
424
768
-0.1459
-0.9843
-0.0893
-1.8900
-3.7800
-2.3800
245
258
520
424
763
-0.1405
-0.9838
-0.0986
4.3400
-4.3400
-2.4500
246
260
519
424
761
-0.1454
-0.9819
-0.0898
1.9600
-3.7100
-3.7800
247
261
519
424
758
-0.1366
-0.9892
-0.0942
2.1000
-4.2700
-3.0100
247
262
519
424
756
-0.1298
-0.9765
-0.0937
0.4200
-5.2500
-2.5900
248
262
519
424
754
-0.1357
-0.9794
-0.0908
2.1000
-4.6200
-1.8200
248
264
519
424
754
-0.1479
-0.9780
-0.0815
1.8200
-4.7600
-2.7300
249
265
519
424
753
-0.1396
-0.9731
-0.0839
1.1200
-4.7600
-2.9400
249
265
519
424
752
-0.1376
-0.9706
-0.0956
2.2400
-5.0400
-3.0800
251
266
519
424
749
-0.1352
-0.9692
-0.0869
2.2400
-4.8300
0.7000
251
267
519
424
748
-0.1440
-0.9701
-0.0922
2.4500
-2.9400
-0.1400
252
268
519
424
747
-0.1444
-0.9682
-0.0869
-0.7700
-3.7800
-2.0300
252
269
519
424
746
-0.1469
-0.9638
-0.0820
-0.9800
-3.9900
-4.0600
253
269
519
424
743
-0.1396
-0.9716
-0.0908
0.6300
-4.8300
-3.7800
255
270
519
423
740
-0.1474
-0.9955
-0.0869
2.2400
-4.2000
-4.8300
255
271
519
423
739
-0.1381
-0.9784
-0.0981
2.8700
-3.9200
-3.3600
256
272
519
423
738
-0.1430
-0.9804
-0.0971
3.0100
-3.5700
-2.5200
256
272
519
423
737
-0.1498
-0.9911
-0.0996
4.5500
-2.1700
-4.5500
256
273
519
422
735
-0.1371
-0.9921
-0.0913
2.5900
-1.9600
-5.3200
256
274
518
421
725
-0.1313
-0.9902
-0.0927
-3.4300
-4.4800
-4.4100
258
276
518
421
707
-0.1362
-0.9892
-0.1132
-0.2800
-4.6900
-3.6400
260
278
519
420
691
-0.1537
-0.9843
-0.1225
-5.8100
-0.7700
1.2600
268
305
519
419
614
-0.1357
-0.9994
-0.1362
3.5000
-4.4800
-8.7500
283
340
520
421
570
-0.1220
-0.9711
-0.1186
-0.7000
-6.7900
-4.5500
300
373
521
423
553
-0.1313
-0.9789
-0.1069
-6.0200
-6.0900
-4.1300
331
411
523
427
541
-0.1415
-0.9438
-0.1435
-8.1200
-6.0900
-0.4900
382
450
524
432
530
-0.1318
-0.9687
-0.1732
5.4600
-6.7200
3.3600
396
487
526
439
524
-0.1425
-0.9945
-0.1283
-9.5900
-9.9400
1.0500
407
499
527
445
515
-0.1464
-0.9526
-0.1557
2.7300
-7.9800
2.5900
411
502
528
447
513
-0.1708
-0.9911
-0.1542
3.3600
-4.6900
-1.5400
412
503
529
448
513
-0.1620
-0.9736
-0.1654
2.0300
-4.2700
-2.4500
411
503
529
448
510
-0.1615
-0.9848
-0.1562
5.6000
-3.5700
-1.9600
411
503
529
448
512
-0.1606
-0.9819
-0.1449
2.3800
-3.4300
-1.1900
411
503
529
449
513
-0.1669
-0.9687
-0.1547
1.5400
-2.5900
-2.2400
410
502
529
449
511
-0.1664
-0.9550
-0.1498
4.0600
-4.6200
-1.0500
410
501
529
448
514
-0.1723
-0.9784
-0.1425
1.2600
-3.3600
-4.4100
409
500
529
448
514
-0.1659
-0.9721
-0.1527
-0.9100
-2.9400
-4.0600
409
500
529
448
512
-0.1703
-0.9736
-0.1493
-4.6900
-1.3300
-4.2700
408
499
529
448
514
-0.1513
-0.9492
-0.1518
-1.1900
-4.3400
-1.0500
408
499
529
448
514
-0.1693
-0.9653
-0.1718
2.1000
-3.0800
-0.9100
408
498
529
447
512
-0.1586
-0.9506
-0.1542
4.4800
-4.3400
-1.8200
407
498
529
447
515
-0.1649
-0.9760
-0.1566
-1.0500
-2.5200
-3.5700
407
497
529
446
514
-0.1664
-0.9711
-0.1674
-0.2100
-0.7700
-3.2200
406
497
529
446
512
-0.1557
-0.9692
-0.1635
-0.3500
-0.3500
-2.3100
406
496
529
445
514
-0.1527
-0.9609
-0.1693
-0.2100
-2.4500
-4.4100
406
493
529
444
515
-0.1547
-0.9648
-0.1688
5.9500
-3.7800
-6.0900
406
486
529
443
513
-0.1210
-0.9374
-0.1508
4.3400
-3.9200
-4.3400
402
451
528
441
515
-0.1484
-0.9531
-0.1967
3.6400
-3.5000
-6.5100
383
416
528
440
517
-0.1532
-0.9809
-0.1562
5.3900
-2.1000
-2.3100
360
373
527
439
517
-0.1371
-0.9775
-0.1396
3.5700
-2.3800
-1.3300
329
331
527
436
525
-0.1513
-0.9404
-0.1469
8.8200
-6.0900
0.0700
305
304
526
432
534
-0.2030
-0.9833
-0.1513
-3.7800
-8.6100
-1.3300
283
287
523
428
533
-0.1645
-0.9633
-0.1352
12.9500
-7.3500
-1.3300
270
283
521
426
539
-0.1679
-0.9862
-0.1176
8.8200
-3.5000
-3.3600
265
280
519
424
582
-0.1376
-0.9692
-0.1181
5.2500
-1.1200
-3.2200
264
276
518
423
646
-0.1542
-0.9955
-0.1137
6.5800
-1.7500
-2.5200
256
270
517
423
686
-0.1615
-0.9775
-0.1166
3.0800
-0.8400
-2.5200
248
263
517
422
725
-0.1366
-0.9697
-0.1200
3.2200
-3.6400
-3.2200
243
258
517
422
747
-0.1464
-0.9848
-0.1152
0.8400
-4.0600
-3.6400
241
257
517
423
757
-0.1474
-0.9784
-0.1103
4.3400
-4.0600
-2.2400
239
253
518
423
765
-0.1518
-0.9975
-0.1039
8.5400
-3.0100
-3.2900
236
252
518
423
776
-0.1537
-0.9789
-0.0976
4.9000
-3.5700
-1.4700
235
252
518
423
779
-0.1410
-0.9828
-0.0839
-0.5600
-5.5300
-1.4700
236
254
518
423
778
-0.1606
-0.9740
-0.0976
1.1200
-5.8100
-1.2600
238
257
518
423
773
-0.1537
-0.9877
-0.1044
-0.2100
-3.3600
-3.9200
240
259
518
422
769
-0.1537
-0.9814
-0.0996
3.2200
-4.0600
-3.8500
241
260
518
422
766
-0.1474
-0.9716
-0.0961
2.6600
-4.6200
-4.3400
242
261
518
422
763
-0.1479
-0.9823
-0.0927
0.2100
-5.0400
-2.8700
243
262
518
422
760
-0.1532
-0.9726
-0.1039
0.2800
-6.0900
-2.5200
244
264
518
422
758
-0.1571
-0.9760
-0.1059
0.7000
-4.4100
-3.0800
245
265
518
421
756
-0.1625
-0.9740
-0.0996
2.2400
-1.5400
-5.3200
245
265
518
421
752
-0.1405
-0.9677
-0.1054
0.6300
-3.7100
-2.8000
246
266
518
421
751
-0.1454
-0.9711
-0.0874
4.6200
-3.7100
-3.9200
246
266
518
421
749
-0.1279
-0.9823
-0.0869
-0.4200
-4.2700
-2.1700
247
267
518
421
748
-0.1484
-0.9765
-0.1054
1.2600
-5.1800
-1.5400
247
268
518
421
746
-0.1610
-0.9794
-0.1157
3.9900
-2.8000
-2.3800
248
268
518
421
747
-0.1527
-0.9740
-0.1035
2.5900
-3.7800
-2.7300
248
269
518
421
744
-0.1527
-0.9775
-0.0913
2.1700
-3.8500
-1.7500
250
269
518
421
741
-0.1405
-0.9838
-0.0893
-1.8200
-4.0600
-1.6100
251
270
518
421
738
-0.1488
-0.9638
-0.1044
-1.7500
-4.1300
-1.9600
251
270
518
421
738
-0.1523
-0.9575
-0.1025
0.2800
-3.3600
-3.0100
252
270
518
421
734
-0.1566
-0.9726
-0.0986
-10.2200
-2.9400
-7.7000
259
275
518
421
665
-0.1327
-0.9677
-0.1396
1.4000
-3.0800
-3.5700
267
286
518
420
606
-0.1420
-0.9814
-0.1078
1.4000
-1.7500
-4.6200
269
289
518
419
600
-0.1405
-0.9716
-0.0991
-12.5300
-4.7600
-4.5500
277
304
518
419
552
-0.1610
-0.9374
-0.1889
-6.4400
-7.4200
-0.8400
336
396
519
423
509
-0.1552
-0.9531
-0.1283
-0.7700
-8.4000
-3.3600
369
430
520
425
491
-0.1630
-0.9653
-0.1562
-4.0600
-2.3100
-6.2300
396
460
522
430
482
-0.1425
-0.8989
-0.1679
8.1200
-0.4900
-3.5700
399
481
524
435
477
-0.1249
-0.9462
-0.1449
5.1800
-2.8000
-0.3500
400
487
525
438
474
-0.1357
-0.9726
-0.1259
1.1200
-2.6600
-2.8700
400
488
525
440
476
-0.2142
-0.9853
-0.2323
-4.6900
3.4300
-8.4700
400
489
526
441
474
-0.0986
-0.9643
-0.1493
-13.3700
-8.1900
-14.0700
400
489
526
441
477
-0.0913
-0.9701
-0.2152
-10.6400
-12.1800
-8.1900
400
489
527
442
480
-0.1020
-0.9555
-0.1967
1.3300
-5.6000
-2.3800
399
488
527
442
483
-0.0976
-0.9677
-0.1918
9.1000
0.8400
4.4800
398
487
527
442
490
-0.1083
-1.0433
-0.1625
9.6600
9.1700
5.1100
398
487
527
442
489
-0.1093
-0.9477
-0.2108
-14.9100
1.1200
9.9400
397
486
527
441
494
-0.1122
-0.9399
-0.1728
14.2100
-9.3100
16.8000
396
485
527
441
499
-0.1825
-0.9677
-0.1420
18.5500
3.3600
21.0000
396
483
527
441
500
-0.2201
-0.9931
-0.1391
-1.4000
-0.5600
2.7300
396
483
527
441
502
-0.2250
-0.9287
-0.2157
-7.2800
-3.7800
-3.4300
396
482
527
441
501
-0.2225
-0.9091
-0.2006
7.6300
-4.9700
-6.0900
395
481
526
441
499
-0.2201
-0.9653
-0.1318
9.5900
-0.2800
-13.1600
395
481
527
441
501
-0.1688
-0.9536
-0.1249
8.5400
-7.4200
-6.7900
395
480
526
441
502
-0.1728
-0.9814
-0.1781
7.7700
-6.7900
-0.7000
395
479
526
441
502
-0.1825
-0.9833
-0.1054
9.6600
-10.9900
-9.1700
395
479
526
441
505
-0.1825
-0.9462
-0.1327
0.2800
-8.4000
2.4500
395
478
526
441
505
-0.2147
-0.9721
-0.1362
22.1200
-3.0800
-5.6700
395
478
526
439
505
-0.1913
-0.9945
-0.0878
1.0500
-2.1000
-6.8600
395
478
526
439
507
-0.1801
-0.9482
-0.1152
0.3500
-4.0600
-4.5500
395
478
526
439
504
-0.1825
-0.9789
-0.0996
4.6200
-6.3000
-8.9600
395
477
526
439
507
-0.1747
-0.9658
-0.0747
3.5700
-7.7700
-4.5500
395
477
526
439
508
-0.1654
-0.9384
-0.1127
-1.4700
-11.9700
-1.0500
395
477
525
438
503
-0.1664
-0.9911
-0.2084
-67.4100
-0.1400
5.8800
395
481
526
438
506
-0.2274
-0.9858
-0.1513
29.3300
-9.1700
-4.3400
395
480
526
439
507
-0.1586
-0.9692
-0.1035
7.0000
-8.6100
0.7700
395
478
526
438
506
-0.2191
-0.9740
-0.1078
7.3500
-0.9800
-5.2500
395
477
526
438
509
-0.1957
-0.9648
-0.1249
1.0500
-7.4900
-4.8300
395
477
526
438
509
-0.1947
-0.9506
-0.0878
8.1200
-7.3500
-1.9600
395
476
525
438
507
-0.2167
-0.9823
-0.0834
0.2100
-2.3800
-4.4800
395
476
525
438
510
-0.1947
-0.9575
-0.1108
-1.4000
-3.6400
-4.2000
395
476
525
437
509
-0.2025
-0.9819
-0.1078
2.9400
-2.1700
-5.9500
395
476
525
437
506
-0.1947
-0.9692
-0.1103
4.9700
0.2100
-6.2300
395
476
525
436
507
-0.1952
-0.9706
-0.1039
-1.4000
-0.5600
-6.5100
395
476
525
436
504
-0.1713
-0.9531
-0.1054
-2.4500
-4.4800
-1.9600
395
476
525
435
506
-0.1742
-0.9623
-0.1093
0.8400
-4.9000
-3.0100
395
476
525
435
507
-0.1893
-0.9711
-0.1074
-0.9100
-3.1500
-4.6200
395
476
525
434
505
-0.1620
-0.9726
-0.1435
-2.8000
-4.9700
1.1900
395
476
525
435
508
-0.1928
-0.9575
-0.1264
7.1400
-7.0700
-5.3200
395
475
525
435
509
-0.1771
-0.9638
-0.1425
4.8300
-3.7800
-7.8400
395
475
525
435
506
-0.1586
-0.9638
-0.0913
4.2000
-8.4000
0.1400
395
474
525
435
510
-0.1518
-0.9750
-0.0903
-2.9400
-4.0600
8.2600
394
472
525
435
515
-0.2108
-0.9736
-0.1532
-2.6600
-1.9600
-3.2900
394
472
525
435
514
-0.1859
-0.9531
-0.1293
7.1400
-3.9200
-2.1000
394
472
525
436
517
-0.1742
-0.9750
-0.1166
4.4100
-5.7400
-1.9600
394
472
525
436
518
-0.2001
-0.9775
-0.0971
0.7000
-5.0400
-4.9700
394
472
525
436
516
-0.1932
-0.9516
-0.1210
-5.3200
-3.2200
-1.4000
394
471
525
436
519
-0.1972
-0.9609
-0.1357
3.7800
-4.6900
-3.3600
394
471
525
436
520
-0.1981
-0.9658
-0.1176
3.5000
-4.4800
-4.2700
394
471
525
436
518
-0.1732
-0.9633
-0.1103
-4.2000
-6.5100
0.3500
394
471
525
435
522
-0.2015
-0.9438
-0.1313
0.5600
-9.1000
-0.5600
393
470
525
435
519
-0.2152
-0.9697
-0.1396
3.5000
-1.8200
-4.3400
393
471
525
435
518
-0.1820
-0.9677
-0.1113
-3.5000
-4.7600
-2.2400
393
471
525
434
520
-0.1908
-0.9457
-0.1318
-0.9100
-6.3700
0.2800
393
471
525
434
521
-0.2240
-0.9594
-0.1459
-0.1400
-2.9400
-2.0300
393
471
525
434
518
-0.2035
-0.9414
-0.1401
3.8500
-3.4300
-3.7100
393
471
525
434
520
-0.1923
-0.9662
-0.1059
2.1000
-3.5700
-3.3600
393
471
525
434
520
-0.1928
-0.9496
-0.1381
-1.0500
-3.5700
-0.8400
393
471
525
434
517
-0.1957
-0.9496
-0.1215
7.0700
-6.1600
0.6300
393
471
525
434
520
-0.2201
-0.9848
-0.1054
-0.4200
-4.4100
-4.6900
393
471
525
434
520
-0.2064
-0.9496
-0.1420
2.4500
-4.0600
-2.8700
393
471
525
434
517
-0.2006
-0.9575
-0.1088
5.6000
-4.9700
-2.2400
393
470
525
434
520
-0.2059
-0.9711
-0.1054
2.8000
-4.6200
-3.5000
393
470
525
434
518
-0.2006
-0.9506
-0.1118
5.1800
-6.0900
-2.6600
393
470
525
434
519
-0.2064
-0.9687
-0.1025
0.1400
-3.9200
-3.7800
394
470
525
434
521
-0.2035
-0.9570
-0.1103
3.0100
-4.0600
-3.2900
394
470
525
434
519
-0.1996
-0.9672
-0.0961
5.9500
-6.5100
-2.5900
394
470
525
434
522
-0.2123
-0.9672
-0.0883
3.0100
-4.1300
-3.7100
394
469
525
434
522
-0.2011
-0.9653
-0.0830
2.3100
-4.8300
-3.4300
394
470
525
434
520
-0.1967
-0.9633
-0.0927
2.1700
-6.0200
-2.7300
394
469
525
434
523
-0.2015
-0.9633
-0.1093
3.6400
-5.4600
-1.6100
394
469
525
434
523
-0.2094
-0.9672
-0.0908
3.7100
-5.6700
-2.3100
394
469
525
434
521
-0.2069
-0.9677
-0.0952
3.1500
-4.3400
-3.4300
394
469
525
434
523
-0.2006
-0.9692
-0.0898
4.6200
-5.1100
-2.9400
394
469
525
434
524
-0.2074
-0.9711
-0.0825
2.8000
-4.6200
-2.1000
394
468
525
434
522
-0.2094
-0.9662
-0.0849
2.0300
-4.4100
-1.7500
394
468
525
434
524
-0.2035
-0.9716
-0.0820
1.0500
-4.2000
-3.4300
394
468
525
434
524
-0.2054
-0.9570
-0.0922
3.5000
-3.4300
-2.7300
394
469
525
434
522
-0.2137
-0.9770
-0.0883
2.8000
-4.0600
-3.7800
394
469
525
433
524
-0.2079
-0.9638
-0.0864
3.2900
-3.5700
-3.2900
394
469
525
433
524
-0.2108
-0.9599
-0.0791
2.9400
-3.2900
-3.6400
394
469
525
433
521
-0.2011
-0.9736
-0.0825
2.1700
-4.6200
-1.6800
394
469
525
433
524
-0.2074
-0.9594
-0.0966
1.8200
-5.4600
-1.4700
394
469
525
433
524
-0.2162
-0.9687
-0.0800
2.2400
-3.7100
-3.0100
394
468
525
433
522
-0.2069
-0.9648
-0.0752
0.4900
-3.9200
-4.4800
394
468
525
433
522
-0.1986
-0.9628
-0.0703
0.4200
-5.5300
-1.8200
394
469
525
432
525
-0.2206
-0.9575
-0.0961
1.9600
-4.9000
-2.9400
394
468
525
432
523
-0.2157
-0.9711
-0.0913
4.5500
-1.8900
-3.4300
394
468
525
432
522
-0.2089
-0.9653
-0.0888
0.6300
-2.1700
-1.4000
394
468
525
432
524
-0.2113
-0.9731
-0.0795
3.6400
-4.2700
-3.1500
394
468
525
432
522
-0.2191
-0.9687
-0.0776
-1.1900
-1.9600
-3.3600
394
468
525
432
521
-0.2113
-0.9711
-0.0976
-4.9700
-3.0100
-4.2000
394
469
525
432
521
-0.2206
-0.9467
-0.1108
2.5200
-1.6100
-5.0400
394
470
525
431
519
-0.2191
-0.9726
-0.0937
4.4800
-0.4200
-5.1100
394
469
525
430
515
-0.1815
-0.9745
-0.0976
-0.2100
-3.8500
-3.7100
394
469
525
430
517
-0.2045
-0.9570
-0.1049
-0.1400
-5.3200
-4.6200
394
469
525
429
517
-0.2064
-0.9575
-0.0986
3.2900
-4.4100
-3.6400
394
469
525
429
514
-0.1923
-0.9745
-0.0893
2.5200
-3.4300
-2.5200
394
469
525
429
517
-0.1928
-0.9604
-0.0981
1.9600
-5.3200
-3.0100
394
469
525
429
514
-0.1962
-0.9618
-0.0898
2.8700
-6.0200
-1.8200
394
468
525
429
517
-0.2103
-0.9711
-0.0908
1.1200
-2.5900
-2.8700
394
468
525
429
516
-0.1932
-0.9682
-0.0966
-1.0500
-3.3600
-1.8900
394
468
525
429
514
-0.2001
-0.9677
-0.0834
-0.9800
-5.2500
-1.8200
394
468
525
429
516
-0.2133
-0.9648
-0.0917
0.0000
-0.4200
-2.7300
394
469
525
429
515
-0.2001
-0.9648
-0.1103
2.8000
-1.1900
-3.2900
394
469
525
429
512
-0.1767
-0.9545
-0.0839
7.8400
-9.1000
-0.8400
394
469
525
428
515
-0.2137
-0.9823
-0.0956
2.1700
-5.5300
-5.1100
394
468
525
428
515
-0.2035
-0.9589
-0.0961
4.6200
-4.7600
-3.0800
394
469
525
428
513
-0.1893
-0.9823
-0.0815
1.1200
-2.4500
-2.6600
394
468
525
427
515
-0.1962
-0.9516
-0.0942
0.7700
-3.5700
-2.2400
394
469
525
427
515
-0.1937
-0.9721
-0.0800
0.9800
-6.9300
-0.9800
394
468
525
427
514
-0.2152
-0.9765
-0.0888
2.8700
-3.9900
-4.3400
394
468
525
427
516
-0.1928
-0.9560
-0.0888
1.9600
-7.0700
-2.7300
394
468
525
427
516
-0.2147
-0.9692
-0.0942
3.8500
-4.4100
-3.2900
394
469
525
428
513
-0.2035
-0.9697
-0.0820
1.7500
-4.8300
-2.7300
394
468
525
427
515
-0.2045
-0.9692
-0.0854
2.3100
-4.4100
-2.1700
394
468
525
427
513
-0.2196
-0.9443
-0.0820
8.0500
-2.6600
-7.5600
394
468
525
427
515
-0.1874
-0.9931
-0.0664
5.4600
-1.5400
-4.6900
394
468
525
427
514
-0.1840
-0.9677
-0.0727
-3.7800
-6.1600
-4.0600
394
468
525
427
512
-0.1991
-0.9540
-0.0854
0.3500
-4.9000
-3.2900
394
468
525
427
514
-0.1776
-0.9775
-0.0903
3.9900
-2.3800
-1.6800
394
469
525
427
514
-0.1991
-0.9687
-0.0888
3.7800
-4.4800
-3.5700
394
469
525
427
511
-0.1981
-0.9760
-0.0717
2.9400
-5.3200
-6.7200
394
469
525
427
512