-0.1718
-0.9848
-0.0820
0.6300
-3.7800
-3.9200
407
465
519
422
511
-0.1708
-0.9584
-0.0942
2.4500
-3.5000
-2.3800
407
465
519
422
513
-0.1708
-0.9828
-0.0805
3.2200
-4.9700
-3.4300
407
465
519
422
510
-0.1679
-0.9731
-0.0903
3.7800
-5.2500
-2.1700
407
465
519
422
513
-0.1635
-0.9731
-0.0849
3.3600
-5.8100
-1.5400
407
465
519
422
512
-0.1815
-0.9794
-0.0683
-0.4900
-2.6600
-2.3800
407
465
519
422
510
-0.1640
-0.9780
-0.0908
-3.2900
-3.9200
-1.8200
407
465
519
422
512
-0.1859
-0.9584
-0.1005
3.9900
-2.5900
-3.0800
407
465
519
422
512
-0.1625
-0.9926
-0.0693
-4.3400
-1.7500
-0.8400
407
465
519
422
508
-0.1674
-0.9667
-0.0634
-7.3500
-3.5000
9.3100
407
465
519
422
511
-0.1859
-0.9667
-0.1386
-13.8600
-4.9000
7.6300
407
465
519
422
511
-0.2469
-0.9677
-0.1879
-15.8900
-3.4300
5.8800
399
464
519
422
511
-0.2425
-0.9623
-0.1674
1.2600
1.4700
-3.4300
376
455
519
423
515
-0.2191
-0.9550
-0.1591
8.0500
-0.7700
-2.5200
355
438
519
423
517
-0.2269
-0.9609
-0.1313
7.4900
-4.0600
0.2100
335
413
518
423
517
-0.2460
-0.9633
-0.1376
-2.8700
-5.5300
-0.7700
309
367
518
423
527
-0.2416
-0.9531
-0.1630
0.0700
-2.9400
-0.8400
288
346
518
423
533
-0.2616
-0.9570
-0.1488
3.2200
3.0800
-3.9200
257
316
517
424
547
-0.2391
-0.9604
-0.1327
17.8500
1.1900
2.1700
236
298
519
430
562
-0.2206
-0.9477
-0.1318
6.0200
-2.0300
2.0300
230
291
520
435
565
-0.2372
-0.9272
-0.1313
2.5900
-3.6400
2.1700
227
288
519
436
569
-0.2338
-0.9477
-0.1362
-2.4500
-4.9000
2.9400
224
289
518
437
588
-0.2591
-0.9399
-0.1157
3.9200
2.2400
0.7700
225
289
518
438
631
-0.2460
-0.9301
-0.1035
6.0200
1.6100
1.4000
223
286
519
439
684
-0.2542
-0.9277
-0.1240
11.6900
0.1400
4.6900
222
286
523
440
700
-0.2821
-0.9218
-0.0747
10.3600
0.7700
2.5900
222
290
525
442
707
-0.2679
-0.9262
-0.0727
10.5700
-0.3500
2.2400
222
292
527
445
714
-0.2650
-0.9379
-0.0503
19.0400
-1.6100
-1.8200
221
293
528
447
712
-0.2645
-0.9609
-0.0395
9.3100
-2.3100
-5.6700
222
294
528
449
711
-0.2479
-0.9365
-0.0278
10.5700
-2.3100
-4.2700
223
295
529
450
707
-0.2484
-0.9462
-0.0264
4.5500
-3.6400
-3.5000
225
296
529
451
702
-0.2484
-0.9526
0.0049
1.8900
-2.2400
-3.9200
226
296
529
452
699
-0.2460
-0.9536
-0.0029
4.8300
-2.8700
-5.1100
226
297
529
452
697
-0.2352
-0.9623
-0.0049
6.5100
-5.1800
-1.2600
227
298
529
453
690
-0.2591
-0.9692
0.0239
4.4100
-2.2400
-5.6700
228
298
529
454
688
-0.2503
-0.9462
-0.0063
7.5600
-6.1600
-3.5700
228
299
529
454
687
-0.2572
-0.9653
0.0112
2.2400
-4.1300
-1.7500
229
299
530
455
686
-0.2562
-0.9506
0.0181
2.5900
-5.3200
-2.1700
229
300
530
456
686
-0.2538
-0.9521
0.0205
3.2200
-2.3100
-1.1200
229
300
530
456
685
-0.2591
-0.9760
0.0278
2.5900
-3.5000
-2.5900
230
301
529
456
684
-0.2625
-0.9638
0.0283
2.4500
-2.8000
-4.5500
230
302
529
457
684
-0.2508
-0.9428
0.0190
5.2500
-3.5700
-3.7800
230
302
529
457
684
-0.2430
-0.9492
0.0210
4.4100
-4.4800
-2.5200
230
303
529
457
684
-0.2460
-0.9531
0.0200
3.4300
-2.5200
-3.5000
230
303
529
457
684
-0.2533
-0.9653
0.0317
0.8400
-3.3600
-2.7300
231
304
529
457
684
-0.2562
-0.9575
0.0307
3.4300
-3.6400
-3.7100
231
304
529
457
685
-0.2567
-0.9662
0.0317
4.4800
-3.4300
-3.9900
231
304
529
457
685
-0.2425
-0.9536
0.0351
0.5600
-3.6400
-3.1500
232
305
530
457
684
-0.2406
-0.9536
0.0317
2.0300
-4.1300
-2.9400
232
305
529
457
681
-0.2508
-0.9565
0.0312
0.8400
-2.3800
-2.9400
232
305
529
457
681
-0.2440
-0.9614
0.0220
3.7100
-2.9400
-3.5000
232
306
529
458
680
-0.2391
-0.9662
0.0425
1.1200
-7.3500
-5.5300
233
306
529
458
680
-0.2430
-0.9692
0.0322
-8.0500
-4.6900
-8.3300
233
308
529
458
679
-0.2269
-0.9492
0.0239
-6.4400
-3.9900
-4.6900
235
309
529
455
670
-0.2484
-0.9775
-0.0029
-17.4300
-1.3300
-9.3100
240
309
528
439
635
-0.2059
-0.9701
-0.0425
-12.3900
-1.3300
-13.8600
253
318
526
425
603
-0.2079
-0.9672
-0.0522
-12.5300
-4.8300
-9.1700
266
329
525
414
584
-0.1923
-0.9755
-0.0771
1.4000
-0.7000
-9.5200
298
356
525
412
562
-0.1889
-0.9584
-0.0859
3.5000
-4.6900
-1.8900
329
395
525
414
554
-0.2098
-0.9736
-0.0991
6.7200
0.9100
-1.3300
348
431
525
416
548
-0.2025
-0.9858
-0.0551
4.6200
-9.2400
-3.1500
376
470
526
419
540
-0.2103
-0.9599
-0.0756
-5.0400
-8.8200
-3.3600
393
489
527
423
536
-0.2059
-0.9701
-0.0937
2.8700
-3.7100
-5.3200
402
495
527
426
537
-0.2015
-0.9570
-0.0654
12.4600
-4.7600
-5.7400
411
497
527
429
533
-0.2050
-0.9789
-0.0527
1.7500
-1.1900
-4.8300
416
498
528
431
527
-0.1918
-0.9682
-0.0712
8.4700
1.4700
-4.1300
419
499
528
432
527
-0.1913
-0.9682
-0.0483
8.4000
-0.7000
-6.9300
422
500
528
433
525
-0.1918
-0.9579
-0.0586
5.1100
-6.6500
-4.2700
424
501
528
434
521
-0.2084
-0.9667
-0.0390
7.9800
-0.8400
-4.4800
425
501
528
434
522
-0.1972
-0.9721
-0.0425
3.8500
-3.5000
-2.2400
425
501
528
435
521
-0.1923
-0.9794
-0.0239
6.5800
-2.1700
-2.5900
426
502
528
435
519
-0.2128
-0.9784
-0.0215
4.9000
-1.9600
-4.3400
426
502
528
436
521
-0.1972
-0.9789
-0.0337
5.0400
-3.0100
-5.1800
427
502
528
436
521
-0.1996
-0.9745
-0.0254
3.1500
-3.3600
-3.5700
427
503
528
436
519
-0.2074
-0.9784
-0.0059
1.1200
-3.2200
-2.3800
427
504
528
436
521
-0.2098
-0.9740
-0.0185
2.2400
-2.5200
-2.7300
427
505
528
436
521
-0.1903
-0.9711
-0.0117
1.1200
-4.1300
-2.8000
427
505
528
436
518
-0.1991
-0.9687
-0.0224
2.0300
-3.6400
-2.3800
426
505
528
436
521
-0.1996
-0.9770
-0.0224
1.8900
-3.9900
-2.8000
426
505
528
436
521
-0.2089
-0.9740
-0.0117
-0.4200
-4.2000
-2.2400
426
504
528
436
518
-0.2011
-0.9672
-0.0249
4.2700
-0.9100
-1.4000
425
502
528
435
521
-0.1986
-0.9609
-0.0322
-6.4400
-1.8200
-2.2400
424
497
528
435
521
-0.2118
-0.9633
-0.0566
2.7300
-1.4000
-2.8000
421
480
528
435
518
-0.2074
-0.9843
-0.0098
5.8100
-9.6600
-5.3900
403
446
528
434
521
-0.2001
-0.9926
-0.0259
0.6300
-7.7000
-3.5700
370
409
527
434
523
-0.2240
-0.9716
-0.0210
5.0400
-4.8300
-1.8200
334
368
527
434
524
-0.1986
-0.9755
-0.0298
9.8700
-10.0800
-4.4800
298
330
526
433
527
-0.1942
-0.9677
0.0146
-1.6800
-7.4200
0.7700
277
293
524
432
534
-0.2284
-0.9614
-0.0161
2.5900
-1.1900
0.2100
266
278
522
430
536
-0.1996
-0.9589
-0.0088
4.9700
0.6300
2.3800
264
278
524
432
566
-0.2342
-0.9418
0.0039
13.1600
2.3100
0.7000
270
276
527
435
615
-0.2284
-0.9550
0.0312
8.3300
-2.1700
-0.7000
275
276
528
441
636
-0.2401
-0.9443
0.0254
9.1000
-3.4300
-2.5200
282
275
530
447
655
-0.2230
-0.9589
0.0395
8.1900
-2.9400
-3.2900
287
274
530
451
660
-0.2357
-0.9540
0.0444
11.0600
-3.2900
0.1400
290
275
531
455
662
-0.2133
-0.9794
0.0669
6.7200
-3.5000
-2.4500
292
277
531
455
657
-0.1996
-0.9399
0.0664
2.0300
-1.3300
-1.7500
293
279
531
456
651
-0.2020
-0.9536
0.0717
3.7800
-1.8900
-2.9400
295
280
531
456
648
-0.2108
-0.9482
0.0547
2.3800
-1.8900
-0.4900
296
281
532
456
646
-0.2313
-0.9584
0.0786
2.0300
-4.6200
-2.8700
297
282
532
456
642
-0.2230
-0.9594
0.0849
-1.3300
-1.9600
-2.2400
297
282
532
456
642
-0.2118
-0.9462
0.0947
0.5600
-2.5900
-1.3300
298
283
532
456
642
-0.1976
-0.9506
0.0747
4.2000
-3.9900
-2.3800
298
283
531
456
641
-0.2123
-0.9692
0.1161
1.9600
-2.6600
-3.1500
299
282
531
456
641
-0.2162
-0.9555
0.0908
0.4900
-3.7100
-2.8000
299
282
531
456
641
-0.2191
-0.9609
0.0947
5.1800
-2.8700
-2.7300
299
283
531
456
641
-0.2015
-0.9623
0.1044
1.9600
-4.4800
-3.8500
300
284
531
456
641
-0.2133
-0.9711
0.0893
-0.2100
-3.9200
-2.9400
300
283
531
456
640
-0.2152
-0.9667
0.1015
0.9800
-3.5000
-4.5500
300
284
531
456
640
-0.2079
-0.9570
0.0942
1.6100
-4.6900
-4.6200
301
284
531
456
640
-0.2006
-0.9658
0.0815
-1.1200
-5.8100
-1.6100
301
284
531
456
639
-0.2216
-0.9653
0.0937
3.2200
-3.7100
-2.5200
301
284
532
456
639
-0.2123
-0.9540
0.0898
2.6600
-4.4800
-3.1500
302
284
531
456
640
-0.2006
-0.9594
0.0932
3.6400
-2.6600
-0.8400
302
284
531
456
641
-0.2137
-0.9638
0.1015
0.9800
-4.2700
-1.8900
302
284
531
456
640
-0.2040
-0.9643
0.0820
3.9900
-4.4100
-1.3300
302
285
531
456
640
-0.2147
-0.9775
0.1200
0.2800
-4.2700
-2.3800
302
285
531
456
640
-0.2054
-0.9545
0.1015
1.5400
-3.5000
-4.4100
303
285
531
456
641
-0.2147
-0.9618
0.1078
2.2400
-2.7300
-4.5500
303
285
531
456
638
-0.2050
-0.9697
0.1200
-0.2100
-4.2700
-3.9900
303
286
531
456
638
-0.2084
-0.9467
0.0956
3.9900
-5.8100
-5.1100
303
286
531
456
639
-0.2015
-0.9736
0.1244
0.7700
-4.5500
-4.3400
303
286
531
456
639
-0.2025
-0.9462
0.1078
-2.1000
-0.7700
-1.4000
303
286
531
456
639
-0.2054
-0.9584
0.1088
2.2400
-2.1000
-2.9400
303
285
531
456
639
-0.1962
-0.9614
0.1010
2.3100
-3.9900
-2.4500
303
286
531
456
640
-0.1972
-0.9599
0.0932
0.5600
-1.8900
-1.6100
303
286
532
456
640
-0.2069
-0.9643
0.1127
1.6100
-0.8400
-2.5200
303
285
531
456
640
-0.2103
-0.9677
0.1181
3.9900
-1.9600
-2.3800
303
286
531
457
641
-0.1908
-0.9643
0.1220
2.8000
-3.4300
-3.1500
303
287
531
457
642
-0.1947
-0.9501
0.1059
0.7700
-1.3300
-2.2400
303
287
531
457
643
-0.1874
-0.9701
0.1303
0.1400
-5.1800
-3.0800
304
288
531
457
643
-0.1869
-0.9550
0.1142
-18.6900
-4.2000
3.8500
303
291
530
456
638
-0.1972
-0.9575
0.0727
-10.0800
3.6400
-0.4200
308
299
528
451
610
-0.2176
-0.9482
0.0673
-3.2900
-4.6200
1.1200
319
321
527
442
581
-0.1601
-0.9614
0.0654
9.9400
-5.5300
-2.0300
339
365
526
441
551
-0.2162
-0.9697
0.0722
-0.7000
-8.3300
2.2400
368
408
526
439
537
-0.2298
-0.9565
0.0825
5.3900
-5.6000
-4.6200
400
445
526
433
534
-0.2430
-0.9677
0.0747
1.6100
-5.0400
-3.4300
403
474
526
428
532
-0.2250
-0.9740
0.0756
0.2100
-4.8300
-2.7300
403
484
526
429
527
-0.2196
-0.9789
0.0610
4.4100
-3.3600
-2.1700
404
489
526
430
526
-0.2298
-0.9843
0.0508
12.1800
-4.4800
-2.0300
404
491
526
431
523
-0.2206
-0.9877
0.0683
6.3700
-3.2900
-3.5700
403
492
527
432
519
-0.2259
-0.9828
0.0766
-1.1900
-0.9100
-1.7500
403
493
527
434
519
-0.2186
-0.9638
0.0683
0.9800
-0.8400
-0.4900
404
494
527
435
519
-0.2206
-0.9662
0.0659
4.6200
-0.5600
-0.2800
405
496
527
435
516
-0.2255
-0.9623
0.0781
-4.4800
-2.7300
-0.7700
406
497
527
436
517
-0.2235
-0.9575
0.0581
0.6300
-2.5200
-2.8700
406
497
527
437
515
-0.2030
-0.9609
0.0805
0.4200
-2.3100
-2.7300
406
498
527
437
517
-0.2118
-0.9614
0.0786
-3.7800
-2.7300
-0.8400
406
498
527
437
516
-0.2098
-0.9638
0.0771
1.1900
-5.5300
-1.9600
405
497
527
438
514
-0.2216
-0.9716
0.0625
0.9800
-4.4800
-1.1200
405
497
527
439
516
-0.2201
-0.9638
0.0693
1.4700
-4.7600
-2.9400
405
497
527
439
516
-0.2152
-0.9370
0.0791
-0.7000
-4.6900
-2.5200
405
496
527
439
514
-0.2186
-0.9560
0.0669
1.1900
-2.2400
-2.4500
404
496
527
439
516
-0.2176
-0.9648
0.0576
4.5500
-2.1700
-2.2400
404
496
527
439
513
-0.2230
-0.9789
0.0669
0.9800
-4.4100
-5.8800
404
496
527
439
515
-0.2123
-0.9721
0.0673
0.9800
-4.2700
-6.2300
404
496
527
440
509
-0.2216
-0.9667
0.0664
-2.3100
-3.6400
-5.4600
404
496
527
440
481
-0.2157
-0.9633
0.0600
-2.2400
-7.0700
-7.4900
404
496
528
441
448
-0.2094
-0.9770
0.0468
-8.4000
-6.1600
-9.3100
405
496
528
442
428
-0.1815
-0.9653
0.0176
-2.8700
-6.4400
-6.9300
405
497
528
442
416
-0.1810
-0.9760
0.0229
1.4700
-7.2800
-5.6700
405
497
528
443
408
-0.1762
-0.9867
0.0327
-4.8300
-4.0600
-8.1900
407
498
529
444
391
-0.1767
-0.9711
0.0151
4.6200
-4.4100
-8.9600
409
499
529
444
384
-0.1464
-0.9931
0.0029
1.3300
-10.0100
-6.0200
410
500
529
445
380
-0.1581
-0.9833
0.0210
0.2800
-8.0500
-5.4600
410
500
529
445
379
-0.1654
-0.9701
0.0156
-1.9600
-3.3600
-2.4500
410
499
529
445
383
-0.1762
-0.9740
-0.0356
7.9800
-0.9100
-0.6300
404
471
528
441
397
-0.1781
-0.9755
-0.0034
-4.9000
-0.2800
-0.6300
387
439
526
434
417
-0.1713
-0.9536
-0.0229
0.9800
3.7100
0.9100
348
397
525
430
439
-0.1835
-0.9623
-0.0195
3.7800
1.9600
1.2600
309
347
521
426
458
-0.1898
-0.9536
-0.0049
5.7400
-2.2400
0.4200
291
311
517
424
474
-0.2186
-0.9599
0.0185
10.7100
-8.6800
-8.4000
272
288
511
420
479
-0.2240
-0.9902
0.0425
-11.4800
-14.0700
-4.6900
255
275
504
414
494
-0.1889
-0.9858
-0.0039
-17.2900
-6.4400
1.8200
255
275
507
416
554
-0.1542
-0.9638
-0.0595
17.2900
6.3000
0.7700
262
274
519
421
629
-0.2186
-0.9799
0.0029
11.2700
2.7300
-1.6800
268
274
524
426
659
-0.2001
-0.9682
-0.0068
10.8500
-1.1200
-3.3600
272
271
526
432
670
-0.2050
-0.9711
-0.0044
8.8200
-7.4200
-5.1800
278
270
528
436
677
-0.2201
-0.9731
0.0137
7.4900
-2.9400
-2.9400
281
268
529
439
672
-0.2191
-0.9643
0.0093
4.9000
-3.1500
0.9800
283
268
529
442
678
-0.2172
-0.9775
0.0332
-4.0600
-0.6300
-1.1200
282
268
529
443
699
-0.2298
-0.9726
0.0176
9.3100
-1.9600
-2.5200
281
266
529
445
706
-0.2162
-0.9775
0.0210
3.2200
-3.7800
-1.5400
281
267
529
445
701
-0.2328
-0.9755
0.0195
0.9800
-3.3600
-3.4300
282
269
529
445
694
-0.2279
-0.9755
0.0229
1.5400
-3.8500
-3.9200
283
269
529
446
694
-0.2259
-0.9623
0.0249
2.1700
-5.3900
-2.3100
283
270
529
446
693
-0.2294
-0.9653
0.0342
5.4600
-5.4600
-1.6100
283
270
529
447
695
-0.2401
-0.9726
0.0273
0.0700
-3.9200
-1.6100
281
270
529
447
695
-0.2152
-0.9560
0.0259
0.7000
-4.7600
-3.0800
282
271
529
448
691
-0.2264
-0.9516
0.0307
-0.2100
-4.4100
-3.0800
283
272
530
449
689
-0.2274
-0.9506
0.0205
0.9800
-4.2000
-3.4300
284
273
530
449
687
-0.2172
-0.9565
0.0249
2.4500
-3.7800
-3.5700
284
273
529
450
686
-0.2162
-0.9531
0.0068
0.3500
-4.6200
-1.9600
284
274
530
450
685
-0.2172
-0.9594
0.0205
2.8700
-3.9200
-0.4200
285
274
530
450
683
-0.2186
-0.9697
0.0249
0.5600
-2.2400
-2.5200
285
274
530
451
685
-0.2196
-0.9701
0.0176
4.5500
-3.9200
-3.2900
285
275
530
451
684
-0.2211
-0.9799
0.0244
3.7800
-2.8000
-1.8200
285
275
530
451
683
-0.2162
-0.9643
0.0249
4.6900
-3.0100
-1.8900
285
276
530
451
679
-0.2050
-0.9697
0.0400
1.4700
-3.9200
-4.2700
286
276
530
451
679
-0.2103
-0.9555
0.0327
2.9400
-4.4100
-2.8000
286
278
530
451
678
-0.2191
-0.9526
0.0278
0.0000
-4.6900
-2.8000
286
279
529
450
678
-0.2245
-0.9643
0.0264
0.1400
-3.0100
-2.5200
286
280
529
450
676
-0.2045
-0.9628
0.0200
0.9800
-3.0100
-3.2900
287
282
529
450
674
-0.2015
-0.9745
0.0195
5.5300
-4.6900
-3.5700
287
283
528
450
674
-0.2196
-0.9784
0.0273
1.1200
-2.8700
-3.1500
287
284
527
449
672
-0.2040
-0.9701
0.0181
-2.5900
-4.7600
-3.3600
288
285
525
448
672
-0.2040
-0.9770
0.0278
-2.8700
-2.9400
1.8200
290
286
521
446
670
-0.2220
-0.9975
0.0229
0.8400
-3.0800
5.3900
297
287
505
440
666
-0.2298
-0.9667
0.0063
0.7000
-6.7900
-4.6200
305
288
491
417
649
-0.2245
-0.9521
-0.0166
-14.5600
-10.5000
-2.8700
309
298
484
395
588
-0.2191
-0.9340
-0.0449
-6.1600
-11.8300
-3.8500
314
320
481
385
549
-0.2172
-0.9526
-0.0259
-4.2000
-11.4800
-5.1800
336
364
485
387
516
-0.2342
-0.9599
-0.0522
-3.7100
-8.0500
-4.9000
376
428
494
396
490
-0.2430
-0.9633
-0.0483
-4.0600
-9.1000
-5.3900
396
448
500
408
475
-0.2279
-0.9448
-0.0761
6.5100
-1.5400
0.1400
403
469
508
425
464
-0.2050
-0.9584
-0.0342
1.2600
-4.5500
5.7400
401
491
516
436
459
-0.2523
-0.9931
-0.0449
8.0500
-2.1700
-0.2800
403
498
520
442
456
-0.2367
-0.9628
-0.0195
4.3400
-3.0800
-2.2400
405
500
521
443
455
-0.2460
-0.9784
-0.0205
6.5800
-2.6600
-4.2000
405
500
522
444
454
-0.2386
-0.9770
-0.0288
0.4200
-1.3300
-3.0100
406
501
524
445
453
-0.2377
-0.9687
-0.0312
6.8600
0.2800
-1.4000
407
502
525
446
452
-0.2377
-0.9662
-0.0312
0.2800
-1.9600
-2.2400
407
502
525
446
452
-0.2381
-0.9501
-0.0244
2.3100
-3.5700
-3.4300
407
503
525
446
452
-0.2333
-0.9633
-0.0161
-1.5400
-3.1500
-6.2300
407
503
525
446
452
-0.2206
-0.9482
-0.0527
4.6900
-2.5900
-4.3400
407
503
525
446
452
-0.2216
-0.9716
-0.0288
3.4300
-4.4100
-3.5700
407
503
525
446
452
-0.2250
-0.9521
-0.0361
1.7500
-5.9500
-4.7600
407
502
525
446
453
-0.2250
-0.9697
-0.0342
4.0600
-4.3400
-3.7100
407
502
525
446
453
-0.2196
-0.9658
-0.0376
6.4400
-3.8500
-3.0100
407
502
525
446
453
-0.2255
-0.9701
-0.0264
1.6800
-4.2700
-2.5200
407
502
525
446
453
-0.2259
-0.9623
-0.0224
2.1700
-3.2200
-3.2200
407
502
525
446
453
-0.2191
-0.9662
-0.0293
1.0500
-2.1000
-2.8700
407
502
525
446
453
-0.2133
-0.9628
-0.0107
0.4200
-3.2200
-2.3800
407
502
526
446
451
-0.2181
-0.9750
-0.0268
0.5600
-3.7100
-2.4500
406
502
525
446
453
-0.2240
-0.9775
-0.0327
0.5600
-1.6100
-2.9400
406
501
525
445
451
-0.2255
-0.9648
-0.0327
1.7500
-3.0100
-2.1700
406
500
525
445
454
-0.2157
-0.9623
-0.0239
-6.0200
-5.4600
-3.5000
403
493
525
444
453
-0.2196
-0.9550
-0.0508
-0.0700
-1.8200
-3.5000
401
482
523
442
457
-0.2011
-0.9716
-0.0337
0.1400
-0.4900
0.6300
394
464
521
436
457
-0.2079
-0.9775
-0.0473
0.1400
-3.4300
-4.4100
367
425
520
432
463
-0.1962
-0.9828
-0.0454
7.2800
-5.4600
-3.8500
330
380
518
426
465
-0.2113
-0.9789
-0.0298
7.0000
2.1000
-1.6100
296
341
516
422
476
-0.2142
-0.9399
-0.0151
6.7200
2.1700
-2.1700
272
319
514
417
490
-0.2094
-0.9472
-0.0190
-5.1800
-4.3400
-6.2300
256
303
514
413
509
-0.1820
-0.9765
-0.0332
-12.7400
-13.8600
-6.6500
244
290
517
411
564
-0.2015
-0.9716
-0.0971
10.3600
-0.2800
-6.1600
246
292
522
418
624
-0.2045
-0.9775
-0.0659
24.1500
-1.2600
-3.0800
246
291
525
425
657
-0.2074
-0.9658
-0.0249
27.3700
-3.8500
-2.0300
251
287
527
431
681
-0.2279
-0.9740
0.0107
23.0300
1.9600
4.9000
269
279
528
435
689
-0.2469
-0.9306
0.0420
8.9600
0.0700
0.9100
271
277
529
437
687
-0.2547
-0.9252
0.0415
-1.3300
-1.6800
0.2100
273
277
529
437
681
-0.2621
-0.9272
0.0254
-1.9600
-1.8900
1.1900
274
279
530
437
676
-0.2391
-0.9335
0.0444
0.1400
-3.5700
0.9100
276
280
530
438
670
-0.2440
-0.9467
0.0464
-6.3000
-4.4800
0.0000
277
280
530
438
665
-0.2684
-0.9472
0.0259
1.8900
-4.2000
-3.4300
278
281
530
438
664
-0.2430
-0.9594
0.0317
-0.5600
-5.0400
-2.2400
278
282
530
438
663
-0.2484
-0.9721
0.0444
5.1800
-4.2700
-3.2900
278
284
530
438
661
-0.2338
-0.9545
0.0381
2.8000
-3.7800
-3.9200
279
282
530
438
661
-0.2411
-0.9555
0.0376
4.0600
-3.7800
-1.4700
279
283
530
438
661
-0.2357
-0.9623
0.0390
3.2200
-4.4800
-3.6400
280
283
530
438
660
-0.2294
-0.9555
0.0468
3.3600
-4.6900
-3.2900
280
283
530
438
660
-0.2313
-0.9482
0.0561
5.9500
-5.6700
-3.3600
280
283
530
438
660
-0.2308
-0.9706
0.0498
2.5900
-5.1100
-3.7800
280
284
530
438
659
-0.2440
-0.9638
0.0381
3.8500
-5.1800
-2.3800
281
285
530
437
659
-0.2440
-0.9643
0.0639
5.6000
-4.7600
-1.2600
281
285
530
437
659
-0.2391
-0.9614
0.0522
1.7500
-3.5000
-1.9600
281
285
530
437
659
-0.2494
-0.9550
0.0551
-0.5600
-5.6000
-1.3300
281
286
530
437
660
-0.2538
-0.9389
0.0566
0.5600
-2.8700
-0.7700
281
286
530
436
660
-0.2533
-0.9589
0.0439
1.0500
-2.3100
-1.4000
281
286
530
436
659
-0.2450
-0.9638
0.0503
1.8900
-3.2900
1.1900
281
285
530
436
658
-0.2591
-0.9643
0.0722
0.4900
-2.8700
-2.5900
281
286
530
435
658
-0.2445
-0.9462
0.0654
-5.2500
-8.7500
-0.7700
281
287
530
435
658
-0.2601
-0.9706
0.0332
-3.4300
-6.4400
-3.9900
281
287
530
433
658
-0.2557
-0.9496
0.0381
-10.6400
-3.2200
-7.1400
283
288
529
431
654
-0.2420
-0.9482
0.0137
-8.7500
-3.2900
-7.0000
286
292
528
429
638
-0.2284
-0.9579
0.0083
-6.8600
-2.1700
-4.2700
290
301
526
427
621
-0.2196
-0.9755
-0.0015
-1.6100
-5.8100
-12.7400
296
311
523
423
605
-0.2118
-0.9848
-0.0190
-1.0500
-3.5700
-13.4400
304
322
521
421
591
-0.1874
-0.9506
-0.0142
-7.1400
-5.1800
-9.7300
324
362
521
415
578
-0.1566
-0.9692
-0.0156
-6.5100
-3.9200
-5.3200
353
404
521
417
562
-0.1874
-1.0028
-0.0756
10.0100
2.0300
-6.8600
384
443
522
422
537
-0.1820
-0.9828
-0.0259
-1.5400
-11.9000
-3.4300
390
474
524
428
526
-0.1913
-0.9980
-0.0303
-12.6700
-1.4000
-7.0000
395
492
525
434
519
-0.1459
-0.9760
-0.0878
-9.9400
-2.4500
-2.8000
398
498
527
439
510
-0.1659
-0.9662
-0.0961
-3.4300
-2.5200
-4.8300
398
499
527
440
506
-0.1576
-0.9414
-0.0913
-7.3500
-0.7700
-3.7800
398
500
527
444
508
-0.1532
-0.9716
-0.1108
1.8900
-4.5500
-3.4300
399
500
528
445
509
-0.1542
-0.9784
-0.0947
2.4500
-3.5700
-6.0900
399
500
528
446
506
-0.1518
-0.9726
-0.1069
2.7300
-3.8500
-5.3200
399
500
528
446
509
-0.1518
-0.9911
-0.1093
3.9200
-3.5700
-1.9600
398
500
528
446
509
-0.1610
-0.9667
-0.0864
2.1000
-3.1500
-4.4100
398
499
528
446
509
-0.1352
-0.9887
-0.0952
3.5000
-5.1100
-4.2700
398
499
528
446
509
-0.1352
-0.9926
-0.0883
-0.4200
-4.9700
-1.5400
398
498
528
445
507
-0.1342
-0.9770
-0.1015
1.3300
-8.2600
-2.1700
398
498
528
445
511
-0.1508
-0.9589
-0.1142
3.0100
-8.8900
-1.5400
398
497
528
445
512
-0.1571
-0.9721
-0.1049
1.4000
-9.0300
-0.0700
397
497
527
444
510
-0.1718
-0.9609
-0.1147
2.1000
-7.4200
-3.1500
397
496
527
444
513
-0.1688
-0.9745
-0.0971
5.3900
-4.5500
0.2100
397
496
527
447
513
-0.1454
-0.9731
-0.1015
5.1100
-4.2700
-2.6600
397
495
527
449
511
-0.1674
-0.9721
-0.0864
-0.6300
-3.9200
-0.7700
397
495
527
460
513
-0.1630
-0.9638
-0.1010
5.6700
-3.0800
0.6300
397
495
527
460
513
-0.1840
-0.9814
-0.1332
10.5700
3.8500
-0.3500
398
495
527
459
511
-0.1908
-0.9809
-0.0791
7.2100
-2.3800
-4.9000
398
495
527
451
512
-0.1742
-0.9736
-0.0966
3.8500
-4.4800
-0.5600
398
495
527
450
510
-0.1962
-0.9872
-0.0561
0.8400
-1.8900
-0.9100
398
495
527
450
512
-0.1830
-0.9828
-0.0815
-0.2100
-0.3500
-3.7800
398
495
527
451
511
-0.1923
-0.9770
-0.0888
-2.4500
3.3600
-6.0200
398
495
527
452
508
-0.1430
-0.9555
-0.0927
1.8200
-0.8400
-5.1800
398
495
527
452
509
-0.1640
-0.9618
-0.1025
5.6700
-2.6600
-3.6400
399
496
527
451
508
-0.1781
-0.9775
-0.1078
3.3600
-0.7000
-1.0500
396
493
527
451
506
-0.1757
-0.9521
-0.0732
-7.2800
-1.3300
3.7100
360
449
524
449
510
-0.1996
-0.9609
-0.1152
-4.6200
-8.0500
-0.1400
319
384
519
445
516
-0.2074
-0.9960
-0.1342
9.8000
-9.9400
-0.4900
274
330
514
442
519
-0.2157
-0.9950
-0.0996
13.0900
-7.7000
2.5200
246
300
510
438
526
-0.2230
-0.9560
-0.0761
-0.9100
-5.6700
0.5600
238
305
514
434
545
-0.2284
-0.9833
-0.1132
8.3300
-3.5700
2.3100
238
303
523
433
596
-0.2050
-0.9706
-0.0966
28.0000
-4.2000
-1.6100
238
301
527
439
619
-0.2147
-0.9677
-0.0303
22.0500
-4.1300
-1.4700
237
301
529
444
627
-0.2533
-0.9589
-0.0127
14.7000
-4.8300
0.8400
238
302
529
448
623
-0.2596
-0.9540
-0.0132
11.9000
0.2800
-2.4500
238
303
530
451
619
-0.2547
-0.9516
0.0166
4.5500
-3.3600
-3.2200
240
304
530
452
615
-0.2518
-0.9418
0.0107
2.3100
-5.1800
-5.8100
240
305
530
453
613
-0.2542
-0.9789
0.0268
-0.2100
-4.3400
-3.6400
241
306
530
453
613
-0.2323
-0.9833
0.0200
11.2000
-7.4900
-5.8800
243
307
530
453
611
-0.2420
-0.9892
0.0268
7.4200
-5.8100
-4.7600
243
309
530
453
610
-0.2547
-0.9804
0.0439
5.7400
-4.1300
-7.4200
244
310
530
453
605
-0.2323
-0.9780
0.0278
4.7600
-6.3700
-5.4600
245
311
530
453
604
-0.2298
-0.9789
0.0400
-1.6800
-4.2000
-2.3800
245
311
530
453
603
-0.2362
-0.9399
0.0307
3.6400
-5.6000
-2.9400
246
312
530
453
603
-0.2367
-0.9706
0.0327
3.9200
-4.0600
-3.8500
246
314
530
453
602
-0.2406
-0.9697
0.0210
1.3300
-2.3100
-2.4500
247
314
530
453
604
-0.2474
-0.9667
0.0278
1.6800
-2.3100
-1.5400
246
314
530
453
604
-0.2323
-0.9731
0.0264
1.9600
-0.8400
-4.2000
247
315
530
453
601
-0.2303
-0.9687
0.0434
4.3400
3.2200
-2.5900
247
314
530
453
600
-0.2513
-0.9604
0.0493
0.0700
-0.5600
-3.5700
247
314
530
453
599
-0.2372
-0.9692
0.0239
2.9400
-0.9800
-3.5700
248
314
530
453
599
-0.2381
-0.9677
0.0390
0.0700
-1.8900
-6.2300
248
314
530
453
601
-0.2308
-0.9506
0.0278
3.5700
-2.1000
-2.2400
248
314
530
453
600
-0.2298
-0.9531
0.0337
1.6800
-5.3900
-3.9900
248
315
530
453
598
-0.2172
-0.9609
0.0351
1.8200
-8.0500
-2.8700
248
315
530
453
598
-0.2508
-0.9872
0.0654
-15.4000
-9.9400
-8.6800
250
318
530
451
593
-0.1898
-1.0063
-0.0937
-29.6100
-0.4200
-2.8700
260
327
528
443
568
-0.1659
-0.9150
-0.0517
17.8500
-20.5800
6.3000
275
339
527
436
546
-0.2508
-1.0253
-0.0937
20.0900
-17.5700
5.4600
292
362
521
427
526
-0.2913
-0.9999
0.0927
21.7000
10.9200
-3.4300
326
405
518
429
515
-0.2196
-0.9960
0.0244
-2.7300
-18.8300
3.2900
355
452
518
428
504
-0.2513
-0.9819
0.0244
10.5000
2.3800
0.7000
379
479
520
430
503
-0.2689
-0.9906
0.0312
7.3500
13.5800
-2.2400
389
490
523
436
501
-0.2557
-0.9740
0.0166
12.2500
9.5200
1.0500
392
492
524
438
500
-0.2782
-0.9267
0.0625
-0.2800
-1.1200
-2.5200
392
492
524
438
500
-0.2660
-0.9540
0.0527
-7.7700
-4.9700
-1.8200
392
492
524
438
498
-0.2669
-0.9360
0.0229
-18.6200
-7.4200
-7.0700
392
491
524
438
500
-0.2547
-0.9418
-0.0195
-5.3200
-2.9400
-2.1000
392
491
524
438
501
-0.2425
-0.9550
-0.0049
3.0100
-5.3200
-2.4500
392
491
524
437
499
-0.2513
-0.9623
-0.0039
-0.9100
-7.7700
-2.9400
392
491
524
437
502
-0.2557
-0.9443
-0.0068
6.3000
-9.1000
0.2100
392
490
524
437
499
-0.2874
-0.9740
-0.0166
4.2700
-3.5700
-3.6400
392
490
524
437
502
-0.2430
-0.9736
0.0102
6.2300
-5.1100
-3.5700
392
490
524
437
502
-0.2635
-0.9902
-0.0102
-3.2900
0.5600
-0.7000
392
490
524
438
500
-0.2396
-0.9370
-0.0220
8.7500
-6.2300
2.3100
392
490
524
438
502
-0.2938
-0.9692
-0.0005
-2.7300
3.5700
-3.1500
392
489
524
438
499
-0.2562
-0.9414
-0.0288
-0.7000
1.8900
-4.3400
393
490
524
438
501
-0.2523
-0.9438
-0.0020
3.7100
-3.0100
-2.0300
393
490
524
438
501
-0.2582
-0.9536
-0.0132
1.1200
-2.9400
-2.5900
392
489
524
439
498
-0.2372
-0.9643
-0.0151
3.5000
-7.0000
-1.6800
392
489
524
439
501
-0.2601
-0.9740
0.0107
3.6400
-7.7000
-3.7100
392
488
524
438
500
-0.2591
-0.9648
-0.0024
-0.9100
-7.9100
-5.3200
391
487
524
438
503
-0.2611
-0.9560
-0.0151
1.1200
-5.1100
-5.0400
391
482
524
438
504
-0.2557
-0.9516
-0.0078
0.9100
-1.6100
-4.4800
388
470
523
437
503
-0.2621
-0.9731
-0.0107
-13.6500
-4.2700
-4.2000
375
439
523
433
509
-0.2401
-0.9662
-0.0327
-0.0700
-6.2300
-6.4400
330
374
523
431
512
-0.2533
-0.9614
-0.0488
4.2700
-5.6000
-11.1300
280
329
523
431
513
-0.2245
-0.9872
-0.0351
3.6400
-9.2400
-7.6300
257
304
522
429
515
-0.2103
-0.9550
-0.0215
-0.7700
-7.9800
-5.1100
250
298
525
429
545
-0.1903
-0.9687
-0.0659
-1.6100
1.2600
-6.0200
254
300
528
436
581
-0.2074
-0.9345
-0.0581
-0.8400
1.6800
-1.9600
256
300
529
444
600
-0.2113
-0.9540
0.0059
8.6800
-0.7000
-4.6900
258
302
529
448
602
-0.2113
-0.9653
-0.0561
9.7300
-0.4200
-5.3900
261
304
530
451
605
-0.2030
-0.9638
0.0005
5.0400
-3.9900
-4.2700
266
305
530
453
611
-0.2142
-0.9492
-0.0273
8.7500
-5.3200
-3.0800
268
308
530
454
609
-0.1908
-0.9980
-0.0268
15.7500
-5.6700
-4.9000
270
308
530
455
611
-0.2245
-1.0028
0.0146
12.6700
-5.4600
-4.6200
272
309
531
456
613
-0.2133
-0.9804
0.0098
10.0100
-6.0200
-3.2900
273
310
531
456
622
-0.2259
-0.9701
0.0332
8.8900
-5.6000
-2.0300
273
312
530
457
626
-0.2196
-0.9780
0.0215
4.2700
-3.9200
-2.1700
274
313
530
457
625
-0.2333
-0.9731
0.0293
1.7500
-3.3600
-0.7700
275
315
530
456
622
-0.2367
-0.9687
0.0444
2.8000
-2.1000
-1.7500
276
316
530
456
621
-0.2167
-0.9594
0.0527
3.7100
-8.4700
-3.2900
278
318
530
456
619
-0.2328
-0.9457
0.0410
4.5500
-7.6300
-1.2600
280
321
530
456
617
-0.2469
-0.9643
0.0200
1.7500
-3.2200
-2.3100
280
322
530
456
618
-0.2308
-0.9575
0.0264
7.0000
-4.8300
-2.0300
281
321
530
456
616
-0.2450
-0.9828
0.0468
7.2800
-4.3400
-3.4300
283
322
530
456
615
-0.2372
-0.9784
0.0576
8.8900
-4.4800
-3.8500
283
323
530
457
612
-0.2298
-0.9750
0.0542
2.6600
-8.6100
-3.5000
285
323
530
457
611
-0.2406
-0.9687
0.0659
6.7200
-4.9700
-4.8300
285
323
530
457
612
-0.2386
-0.9750
0.0673
8.1900
-3.9900
-5.1800
285
322
530
457
612
-0.2230
-0.9682
0.0595
7.7000
-6.0900
-1.3300
286
323
530
458
613
-0.1254
-0.9858
0.0834
8.7500
-5.2500
-4.9700
286
323
530
458
615
-0.2469
-0.9731
0.0659
5.8800
-3.0100
-5.8800
286
323
530
459
615
-0.2303
-0.9614
0.0917
3.5700
-3.5700
-3.4300
287
323
530
459
616
-0.2352
-0.9628
0.0756
3.0100
-3.5000
-2.7300
287
323
530
460
614
-0.2342
-0.9706
0.0615
4.2700
-1.2600
-4.7600
287
323
530
460
613
-0.2167
-0.9740
0.0859
5.3200
-3.1500
-4.2700
287
322
530
461
614
-0.2113
-0.9677
0.0688
8.4700
-3.2900
-4.6200
287
322
530
461
615
-0.2362
-0.9711
0.0800
3.2900
-3.2200
-2.6600
287
322
530
461
615
-0.2269
-0.9540
0.0732
-7.8400
-2.5900
1.3300
286
323
530
461
615
-0.2259
-0.9579
0.0639
-11.4800
-6.7900
0.0700
287
325
529
460
595
-0.2694
-0.9618
0.0547
-14.4200
-8.0500
-2.3100
293
334
528
457
563
-0.2391
-0.9340
0.0312
1.4000
-9.0300
1.1900
329
373
527
453
538
-0.2547
-0.9306
0.0854
10.8500
-8.1900
4.9000
366
435
527
450
522
-0.2479
-0.9374
0.0795
-5.6700
-7.2100
-1.4000
373
466
527
450
511
-0.2562
-0.9511
0.0556
-4.4100
-4.4800
-0.1400
383
483
527
451
507
-0.2601
-0.9550
0.0664
-2.8000
-4.2000
1.4000
389
491
527
452
508
-0.2635
-0.9575
0.0590
-0.7000
-1.3300
-0.6300
394
496
527
452
507
-0.2513
-0.9462
0.0439
0.5600
-3.2200
0.2800
396
498
528
453
505
-0.2684
-0.9462
0.0625
5.1100
-1.4000
3.1500
398
499
528
455
507
-0.2806
-0.9321
0.0678
4.6200
-3.2200
-0.5600
399
499
528
455
505
-0.2640
-0.9399
0.0805
-8.8900
-2.9400
-0.2100
399
500
528
455
507
-0.2728
-0.9374
0.0439
4.3400
-4.9700
-4.9700
400
500
528
455
508
-0.2733
-0.9506
0.0654
2.7300
-4.4800
-3.2900
400
500
528
455
508
-0.2664
-0.9501
0.0703
2.7300
-3.5700
-3.2200
400
500
528
455
508
-0.2699
-0.9467
0.0849
2.0300
-3.2900
-3.3600
400
500
528
455
506
-0.2684
-0.9555
0.0659
2.4500
-3.1500
-3.2900
400
500
528
455
508
-0.2699
-0.9462
0.0839
0.0700
-4.2000
-2.1000
400
500
528
455
508
-0.2650
-0.9545
0.0664
5.8100
-3.6400
-3.6400
400
500
528
454
508
-0.2591
-0.9628
0.0761
3.5000
-2.7300
-1.8900
400
500
528
454
508
-0.2723
-0.9482
0.0888
2.0300
-3.6400
-3.1500
400
500
529
454
506
-0.2625
-0.9492
0.0742
1.9600
-3.2200
-3.9900
400
499
528
454
508
-0.2538
-0.9409
0.0664
2.5900
-4.0600
-4.4800
400
499
528
454
508
-0.2664
-0.9506
0.0810
3.4300
-4.2700
-3.9900
400
499
528
454
508
-0.2674
-0.9443
0.0781
0.5600
-4.9700
-5.8800
400
499
529
454
508
-0.2484
-0.9623
0.0610
6.0200
-4.4100
-3.9200
400
499
529
454
506
-0.2601
-0.9633
0.0839
4.9700
-4.4800
-4.2000
400
499
528
454
508
-0.2669
-0.9750
0.0834
3.7100
-3.2200
-3.5700
400
499
528
454
508
-0.2508
-0.9662
0.0761
1.8900
-1.8200
-4.2700
400
499
528
454
508
-0.2621
-0.9579
0.0639
4.2000
-2.1700
-3.8500
400
498
528
454
508
-0.2538
-0.9594
0.0693
3.7100
-2.5900
-2.7300
400
498
529
454
506
-0.2611
-0.9506
0.0864
-0.0700
-3.5700
-3.9900
400
495
528
454
508
-0.2596
-0.9653
0.0542
-2.5200
-1.8200
-4.4100
399
487
528
455
508
-0.2479
-0.9536
0.0468
1.6800
-1.1900
-1.9600
392
466
528
455
506
-0.2499
-0.9594
0.0722
-8.9600
-5.1800
-4.2700
370
430
528
454
511
-0.2352
-0.9658
0.0386
-1.2600
-8.1200
-5.1100
329
375
527
452
521
-0.2562
-0.9648
0.0634
2.1700
-10.5000
-6.7200
288
337
526
450
525
-0.2372
-0.9789
0.0327
-6.1600
-6.3000
-7.0700
262
318
524
446
528
-0.2323
-0.9584
0.0468
-4.6200
-13.7200
-5.6000
254
308
523
442
545
-0.2264
-0.9775
0.0171
-4.8300
-12.5300
-15.1200
255
308
524
438
575
-0.2274
-0.9648
0.0215
-23.2400
5.7400
2.2400
260
313
526
439
615
-0.1967
-0.9287
-0.0224
5.1100
5.1100
0.5600
287
306
528
449
639
-0.1957
-0.9711
0.0200
14.3500
2.7300
-0.2100
290
306
530
455
638
-0.2133
-1.0087
0.0493
9.2400
2.4500
2.1700
292
307
530
458
636
-0.2089
-0.9516
0.0483
9.9400
2.6600
1.0500
294
311
531
459
630
-0.2123
-0.9496
0.0961
3.9200
-3.2900
-1.1900
297
314
531
460
626
-0.2216
-0.9560
0.0586
1.4700
-1.8200
-0.7700
299
316
531
460
623
-0.2172
-0.9565
0.0712
3.0800
-2.8700
0.0700
300
317
531
460
620
-0.2152
-0.9599
0.0776
0.3500
-5.2500
-2.5200
300
318
531
460
616
-0.2059
-0.9536
0.0766
1.7500
-5.1100
-1.6800
301
319
531
460
615
-0.2162
-0.9536
0.0791
2.2400
-3.2900
-3.0800
301
319
531
460
614
-0.2098
-0.9740
0.0795
1.2600
-2.3100
-2.1000
302
320
531
460
613
-0.2142
-0.9579
0.0854
1.2600
-3.5700
-2.2400
302
321
531
460
612
-0.2059
-0.9740
0.0991
3.2900
-3.4300
-3.0100
302
322
531
460
613
-0.2103
-0.9638
0.0893
0.9100
-3.5000
-2.7300
303
322
531
460
612
-0.2255
-0.9609
0.0922
0.4900
-4.0600
-2.8000
303
323
531
460
612
-0.2103
-0.9540
0.0786
2.6600
-2.8000
-2.3800
303
323
531
460
609
-0.2059
-0.9755
0.0903
2.3100
-4.4100
-4.3400
303
324
531
460
608
-0.2064
-0.9721
0.0932
2.1000
-3.9900
-4.1300
303
324
531
460
607
-0.2059
-0.9726
0.1039
3.2900
-3.7100
-3.2900
303
324
531
460
607
-0.2074
-0.9765
0.0776
4.2000
-4.1300
-3.4300
304
325
531
460
608
-0.2098
-0.9711
0.0942
3.5000
-2.8700
-3.9900
304
325
531
460
608
-0.2094
-0.9765
0.1000
3.5700
-4.2000
-3.9200
304
326
531
460
607
-0.1947
-0.9687
0.1005
2.3800
-3.5000
-4.0600
304
326
531
460
604
-0.2064
-0.9731
0.0878
3.6400
-2.9400
-5.0400
304
327
531
460
603
-0.1967
-0.9755
0.0874
1.8200
-2.8700
-4.6900
304
327
531
460
603
-0.1981
-0.9731
0.0952
1.6800
-3.3600
-4.0600
305
327
531
460
602
-0.1913
-0.9745
0.0903
2.7300
-2.3800
-2.9400
305
327
531
460
604
-0.2040
-0.9731
0.0961
4.2000
-3.1500
-3.0100
305
327
531
460
604
-0.1981
-0.9887
0.0976
4.4100
-3.9200
-4.3400
305
327
531
460
602
-0.2045
-0.9697
0.0815
-6.5800
-5.4600
-4.1300
306
329
530
460
600
-0.1747
-1.0067
0.0395
2.3800
-10.0800
-7.0700
306
337
528
446
577
-0.2001
-0.9936
0.0605
-12.0400
-7.0000
-6.7900
314
351
527
432
552
-0.1874
-0.9667
0.0312
-8.8200
-6.5100
2.0300
338
377
523
421
545
-0.2313
-0.9687
0.0161
8.6100
-8.1900
-0.4900
380
425
523
421
529
-0.2118
-0.9765
-0.1240
12.6000
-8.6100
-1.9600
393
476
524
426
503
-0.2318
-0.9662
0.0415
4.6200
-7.4900
3.6400
400
491
525
432
492
-0.2401
-0.9658
0.0478
8.9600
-5.2500
5.6000
405
497
526
436
483
-0.2699
-0.9819
0.0278
5.4600
0.0000
4.2700
410
500
527
440
478
-0.2845
-0.9462
0.0342
7.0000
-3.0100
3.1500
415
502
527
440
465
-0.2933
-0.9321
0.0420
4.4100
-5.6000
-2.8700
417
503
527
441
464
-0.3040
-0.9433
0.0224
3.8500
-2.3800
-3.5000
417
503
527
441
463
-0.2923
-0.9360
0.0322
6.4400
-4.4800
-1.2600
417
503
527
441
463
-0.3138
-0.9570
0.0688
3.4300
-2.3800
-4.2700
416
503
527
441
463
-0.3040
-0.9301
0.0444
5.9500
-1.7500
-2.9400
416
503
527
442
463
-0.3094
-0.9399
0.0693
6.3000
-2.7300
-3.6400
416
503
527
441
463
-0.2718
-0.9282
0.0503
6.0900
-7.4200
0.9100
416
503
527
441
464
-0.2816
-0.9433
0.0864
3.8500
-11.7600
0.6300
415
503
527
442
465
-0.2952
-0.9418
0.0576
2.0300
-10.9200
1.1900
416
503
527
441
467
-0.2796
-0.9931
0.1025
6.5100
-13.2300
0.9100
416
502
527
440
467
-0.3299
-0.9174
0.0737
-15.6800
-10.9200
-1.4000
416
502
527
438
467
-0.3445
-0.8930
0.0537
-3.5700
-7.0700
-9.8000
416
502
527
438
465
-0.2786
-0.9799
0.0503
9.1000
-7.5600
-18.4800
416
502
527
437
466
-0.3187
-0.9565
0.0659
-7.6300
0.8400
-15.4700
416
502
527
438
462
-0.2752
-0.9731
0.0249
-4.1300
3.9900
-15.6800
416
502
527
437
462
-0.2094
-0.9409
0.0029
-19.0400
-1.2600
-7.3500
416
502
527
436
463
-0.2333
-1.0004
-0.0029
-9.5900
-2.1700
-11.4100
416
502
527
434
463
-0.2250
-0.9438
-0.0210
-4.4100
0.9800
-8.6800
415
502
527
432
464
-0.2738
-0.9492
0.0015
-10.6400
5.8100
-6.5800
415
502
527
431
465
-0.2059
-0.9160
-0.0590
-2.9400
-9.2400
-0.9800
415
501
527
427
465
-0.2211
-0.9638
-0.0913
-2.2400
-9.6600
-14.0700
414
500
527
425
465
-0.2118
-0.9833
-0.0820
5.7400
2.8000
-12.6000
412
496
527
424
469
-0.1830
-0.9643
-0.0586
0.9800
-0.9800
-4.4100
409
486
527
424
468
-0.1937
-0.9755
-0.0512
-1.7500
-5.1800
-7.0000
401
468
527
422
473
-0.1830
-0.9570
-0.0786
-13.1600
0.8400
-7.7000
371
419
526
420
478
-0.1757
-0.9843
-0.0888
2.0300
-3.7800
-4.0600
320
356
526
419
492
-0.1596
-0.9531
-0.0913
4.9000
3.9900
-5.6700
285
311
525
417
501
-0.1308
-0.9184
-0.0947
0.8400
-6.7200
-4.2700
287
286
524
413
500
-0.1279
-0.9838
-0.0639
-0.4900
-11.3400
-9.7300
278
280
523
414
537
-0.1532
-0.9745
-0.0874
17.8500
-9.0300
-0.8400
275
279
526
419
578
-0.1752
-0.9374
-0.0532
3.0100
-7.7000
-5.6000
277
281
528
425
595
-0.1635
-0.9374
-0.0473
-2.5200
-4.5500
-3.0800
280
281
529
433
604
-0.1508
-0.9638
-0.0473
4.9000
-1.6100
1.3300
285
280
530
440
613
-0.1649
-0.9809
-0.0215
5.0400
0.0700
-0.4200
292
279
530
444
612
-0.1318
-0.9618
-0.0039
3.6400
-3.4300
-4.7600
295
280
531
447
609
-0.1205
-0.9589
-0.0010
1.5400
-3.5000
-0.1400
296
280
531
449
607
-0.1244
-0.9555
-0.0073
0.3500
-3.7800
-2.7300
297
279
531
449
607
-0.1288
-0.9628
0.0000
6.3000
-3.9200
-1.6800
297
280
531
449
606
-0.0966
-0.9921
-0.0005
0.6300
-4.1300
-2.4500
298
281
531
449
602
-0.1327
-0.9965
-0.0298
5.2500
-3.7800
-2.1700
299
282
531
449
601
-0.1327
-0.9892
-0.0020
-1.7500
-2.7300
-2.4500
299
283
531
449
600
-0.1357
-0.9780
-0.0088
-1.4700
-5.4600
-2.8700
300
284
531
448
599
-0.1269
-0.9755
-0.0117
2.5200
-5.8100
-3.3600
300
285
531
448
598
-0.1240
-0.9887
0.0015
3.0100
-5.1100
-3.0100
301
285
531
448
600
-0.1298
-0.9843
-0.0073
2.0300
-6.1600
-3.5700
301
287
531
448
597
-0.1469
-0.9897
-0.0049
1.9600
-0.5600
-5.3900
302
288
530
447
594
-0.1230
-0.9755
0.0005
2.2400
-5.1800
-2.3800
302
288
531
447
591
-0.1322
-0.9926
-0.0166
3.0800
-5.1100
-4.7600
302
289
531
447
591
-0.1293
-0.9955
-0.0015
5.8800
-1.8900
-5.7400
302
289
530
447
591
-0.1103
-1.0048
0.0015
2.8000
-6.8600
-3.8500
303
289
530
447
593
-0.1425
-1.0063
-0.0185
0.4200
-2.3800
-4.0600
303
289
530
447
593
-0.1264
-0.9687
-0.0151
3.6400
-7.2800
-4.2700
304
290
530
446
593
-0.1366
-1.0014
-0.0044
-0.4900
-4.6900
-4.2700
304
290
530
446
593
-0.1215
-0.9799
-0.0137
1.7500
-6.9300
-2.3800
304
291
530
446
590
-0.1249
-0.9838
0.0029
1.3300
-0.5600
-2.4500
305
291
530
445
590
-0.1127
-0.9867
-0.0020
-1.6100
-4.6900
-1.8200
305
291
530
446
590
-0.1269
-0.9794
-0.0239
1.0500
-3.5000
-1.9600
305
291
530
446
592
-0.1347
-0.9799
-0.0137
-1.6100
-1.2600
-4.4800
305
291
530
446
592
-0.1108
-0.9794
-0.0381
2.7300
-4.5500
-3.1500
305
291
530
446
592
-0.1210
-0.9970
0.0068
0.0700
-1.2600
-3.3600
305
291
531
446
589
-0.1078
-0.9638
-0.0034
-3.8500
-6.1600
-2.0300
305
290
531
446
589
-0.1279
-0.9726
-0.0137
1.3300
-4.7600
-0.7000
305
291
531
446
589
-0.1225
-0.9809
-0.0049
-3.0100
-7.7000
-2.2400
306
291
530
446
588
-0.1283
-0.9804
-0.0493
-0.6300
-7.7700
-3.2200
305
291
529
445
588
-0.1322
-0.9838
-0.0224
-3.0800
-3.5700
-2.9400
307
296
528
442
578
-0.1132
-0.9692
-0.0542
-3.0800
-5.1800
-0.7000
309
302
527
428
567
-0.1225
-1.0058
-0.0527
-0.9800
-1.6800
-3.2200
313
311
527
422
557
-0.1376
-0.9740
-0.0659
-0.7000
-6.6500
-3.0800
320
330
527
417
555
-0.1679
-0.9838
-0.0625
1.1900
-2.7300
-3.4300
340
369
527
415
555
-0.1366
-0.9614
-0.0747
4.8300
0.0700
-1.8900
370
415
527
418
551
-0.1366
-0.9760
-0.0537
-1.1200
2.1000
2.9400
385
453
528
421
537
-0.1313
-0.9780
-0.0630
-3.9900
-1.1900
1.6100
386
476
528
423
528
-0.1464
-0.9770
-0.0844
0.4900
-4.4100
-2.7300
389
485
528
425
523
-0.1488
-0.9784
-0.0791
5.2500
-0.7000
-5.3200
390
487
528
426
518
-0.1362
-0.9858
-0.0693
1.4000
-1.3300
-5.3200
391
489
528
426
519
-0.1235
-0.9780
-0.0996
6.3700
-2.9400
-3.0100
391
491
528
426
519
-0.1322
-1.0111
-0.0625
2.1000
-4.8300
-3.9200
392
492
528
426
517
-0.1366
-0.9862
-0.0947
2.1000
-3.1500
-1.3300
392
493
528
427
519
-0.1401
-0.9780
-0.0859
4.5500
-3.5700
-0.5600
392
493
528
427
519
-0.1474
-0.9814
-0.0815
1.4700
-2.1700
-3.2900
393
493
528
427
517
-0.1410
-0.9672
-0.0664
1.1900
-4.8300
-3.9200
393
493
528
427
519
-0.1303
-0.9877
-0.0747
4.0600
-5.1100
-4.8300
393
493
528
427
519
-0.1147
-0.9706
-0.0756
3.9900
-4.2700
-0.6300
393
493
528
427
517
-0.1435
-0.9941
-0.0649
-1.6800
-5.2500
-1.4700
392
492
528
427
519
-0.1391
-0.9609
-0.0737
2.5200
-4.8300
-3.1500
392
492
528
427
519
-0.1401
-0.9843
-0.0586
3.6400
-2.8700
-5.6000
393
492
529
427
517
-0.1225
-0.9692
-0.0727
4.2000
-3.2900
-3.0100
393
492
528
427
519
-0.1327
-1.0043
-0.0586
0.4900
-2.0300
-3.9900
393
492
528
427
519
-0.1288
-0.9872
-0.0737
1.4000
-5.2500
-2.8700
393
492
528
427
517
-0.1474
-0.9784
-0.0878
4.6200
-4.9700
-4.2700
393
492
528
427
519
-0.1332
-0.9862
-0.0703
-0.9800
-2.8000
-4.4100
393
492
528
427
519
-0.1313
-0.9765
-0.0795
2.5200
-4.6900
-4.4100
392
492
529
427
517
-0.1293
-0.9936
-0.0732
2.0300
-1.8900
-3.4300
393
491
529
427
519
-0.1225
-0.9921
-0.0805
2.4500
-3.2900
-2.1000
393
491
528
427
519
-0.1283
-0.9701
-0.0825
2.3800
-3.7100
-2.5900
393
491
529
427
517
-0.1332
-0.9711
-0.0766
-1.8900
-6.3700
-10.6400
393
479
528
427
519
-0.1191
-1.0019
-0.0810
1.6800
-5.2500
-6.3000
388
451
529
428
520
-0.1147
-0.9892
-0.0864
1.2600
-5.3900
-0.1400
368
426
529
428
518
-0.1186
-0.9833
-0.0927
3.5000
-5.3200
-1.3300
349
398
529
428
521
-0.1196
-0.9945
-0.0786
4.9000
-5.6700
-3.5700
326
364
529
428
522
-0.1283
-1.0024
-0.0913
12.8800
-9.2400
-5.1800
287
317
528
428
520
-0.1444
-0.9897
-0.0415
10.1500
-3.0800
-2.8700
263
293
527
427
520
-0.1283
-0.9799
-0.0195
3.7100
-14.8400
-10.0100
252
283
526
426
515
-0.1113
-0.9833
-0.0371
6.0900
-7.4900
-6.2300
246
280
525
425
522
-0.1254
-0.9662
-0.0337
-6.7200
3.4300
-1.8900
249
281
526
428
570
-0.1205
-0.9584
-0.0761
9.1700
1.5400
1.0500
259
280
529
436
590
-0.1327
-0.9575
-0.0303
7.4200
1.8900
0.4200
266
278
530
440
595
-0.1142
-0.9628
-0.0356
5.8100
-2.4500
-1.6100
269
278
530
444
595
-0.1308
-0.9823
-0.0176
5.7400
1.2600
-2.0300
270
276
530
446
596
-0.1181
-0.9672
0.0049
-0.0700
-3.9200
-1.6800
271
276
531
448
595
-0.1152
-0.9687
-0.0024
0.0000
-4.6200
-2.1000
272
277
531
448
592
-0.1132
-0.9828
-0.0220
1.2600
-5.1800
-3.8500
272
278
531
448
590
-0.1127
-0.9799
-0.0249
3.0800
-2.7300
-1.5400
273
278
531
449
593
-0.1127
-0.9877
-0.0098
2.2400
-2.1700
-2.9400
274
278
531
451
591
-0.1078
-0.9853
0.0000
4.4100
-2.5200
-2.8700
274
279
531
451
587
-0.1088
-0.9775
0.0029
3.8500
-4.2000
-1.1200
275
279
531
452
588
-0.1118
-0.9814
0.0005
-0.0700
-4.6200
-0.9800
275
279
531
452
588
-0.1132
-0.9726
-0.0078
0.2800
-3.4300
-2.9400
276
279
531
453
590
-0.1166
-0.9833
-0.0088
3.6400
-3.1500
-2.8700
276
279
531
453
589
-0.1191
-0.9911
0.0034
2.9400
-4.5500
-3.3600
277
280
531
453
589
-0.1225
-1.0019
0.0176
5.1100
-2.6600
-3.1500
277
280
530
453
585
-0.1064
-0.9877
0.0005
-0.1400
-5.4600
-2.7300
278
281
530
453
584
-0.1166
-0.9823
-0.0049
2.9400
-4.2000
-2.8000
278
281
530
453
583
-0.1147
-0.9760
-0.0049
3.2900
-7.4200
-3.2200
279
282
530
453
585
-0.1240
-1.1244
-0.0156
6.0900
-2.6600
-2.3800
279
283
530
452
585
-0.1074
-0.9975
0.0068
4.0600
-5.6700
-3.0800
280
283
530
452
581
-0.1166
-1.0028
0.0127
1.1900
-3.0100
-3.3600
281
284
530
452
580
-0.1083
-0.9916
0.0024
2.0300
-3.0800
-2.7300
282
285
530
452
582
-0.1083
-0.9906
0.0171
-2.5200
-3.5700
-3.1500
282
285
530
452
581
-0.1152
-0.9897
-0.0249
1.4700
-4.7600
-3.5700
283
286
530
452
580
-0.1200
-0.9975
-0.0015
3.7800
-3.2900
-3.2200
284
287
530
452
577
-0.1127
-0.9867
0.0020
4.1300
-3.9900
-2.1700
284
287
530
452
577
-0.1059
-0.9970
0.0102
-0.3500
-1.0500
-1.2600
284
287
530
452
577
-0.1122
-0.9916
0.0024
0.3500
-3.2900
-2.7300
284
287
530
452
579
-0.1161
-0.9809
-0.0098
0.0000
-1.2600
-3.5000
285
288
530
452
578
-0.1157
-0.9843
0.0034
2.4500
-4.0600
-4.4800
285
288
530
452
576
-0.1166
-0.9872
-0.0176
1.3300
-1.9600
-2.8000
285
288
530
452
576
-0.1186
-0.9858
0.0063
7.5600
-1.6100
-1.8900
284
287
530
452
582
-0.1171
-0.9950
0.0176
-3.1500
-3.2900
-2.2400
283
287
530
450
582
-0.0961
-1.0185
-0.0210
-4.2000
-3.4300
-3.6400
283
287
530
450
581
-0.1152
-0.9819
-0.0332
0.2800
-5.0400
-2.3100
284
287
530
449
577
-0.1200
-0.9872
-0.0142
4.4100
-3.6400
2.0300
284
288
529
447
574
-0.1152
-0.9716
-0.0156
-8.1900
-12.7400
12.3200
286
297
522
441
558
-0.1576
-0.9628
0.0039
3.0800
-8.2600
-5.6700
293
309
515
427
540
-0.1566
-1.0155
0.0102
-12.3900
-2.5200
-3.0100
316
349
517
421
531
-0.1176
-0.9828
-0.0483
-11.2700
-2.3100
-0.8400
362
434
520
423
526
-0.1576
-0.9667
-0.0576
-5.7400
-3.7100
-0.7700
375
476
522
424
521
-0.1274
-0.9516
-0.0556
-2.9400
-5.3900
0.4900
391
493
524
428
515
-0.1542
-0.9804
-0.0600
-8.6100
-3.7800
-5.7400
402
500
526
431
511
-0.1523
-0.9589
-0.0927
-2.2400
-2.8000
0.4200
403
501
526
433
513
-0.1625
-0.9750
-0.0688
0.6300
-3.7800
-4.7600
403
501
526
433
513
-0.1391
-0.9784
-0.0864
-1.4700
-3.1500
-0.7700
403
501
526
433
511
-0.1757
-0.9604
-0.0717
-6.7200
-4.6200
-2.9400
403
501
526
433
515
-0.1669
-0.9565
-0.0913
0.7000
-0.9800
-1.6100
403
501
526
434
515
-0.1620
-0.9604
-0.0844
3.0800
-2.3800
-4.3400
403
501
527
435
514
-0.1503
-0.9682
-0.0781
-3.9900
-2.1700
-1.8900
402
501
527
435
517
-0.1435
-0.9770
-0.0849
-0.2100
-3.7100
-2.7300
402
501
527
436
517
-0.1440
-0.9819
-0.0903
3.2200
-4.4100
-4.8300
402
501
527
436
515
-0.1459
-0.9804
-0.1078
4.1300
-4.8300
-1.5400
402
501
527
436
517
-0.1444
-0.9970
-0.0956
4.6200
-3.9200
-1.9600
402
500
527
436
517
-0.1503
-0.9858
-0.0869
3.3600
-3.3600
-0.6300
401
500
527
436
515
-0.1552
-0.9892
-0.0786
3.6400
-1.9600
-3.0100
401
500
527
436
517
-0.1405
-0.9736
-0.0786
1.6800
-0.7700
-1.6100
402
500
527
436
517
-0.1430
-0.9726
-0.0844
-1.1900
-5.2500
-2.7300
402
500
527
436
515
-0.1571
-0.9828
-0.0996
4.2700
-3.6400
-1.3300
401
499
527
436
517
-0.1552
-0.9843
-0.0874
4.9700
-3.5000
-5.4600
402
497
527
435
517
-0.1313
-0.9794
-0.0756
3.8500
-4.5500
-2.5200
402
497
527
436
515
-0.1415
-0.9882
-0.0727
2.1000
-2.3100
-2.3800
402
497
527
435
518
-0.1352
-0.9941
-0.0678
2.2400
-2.0300
-1.8900
402
497
527
435
518
-0.1303
-0.9877
-0.0874
2.3100
-5.2500
-1.4700
402
495
527
434
516
-0.1552
-0.9828
-0.0883
2.5200
-3.6400
-4.3400
402
489
527
434
518
-0.1440
-0.9682
-0.0859
1.6800
-2.7300
-2.8700
399
469
527
434
517
-0.1376
-0.9765
-0.0791
5.1100
-6.0200
-2.8000
396
448
526
433
517
-0.1518
-0.9960
-0.0576
-0.4900
-0.7000
-4.5500
387
424
526
433
519
-0.1244
-0.9892
-0.0791
-7.4200
-2.8000
-5.2500
370
386
525
432
517
-0.1371
-0.9765
-0.1059
3.0800
-9.8000
-5.8800
348
339
524
431
518
-0.1405
-1.0136
-0.1161
10.4300
-10.6400
-6.4400
324
299
522
429
515
-0.1396
-0.9975
-0.1220
19.1800
-17.0800
-5.9500
305
276
517
425
511
-0.1327
-1.0370
-0.0395
14.8400
-7.0000
-1.8200
295
271
513
419
523
-0.1274
-1.0111
-0.0283
2.8700
1.3300
-5.3900
294
270
517
416
574
-0.1171
-1.0082
-0.0630
10.7800
0.2100
-7.5600
302
268
525
420
603
-0.1259
-0.9862
-0.0644
7.9100
-0.2100
-8.0500
306
264
528
428
607
-0.1205
-1.0077
-0.0361
7.7000
-3.2200
-10.8500
309
263
530
435
599
-0.1176
-0.9765
-0.0395
9.5200
-6.5100
-6.7900
312
264
531
441
593
-0.1035
-1.0111
0.0054
6.3000
-3.0100
-3.6400
313
265
531
446
587
-0.1122
-0.9794
-0.0020
0.5600
-4.9700
-3.5000
314
266
531
448
585
-0.0991
-0.9658
-0.0249
4.6200
-6.0200
-5.9500
314
268
531
450
584
-0.0991
-0.9838
-0.0259
1.5400
-5.9500
-3.4300
314
269
531
451
586
-0.1030
-1.0004
-0.0224
6.9300
-3.2200
-3.7800
315
270
531
451
585
-0.1039
-0.9989
-0.0122
5.2500
-4.4800
-3.6400
315
271
532
451
583
-0.0961
-1.0111
-0.0107
6.1600
-3.6400
-2.3100
316
272
532
451
581
-0.1054
-1.0116
0.0127
0.2100
-2.8700
-0.8400
316
272
532
451
580
-0.0044
-0.9882
0.0054
-1.2600
-5.1100
-3.9200
316
273
531
451
581
-0.1157
-0.9711
-0.0063
1.0500
-4.1300
-3.5700
316
274
531
451
580
-0.1147
-0.9726
-0.0112
2.9400
-3.6400
-3.8500
316
275
531
450
580
-0.0942
-0.9936
0.0088
3.4300
-3.7100
-2.1700
316
276
531
450
577
-0.0966
-0.9970
0.0234
0.6300
-4.5500
-3.0100
317
276
531
450
577
-0.1093
-1.0038
-0.0044
3.2900
-4.8300
-2.7300
317
277
531
450
578
-0.1137
-0.9921
-0.1205
2.7300
-4.1300
-3.4300
317
277
531
450
579
-0.1069
-0.9770
-0.0029
2.6600
-5.0400
-3.5000
317
278
531
450
578
-0.1078
-0.9843
0.0068
5.1800
-6.0900
-2.8000
317
278
531
449
576
-0.1074
-0.9984
0.0063
5.1800
-2.2400
-1.4700
317
279
531
449
576
-0.1010
-0.9980
0.0156
1.4000
-0.3500
-0.9800
317
279
531
449
578
-0.0961
-0.9819
0.0166
-1.1900
-5.3200
-1.6100
317
279
531
449
578
-0.1244
-0.9877
-0.0132
1.2600
-3.9900
-3.4300
317
280
531
449
576
-0.1200
-0.9911
0.0122
1.1900
-5.1800
-4.8300
318
282
531
449
575
-0.1044
-0.9804
-0.0073
-5.6700
-7.1400
-5.0400
317
283
531
448
576
-0.1039
-0.9975
0.0005
5.2500
-3.5000
-2.3100
317
283
531
448
578
-0.0888
-0.9867
0.0034
-2.9400
-5.1800
-2.3800
316
283
530
448
577
-0.1083
-0.9892
-0.0132
-3.0800
-2.5900
-1.6100
317
284
530
447
575
-0.1157
-0.9775
-0.0195
-2.7300
-7.0000
-3.1500
317
284
530
447
574
-0.1093
-0.9853
-0.0303
-2.4500
-3.0800
-3.7800
316
285
530
446
574
-0.0976
-0.9867
-0.0293
4.2700
-4.4100
-1.6800
314
284
530
445
578
-0.1020
-0.9902
0.0088
-1.7500
-3.6400
-1.8200
314
284
530
444
578
-0.1015
-0.9833
-0.0298
-5.8800
-5.6700
-0.9800
314
286
530
443
575
-0.1078
-0.9906
-0.0508
-5.3200
-2.0300
-2.1700
316
304
529
443
536
-0.1308
-0.9902
-0.0693
1.8200
-1.6100
-1.3300
326
388
530
444
505
-0.0898
-0.9897
-0.0503
-4.9000
2.9400
1.4000
368
448
530
444
492
-0.1064
-0.9648
-0.0273
-4.2000
-3.5000
4.4800
399
474
530
445
488
-0.1249
-0.9672
-0.0127
-5.9500
-7.0700
5.1100
396
493
530
446
486
-0.1235
-0.9819
-0.0664
-8.2600
-6.1600
3.6400
398
497
530
446
483
-0.1440
-0.9848
-0.0844
-5.6700
-1.1200
2.1700
402
501
530
446
483
-0.1479
-0.9565
-0.0781
5.3200
-5.1100
-2.1000
403
503
530
447
480
-0.1645
-0.9814
-0.0737
3.2200
-3.3600
-2.3800
404
503
530
447
482
-0.1552
-0.9750
-0.0712
3.8500
-4.0600
-0.7700
405
503
530
446
482
-0.1620
-0.9784
-0.0644
3.9200
-2.7300
-0.9800
404
503
530
446
482
-0.1581
-0.9770
-0.0556
-0.2100
-3.9900
-2.1000
405
503
530
446
483
-0.1562
-0.9731
-0.0595
4.1300
-6.7900
-2.8700
404
503
530
446
481
-0.1581
-0.9848
-0.0630
1.8200
-5.0400
-4.0600
404
503
530
445
482
-0.1630
-0.9789
-0.0761
4.6200
-5.0400
-5.9500
404
503
530
445
481
-0.1488
-0.9984
-0.0590
4.4100
-2.8700
-4.8300
404
502
530
445
483
-0.1469
-0.9955
-0.0493
-0.7000
-3.2900
-2.6600
404
502
530
445
483
-0.1557
-0.9848
-0.0737
3.5700
-5.0400
-1.1900
404
502
530
445
483
-0.1659
-0.9760
-0.0698
1.4000
-3.8500
-1.8200
404
502
530
444
483
-0.1708
-0.9789
-0.0615
0.4200
-3.5000
-3.6400
404
502
530
445
483
-0.1547
-0.9711
-0.0615
-0.0700
-5.6000
-4.9700
404
502
530
445
483
-0.1532
-0.9906
-0.0688
2.1000
-1.6800
-2.1700
404
501
530
445
481
-0.1464
-0.9877
-0.0468
4.3400
-2.8000
-4.2000
403
501
530
445
483
-0.1391
-0.9819
-0.0752
0.2800
-4.6200
-1.3300
404
501
530
445
481
-0.1532
-0.9780
-0.0791
2.9400
-4.3400
-2.2400
403
501
530
445
483
-0.1645
-0.9711
-0.0732
2.3800
-1.1200
-2.0300
404
501
530
445
483
-0.1430
-0.9775
-0.0620
-1.4700
-6.7900
-7.4900
403
501
530
445
484
-0.1327
-1.0106
-0.0654
0.7700
-1.6100
-5.3900
403
496
530
445
485
-0.1332
-0.9784
-0.0571
10.8500
-3.8500
-2.6600
396
468
530
445
483
-0.1401
-1.0038
-0.0332
11.7600
-7.3500
-6.0900
362
414
529
445
488
-0.1562
-0.9989
-0.0917
-4.0600
-10.2200
-6.9300
333
325
529
443
491
-0.1747
-0.9755
-0.0405
-16.5900
-20.4400
-6.4400
305
282
527
438
492
-0.1152
-0.9945
-0.1000
-1.4700
-14.7000
-6.9300
288
273
525
436
507
-0.1264
-0.9892
-0.0883
8.9600
1.8200
-6.6500
285
274
526
439
563
-0.0908
-0.9799
-0.0791
8.4000
0.9100
-2.3100
290
274
528
442
588
-0.1113
-0.9823
-0.0698
13.0900
0.3500
-2.3800
295
271
530
447
593
-0.1171
-0.9716
-0.0439
14.5600
-1.8900
-7.2100
297
271
531
451
591
-0.0913
-0.9843
-0.0381
7.8400
-6.3700
-4.6900
299
272
531
453
587
-0.0996
-0.9926
-0.0259
4.5500
-3.8500
-3.9200
300
273
532
454
587
-0.1010
-0.9887
-0.0205
-0.4200
-8.1900
0.0700
301
275
531
455
584
-0.0991
-0.9916
-0.0156
0.3500
-2.1700
0.4900
302
277
532
455
582
-0.1049
-0.9823
-0.0181
2.0300
-3.7800
-1.5400
303
278
532
455
578
-0.0961
-0.9760
-0.0161
4.0600
-3.6400
-1.8900
304
279
532
455
576
-0.1074
-0.9892
-0.0005
-0.2100
-3.7100
-3.7800
304
280
531
455
578
-0.1044
-0.9731
-0.0122
-0.8400
-6.6500
-3.5000
305
281
531
455
578
-0.0986
-0.9926
-0.0083
-0.3500
-3.4300
-1.8900
305
283
531
454
577
-0.1108
-0.9921
-0.0278
0.4200
-5.1800
-2.8700
305
283
531
454
575
-0.1074
-0.9872
-0.0298
4.5500
-4.2000
-3.8500
306
284
531
454
574
-0.1098
-0.9931
-0.0176
3.0800
-3.4300
-4.1300
306
285
531
454
573
-0.1054
-0.9960
-0.0098
4.3400
-4.6200
-4.3400
307
285
531
454
575
-0.0952
-0.9941
-0.0049
-1.1900
-3.8500
-1.4700
308
286
531
453
575
-0.1069
-0.9945
-0.0142
-0.7000
-3.3600
-2.3100
308
286
531
453
572
-0.1103
-0.9906
-0.0229
1.8200
-4.9700
-3.7100
308
286
531
453
572
-0.1074
-0.9960
-0.0166
2.3800
-5.1800
-3.5000
307
287
531
452
572
-0.1127
-0.9950
-0.0190
5.0400
-2.1700
-3.0800
308
287
531
452
574
-0.0961
-0.9897
-0.0102
0.4200
-2.8000
-2.1700
308
288
530
452
575
-0.1020
-1.0180
-0.0093
-3.0100
-2.3100
-4.4800
309
288
530
451
571
-0.0908
-0.9682
-0.0473
0.8400
-1.7500
-3.5700
308
287
530
451
571
-0.1083
-0.9989
-0.0083
-1.3300
-5.1100
-4.0600
309
287
530
451
571
-0.1093
-0.9814
-0.0351
3.7800
-4.7600
-3.2900
309
287
530
451
573
-0.0996
-0.9736
-0.0327
-0.1400
-6.0900
-3.0800
309
287
530
451
573
-0.1078
-0.9931
-0.0351
2.4500
-2.8700
-1.4700
309
288
530
451
570
-0.1078
-0.9887
-0.0137
1.4000
-3.9200
-2.2400
309
288
530
450
571
-0.1078
-0.9814
-0.0083
0.7700
-1.6800
-1.8200
309
288
530
450
572
-0.0898
-0.9819
-0.0268
1.2600
-5.4600
-3.2200
310
289
530
450
572
-0.1098
-0.9862
-0.0273
1.8900
-4.9700
-5.1800
310
289
530
450
572
-0.1113
-0.9970
-0.0337
3.7800
-3.2900
-4.4100
310
289
530
450
570
-0.1010
-0.9960
-0.0063
2.5900
-3.2200
-6.2300
310
289
530
450
570
-0.0883
-0.9780
-0.0361
-3.9900
-5.8100
-7.6300
310
289
530
450
572
-0.0947
-0.9916
-0.0551
0.2800
-4.1300
-3.2900
309
289
530
449
573
-0.0883
-0.9975
-0.0298
-5.2500
-4.5500
-1.4000
308
289
530
448
574
-0.0927
-1.0004
-0.0791
-16.9400
-0.8400
2.1000
307
291
527
441
568
-0.0996
-0.9926
-0.1283
5.0400
0.9100
6.4400
313
308
518
421
541
-0.0761
-1.0111
-0.0854
6.3700
-1.0500
0.2100
339
381
518
419
529
-0.0810
-1.0185
-0.0996
2.8000
-0.3500
1.4000
367
426
520
422
521
-0.0981
-1.0033
-0.0888
-2.7300
-2.7300
1.4000
388
451
521
425
520
-0.1264
-0.9877
-0.0976
-4.6200
-4.6900
-2.1700
395
465
522
427
519
-0.0898
-0.9614
-0.0937
-6.5100
-8.5400
-1.9600
392
489
524
430
517
-0.1049
-0.9804
-0.1171
2.4500
-4.4800
-1.8200
395
495
524
431
513
-0.1118
-0.9980
-0.1240
3.2200
-2.5900
-2.1000
397
498
525
432
514
-0.1147
-0.9936
-0.1118
6.5100
0.8400
-1.8200
398
499
525
432
511
-0.1235
-0.9789
-0.1005
-1.6800
-0.4900
-1.8200
399
499
525
433
513
-0.1176
-0.9828
-0.1137
1.4000
-5.1100
-2.0300
399
499
525
433
513
-0.1171
-0.9906
-0.0991
1.1200
-4.6900
-3.2900
399
499
525
433
511
-0.1083
-0.9814
-0.1220
2.5200
-4.2700
-4.3400
399
498
525
433
513
-0.1030
-0.9843
-0.1215
5.3900
-1.8900
-0.7000
399
498
525
433
513
-0.1142
-0.9838
-0.0976
2.9400
-4.4800
-2.4500
399
498
525
433
511
-0.1254
-0.9858
-0.1283
2.9400
-3.7100
-2.3800
399
498
525
433
513
-0.1127
-0.9877
-0.0947
5.5300
-2.4500
-3.9900
399
498
525
433
513
-0.1074
-0.9931
-0.0947
-0.5600
-3.3600
-1.8200
399
498
525
433
511
-0.1166
-0.9770
-0.1103
-0.8400
-7.6300
-0.7000
399
497
525
433
514
-0.1362
-0.9838
-0.1171
0.1400
-3.8500
-2.5900
399
497
525
433
514
-0.1166
-0.9814
-0.1083
-2.8000
-4.2000
-3.9200
399
497
525
433
511
-0.1093
-0.9794
-0.1220
0.8400
-2.6600
-3.5000
399
496
525
433
514
-0.1161
-0.9833
-0.1103
1.2600
-1.9600
-4.1300
399
495
525
433
514
-0.1078
-0.9599
-0.1088
-1.2600
-4.5500
-3.9200
399
494
525
433
512
-0.1210
-0.9765
-0.1249
4.0600
-3.2900
-1.2600
399
490
525
433
515
-0.1074
-0.9941
-0.1069
3.5700
-3.9900
-3.7100
386
467
525
433
515
-0.1210
-0.9853
-0.1108
2.3800
-4.9000
-4.1300
343
426
524
432
515
-0.1191
-0.9809
-0.1205
3.9900
-5.6700
-3.0800
315
382
524
431
517
-0.1035
-0.9462
-0.1371
13.8600
-9.9400
-3.4300
289
343
523
429
516
-0.0844
-1.0126
-0.0761
18.5500
-7.0000
-6.3700
258
302
521
428
508
-0.0815
-1.0014
-0.1069
6.5800
-15.3300
-8.2600
243
284
519
426
499
-0.1244
-1.0102
-0.0986
3.0100
-10.7100
-3.7100
241
280
524
424
510
-0.0966
-0.9926
-0.1025
-4.3400
-0.9800
-2.4500
244
284
527
425
545
-0.0908
-0.9770
-0.0893
8.8900
0.5600
-5.2500
245
284
529
429
573
-0.1157
-0.9872
-0.0722
9.9400
1.1900
-3.2200
247
284
530
434
587
-0.1000
-0.9736
-0.0542
6.7900
-2.3800
-4.6200
248
284
531
438
587
-0.1005
-0.9701
-0.0551
7.9800
-3.4300
-5.1800
253
282
531
440
591
-0.1010
-1.0019
-0.0571
4.5500
-2.0300
-2.6600
255
281
532
441
589
-0.0996
-0.9941
-0.0400
2.1000
-3.3600
-4.2000
258
281
532
442
589
-0.1015
-0.9877
-0.0454
6.1600
-5.3200
-2.8000
258
281
532
443
592
-0.1083
-1.0009
-0.0444
4.5500
-3.1500
-3.9900
259
281
532
443
591
-0.0971
-0.9936
-0.0307
4.9000
-2.4500
-2.6600
259
282
532
443
589
-0.1039
-1.0019
-0.0493
2.4500
-5.2500
-2.1000
260
283
532
443
588
-0.1137
-0.9950
-0.0400
1.1200
-4.1300
-2.9400
260
284
532
443
587
-0.1059
-0.9867
-0.0361
0.7700
-5.3200
-2.0300
261
284
532
443
586
-0.1069
-0.9916
-0.0366
-3.2200
-3.5000
-0.2100
262
285
532
443
587
-0.1035
-0.9975
-0.0444
-0.0700
6.5100
8.0500
262
286
531
443
591
-0.1308
-0.9931
-0.0698
-7.0700
1.6100
3.2200
260
284
531
443
597
-0.1371
-0.9819
-0.0654
3.9200
1.5400
3.2900
260
283
531
442
601
-0.1523
-0.9814
-0.0786
-8.1900
-2.9400
0.2800
260
285
531
441
603
-0.1484
-0.9618
-0.0903
5.0400
-4.2000
-4.0600
261
285
531
440
604
-0.1498
-0.9687
-0.0839
3.9200
-3.7800
-4.2000
261
285
531
440
606
-0.1391
-0.9887
-0.0644
3.5000
-5.6000
-5.3900
262
285
531
440
604
-0.1410
-0.9906
-0.0571
5.2500
-4.2700
-3.2200
262
284
531
441
602
-0.1425
-0.9740
-0.0605
1.9600
-3.5000
-4.2700
262
282
531
442
600
-0.1308
-0.9692
-0.0625
2.7300
-2.8000
-4.2700
263
282
531
442
597
-0.1391
-0.9828
-0.0547
0.4900
-1.8200
-6.5800
263
281
531
443
601
-0.1347
-0.9765
-0.0503
4.8300
-8.5400
-7.5600
262
280
531
443
605
-0.1283
-0.9965
-0.0620
1.7500
-9.1000
-7.1400
262
282
531
444
603
-0.1322
-0.9989
-0.0493
1.0500
-10.2900
-8.0500
263
283
531
445
597
-0.1103
-0.9853
-0.0556
-23.4500
-15.8200
-9.8700
270
290
531
443
572
-0.1103
-0.9965
-0.1405
7.6300
-10.5700
-2.2400
288
320
527
437
545
-0.0859
-0.9911
-0.1025
-1.0500
-7.8400
-5.4600
322
367
523
427
540
-0.0615
-0.9848
-0.1035
8.7500
1.5400
0.9800
351
400
522
419
536
-0.1044
-0.9496
-0.0508
2.6600
-6.0900
-4.4800
362
447
522
416
537
-0.1318
-0.9521
-0.1069
-1.1200
0.6300
-1.6800
375
475
522
416
536
-0.1088
-0.9653
-0.0878
-5.0400
-0.3500
-0.1400
381
487
522
416
533
-0.1132
-0.9726
-0.1259
2.0300
-6.5100
-2.5200
383
489
522
417
535
-0.1225
-0.9672
-0.1108
-3.4300
-3.2900
-3.2200
383
489
523
417
536
-0.1352
-1.0116
-0.1503
-29.7500
-2.1700
-0.4200
386
492
524
418
537
-0.1074
-0.9570
-0.1835
-4.5500
-0.4200
-6.9300
390
496
525
419
535
-0.1059
-0.9916
-0.1903
2.5900
-0.1400
-5.3900
392
497
526
420
537
-0.1064
-0.9902
-0.1874
2.3100
-3.7100
-3.6400
392
498
526
420
537
-0.1074
-0.9794
-0.1962
-2.5900
-2.3100
-4.2700
392
498
526
420
537
-0.0991
-0.9594
-0.1854
-1.1900
-3.8500
-6.5800
393
498
526
420
536
-0.0927
-0.9697
-0.1972
7.3500
-4.5500
-1.8900
393
498
526
420
538
-0.1088
-0.9736
-0.1810
-0.4200
-2.2400
-4.1300
393
497
526
420
538
-0.1044
-0.9536
-0.1937
-0.7700
-2.8700
-3.0100
393
497
526
420
536
-0.0956
-0.9584
-0.1898
-2.3800
-3.2900
-1.7500
393
497
526
420
536
-0.1049
-0.9633
-0.2035
2.3800
-3.8500
-2.7300
393
497
526
420
538
-0.1010
-0.9716
-0.1932
5.8100
-4.2700
-2.8000
393
497
526
420
538
-0.1059
-0.9609
-0.1908
0.9800
-5.7400
-3.9200
393
497
526
420
536
-0.1069
-0.9726
-0.1893
2.4500
-5.0400
-7.7000
393
497
526
421
538
-0.0791
-0.9838
-0.2079
3.9900
-4.4100
-4.8300
395
497
526
422
537
-0.1000
-0.9882
-0.2001
3.7100
-5.7400
-3.0800
396
497
526
423
534
-0.0903
-0.9848
-0.2084
13.7900
1.2600
2.4500
397
496
526
423
536
-0.1088
-0.9965
-0.1972
10.5700
0.2100
-2.4500
397
487
526
423
535
-0.1000
-0.9809
-0.1649
5.8800
0.0000
-2.4500
390
459
525
423
533
-0.0981
-0.9931
-0.1659
6.1600
1.8200
-3.1500
362
420
525
423
534
-0.1035
-0.9804
-0.1557
0.4900
-4.3400
-3.7800
314
351
524
423
531
-0.1147
-0.9067
-0.1830
-0.7700
-18.6200
-6.9300
299
295
523
425
508
-0.0737
-0.9780
-0.1444
-5.5300
-10.2200
-4.8300
285
277
521
427
506
-0.0971
-0.9536
-0.1791
5.8800
-1.8900
-0.9800
282
277
524
429
562
-0.1005
-0.9897
-0.1742
9.5900
3.4300
-2.9400
284
274
526
430
595
-0.0922
-0.9867
-0.1532
10.1500
0.2100
-0.2100
285
272
528
432
611
-0.1108
-0.9575
-0.1342
10.6400
-0.9800
-1.1900
285
274
529
434
612
-0.0864
-0.9672
-0.1098
-3.1500
-3.0800
-0.6300
288
276
529
435
603
-0.0888
-0.9609
-0.1205
-10.0800
-6.0900
-0.0700
291
278
529
435
598
-0.1035
-0.9550
-0.1430
1.2600
-3.5700
-0.9100
292
279
529
435
597
-0.1044
-0.9716
-0.1210
3.3600
-2.7300
-2.4500
292
280
529
435
596
-0.0859
-0.9867
-0.1313
2.4500
-6.5100
-4.1300
293
281
529
435
595
-0.1122
-0.9931
-0.1274
3.2900
-3.0800
-3.0100
293
282
529
434
597
-0.1025
-0.9804
-0.1288
5.6000
-7.4900
-4.3400
294
283
529
434
596
-0.0976
-0.9955
-0.1259
1.4700
-4.1300
-3.5000
295
283
529
434
596
-0.1015
-0.9867
-0.1298
3.3600
-5.9500
-3.8500
295
284
529
434
593
-0.1044
-0.9887
-0.1313
1.3300
-3.1500
-2.3100
295
284
529
434
593
-0.1015
-0.9882
-0.1396
1.8200
-3.7800
-1.8900
295
284
529
434
593
-0.0883
-0.9906
-0.1298
0.2800
-4.1300
-2.5900
295
285
528
434
592
-0.1059
-0.9814
-0.1444
3.0100
-4.2000
-2.1700
296
285
528
434
594
-0.0961
-0.9726
-0.1303
2.6600
-4.1300
-2.9400
296
286
528
434
594
-0.0986
-0.9745
-0.1332
3.5000
-4.6200
-3.7800
296
286
528
433
593
-0.0986
-0.9784
-0.1225
0.4900
-4.1300
-1.9600
296
286
528
433
591
-0.1030
-0.9672
-0.1313
-0.2800
-4.2700
-2.0300
297
286
528
433
590
-0.1074
-0.9745
-0.1327
2.8000
-4.2000
-1.6100
297
287
528
433
590
-0.0971
-0.9970
-0.1176
0.9800
-3.4300
-3.0800
297
287
528
433
589
-0.1039
-0.9809
-0.1362
0.9800
-3.7800
-3.2200
297
287
528
433
591
-0.0996
-0.9716
-0.1332
1.8200
-3.7800
-3.5000
298
287
528
433
591
-0.1025
-0.9838
-0.1283
0.0700
-4.3400
-4.5500
298
287
528
433
590
-0.0976
-0.9789
-0.1415
-0.6300
-2.5900
-2.4500
298
287
529
434
588
-0.0947
-0.9828
-0.1293
-0.3500
-5.6000
-7.4200
298
287
529
434
587
-0.0825
-0.9745
-0.1474
3.7800
-4.6200
-9.3800
299
285
530
436
585
-0.0644
-0.9716
-0.1342
5.3900
-5.6700
-5.7400
299
284
530
438
584
-0.0810
-0.9862
-0.1337
3.0800
-5.3900
-6.4400
299
284
531
439
585
-0.0776
-0.9853
-0.2440
4.0600
-7.3500
-2.9400
298
284
531
441
586
-0.0732
-1.0058
-0.1288
-4.6900
-4.6900
-1.4700
298
285
531
441
585
-0.0712
-0.9872
-0.1303
-2.7300
-7.6300
-2.3100
298
287
530
442
584
-0.0781
-0.9892
-0.1523
-6.4400
-3.5700
1.3300
299
288
529
441
582
-0.0791
-0.9482
-0.1313
9.3800
-3.8500
-5.0400
301
293
526
428
572
-0.0634
-1.0082
-0.1342
3.7800
-7.3500
-8.1200
305
298
524
409
563
-0.0669
-0.9858
-0.1440
-1.0500
-7.7700
-3.2900
305
300
524
408
562
-0.0878
-0.9955
-0.1337
1.1900
-3.9200
-1.9600
307
301
524
409
559
-0.0805
-0.9745
-0.1298
-3.3600
-3.6400
0.3500
312
310
524
410
547
-0.1025
-0.9579
-0.1518
5.5300
-3.6400
-2.1700
329
363
524
408
529
-0.1337
-0.9726
-0.1464
-4.2000
-6.0200
1.5400
359
410
524
409
517
-0.1108
-0.9897
-0.1762
-7.9100
-3.4300
4.6200
386
456
525
411
507
-0.1205
-0.9604
-0.1693
-2.5900
-4.0600
0.1400
386
480
525
412
507
-0.0020
-0.9809
-0.1903
-5.6700
-4.0600
-0.3500
388
488
525
414
506
-0.1313
-0.9438
-0.1928
0.6300
-4.8300
-2.2400
389
489
526
414
505
-0.1415
-0.9536
-0.1801
-7.2100
-5.2500
-3.7100
389
490
525
415
505
-0.1322
-0.9531
-0.1932
-1.4000
-6.5100
-6.0200
389
491
526
415
503
-0.1288
-0.9643
-0.2147
-5.7400
-5.5300
-4.6200
390
493
526
416
505
-0.1303
-0.9701
-0.2245
7.0000
-3.1500
-2.5200
391
495
526
417
505
-0.1240
-0.9711
-0.2123
5.1800
-3.7100
0.4200
392
495
526
418
504
-0.1298
-0.9618
-0.1898
2.8700
-4.7600
-2.1000
392
495
526
418
506
-0.1337
-0.9618
-0.2025
3.9900
-3.8500
-2.0300
392
495
526
418
507
-0.1337
-0.9765
-0.1879
4.2700
-3.0800
-3.5700
392
495
526
418
504
-0.1308
-0.9662
-0.1937
3.0800
-4.4100
-3.2900
392
495
526
418
506
-0.1366
-0.9682
-0.1972
2.1700
-2.8700
-4.4800
392
495
526
417
504
-0.1191
-0.9697
-0.1835
3.2900
-3.7800
-2.3800
392
495
526
417
506
-0.1298
-0.9643
-0.1908
-0.4200
-4.7600
-2.9400
392
494
526
418
507
-0.1342
-0.9584
-0.1942
1.1200
-2.0300
-3.4300
392
494
526
418
504
-0.1215
-0.9687
-0.1859
1.6800
-3.6400
-4.9000
392
494
526
418
507
-0.1283
-0.9687
-0.2011
1.6100
-4.2000
-4.4800
392
494
526
418
507
-0.1244
-0.9677
-0.1908
2.6600
-4.1300
-3.9200
392
494
526
418
505
-0.1220
-0.9677
-0.1918
2.2400
-4.8300
-3.5700
392
494
526
418
507
-0.1225
-0.9711
-0.1893
2.9400
-3.4300
-3.7100
392
494
526
418
507
-0.1171
-0.9643
-0.1840
1.8200
-4.4100
-2.0300
392
494
526
417
505
-0.1347
-0.9760
-0.1806
0.0000
-2.4500
-2.3100
392
494
526
418
508
-0.1244
-0.9677
-0.1913
0.4200
-1.4700
-2.6600
392
492
526
418
509
-0.1171
-0.9643
-0.1889
3.2200
-1.3300
-2.2400
392
488
526
418
512
-0.1210
-0.9716
-0.1937
4.6900
-2.5900
-4.3400
392
479
526
417
513
-0.1122
-0.9618
-0.1913
0.9800
-3.0100
-2.5900
391
459
526
418
512
-0.1318
-0.9745
-0.2128
0.2100
-4.4800
-4.9700
386
426
525
418
514
-0.1235
-0.9701
-0.1908
0.6300
-6.7900
-11.9000
364
360
523
417
513
-0.0107
-0.9633
-0.1976
-27.9300
-20.4400
-8.3300
339
292
518
421
513
-0.0405
-0.9472
-0.2450
-2.7300
-15.1200
-1.6800
321
281
517
426
531
-0.1000
-0.9560
-0.2479
4.7600
4.1300
-5.3200
317
285
522
431
571
-0.0610
-0.9716
-0.2269
14.3500
-0.4200
0.2100
317
284
526
434
589
-0.0756
-0.9823
-0.2284
12.3200
0.0700
-2.3800
322
281
528
437
590
-0.0752
-0.9862
-0.2001
10.6400
2.8700
-4.5500
325
284
529
439
581
-0.0600
-0.9711
-0.1840
5.9500
-3.4300
-3.5000
325
286
529
442
581
-0.0825
-0.9633
-0.1830
10.0800
-2.5200
0.7000
327
291
530
444
576
-0.0839
-0.9716
-0.1591
13.8600
-3.8500
-0.7000
327
294
530
448
577
-0.0898
-0.9926
-0.1508
3.4300
0.1400
-2.6600
328
295
530
449
578
-0.0737
-0.9721
-0.1469
4.5500
-4.2700
-2.3100
328
295
531
450
577
-0.0854
-0.9750
-0.1357
-3.0100
-2.9400
-1.1900
328
296
531
450
575
-0.0781
-0.9560
-0.1454
1.4000
-4.9000
-2.0300
329
297
531
449
574
-0.0771
-0.9858
-0.1322
-0.5600
-4.9700
-4.0600
329
298
530
449
574
-0.0800
-0.9760
-0.1591
-0.6300
-3.2200
-3.8500
329
299
530
449
575
-0.0800
-0.9716
-0.1571
4.5500
-5.2500
-3.0800
329
300
530
448
575
-0.0795
-0.9828
-0.1547
0.7000
-3.7800
-4.1300
330
300
530
448
575
-0.0708
-0.9838
-0.1498
0.1400
-4.4800
-5.1800
330
300
530
448
572
-0.0712
-0.9667
-0.1557
-0.0700
-4.0600
-2.5900
330
300
530
448
572
-0.0810
-0.9740
-0.1376
0.9100
-4.1300
-3.2200
330
301
530
448
573
-0.0688
-0.9726
-0.1586
1.6100
-4.6200
-2.8700
330
301
530
448
573
-0.0727
-0.9765
-0.1513
4.2000
-6.7900
-2.2400
330
301
530
448
572
-0.0756
-0.9843
-0.1444
-1.7500
-1.6100
-2.5200
330
301
530
448
570
-0.0752
-0.9750
-0.1518
3.1500
-5.6700
-2.9400
331
302
530
448
569
-0.0781
-0.9784
-0.1503
2.4500
-3.4300
-3.1500
331
302
530
448
571
-0.0752
-0.9784
-0.1430
0.2800
-4.4100
-3.0100
331
303
530
448
571
-0.0634
-0.9853
-0.1464
1.5400
-4.4800
-5.1100
331
303
530
449
571
-0.0644
-0.9833
-0.1552
3.0100
-4.4100
-3.7800
331
303
530
448
569
-0.0639
-0.9906
-0.1357
1.3300
-2.8000
-3.3600
332
304
530
449
568
-0.0639
-0.9828
-0.1513
2.7300
-3.5700
-3.0100
332
304
530
448
570
-0.0625
-0.9780
-0.1601
1.6800
-7.9800
-2.7300
332
304
530
449
570
-0.0761
-0.9877
-0.1459
2.0300
-4.0600
-3.2200
332
304
530
449
570
-0.0669
-0.9809
-0.1376
0.7000
-6.0900
-2.9400
332
305
530
448
567
-0.0654
-0.9701
-0.1581
5.4600
-7.2800
-3.2200
332
305
530
448
567
-0.0698
-0.9867
-0.1313
1.4000
-3.3600
-0.7700
332
306
530
448
569
-0.0630
-0.9775
-0.1435
3.2200
-6.9300
-2.7300
332
306
530
448
569
-0.0756
-0.9828
-0.1371
2.1000
-4.0600
-3.9900
332
307
530
448
567
-0.0634
-0.9862
-0.1254
4.1300
-4.8300
-4.9000
332
307
530
448
567
-0.0634
-0.9916
-0.1274
-0.8400
-4.3400
-5.4600
332
306
530
447
568
-0.0625
-0.9794
-0.1430
2.7300
-3.6400
-2.8700
332
306
529
446
571
-0.0669
-0.9877
-0.1396
-1.8200
-4.8300
-3.1500
332
305
529
440
572
-0.0649
-0.9814
-0.1654
-7.3500
-5.1100
-1.9600
331
303
529
429
570
-0.0654
-0.9994
-0.1640
-8.4000
-9.5900
-8.8200
330
302
528
416
571
-0.0590
-0.9877
-0.1893
2.9400
-5.8800
-3.7100
330
302
528
407
572
-0.0664
-0.9916
-0.1991
14.4200
-3.7100
3.2900
331
303
527
405
573
-0.0771
-0.9945
-0.1664
14.7700
-0.7700
6.0200
335
315
523
407
559
-0.1059
-0.9492
-0.1562
5.9500
-6.3700
-0.2800
347
390
523
409
546
-0.0996
-0.9799
-0.1254
5.6700
-0.2800
0.4900
376
444
524
414
523
-0.0810
-0.9687
-0.1420
0.3500
-7.0700
0.7700
396
478
525
422
510
-0.1196
-0.9999
-0.1274
6.9300
-2.9400
0.0000
394
492
526
428
498
-0.1122
-0.9965
-0.1083
5.6700
-0.2100
-0.2100
395
494
526
430
495
-0.1098
-0.9858
-0.1147
3.0800
-2.1700
1.6100
395
494
526
431
495
-0.1186
-0.9867
-0.1059
1.6800
-2.3100
-2.8000
395
494
526
431
495
-0.1069
-0.9692
-0.0956
1.4000
-3.2900
-6.1600
394
494
526
431
495
-0.1118
-0.9897
-0.1069
3.9900
-0.7000
-3.8500
394
493
526
431
493
-0.1010
-0.9833
-0.1035
3.6400
-5.5300
-4.9000
394
493
526
431
495
-0.1010
-0.9945
-0.1152
5.3900
-6.2300
-3.0800
394
493
526
431
493
-0.1205
-0.9911
-0.1088
1.6800
-2.8000
-3.7800
394
493
526
431
495
-0.1035
-0.9828
-0.1098
0.0700
-3.2200
-4.2000
394
492
526
431
495
-0.1069
-0.9853
-0.1049
3.0800
-2.6600
-2.8700
394
492
526
431
493
-0.1064
-0.9804
-0.1049
1.0500
-5.0400
-3.8500
394
492
526
431
495
-0.1098
-0.9931
-0.1088
2.8700
-4.6200
-2.3800
394
491
526
431
493
-0.1103
-0.9960
-0.1171
-1.0500
-3.5000
-4.9000
394
491
526
431
496
-0.1108
-0.9814
-0.1200
1.6100
-3.1500
-5.4600
394
491
526
431
495
-0.1010
-0.9828
-0.1215
5.3900
-3.3600
-4.5500
394
491
526
431
496
-0.0966
-0.9902
-0.0991
6.6500
-6.0200
-3.2200
394
491
526
431
495
-0.1035
-1.0053
-0.1064
3.1500
-4.2700
-2.6600
394
491
526
431
493
-0.1093
-0.9848
-0.1181
4.1300
-3.9200
-1.6800
394
490
526
431
496
-0.1152
-0.9853
-0.0961
4.5500
-3.7100
-2.3100
393
490
526
431
496
-0.1069
-0.9906
-0.0937
4.4100
-2.6600
-2.3800
394
490
526
431
495
-0.1078
-0.9789
-0.0913
-1.1900
-2.8000
-3.0100
393
490
526
431
496
-0.1054
-0.9819
-0.1069
1.1900
-3.2200
-4.6200
393
490
526
431
494
-0.1059
-0.9970
-0.0781
2.6600
-2.8700
-6.0900
393
489
526
431
496
-0.0986
-0.9833
-0.1020
1.6100
-2.5900
-3.5000
393
489
526
431
497
-0.0952
-0.9804
-0.1005
1.7500
-4.5500
-3.3600
393
489
526
431
496
-0.1010
-0.9804
-0.1025
1.6800
-4.6900
-2.7300
394
489
526
431
496
-0.0971
-0.9706
-0.0961
2.3800
-4.4100
-1.8900
393
489
526
430
494
-0.1010
-0.9853
-0.0888
1.7500
-4.0600
-4.2000
393
489
526
430
497
-0.0922
-0.9867
-0.1035
4.7600
-4.3400
-3.2900
393
489
526
430
494
-0.1020
-0.9819
-0.0956
1.0500
-2.5200
-3.2900
393
488
526
429
496
-0.1035
-0.9789
-0.0937
5.3200
-4.2000
-3.9900
393
488
526
429
497
-0.1000
-0.9955
-0.0639
0.2100
-3.3600
-3.4300
393
488
526
429
496
-0.1083
-0.9828
-0.0981
1.1900
-3.2900
-3.0100
393
488
526
429
497
-0.1054
-0.9838
-0.0874
3.7100
-3.7100
-3.1500
393
487
526
429
494
-0.1054
-0.9921
-0.0888
1.4000
-3.6400
-4.1300
393
487
526
429
497
-0.0947
-0.9799
-0.0956
2.0300
-4.4100
-2.9400
393
487
526
429
497
-0.1049
-0.9902
-0.1015
2.7300
-2.5200
-2.5200
393
487
526
429
497
-0.0976
-0.9887
-0.0932
4.5500
-4.2000
-3.0100
393
487
526
429
497
-0.0991
-0.9980
-0.0922
-0.9100
-2.5200
-4.2700
393
487
526
429
495
-0.0956
-0.9740
-0.0976
2.8700
-4.3400
-2.5200
393
487
526
429
497
-0.1030
-0.9955
-0.0839
0.9100
-2.2400
-3.1500
393
487
526
429
495
-0.1030
-0.9770
-0.1118
1.6800
-3.3600
-2.2400
393
487
526
429
497
-0.1020
-0.9848
-0.0878
2.5900
-3.0800
-2.6600
393
486
526
429
497
-0.0956
-0.9862
-0.0859
1.8900
-2.6600
-3.5700
393
486
526
429
495
-0.0996
-0.9770
-0.0947
0.5600
-4.8300
-3.7800
393
486
526
429
497
-0.1015
-0.9853
-0.0917
-7.3500
-0.5600
-6.2300
390
483
526
430
496
-0.1010
-0.9814
-0.1264
-2.4500
-3.7800
-3.4300
382
458
526
430
499
-0.0830
-0.9994
-0.1420
-1.6100
-2.3100
-1.8900
318
353
526
430
500
-0.0976
-0.9926
-0.0971
9.1700
-11.9000
-17.7800
267
288
525
429
483
-0.0820
-0.9667
-0.1249
7.9100
-18.8300
-5.8800
268
263
522
428
484
-0.0913
-1.0160
-0.0849
-0.4900
-5.3200
1.0500
261
259
519
425
527
-0.0898
-1.0053
-0.1083
3.4300
-2.1700
-5.3200
256
257
518
424
596
-0.0952
-0.9984
-0.1254
-7.2100
-0.7000
-5.7400
254
254
520
426
633
-0.0747
-0.9833
-0.1283
-3.1500
0.2100
-3.3600
255
252
525
433
638
-0.0903
-0.9628
-0.1205
7.0700
-1.3300
-1.7500
257
252
528
438
631
-0.0756
-0.9677
-0.1137
3.4300
-4.4100
-3.0800
260
253
529
443
623
-0.0927
-0.9716
-0.1030
8.2600
-3.2200
0.8400
262
254
530
444
619
-0.0898
-0.9843
-0.0913
-2.8000
-0.2800
1.6800
264
257
530
445
617
-0.0805
-0.9804
-0.0898
0.4900
-4.9700
-3.2900
265
259
529
445
611
-0.0859
-0.9838
-0.0952
0.9100
-3.9200
-2.7300
266
261
529
444
608
-0.0844
-0.9775
-0.0932
-0.0700
-7.0700
-3.4300
268
262
529
444
605
-0.0766
-0.9755
-0.0966
3.7100
-6.7200
-3.1500
270
263
528
443
599
-0.0869
-0.9911
-0.0869
2.2400
-2.8000
-2.2400
271
263
528
444
597
-0.0830
-0.9843
-0.0981
1.1200
-4.2000
-1.4700
271
264
528
443
597
-0.0874
-0.9867
-0.0942
4.2700
-3.6400
-2.9400
272
264
528
443
596
-0.0834
-0.9926
-0.0888
2.2400
-4.6900
-2.1700
272
265
528
443
598
-0.0820
-0.9858
-0.0913
3.5700
-4.9700
-2.9400
272
265
528
443
597
-0.0791
-0.9862
-0.0810
3.5700
-3.9200
-2.1000
273
266
528
443
596
-0.0810
-0.9823
-0.0864
5.9500
-5.1800
-1.5400
273
266
527
442
589
-0.0844
-0.9970
-0.0737
2.7300
-2.5900
-1.9600
274
267
527
441
587
-0.0913
-0.9911
-0.0747
1.6100
-4.3400
-2.7300
274
267
527
442
587
-0.0898
-0.9941
-0.0678
0.4900
-2.3800
-3.1500
274
267
527
442
588
-0.0922
-0.9882
-0.0903
1.8200
-1.6800
-1.6100
274
267
527
442
589
-0.0893
-0.9921
-0.0776
1.5400
-2.0300
-0.4200
274
268
528
442
589
-0.0874
-0.9911
-0.0756
0.7700
-2.9400
-2.5200
274
268
528
442
586
-0.0771
-0.9838
-0.0776
3.7800
-4.2700
-3.0100
275
268
528
442
586
-0.0791
-0.9853
-0.0673
1.4700
-4.9700
-3.6400
275
268
528
442
586
-0.0927
-0.9916
-0.0786
2.7300
-4.6900
-3.9900
275
269
528
442
588
-0.0786
-0.9897
-0.0815
4.9000
-5.0400
-2.9400
275
269
527
442
588
-0.0864
-0.9902
-0.0634
2.1000
-3.2200
-1.6800
275
269
527
442
588
-0.0869
-0.9945
-0.0771
2.1000
-4.2700
-2.5900
275
269
527
441
586
-0.0893
-0.9877
-0.0747
3.2900
-5.2500
-3.2900
275
269
527
441
585
-0.0898
-0.9882
-0.0722
1.1200
-4.2700
-2.8000
275
269
527
441
585
-0.0903
-0.9892
-0.0688
1.1900
-3.5000
-3.3600
276
270
527
442
587
-0.0922
-0.9867
-0.0732
1.1200
-3.7800
-3.7800
276
270
527
442
588
-0.0800
-0.9750
-0.0688
0.9800
-5.4600
-3.9900
276
270
527
442
585
-0.0795
-0.9877
-0.0664
1.7500
-4.1300
-3.7100
276
270
527
441
585
-0.0913
-0.9921
-0.0761
2.0300
-3.9900
-3.0100
276
270
527
441
585
-0.0854
-0.9897
-0.0786
2.0300
-3.8500
-3.2200
276
271
527
441
587
-0.0854
-0.9862
-0.0717
1.4700
-4.3400
-5.8100
276
271
527
441
587
-0.0815
-0.9862
-0.0776
1.6100
-5.1800
-3.5000
276
271
527
440
587
-0.0947
-0.9926
-0.0839
-0.6300
-0.4900
-1.4000
276
272
527
440
585
-0.0922
-0.9740
-0.0791
-29.9600
-8.4000
-6.5800
276
271
527
439
585
-0.0620
-1.0102
-0.1425
-12.6000
0.3500
3.6400
276
270
529
439
583
-0.0883
-0.9838
-0.1523
-5.6700
0.2800
0.8400
279
272
530
434
578
-0.0761
-0.9721
-0.1708
-19.2500
-7.5600
-1.6800
290
282
530
427
549
-0.0698
-0.9433
-0.2542
-3.7800
-14.8400
-10.9900
313
321
530
422
533
-0.0776
-0.9623
-0.1771
3.2900
-3.7800
-9.8000
346
404
530
420
530
-0.0722
-0.9672
-0.1942
-5.0400
-11.3400
2.1000
382
480
530
421
528
-0.0966
-0.9765
-0.2118
-9.7300
-8.8200
6.0900
397
499
530
425
525
-0.1474
-0.9565
-0.2333
-4.2000
-5.7400
1.0500
406
504
530
428
519
-0.1240
-0.9394
-0.2420
4.2700
-2.8000
0.2100
410
505
530
433
511
-0.1044
-0.9521
-0.2401
-2.7300
-6.5800
1.2600
410
505
531
434
513
-0.1430
-0.9682
-0.2294
-5.6700
5.0400
-3.7100
410
505
531
436
513
-0.1196
-0.9531
-0.2596
4.9000
3.2900
0.2800
410
505
530
436
513
-0.1327
-0.9282
-0.2133
16.3100
-5.0400
-4.4100
409
505
530
435
518
-0.1484
-0.9814
-0.1879
4.3400
2.0300
-7.7000
408
504
530
435
521
-0.1064
-0.9448
-0.2347
13.3700
-7.9800
-3.2200
408
504
530
434
520
-0.1444
-1.0038
-0.1718
16.2400
-3.0800
-2.1700
407
503
529
434
524
-0.1235
-0.9745
-0.1728
-10.0800
-5.7400
-2.5200
406
502
529
433
525
-0.1557
-0.9370
-0.2294
6.6500
-2.8700
-4.2000
406
502
529
433
523
-0.0093
-0.9882
-0.1718
14.0700
-1.1900
-3.1500
407
502
529
433
523
-0.1132
-0.9862
-0.1479
10.5700
-17.2200
-6.7900
406
502
529
432
527
-0.2494
-0.9916
-0.1596
3.6400
-13.5800
-1.6800
406
501
529
432
525
-0.1449
-0.9682
-0.1693
-2.0300
-9.5200
0.3500
407
501
528
431
522
-0.1601
-0.9819
-0.1889
4.9700
-8.4700
0.7000
407
501
528
431
523
-0.1742
-0.9775
-0.1928
2.0300
-1.2600
-1.9600
406
500
528
431
521
-0.1586
-0.9511
-0.1542
-0.8400
-2.1000
-5.6700
406
500
528
431
518
-0.1488
-0.9321
-0.1908
1.9600
-9.4500
-2.2400
406
499
528
431
520
-0.1762
-0.9711
-0.1469
0.9800
-4.3400
-3.3600
406
499
528
430
520
-0.1376
-0.9472
-0.1606
4.8300
-7.3500
0.9100
406
499
528
430
518
-0.1879
-0.9897
-0.1664
-1.5400
-5.4600
-4.9000
406
498
528
430
520
-0.1571
-0.9814
-0.1220
11.0600
-7.7000
-7.4200
406
498
527
430
520
-0.1537
-1.0082
-0.1610
8.6100
-2.4500
-8.5400
406
497
527
429
520
-0.1664
-1.0014
-0.1391
6.7900
-4.7600
-6.7200
406
497
527
429
518
-0.1562
-0.9643
-0.1786
7.0000
-4.6200
-2.2400
406
497
527
429
520
-0.1703
-0.9716
-0.1440
-0.1400
-3.2900
-4.2000
406
497
527
429
519
-0.1606
-0.9906
-0.1264
4.6200
-1.9600
-4.1300
406
496
527
429
517
-0.1625
-0.9521
-0.1664
-4.4100
4.8300
-3.7800
407
497
527
429
519
-0.1464
-0.9482
-0.1518
-0.9800
-8.0500
-4.4100
406
496
527
428
519
-0.1444
-0.9540
-0.1679
7.1400
-12.6700
-0.0700
406
496
527
428
517
-0.1825
-0.9809
-0.1527
3.7100
0.2800
-5.3200
406
496
527
428
519
-0.1386
-0.9740
-0.1186
1.5400
-3.2900
-4.5500
406
496
527
428
519
-0.1474
-0.9731
-0.1581
5.2500
-4.9000
-3.5000
406
496
527
428
517
-0.1606
-0.9897
-0.1279
0.8400
-1.6800
-6.1600
406
496
527
428
519
-0.1542
-0.9740
-0.1469
-5.9500
-2.5200
-6.5100
406
495
526
428
518
-0.1401
-0.9570
-0.1649
0.4200
-6.1600
-4.5500
406
495
527
428
516
-0.1342
-0.9716
-0.2220
-0.5600
-5.2500
-3.7100
406
495
526
428
518
-0.1376
-0.9882
-0.1332
-1.6800
-5.0400
-5.6700
406
495
526
428
517
-0.1337
-0.9565
-0.1771
-0.0700
-6.3000
-2.1000
406
494
526
428
515
-0.1484
-0.9740
-0.1576
-3.2200
-1.6800
-5.3900
405
494
526
428
517
-0.1283
-0.9789
-0.1869
-19.6000
-4.2000
-7.0000
404
493
526
428
517
-0.1493
-0.9667
-0.2381
-10.5000
-1.1200
-6.5800
404
493
526
427
517
-0.0942
-0.9457
-0.2133
5.2500
-6.7200
-1.7500
404
492
526
427
515
-0.1210
-0.9711
-0.1840
3.0100
-11.6900
2.5200
404
492
526
426
517
-0.1586
-0.9706
-0.2255
-4.7600
-7.3500
-0.7000
403
491
525
426
518
-0.1591
-0.9745
-0.2089
3.4300
-4.0600
-10.6400
403
491
525
425
516
-0.1210
-0.9643
-0.2259
4.9000
-7.5600
-1.7500
403
491
525
425
518
-0.1430
-0.9672
-0.2050
4.8300
-1.0500
-0.9100
403
491
525
425
518
-0.1118
-0.9526
-0.1864
4.7600
-5.8800
-2.3800
403
491
525
425
515
-0.1196
-0.9570
-0.2274
3.5700
-10.5700
0.9100
403
490
525
424
518
-0.1767
-0.9721
-0.2094
6.0200
-2.3100
-5.3200
403
490
525
425
518
-0.1293
-0.9540
-0.1942
3.3600
-5.6000
-3.3600
403
490
525
425
516
-0.1454
-0.9565
-0.2045
9.6600
-3.0800
-0.6300
403
490
525
425
518
-0.1513
-0.9960
-0.1371
-2.5900
-0.9100
-4.4800
403
490
525
425
517
-0.1264
-0.9287
-0.2137
4.3400
-12.0400
2.1700
403
490
525
425
515
-0.1762
-0.9926
-0.1830
5.3200
-4.9700
-3.1500
403
490
525
425
517
-0.1674
-0.9760
-0.1810
-6.1600
-1.7500
-6.5800
403
490
525
425
517
-0.1513
-0.9555
-0.1874
0.6300
-4.1300
-5.8800
403
490
525
425
514
-0.1405
-0.9521
-0.1810
4.3400
-5.6700
-3.5000
404
490
525
425
517
-0.1264
-0.9740
-0.1732
3.1500
-6.9300
0.3500
403
490
525
425
517
-0.1435
-0.9545
-0.1967
1.8900
-8.2600
1.4700
403
490
525
425
515
-0.1786
-0.9726
-0.1918
6.6500
-6.3700
0.0000
404
490
525
425
516
-0.1615
-0.9721
-0.1742
3.9900
0.0000
-4.4800
404
490
525
424
515
-0.1381
-0.9682
-0.1308
4.4800
-9.3800
-3.5000
404
489
524
424
517
-0.1762
-0.9819
-0.1967
-0.7000
-1.0500
-6.3000
404
489
525
424
517
-0.1645
-0.9731
-0.1659
-0.9100
-1.8900
-5.1100
404
490
525
424
514
-0.1430
-0.9550
-0.1810
-0.9800
-5.9500
-0.6300
404
490
525
424
517
-0.1640
-0.9638
-0.1810
-0.2800
-1.6800
-2.9400
404
489
525
424
516
-0.1581
-0.9589
-0.1825
3.4300
-3.8500
-4.0600
404
490
525
424
514
-0.1503
-0.9565
-0.1791
5.1100
-3.9200
-3.6400
404
489
525
424
516
-0.1405
-0.9809
-0.1581
3.3600
-2.4500
-2.6600
404
489
525
424
515
-0.1362
-0.9667
-0.1708
4.9000
-7.4200
-0.1400
404
489
525
424
514
-0.1645
-0.9711
-0.1820
3.7100
-3.9900
-1.3300
404
489
525
424
517
-0.1606
-0.9638
-0.1679
3.7100
-3.2900
-1.6800
404
489
524
424
517
-0.1503
-0.9789
-0.1566
0.3500
-4.1300
-3.2900
404
489
524
424
514
-0.1591
-0.9560
-0.1688
2.1000
-4.9700
-3.2200
404
489
524
424
517
-0.1513
-0.9687
-0.1537
4.3400
-3.7800
-3.2200
404
489
524
423
517