-0.2377
-0.9492
0.1845
4.0600
-5.5300
-2.7300
404
476
521
410
495
-0.2386
-0.9467
0.1776
4.6200
-3.4300
-1.9600
404
476
521
410
493
-0.2416
-0.9496
0.1854
0.8400
-3.1500
-2.7300
404
476
521
410
495
-0.2372
-0.9448
0.1757
-0.4200
-3.0100
-2.5200
404
476
521
410
492
-0.2323
-0.9384
0.1747
1.4700
-3.2900
-2.6600
404
476
521
410
495
-0.2425
-0.9540
0.1884
-0.6300
-2.1000
-3.8500
405
476
521
410
494
-0.2377
-0.9438
0.1679
-2.8000
-0.7700
-3.8500
405
476
521
410
494
-0.2333
-0.9443
0.1659
-4.2700
-1.5400
-2.1000
405
476
521
410
494
-0.2362
-0.9399
0.1527
-2.7300
-4.9000
-4.3400
404
476
521
410
492
-0.2347
-0.9511
0.1542
-3.1500
-2.2400
-1.5400
404
476
521
410
494
-0.2425
-0.9662
0.1469
-14.2800
1.2600
-0.8400
404
476
521
410
497
-0.2181
-0.9672
0.0678
-12.3900
6.1600
5.1100
403
475
521
410
496
-0.2743
-0.9750
0.0551
-1.6100
7.9100
-3.0800
390
474
521
410
498
-0.2577
-0.9301
0.0488
-2.1000
10.5000
5.1100
387
474
521
410
496
-0.3050
-0.9750
0.0683
8.5400
26.3900
5.1800
384
474
521
411
500
-0.3094
-0.9335
0.1410
-3.5700
29.8900
6.2300
371
470
521
411
499
-0.2557
-0.8901
0.0425
-8.4700
18.9000
5.0400
360
466
522
411
500
-0.2899
-0.9155
0.0073
-3.1500
3.7100
8.2600
353
464
522
411
500
-0.3479
-0.9692
-0.0117
0.8400
-1.3300
-6.7200
353
466
522
410
498
-0.3279
-0.9194
-0.0102
-17.7800
-0.5600
-11.2000
354
472
522
409
502
-0.3021
-0.8852
-0.0400
-16.5900
-9.3800
-17.5700
350
479
522
407
514
-0.2952
-0.9536
-0.0288
-16.8000
-8.8900
-7.9100
341
482
524
401
533
-0.2845
-0.9745
-0.0942
3.2200
-8.8200
-14.4200
333
479
524
392
533
-0.2098
-0.9082
-0.1513
-23.4500
-11.3400
-2.9400
317
471
522
388
532
-0.2552
-0.9536
-0.2074
-17.2900
-9.1000
-9.4500
308
466
520
382
554
-0.2396
-0.9209
-0.2103
-9.1000
0.4900
7.8400
314
464
519
374
612
-0.2967
-0.9194
-0.2045
-14.0700
-17.0800
-9.1000
305
457
519
367
612
-0.2225
-0.9062
-0.2630
-15.4700
-17.1500
1.6100
289
451
518
363
603
-0.2333
-0.9379
-0.2508
9.3100
6.7900
0.4200
269
455
519
359
717
-0.2723
-0.9389
-0.2362
43.7500
17.0800
3.1500
233
472
523
366
755
-0.2704
-0.9306
-0.1776
25.2000
-0.7000
-5.2500
219
481
524
378
749
-0.3060
-0.9536
-0.2006
40.0400
1.8900
0.6300
212
486
526
390
746
-0.3026
-0.9248
-0.1103
41.8600
3.7800
-1.2600
211
490
528
399
738
-0.3148
-0.9116
-0.0239
30.8000
10.0800
-0.9100
215
495
529
408
726
-0.2796
-0.9326
-0.0107
24.4300
3.4300
-2.6600
217
497
529
421
718
-0.2826
-0.9301
-0.0049
10.7800
0.2100
0.5600
217
498
530
430
719
-0.2957
-0.9096
0.0137
15.4000
-3.0100
1.7500
217
499
530
439
715
-0.3128
-0.9233
0.0161
12.8100
-4.4100
-1.4000
218
499
531
443
714
-0.3182
-0.9292
0.0498
2.8700
-4.6200
-0.9800
218
499
531
446
714
-0.2967
-0.9272
0.0386
-1.1200
-5.0400
-1.8200
219
500
531
447
710
-0.3065
-0.9282
0.0493
0.1400
-3.1500
-3.0800
220
500
531
447
708
-0.2904
-0.9282
0.0537
-5.0400
-5.1100
-3.3600
221
500
531
447
709
-0.2879
-0.9292
0.0542
1.4700
-4.4100
-1.8200
221
500
531
447
708
-0.3109
-0.9218
0.0615
-14.4900
-7.9800
2.5200
220
499
531
447
711
-0.2987
-0.9199
0.0200
0.9100
-9.1000
-3.7100
221
499
531
446
709
-0.3040
-0.9252
0.0732
-0.9800
-9.5200
-3.1500
221
499
531
446
710
-0.2718
-0.9389
0.0332
-9.3800
-13.8600
-2.2400
222
499
531
445
710
-0.3001
-0.9443
0.0244
8.3300
-12.3900
-1.6100
222
499
530
445
709
-0.3104
-0.9501
0.0556
0.2800
-9.8000
-3.6400
223
499
531
445
708
-0.3050
-0.9394
0.0493
0.0000
-8.0500
-7.4900
223
499
530
445
706
-0.2816
-0.9345
0.0654
-1.1900
-8.1900
-4.9700
223
499
530
445
705
-0.3011
-0.9457
0.0468
-3.0100
-3.5000
-6.9300
224
499
530
445
704
-0.2918
-0.9477
0.0654
2.3100
-6.0900
-6.4400
224
499
530
444
702
-0.2577
-0.9765
0.0639
-6.5800
-12.3200
-6.7900
224
499
530
443
701
-0.2884
-0.9350
0.0264
4.1300
-7.0000
-6.8600
224
499
530
442
702
-0.2523
-0.9906
0.0600
6.0200
-3.9900
-9.3100
224
499
530
441
700
-0.2094
-0.9804
0.0386
-16.0300
-16.5200
-4.3400
224
498
530
440
703
-0.2547
-0.9204
0.0317
-7.2800
-19.0400
-3.5700
224
498
530
435
704
-0.2977
-0.9584
0.0137
-3.5000
-0.4200
-11.3400
223
497
530
432
703
-0.2411
-0.9292
0.0078
2.5200
4.4100
-9.8700
223
496
530
432
702
-0.1952
-1.0019
0.0078
-2.7300
-3.2900
-6.6500
223
495
530
432
708
-0.1869
-0.9736
0.0215
-10.2200
-6.1600
-3.6400
222
494
530
431
707
-0.2542
-0.9721
-0.0669
-6.5100
2.8000
-9.7300
222
493
530
431
706
-0.1981
-0.9555
-0.0703
16.8000
8.4000
-9.9400
222
493
530
430
707
-0.1830
-0.9819
-0.0078
11.2000
3.6400
-13.0200
221
492
530
430
706
-0.1815
-0.9692
-0.0054
7.2100
4.5500
-15.5400
219
490
530
429
709
-0.1713
-0.9589
-0.0132
11.0600
-0.4900
-5.1800
218
485
530
428
706
-0.1625
-0.9784
0.0278
3.5000
-4.5500
-4.3400
221
470
529
426
699
-0.1464
-0.9975
0.0142
0.5600
-6.0900
-4.1300
228
459
529
425
678
-0.1654
-0.9950
-0.1093
3.0100
-7.5600
-3.9200
268
456
529
423
641
-0.1562
-1.0043
-0.0020
1.1200
-12.1100
-4.7600
355
464
529
423
620
-0.1640
-0.9853
0.0210
-5.3900
-11.1300
-2.8700
409
474
529
423
597
-0.1718
-0.9745
-0.0156
3.0100
-9.4500
1.8200
419
482
529
424
570
-0.1840
-0.9965
-0.0044
7.5600
-1.0500
1.9600
423
487
529
427
540
-0.1747
-0.9575
0.0137
3.3600
1.8900
4.3400
426
490
529
431
512
-0.1972
-0.9877
-0.0117
19.5300
0.8400
3.9900
428
493
529
434
501
-0.2079
-0.9662
0.0259
14.8400
2.8700
2.4500
429
495
530
437
494
-0.1972
-0.9618
0.0532
4.5500
-3.8500
0.4200
431
497
530
439
491
-0.2089
-0.9618
0.0468
-0.9100
-7.2100
-2.3100
432
498
530
440
490
-0.2274
-0.9697
0.0449
1.1900
-2.0300
-2.5900
432
499
530
440
487
-0.2152
-0.9687
0.0429
4.3400
-0.0700
0.4200
433
499
530
440
489
-0.2250
-0.9643
0.0542
0.2100
-1.4700
-1.7500
433
500
530
441
487
-0.2103
-0.9428
0.0561
-1.8200
-7.7700
-4.2700
434
501
530
441
490
-0.2264
-0.9662
0.0464
-1.1900
-5.8100
-5.1800
434
501
530
440
489
-0.2167
-0.9599
0.0425
-0.2100
-6.0900
-3.1500
433
501
530
440
491
-0.2352
-0.9706
0.0390
2.1000
-1.9600
-4.2000
433
501
530
440
491
-0.2176
-0.9594
0.0454
1.4000
-4.1300
-4.1300
433
501
530
440
492
-0.2152
-0.9706
0.0410
1.4000
-4.1300
-3.2900
433
501
530
440
493
-0.2108
-0.9662
0.0478
2.8000
-2.3800
-1.6800
433
501
530
440
491
-0.2264
-0.9623
0.0410
-0.7700
-3.1500
-4.0600
433
501
530
440
493
-0.2181
-0.9653
0.0400
-0.5600
-3.9200
-3.7800
433
501
530
439
491
-0.2103
-0.9643
0.0356
1.6800
-3.2900
-4.6900
433
501
530
439
494
-0.2108
-0.9765
0.0283
1.8200
-3.1500
-4.2700
433
501
530
439
494
-0.2054
-0.9687
0.0293
2.5200
-4.6900
-3.9900
433
501
530
439
495
-0.2084
-0.9667
0.0249
1.8200
-3.9200
-6.0200
433
500
530
438
496
-0.1976
-0.9780
0.0273
-1.8900
-2.5200
-4.1300
432
498
530
437
495
-0.1967
-0.9711
0.0161
2.0300
-1.1200
-2.8000
428
495
530
435
506
-0.1898
-0.9614
0.0400
5.6000
-1.9600
2.2400
380
467
529
427
520
-0.2059
-0.9677
0.0303
0.1400
-2.7300
1.1200
342
449
529
417
534
-0.2240
-0.9711
0.0107
-9.8000
-8.0500
-5.1100
310
435
528
408
538
-0.2362
-0.9784
0.0185
-36.6100
-19.3900
-14.6300
282
394
524
390
537
-0.1898
-0.9433
-0.0810
-28.4900
-16.0300
-17.2900
274
366
513
376
532
-0.1669
-0.9682
-0.1205
-15.1900
-11.1300
-3.9200
277
360
509
368
562
-0.1810
-0.9853
-0.1298
-32.3400
-21.7000
-8.9600
270
356
507
362
564
-0.1415
-0.9633
-0.2274
3.0100
-17.3600
1.8200
268
372
507
357
630
-0.1596
-0.9653
-0.2157
45.2900
14.9100
17.5000
251
448
515
362
701
-0.1996
-0.9536
-0.0459
8.7500
-3.7800
6.0200
235
477
522
373
728
-0.2079
-0.9755
-0.0781
28.9100
3.5000
-5.2500
230
489
526
389
729
-0.1854
-0.9579
-0.0185
33.3900
3.7100
0.7700
229
495
528
402
724
-0.1762
-0.9692
0.0371
31.2200
-9.2400
-2.6600
231
497
529
412
717
-0.2001
-0.9711
0.0224
19.3900
-6.1600
0.4200
232
498
530
416
715
-0.2259
-0.9887
0.1000
1.3300
-5.6700
0.2100
231
499
530
418
717
-0.2235
-0.9492
0.0605
1.4700
-0.6300
-3.5700
232
499
530
419
722
-0.1976
-1.0146
0.1113
2.5200
-1.3300
-7.0700
230
499
530
420
720
-0.2030
-0.9550
0.0181
-3.4300
-1.4700
-5.8100
229
499
530
421
721
-0.1835
-0.9643
0.0303
2.5200
-6.8600
-0.8400
230
499
530
421
721
-0.2152
-0.9828
0.0483
3.4300
-1.4700
-2.1700
230
498
530
420
719
-0.2025
-0.9614
0.0815
-0.3500
-7.3500
-4.0600
231
498
530
419
717
-0.2118
-0.9560
0.0381
2.5900
-6.3700
-2.5900
232
498
530
419
718
-0.2020
-0.9740
0.0893
4.8300
-2.3800
-4.6200
233
498
530
419
714
-0.1874
-0.9882
0.0566
-3.9900
-5.9500
-0.5600
233
498
530
418
716
-0.2094
-0.9706
0.0346
0.7000
-4.6900
-2.1000
233
498
530
418
716
-0.2108
-0.9575
0.0576
0.6300
-4.6900
-2.8700
233
498
530
419
715
-0.1903
-0.9633
0.0508
-1.2600
-5.0400
-3.2900
233
498
530
418
715
-0.2006
-0.9833
0.0444
2.5200
-4.4800
-4.5500
234
498
529
418
716
-0.1991
-0.9653
0.0464
0.0000
-5.9500
-2.8000
235
497
529
418
718
-0.1986
-0.9618
0.0298
2.5900
-3.6400
-3.0100
236
497
529
417
713
-0.2020
-0.9750
0.0556
0.4900
-3.1500
-4.8300
236
497
529
417
711
-0.1976
-0.9711
0.0303
2.1700
-2.3100
-3.2200
236
497
529
417
711
-0.1972
-0.9745
0.0429
1.9600
-0.7700
-3.7800
236
497
529
418
711
-0.1937
-0.9887
0.0356
-1.9600
-1.4700
-5.6700
236
497
529
418
711
-0.1830
-0.9662
0.0234
0.9800
-2.0300
-4.1300
236
497
529
418
711
-0.1903
-0.9697
0.0410
-2.8000
-4.1300
-5.9500
236
498
529
418
713
-0.1850
-0.9706
0.0176
-3.2900
-3.1500
-2.7300
236
498
530
418
710
-0.1874
-0.9794
0.0415
6.5800
-3.0100
-4.8300
236
499
530
419
708
-0.1791
-0.9965
0.0298
2.7300
-4.6900
-9.3800
236
499
530
419
706
-0.1810
-0.9989
0.0034
5.4600
-2.2400
0.4900
236
499
530
420
705
-0.1952
-0.9677
0.0444
4.7600
-1.0500
-0.1400
237
499
530
420
703
-0.1708
-0.9755
0.0273
6.5100
-3.2200
-2.8000
237
499
530
420
701
-0.1791
-0.9941
0.0561
1.2600
-3.8500
-3.8500
237
499
530
421
701
-0.1928
-0.9867
0.0220
5.8100
-0.6300
-0.5600
238
499
530
421
702
-0.1908
-0.9926
0.0346
4.2000
-2.4500
-4.4100
238
499
530
421
699
-0.1820
-0.9936
0.0371
6.7200
-3.9200
-2.5200
238
499
530
421
699
-0.1859
-0.9843
0.0400
5.3900
-2.4500
-2.9400
238
499
530
421
699
-0.1649
-0.9770
0.0312
-2.5900
-6.1600
-3.2900
237
498
530
421
700
-0.1806
-0.9828
0.0317
-9.3800
-2.5200
-6.5800
236
496
529
420
700
-0.1571
-0.9760
0.0117
-3.7100
-4.2700
-2.6600
234
493
529
420
697
-0.1820
-1.0067
0.0073
-9.2400
-1.3300
-0.4900
232
482
529
418
692
-0.1859
-0.9765
-0.0151
-10.8500
-3.9200
-3.4300
236
468
527
416
681
-0.1435
-0.9716
-0.0839
1.5400
-8.4000
0.4900
243
463
526
415
664
-0.1893
-0.8911
-0.0356
0.2100
-2.2400
-5.2500
311
463
520
410
635
-0.2377
-1.0399
-0.0317
-2.7300
-1.4000
-4.5500
400
466
514
404
616
-0.1742
-0.9858
-0.0425
2.3100
-2.3100
-1.6100
425
471
513
403
585
-0.1728
-0.9570
-0.0210
6.6500
-0.9800
-3.9900
430
478
516
409
537
-0.1884
-0.9989
-0.0439
-2.3800
1.8200
5.8100
431
485
522
417
498
-0.1737
-0.9653
-0.0342
2.1000
-2.6600
5.5300
432
489
524
425
481
-0.2172
-0.9780
-0.0459
1.8900
0.5600
2.3800
433
493
526
432
468
-0.2137
-0.9692
-0.0356
8.3300
-1.8900
-0.4900
434
495
527
437
460
-0.2216
-0.9536
-0.0137
4.2000
-3.9900
-1.2600
434
496
527
438
458
-0.2216
-0.9721
-0.0132
4.1300
-1.7500
-3.6400
434
497
527
439
458
-0.2084
-0.9628
-0.0229
0.9100
-2.2400
-1.4000
434
497
527
440
458
-0.2176
-0.9770
-0.0088
6.3700
-0.2800
-1.4700
434
498
527
440
458
-0.2113
-0.9545
-0.0029
7.1400
-2.4500
-1.4000
435
500
528
440
459
-0.2206
-0.9687
0.0034
2.1000
-0.5600
-2.9400
435
501
528
440
459
-0.2157
-0.9614
-0.0020
5.0400
-1.4000
-0.8400
435
501
528
440
459
-0.2216
-0.9736
0.0342
1.1200
-3.2900
-4.4100
435
501
528
440
459
-0.2230
-0.9579
-0.0068
2.5200
-4.6900
-3.4300
436
501
528
440
460
-0.2167
-0.9672
0.0332
4.6200
-2.3100
-5.8800
436
502
528
440
461
-0.2084
-0.9701
0.0273
-1.2600
-4.6200
-3.5700
436
502
528
439
462
-0.2094
-0.9565
-0.0176
1.8200
-3.3600
-2.4500
436
502
528
439
462
-0.2220
-0.9614
0.0078
2.1700
1.5400
-4.7600
436
503
528
439
463
-0.1723
-0.9740
0.0410
5.7400
-11.4100
-1.4700
436
504
528
439
465
-0.2050
-0.9975
0.0327
-7.1400
-11.4100
-3.2200
436
504
528
438
465
-0.2118
-0.9721
-0.0127
-2.4500
-9.1000
-10.2200
436
504
528
438
464
-0.1801
-0.9648
-0.0224
0.2800
-4.5500
-3.6400
436
504
527
437
457
-0.1937
-0.9780
-0.0161
-2.3100
-5.8800
-5.8800
436
503
528
438
444
-0.1791
-0.9653
-0.0102
-3.8500
-8.5400
-7.9800
436
503
528
438
423
-0.1713
-0.9633
-0.0229
-2.0300
-9.1700
-6.6500
436
503
528
438
410
-0.1732
-0.9853
-0.0088
6.0200
-5.7400
-7.1400
436
504
528
438
400
-0.1654
-0.9789
-0.0054
-0.2800
-6.2300
-2.3100
435
504
528
438
397
-0.1703
-0.9794
-0.0303
1.2600
-3.7800
-3.3600
435
503
528
438
398
-0.1591
-0.9872
-0.0342
4.9000
3.7100
-3.1500
435
503
528
437
424
-0.1571
-0.9731
-0.0059
-15.9600
-2.0300
-0.7000
429
498
527
430
455
-0.1674
-0.9682
-0.0708
-7.0000
1.6800
2.9400
400
464
526
417
481
-0.1898
-0.9872
-0.0605
-33.8100
-14.5600
-11.6200
345
428
526
400
504
-0.1630
-0.9765
-0.1728
-18.2000
-15.4700
-8.5400
301
407
526
387
523
-0.1591
-0.9604
-0.1405
-1.6100
-9.9400
-2.6600
282
409
526
377
531
-0.1913
-0.9540
-0.1279
-4.6900
-16.5200
-4.6200
278
425
524
369
540
-0.1630
-0.9614
-0.1449
-10.5000
-14.7000
-7.5600
279
438
522
362
563
-0.1630
-0.9575
-0.1786
-9.4500
-4.6200
-1.7500
276
452
521
356
626
-0.1557
-0.9540
-0.2103
24.9900
4.7600
-1.4000
262
468
524
360
686
-0.1674
-0.9862
-0.1244
11.1300
-0.2800
-0.7000
241
482
526
367
729
-0.1801
-0.9697
-0.1503
17.3600
-2.8000
-6.5800
233
490
527
375
744
-0.1488
-1.0082
-0.1327
24.3600
-2.3800
-4.4100
229
495
528
386
743
-0.1566
-0.9614
-0.0766
16.8000
-3.4300
-0.4900
227
497
528
393
749
-0.1684
-0.9794
-0.0761
10.3600
-3.9900
-2.4500
223
498
529
396
757
-0.1679
-0.9731
-0.0620
8.2600
-5.1800
-2.1700
223
498
529
397
756
-0.1684
-0.9936
-0.0683
9.1700
-3.7800
-2.8000
223
498
529
397
761
-0.1718
-0.9970
-0.0376
7.7000
-5.1800
-5.0400
222
498
529
397
762
-0.1664
-0.9902
-0.0439
7.7700
-3.0100
-2.2400
222
498
529
398
764
-0.1581
-0.9892
-0.0327
8.1200
-1.1900
-2.8700
222
498
529
399
765
-0.1728
-0.9799
-0.0317
4.6900
-4.2700
-3.8500
222
498
529
400
763
-0.1640
-0.9833
-0.0351
7.9800
-3.0800
-3.3600
223
498
529
400
762
-0.1688
-0.9780
-0.0215
5.7400
-5.9500
-2.8700
224
498
529
400
760
-0.1830
-0.9936
-0.0283
3.1500
-3.9900
-3.3600
225
498
529
400
758
-0.1679
-0.9794
-0.0215
4.8300
-3.5000
-3.9200
225
498
529
400
759
-0.1610
-0.9760
-0.0161
3.0800
-4.7600
-4.4100
226
498
529
402
757
-0.1615
-0.9828
-0.0073
3.7800
-3.8500
-3.0100
226
498
529
403
755
-0.1718
-0.9780
-0.0273
4.1300
-3.5700
-3.6400
227
498
529
404
754
-0.1591
-0.9726
-0.0093
0.9800
-4.4800
-1.7500
227
498
529
406
752
-0.1606
-0.9765
0.0010
4.0600
-3.7800
-3.9200
228
498
529
411
748
-0.1532
-0.9789
-0.0195
3.9200
-4.7600
-2.6600
230
498
530
414
744
-0.1713
-0.9877
0.0029
2.1000
-3.9200
-3.1500
231
498
529
418
741
-0.1620
-0.9780
-0.0171
4.9000
-5.1800
-4.9000
232
498
530
421
740
-0.1649
-0.9887
0.0000
2.4500
-5.1100
-5.3900
232
498
530
425
739
-0.1571
-0.9804
-0.0098
8.3300
-4.3400
-3.4300
233
498
530
429
737
-0.1576
-0.9887
0.0078
6.3700
-2.5200
-3.5000
233
498
530
432
735
-0.1708
-0.9877
-0.0083
5.5300
-2.8000
-3.4300
234
499
530
435
734
-0.1518
-0.9911
-0.0039
6.3700
-4.3400
-3.0100
234
498
530
436
733
-0.1645
-0.9862
0.0049
4.5500
-3.5000
-3.1500
234
498
530
436
735
-0.1610
-0.9887
-0.0020
2.5900
-4.9000
-4.2000
235
498
530
437
732
-0.1566
-0.9721
0.0166
-4.4800
-4.9700
-3.2200
236
498
530
436
730
-0.1542
-0.9755
-0.0112
-7.9100
-7.3500
-7.4200
237
498
530
435
725
-0.1459
-0.9667
-0.0063
3.7800
-10.2900
-7.6300
238
497
529
433
718
-0.1479
-0.9877
-0.0293
2.1700
-5.1100
-5.2500
239
495
529
432
708
-0.1357
-0.9760
-0.0205
-9.1700
-3.4300
0.5600
247
483
528
430
644
-0.1718
-1.0111
-0.0708
-13.1600
-9.9400
-7.2800
285
470
527
424
590
-0.1386
-0.9511
-0.0673
-0.7700
-4.2000
-2.3800
356
467
526
420
547
-0.1469
-0.9614
-0.0722
5.3900
-4.0600
4.1300
390
470
526
416
516
-0.1796
-0.9682
-0.0293
-2.1000
-7.7700
-1.8200
404
472
524
413
503
-0.1674
-0.9653
-0.0254
0.9100
-11.6200
-5.2500
410
473
522
414
496
-0.1664
-0.9853
-0.0556
3.7100
-6.8600
-4.6900
411
474
521
416
492
-0.1562
-1.0043
-0.0600
2.8700
-6.7900
-4.4800
415
475
521
418
492
-0.1415
-0.9814
-0.0634
2.6600
-3.4300
-4.8300
418
478
520
419
492
-0.1581
-0.9726
-0.0444
6.5800
-4.9700
-4.2000
421
481
520
421
493
-0.1576
-0.9809
-0.0371
-0.0700
-7.6300
-5.7400
422
483
520
422
494
-0.1562
-0.9716
-0.0444
1.8200
-4.0600
-2.1000
422
483
520
423
492
-0.1615
-0.9736
-0.0405
4.9000
-2.9400
-3.0100
422
483
520
423
495
-0.1586
-0.9843
-0.0381
2.2400
-3.4300
-3.5700
422
483
520
423
495
-0.1581
-0.9848
-0.0444
-1.2600
-5.4600
-6.0200
422
483
520
423
493
-0.1547
-0.9960
-0.0620
0.4900
-3.7100
-3.1500
422
483
520
424
497
-0.1488
-0.9770
-0.0595
0.8400
-3.5000
-3.7800
421
483
520
424
495
-0.1479
-0.9672
-0.0478
-2.4500
-7.2100
-2.1700
421
482
520
424
498
-0.1635
-0.9697
-0.0517
-3.7100
-3.7800
-3.4300
421
482
521
424
498
-0.1449
-0.9701
-0.0600
-4.0600
-6.6500
-5.6700
421
482
521
425
499
-0.1454
-0.9823
-0.0673
3.7800
-4.6200
-3.3600
419
483
521
425
501
-0.1469
-0.9853
-0.0712
3.4300
-3.5000
-3.2900
419
483
521
425
498
-0.1449
-0.9750
-0.0673
6.1600
-4.0600
-1.4000
419
483
521
425
501
-0.1498
-0.9897
-0.0669
3.5700
-4.9000
-3.2900
418
482
521
425
502
-0.1986
-0.9809
-0.0805
4.6200
-5.3200
-1.5400
418
482
521
425
500
-0.1430
-0.9848
-0.0620
1.8200
-4.2700
-2.5900
418
482
522
425
502
-0.1430
-0.9658
-0.0556
0.9100
-3.6400
-2.5900
418
482
521
425
500
-0.1425
-0.9716
-0.0508
1.3300
-4.8300
-1.6800
417
482
521
425
502
-0.1508
-0.9833
-0.0498
1.6100
-3.9900
-3.4300
417
482
521
425
502
-0.1449
-0.9721
-0.0488
1.6100
-3.9200
-2.5900
417
482
521
425
500
-0.1425
-0.9677
-0.0610
1.1900
-5.2500
-2.9400
417
482
521
425
504
-0.1464
-0.9765
-0.0493
4.8300
-5.0400
-3.2900
415
482
521
425
506
-0.1342
-0.9833
-0.0493
2.0300
-5.1800
1.0500
407
482
521
424
504
-0.1635
-0.9745
-0.0405
1.0500
-2.1700
-0.2800
394
482
518
422
508
-0.1318
-0.9775
-0.0717
9.2400
-1.7500
1.3300
371
478
516
412
510
-0.1591
-0.9853
-0.0439
1.8200
5.1100
0.2100
338
463
511
402
523
-0.1371
-0.9984
-0.0537
-11.4100
-5.3200
-0.5600
318
450
508
397
533
-0.1830
-0.9692
-0.0976
-9.9400
-9.4500
-2.9400
302
439
505
386
524
-0.1810
-0.9643
-0.1064
-17.5000
-5.7400
-6.3700
291
415
501
375
516
-0.1654
-0.9882
-0.1415
-20.2300
-8.0500
-7.7700
287
406
498
364
539
-0.1781
-0.9711
-0.1884
-14.4200
-8.4000
-11.2000
284
407
493
348
551
-0.1659
-0.9653
-0.2064
-18.5500
-10.3600
-8.8200
279
405
492
342
575
-0.1557
-0.9697
-0.2445
1.4700
-1.5400
0.9800
268
411
495
338
676
-0.2225
-0.9350
-0.2420
21.0700
1.8900
7.6300
255
454
502
342
701
-0.2006
-0.9638
-0.1893
14.1400
-0.7700
6.7200
243
476
513
349
725
-0.2240
-0.9194
-0.1459
16.8700
-5.5300
-11.2000
229
486
521
366
737
-0.1825
-0.9701
-0.1435
8.5400
-3.2200
-4.5500
224
491
524
385
729
-0.1669
-0.9501
-0.1396
24.2200
-2.2400
-2.1000
224
493
525
393
730
-0.1810
-0.9765
-0.1005
13.0900
-0.9100
0.2100
225
494
526
399
734
-0.1864
-0.9697
-0.1000
17.7800
-2.1700
1.8900
225
495
527
405
731
-0.1840
-0.9501
-0.0508
10.0100
-0.9800
2.1700
227
496
528
409
728
-0.1859
-0.9614
-0.0522
9.1700
-1.9600
1.4000
228
496
528
412
725
-0.1932
-0.9736
-0.0288
6.4400
-2.5900
-2.2400
229
497
528
414
724
-0.1932
-0.9638
-0.0351
8.9600
-1.6800
0.2800
229
497
529
415
725
-0.1845
-0.9711
-0.0268
9.3100
-3.9200
-0.3500
231
497
529
418
726
-0.2128
-0.9833
0.0078
2.7300
-2.1000
-3.1500
232
497
529
419
726
-0.2103
-0.9599
-0.0102
4.4100
-2.1700
-1.6100
232
497
529
421
726
-0.2074
-0.9584
-0.1230
1.4000
-2.5900
-1.9600
232
497
529
422
724
-0.1845
-0.9667
0.0166
0.9100
-5.8800
-3.2900
232
497
529
422
724
-0.1845
-0.9516
0.0093
2.0300
-4.8300
-2.7300
233
497
530
422
723
-0.1986
-0.9653
-0.0015
1.5400
-4.7600
-3.4300
233
497
530
422
722
-0.1854
-0.9511
0.0190
1.1900
-3.7100
-3.0800
233
497
530
422
721
-0.1937
-0.9677
0.0176
1.8900
-1.5400
-5.3900
233
497
530
422
720
-0.1762
-0.9633
0.0102
0.0000
-3.9200
-2.5200
234
497
530
422
719
-0.1859
-0.9701
0.0122
1.8200
-3.3600
-2.2400
234
497
530
423
719
-0.1835
-0.9648
0.0161
2.7300
-4.5500
-2.8700
235
497
530
423
719
-0.1884
-0.9618
0.0176
2.4500
-5.6700
-5.0400
235
497
530
424
718
-0.1718
-0.9687
0.0156
2.2400
-3.7100
-5.0400
235
497
530
424
716
-0.1771
-0.9848
0.0049
3.2900
-1.0500
-2.9400
235
497
530
425
718
-0.1742
-0.9784
-0.0034
1.1200
-0.7700
-3.0800
235
497
530
426
715
-0.1635
-0.9687
0.0112
5.7400
-2.1700
-3.5000
235
497
530
428
715
-0.1835
-0.9765
0.0249
7.0000
-2.8700
-2.1700
235
497
530
429
715
-0.1713
-0.9745
0.0210
7.8400
-4.2000
-1.6100
235
497
530
430
715
-0.1942
-0.9760
0.0273
2.0300
-2.3800
-2.5200
236
497
530
431
715
-0.1664
-0.9740
0.0249
3.0800
-4.7600
-5.8100
236
497
530
431
716
-0.1845
-0.9760
0.0293
3.2900
-3.5700
-4.0600
236
497
530
432
719
-0.1801
-0.9784
0.0268
1.7500
-5.7400
-4.6200
236
497
530
434
718
-0.1742
-0.9599
0.0376
3.2200
-5.5300
-5.4600
236
497
530
434
718
-0.1771
-0.9784
0.0303
3.9900
-3.8500
-4.4100
236
496
530
437
718
-0.1713
-0.9745
0.0537
2.3800
-5.3200
-6.7200
236
496
529
437
717
-0.1776
-1.0024
0.0190
4.8300
-2.7300
-10.2200
236
496
529
437
718
-0.1571
-0.9941
0.0322
2.6600
-7.7700
-6.3000
236
496
529
437
721
-0.1576
-0.9897
0.0220
6.6500
-5.2500
-11.3400
235
495
529
438
718
-0.1366
-0.9823
0.0322
-1.0500
-10.2900
-8.9600
235
495
529
437
719
-0.1391
-1.0116
0.0542
-11.8300
-3.6400
-7.0000
234
493
528
435
722
-0.1200
-0.9858
-0.0337
-13.9300
3.0800
1.5400
232
486
527
431
717
-0.1293
-0.9716
0.1127
-12.6700
0.8400
1.8200
250
470
521
421
646
-0.1674
-0.9672
-0.0229
5.7400
2.3100
-3.3600
343
468
517
413
579
-0.1596
-0.9560
-0.0264
3.4300
-4.4100
-3.3600
375
469
516
412
541
-0.1449
-0.9706
0.0049
2.8000
-13.4400
-12.2500
400
476
519
420
510
-0.1030
-1.0028
-0.0244
26.6700
5.8800
3.2900
413
484
524
435
480
-0.1200
-0.9814
0.0268
31.7800
11.8300
3.5000
420
488
526
445
457
-0.1596
-0.9902
0.0630
18.7600
6.0900
0.1400
423
491
527
451
437
-0.1728
-0.9823
0.0791
12.5300
4.6900
-0.6300
424
493
528
455
419
-0.1630
-0.9770
0.0776
8.0500
0.9100
-0.9100
425
495
529
457
411
-0.1801
-0.9862
0.0976
3.0100
-2.1700
-4.1300
426
497
529
458
405
-0.1654
-0.9706
0.0839
5.8800
-1.5400
-3.2200
427
498
530
458
398
-0.1874
-0.9794
0.1205
1.2600
-4.8300
-3.2200
427
499
530
458
399
-0.1767
-0.9638
0.1020
3.2900
-4.9000
-1.2600
427
499
530
458
398
-0.1820
-0.9682
0.1225
-1.8900
-5.9500
-4.2000
428
499
530
458
398
-0.1659
-0.9540
0.1240
-4.9000
-10.5000
-7.6300
428
500
530
458
399
-0.1645
-0.9711
0.0908
-0.3500
-4.6200
-3.0800
428
500
530
458
400
-0.1659
-0.9765
0.1127
2.3100
-6.7200
-1.9600
429
500
530
458
400
-0.1493
-0.9575
0.1122
-0.1400
-7.7700
-4.2700
432
500
530
458
401
-0.1420
-0.9599
0.1127
-1.8200
-7.4200
-4.3400
433
501
530
458
402
-0.1488
-0.9726
0.1186
1.7500
-1.9600
-1.7500
434
501
530
458
403
-0.1498
-0.9692
0.1186
2.5900
-5.6000
-4.2000
435
501
530
458
403
-0.1454
-0.9672
0.1215
2.5200
-7.8400
-4.2000
436
502
530
458
404
-0.1240
-0.9614
0.1166
-5.8100
-10.2900
-4.2700
437
503
530
458
405
-0.1308
-0.9653
0.0981
-0.7000
-7.3500
-5.3200
438
503
530
458
406
-0.1303
-0.9843
0.1108
4.4800
-5.9500
-4.6200
439
503
530
458
406
-0.1366
-0.9775
0.1010
2.8000
-4.5500
-3.5700
439
503
530
457
407
-0.1381
-0.9858
0.1127
2.3800
-3.4300
-4.4800
439
503
530
457
407
-0.1254
-0.9662
0.1122
3.4300
-5.6000
-2.6600
440
503
530
456
408
-0.1332
-0.9828
0.1200
0.9100
-4.2000
-2.8700
440
503
530
456
410
-0.1254
-0.9770
0.1000
-2.8000
-2.1000
0.2800
439
503
530
454
413
-0.1303
-1.0097
0.0849
-10.1500
-1.1200
1.1900
436
501
529
449
420
-0.1435
-0.9736
0.0752
7.4200
2.5200
0.1400
412
495
529
438
446
-0.1728
-0.9770
0.0820
27.9300
6.4400
1.9600
357
479
526
408
478
-0.1698
-1.0067
0.1454
-11.1300
-6.8600
3.1500
315
469
514
388
504
-0.1557
-0.9311
0.0922
-45.9900
-17.2200
-3.2900
299
458
502
373
519
-0.1679
-0.9462
-0.0039
-32.3400
-9.6600
-3.6400
290
455
498
362
530
-0.1893
-0.9662
-0.0288
-24.0100
-10.8500
-7.3500
288
455
496
352
546
-0.1767
-0.9887
-0.0791
-18.5500
-5.7400
-11.6200
293
457
496
346
599
-0.1308
-0.9872
-0.1220
-6.0200
0.1400
-2.6600
280
456
499
343
664
-0.1586
-0.9706
-0.0712
5.8100
0.5600
-2.2400
255
459
504
350
719
-0.1298
-0.9892
-0.0752
6.9300
-5.1100
-5.8100
240
468
508
357
740
-0.1396
-0.9941
-0.0820
4.3400
5.0400
-11.1300
237
481
516
370
742
-0.1181
-0.9916
-0.0722
9.1700
2.2400
-7.1400
237
487
522
390
737
-0.1103
-0.9638
-0.0639
14.4900
-0.4900
-5.3900
239
490
525
414
733
-0.1142
-0.9823
-0.0381
12.2500
-0.6300
-2.7300
241
493
527
423
728
-0.1220
-0.9726
-0.0210
10.7100
-2.2400
-0.3500
242
494
528
428
725
-0.1171
-0.9848
-0.0049
11.9000
-1.6800
-1.9600
243
494
528
431
724
-0.1132
-0.9877
0.0063
9.3800
-3.2200
-2.4500
244
495
528
432
722
-0.1074
-0.9970
0.0151
10.3600
-4.1300
-0.3500
244
495
529
433
722
-0.1132
-0.9833
0.0517
1.5400
-3.9200
-5.7400
245
495
529
434
723
-0.0878
-0.9784
0.0288
-0.9100
-3.8500
-2.8700
245
495
528
434
727
-0.1088
-0.9828
0.0176
1.4000
-4.5500
-3.7100
246
495
529
435
725
-0.1137
-0.9838
0.0244
5.6700
-4.4800
-4.2000
246
495
528
437
725
-0.1059
-0.9809
0.0332
3.8500
-5.9500
-4.8300
246
495
529
438
726
-0.1093
-0.9828
0.0327
3.8500
-4.4100
-2.6600
247
495
529
439
723
-0.1015
-0.9975
0.0371
7.1400
-2.6600
-2.4500
247
496
529
439
720
-0.1137
-0.9950
0.0366
4.1300
-3.5000
-2.8700
248
496
528
439
719
-0.1127
-0.9921
0.0400
2.8000
-4.0600
-3.0100
248
496
529
439
723
-0.1078
-0.9999
0.0346
0.2100
-3.5700
-2.3800
248
496
528
439
720
-0.1039
-0.9960
0.0312
2.8000
-2.6600
-2.1000
248
496
528
439
721
-0.1069
-1.0014
0.0293
4.3400
-2.2400
-1.6800
249
496
528
439
720
-0.1186
-0.9965
0.0322
2.0300
-2.7300
-2.1000
249
496
528
439
720
-0.1108
-0.9897
0.0429
0.4900
-3.0800
-1.8200
249
496
528
439
719
-0.1142
-0.9843
0.0415
1.5400
-3.7800
-2.5200
250
496
528
439
719
-0.1069
-0.9902
0.0395
3.1500
-3.5700
-4.0600
250
496
528
439
718
-0.1078
-0.9833
0.0468
2.7300
-2.8000
-2.1000
250
496
528
439
718
-0.1054
-0.9892
0.0439
0.6300
-3.5700
-2.6600
250
496
528
439
718
-0.1122
-0.9906
0.0503
3.6400
-3.7100
-2.7300
250
496
528
439
718
-0.1083
-0.9794
0.0459
0.2800
-3.9200
-2.5200
251
496
528
438
718
-0.0991
-0.9799
0.0454
2.0300
-4.6900
-3.2900
251
496
528
438
717
-0.1035
-0.9843
0.0410
3.1500
-4.0600
-3.4300
251
495
528
438
717
-0.0952
-0.9765
0.0590
1.5400
-4.4100
-2.4500
251
496
528
438
719
-0.1074
-0.9877
0.0537
3.5700
-4.9700
-3.9200
251
495
528
438
717
-0.1064
-0.9921
0.0371
1.1900
-4.7600
-3.8500
251
495
528
437
717
-0.1035
-1.0004
0.0410
2.8000
-3.2900
-2.8000
251
495
528
437
716
-0.1054
-0.9926
0.0395
1.7500
-4.5500
-2.5900
251
495
528
436
715
-0.1113
-0.9897
0.0429
1.9600
-4.0600
-2.0300
252
495
528
436
715
-0.1137
-0.9955
0.0381
2.3800
-3.3600
-2.4500
252
495
528
436
714
-0.1069
-0.9911
0.0410
1.3300
-4.6200
-3.5000
252
495
528
436
714
-0.1093
-0.9789
0.0395
-0.7000
-5.0400
-1.5400
252
495
528
436
713
-0.1161
-0.9814
0.0346
-0.0700
-3.6400
-3.0100
252
495
528
435
712
-0.1054
-0.9848
0.0351
0.3500
-5.0400
-3.2200
252
495
528
435
711
-0.1137
-0.9867
0.0361
1.8900
-4.2000
-1.6100
252
494
528
435
712
-0.1186
-0.9960
0.0420
3.2900
-2.8000
-1.8200
251
495
528
435
716
-0.1157
-0.9902
0.0317
-1.1900
-3.8500
-3.2200
251
495
528
435
715
-0.1108
-0.9794
0.0346
1.0500
-3.8500
-2.8700
252
495
528
436
715
-0.1113
-0.9721
0.0439
0.2100
-4.4800
-3.5700
252
495
528
436
714
-0.0971
-0.9784
0.0405
-1.6800
-6.0200
-3.9200
252
495
528
435
711
-0.1000
-0.9570
0.0376
-20.2300
-8.2600
-1.4700
250
493
528
434
708
-0.1122
-0.9814
-0.0020
-18.7600
-8.2600
-1.4700
248
491
528
429
705
-0.1127
-0.9687
-0.0429
3.0800
-4.6900
-2.4500
249
490
527
419
702
-0.1035
-0.9848
-0.0146
-5.3200
-8.3300
-1.1200
250
486
527
415
691
-0.1215
-0.9882
-0.0234
-1.9600
-7.4200
-0.8400
257
476
526
412
670
-0.1274
-0.9892
-0.0561
11.0600
-7.0700
-2.5900
278
467
523
412
639
-0.1313
-0.9921
-0.0156
10.4300
-5.1800
-5.1100
351
461
519
408
581
-0.1069
-1.0024
0.0166
-0.2800
-6.4400
-3.2900
381
461
518
408
555
-0.1225
-0.9965
-0.0010
13.0200
-1.8900
-1.5400
403
464
519
409
534
-0.1225
-0.9921
0.0171
-1.7500
-6.4400
-0.4900
413
468
520
410
519
-0.1454
-0.9999
-0.0215
4.1300
0.7000
-0.2100
421
474
522
413
515
-0.1503
-0.9960
-0.0068
3.6400
-3.0100
-0.4200
423
478
523
415
510
-0.1493
-0.9936
-0.0034
3.2900
-0.4200
-1.2600
426
481
523
416
505
-0.1527
-0.9945
-0.0098
-4.7600
-2.9400
-1.4700
431
486
524
417
506
-0.1596
-0.9994
-0.0132
2.8000
-6.9300
-7.4200
438
492
524
418
505
-0.1362
-0.9804
0.0176
-3.8500
-7.2800
-7.1400
441
496
525
418
504
-0.1342
-0.9745
-0.0205
-0.4200
-4.9700
-3.7800
443
498
525
418
505
-0.1327
-0.9848
0.0000
2.7300
-3.1500
-3.7100
443
498
525
419
502
-0.1298
-0.9794
-0.0181
3.3600
-4.4800
-1.6100
443
498
525
418
505
-0.1298
-0.9775
0.0132
3.3600
-5.2500
-4.1300
443
498
525
418
507
-0.1288
-0.9833
-0.0049
4.6900
-3.8500
-2.1000
443
498
525
418
507
-0.1283
-0.9833
0.0049
5.9500
-4.2000
-3.0800
443
498
525
418
508
-0.1303
-0.9862
0.0015
5.4600
-2.9400
-3.6400
443
498
525
418
506
-0.1318
-0.9945
0.0015
3.2900
-2.6600
-2.7300
443
498
525
418
508
-0.1308
-0.9843
0.0107
1.6100
-4.4100
-2.7300
443
498
525
418
508
-0.1386
-0.9882
0.0122
2.5200
-2.3800
-2.7300
443
498
525
418
508
-0.1293
-0.9784
0.0127
0.4900
-3.8500
-2.6600
442
498
525
418
509
-0.1405
-0.9828
0.0166
-1.0500
-2.5200
-2.6600
442
498
525
418
507
-0.1249
-0.9648
0.0098
-0.4200
-5.4600
-3.6400
440
498
525
418
509
-0.1318
-0.9701
0.0020
0.2800
-4.6200
-4.8300
437
497
525
418
510
-0.1249
-0.9682
0.0059
1.1200
-3.9900
-3.1500
430
497
525
418
510
-0.1200
-0.9780
0.0088
2.7300
-2.8700
-3.5700
425
497
525
417
510
-0.1254
-0.9911
0.0117
5.0400
-3.2200
-3.0100
411
496
525
417
508
-0.1283
-0.9911
0.0171
10.7100
3.4300
-2.6600
393
494
525
415
513
-0.1249
-0.9965
0.0283
9.8000
-2.8000
2.6600
379
490
524
413
518
-0.1542
-1.0009
0.0249
4.5500
0.0000
-0.6300
367
485
521
410
520
-0.1479
-0.9677
0.0268
-0.3500
-14.6300
-5.4600
356
481
517
410
511
-0.1425
-0.9775
0.0093
-20.9300
-17.4300
-10.9900
343
480
514
407
498
-0.1288
-0.9965
-0.0234
-15.6800
-13.2300
-6.3000
320
477
508
399
489
-0.1122
-1.0043
-0.0395
-11.5500
-9.8000
-3.9900
310
475
505
395
495
-0.1147
-0.9867
-0.0678
-12.4600
-7.3500
-4.2700
305
473
503
387
509
-0.1152
-0.9931
-0.0874
-14.9100
-9.1700
-0.5600
302
470
501
372
548
-0.1449
-1.0024
-0.1210
-4.6200
-1.1900
-0.7700
299
468
501
362
609
-0.1171
-0.9697
-0.1093
-3.0100
1.8200
3.1500
275
465
503
360
674
-0.1435
-0.9755
-0.1322
2.6600
-3.8500
-2.3800
253
468
507
364
708
-0.1337
-0.9931
-0.1108
8.0500
0.0000
-1.8900
243
476
514
370
715
-0.1191
-0.9736
-0.1220
18.4800
-0.7700
-2.5200
242
484
520
381
715
-0.1376
-0.9677
-0.0732
39.9700
6.1600
-2.3800
245
490
524
401
707
-0.1513
-0.9740
-0.0337
16.3100
-2.9400
-1.5400
246
493
527
414
702
-0.1293
-0.9789
-0.0293
15.4000
-5.3200
-2.5900
248
494
528
421
696
-0.1337
-0.9706
0.0000
14.5600
-6.2300
-0.9100
249
495
528
426
694
-0.1459
-0.9936
0.0200
13.0200
-2.1700
-1.6100
250
495
529
428
695
-0.1347
-0.9980
0.0181
8.6100
-3.3600
-4.4800
250
496
529
430
697
-0.1308
-1.0131
0.0224
4.6900
-2.5900
-2.0300
249
496
529
432
693
-0.1420
-0.9931
0.0395
4.6200
-5.1800
-5.6000
249
496
529
434
694
-0.1425
-0.9804
0.0190
5.7400
-5.1800
-3.8500
250
496
529
437
694
-0.1479
-0.9721
0.0454
7.4900
-6.0900
-4.3400
250
496
529
438
693
-0.1542
-0.9794
0.0459
2.3800
-3.9200
-3.6400
251
496
529
439
692
-0.1376
-0.9687
0.0444
4.6200
-5.0400
-2.3100
251
496
529
440
693
-0.1449
-0.9667
0.0376
0.4900
-4.5500
-1.8900
252
496
529
440
693
-0.1493
-0.9789
0.0532
1.6800
-4.3400
-2.7300
252
496
529
440
693
-0.1376
-0.9584
0.0181
7.8400
-6.5100
-1.4700
253
496
529
440
693
-0.1532
-0.9984
0.0864
-2.5900
-2.0300
-4.4800
253
496
529
440
692
-0.1498
-0.9711
0.0439
3.2900
-4.9700
-5.1100
253
496
529
440
694
-0.1449
-0.9853
0.0478
2.0300
-5.0400
-3.5000
253
496
529
439
693
-0.1366
-0.9726
0.0566
0.7000
-3.9900
-3.7800
253
496
529
439
690
-0.1420
-0.9765
0.0571
-0.1400
-4.5500
-3.5000
253
496
529
440
690
-0.1498
-0.9848
0.0537
-1.7500
-2.8000
-3.2900
254
496
529
440
689
-0.1371
-0.9658
0.0454
2.3800
-4.2000
-2.7300
254
496
529
440
688
-0.1454
-0.9838
0.0673
-0.4900
-4.0600
-2.0300
254
496
529
440
687
-0.1527
-0.9828
0.0547
1.1200
-3.3600
-4.3400
254
496
529
440
687
-0.1327
-0.9692
0.0576
0.7700
-4.6900
-3.2900
254
496
529
439
686
-0.1454
-0.9770
0.0483
2.6600
-2.3800
-2.1700
255
496
529
439
685
-0.1313
-0.9775
0.0620
2.5900
-3.6400
-2.8000
255
496
529
439
685
-0.1425
-0.9872
0.0522
3.2900
-3.7100
-3.9900
255
496
529
439
684
-0.1357
-0.9789
0.0586
2.2400
-4.4800
-4.2000
255
496
529
439
687
-0.1401
-0.9911
0.0537
2.2400
-3.8500
-2.9400
255
496
529
439
686
-0.1337
-0.9897
0.0468
3.5700
-3.6400
-2.8000
255
496
529
438
686
-0.1386
-0.9877
0.0586
4.3400
-3.2900
-2.4500
255
496
529
438
683
-0.1440
-0.9950
0.0503
2.8700
-3.3600
-2.1700
256
496
529
438
683
-0.1342
-0.9882
0.0620
1.1900
-3.5700
-2.2400
256
496
529
438
683
-0.1435
-0.9784
0.0625
0.7000
-3.2900
-3.0800
256
496
529
437
682
-0.1337
-0.9833
0.0508
0.7000
-3.5700
-2.9400
256
496
529
437
682
-0.1327
-0.9911
0.0634
0.0700
-3.4300
-4.0600
256
496
529
437
682
-0.1347
-0.9745
0.0620
2.3100
-4.6900
-4.0600
256
496
529
437
681
-0.1225
-0.9750
0.0517
2.0300
-5.0400
-1.6800
257
496
529
437
681
-0.1376
-0.9882
0.0683
3.2200
-3.0800
-3.7100
257
496
529
436
681
-0.1254
-0.9755
0.0410
2.8700
-4.2700
-3.0800
257
496
529
436
681
-0.1352
-0.9882
0.0630
1.5400
-3.9200
-3.4300
257
496
529
436
681
-0.1357
-0.9872
0.0449
1.6100
-3.2900
-3.4300
257
496
529
436
681
-0.1274
-0.9814
0.0586
0.9100
-4.5500
-3.2200
257
496
529
436
680
-0.1322
-0.9867
0.0508
4.0600
-3.7800
-2.2400
257
496
529
436
681
-0.1337
-0.9872
0.0488
1.6100
-4.1300
-2.3800
257
496
529
436
681
-0.1391
-0.9819
0.0649
-0.9800
-3.4300
-3.7800
257
496
529
436
682
-0.1308
-0.9672
0.0425
-1.0500
-4.5500
-3.7100
257
496
529
437
683
-0.1288
-0.9760
0.0532
2.7300
-2.3800
-1.4700
257
496
529
438
682
-0.1332
-0.9858
0.0576
1.3300
-2.5900
-4.1300
257
496
529
439
680
-0.1161
-0.9819
0.0356
1.5400
-4.6200
-2.0300
257
496
529
440
680
-0.1244
-0.9882
0.0586
1.4000
-2.7300
-0.2100
257
495
529
439
673
-0.1259
-0.9848
0.0571
-34.3000
-2.9400
-1.7500
263
493
528
437
641
-0.1279
-0.9736
-0.0420
-7.8400
-6.5100
-2.2400
279
491
528
434
617
-0.1327
-0.9911
0.0015
-11.0600
-10.7800
-8.7500
325
488
527
432
600
-0.1186
-0.9814
-0.0654
-0.1400
-7.2800
-3.0100
364
486
527
433
596
-0.1176
-0.9926
-0.0220
4.9000
-3.0100
-2.5900
400
484
527
433
589
-0.1059
-0.9765
-0.0215
8.8900
-1.1900
-1.4700
414
483
527
433
576
-0.1157
-0.9799
0.0024
6.5100
-6.9300
-0.2100
423
484
527
432
559
-0.0961
-1.0263
-0.0093
2.5900
-3.3600
2.0300
428
485
527
431
547
-0.1542
-1.0009
-0.0107
0.4200
2.9400
1.2600
432
488
527
430
541
-0.1444
-0.9814
-0.0234
8.2600
-2.1700
2.1000
433
489
527
430
535
-0.1630
-0.9843
-0.0117
3.7800
-1.3300
-0.7700
433
489
527
430
533
-0.1552
-0.9814
-0.0029
0.3500
-4.1300
-2.8700
433
490
527
429
533
-0.1606
-0.9716
0.0024
-0.2100
-4.3400
-2.3100
433
490
527
429
533
-0.1601
-0.9672
0.0020
4.9000
-6.3700
-2.5900
433
489
527
428
531
-0.1781
-0.9960
0.0073
-6.3000
-2.5200
-3.4300
433
488
527
429
533
-0.1601
-0.9633
-0.0112
2.4500
-4.8300
-3.0100
433
488
527
429
533
-0.1596
-0.9648
-0.0010
3.9200
-3.9900
-3.7800
433
488
527
429
531
-0.1571
-0.9809
-0.0010
1.6800
-4.2700
-4.4800
433
488
527
429
533
-0.1591
-0.9784
-0.0029
3.9900
-4.4800
-5.1800
432
488
527
429
533
-0.1571
-0.9731
0.0054
1.6800
-6.1600
-4.6200
432
487
527
429
531
-0.1581
-0.9726
-0.0010
-0.0700
-4.2700
-5.3200
432
487
526
429
533
-0.1571
-0.9819
-0.0063
3.5700
-4.5500
-1.8900
432
487
526
429
533
-0.1586
-0.9960
-0.0078
3.0100
-4.5500
-2.7300
432
487
526
429
531
-0.1635
-0.9838
-0.0078
5.6000
-3.4300
-2.3800
432
487
526
429
534
-0.1581
-0.9867
-0.0098
2.1700
-3.9200
-1.7500
432
487
526
429
534
-0.1737
-0.9760
-0.0029
2.7300
-3.8500
-5.0400
431
487
526
429
532
-0.1542
-0.9740
-0.0005
0.1400
-4.4800
-2.5200
431
487
526
429
532
-0.1649
-0.9794
-0.0039
1.9600
-3.1500
-3.2200
431
487
526
429
534
-0.1610
-0.9784
0.0005
1.8900
-3.4300
-2.8000
431
487
526
429
532
-0.1552
-0.9784
0.0059
1.3300
-2.4500
-1.6800
431
487
526
429
529
-0.1664
-0.9843
-0.0044
1.4000
-2.1700
-2.8000
431
487
526
429
535
-0.1630
-0.9789
-0.0146
-2.5900
-2.8000
-1.9600
431
487
526
429
534
-0.1693
-0.9823
-0.0083
1.6800
-3.5700
-4.4800
431
487
526
429
532
-0.1513
-0.9731
-0.0049
0.7700
-4.7600
-3.7800
431
487
526
428
534
-0.1537
-0.9794
-0.0078
3.2200
-4.3400
-4.4800
431
487
526
428
535
-0.1547
-0.9877
-0.0063
4.3400
-3.0800
-2.7300
431
487
526
428
532
-0.1493
-0.9955
-0.0039
4.8300
-3.3600
-2.5200
431
487
526
427
535
-0.1537
-0.9975
-0.0127
-1.3300
-6.1600
-2.3800
428
483
525
424
535
-0.1654
-0.9784
-0.0190
-1.6100
-5.6000
-1.4700
414
471
522
421
533
-0.1713
-0.9755
-0.0161
2.6600
-4.1300
-1.6100
400
458
520
417
532
-0.1596
-0.9858
-0.0151
10.9200
-0.9800
0.4200
390
452
517
412
530
-0.1723
-0.9770
0.0063
-3.7800
-7.5600
-6.8600
383
445
511
405
527
-0.1698
-0.9731
-0.0083
-31.5700
-19.0400
-17.7100
372
431
497
389
523
-0.1371
-0.9711
-0.0961
-48.3000
-23.5900
-8.5400
344
410
485
372
517
-0.1581
-0.9365
-0.2025
-37.3800
-6.0900
-18.9700
319
387
476
359
511
-0.1137
-0.9492
-0.2059
-14.2100
-5.1100
-13.3000
294
369
471
347
508
-0.1054
-0.9579
-0.2435
-10.3600
-9.3100
0.8400
274
355
469
337
539
-0.0888
-0.9745
-0.2611
-10.1500
-6.2300
-4.8300
274
361
470
331
558
-0.0795
-0.9667
-0.3260
14.7700
2.8000
1.8900
275
367
478
333
614
-0.0737
-1.0785
-0.3001
20.5100
2.8700
7.2100
263
436
493
342
666
-0.1679
-0.9174
-0.1976
-4.6200
-3.7100
8.6800
254
459
507
349
692
-0.1532
-0.8911
-0.2176
12.6000
0.2100
-1.0500
246
474
518
364
713
-0.1513
-0.9628
-0.1815
26.8100
5.3900
-5.9500
243
488
524
376
733
-0.1015
-0.9633
-0.1547
24.2900
-0.7700
-3.2900
243
492
526
391
742
-0.1147
-0.9799
-0.1303
19.5300
0.8400
-3.2900
241
493
527
404
746
-0.1220
-0.9819
-0.1078
12.1100
-2.5200
-0.7700
240
494
527
415
745
-0.1230
-0.9687
-0.1030
6.5100
-5.0400
-0.5600
240
494
528
419
745
-0.1362
-0.9858
-0.0859
4.3400
-2.2400
-0.6300
241
495
528
422
744
-0.1362
-0.9955
-0.0732
0.1400
-5.3900
-5.0400
242
495
528
424
741
-0.1220
-0.9843
-0.1752
9.2400
-7.6300
-3.2900
244
496
528
425
739
-0.1352
-1.0116
0.0781
7.0000
-8.4000
-2.5900
245
496
528
426
736
-0.1308
-0.9716
-0.0805
1.5400
-5.6000
-2.1700
246
496
529
426
733
-0.1435
-0.9906
-0.0293
3.5000
-3.5000
-2.2400
246
496
528
425
732
-0.1430
-0.9799
-0.0600
3.7100
-5.4600
-2.6600
247
496
529
425
730
-0.1225
-0.9945
-0.0464
8.1900
-2.3100
-2.2400
247
496
528
425
729
-0.1352
-0.9877
-0.0371
-0.7000
-2.8700
-2.1700
248
496
528
425
727
-0.1215
-0.9716
-0.0405
4.3400
-4.9000
-3.4300
249
496
528
424
725
-0.1308
-0.9755
-0.0420
6.0900
-3.6400
-2.5900
249
496
528
424
723
-0.1391
-0.9877
-0.0410
4.1300
-2.5900
-2.4500
249
496
528
424
723
-0.1347
-0.9936
-0.0346
5.1100
-3.2900
-2.9400
250
496
528
423
725
-0.1435
-0.9960
-0.0254
2.3800
-2.6600
-3.9900
250
496
528
423
723
-0.1484
-0.9833
-0.0386
3.3600
-3.3600
-3.0100
250
495
528
422
720
-0.1288
-0.9784
-0.0156
0.0700
-3.7800
-2.2400
251
495
528
422
719
-0.1405
-0.9853
-0.0298
5.1800
-3.2900
-2.1700
251
495
528
422
719
-0.1401
-0.9819
-0.0244
0.2100
-4.4100
-2.3800
252
495
528
421
720
-0.1415
-0.9799
-0.0342
2.9400
-3.4300
-3.0100
252
495
528
421
717
-0.1318
-0.9828
-0.0444
3.1500
-4.0600
-2.7300
252
495
528
420
716
-0.1332
-0.9887
-0.0146
4.2000
-3.3600
-3.3600
252
495
528
420
716
-0.1327
-0.9877
-0.0268
2.1700
-3.9200
-3.7800
252
495
528
420
715
-0.1440
-0.9902
-0.0220
1.1900
-3.8500
-3.8500
253
495
528
420
714
-0.1347
-0.9882
-0.0322
1.3300
-4.6200
-3.7800
253
495
528
419
716
-0.1264
-0.9794
-0.0244
2.8000
-5.0400
-3.5700
253
495
528
419
713
-0.1342
-0.9897
-0.0322
2.3800
-3.7800
-2.5900
253
495
528
419
713
-0.1332
-0.9853
-0.0234
1.0500
-3.9900
-3.0100
253
495
528
418
713
-0.1313
-0.9775
-0.0166
-10.7100
-10.5700
-4.7600
253
495
527
418
712
-0.1327
-0.9853
-0.0346
2.1700
-4.5500
-3.7800
253
494
527
417
714
-0.1298
-0.9862
-0.0288
-0.2800
-3.8500
-3.9200
254
494
527
417
711
-0.1322
-0.9804
-0.0381
0.7700
-2.6600
-3.7800
254
495
527
417
710
-0.1235
-0.9892
-0.0508
3.0100
-5.0400
-2.0300
254
495
527
417
710
-0.1308
-0.9882
-0.0390
3.1500
-3.0100
-1.1900
254
495
527
417
709
-0.1342
-0.9916
-0.0415
3.0800
-3.4300
-2.0300
254
495
527
417
709
-0.1308
-0.9941
-0.0400
1.3300
-3.3600
-2.6600
254
495
527
417
711
-0.1332
-0.9775
-0.0356
0.9800
-3.9900
-2.6600
254
495
527
417
709
-0.1298
-0.9867
-0.0386
-2.0300
-4.6900
-3.2200
255
494
527
417
708
-0.1303
-0.9770
-0.0415
1.5400
-4.3400
-3.4300
255
494
527
417
708
-0.1181
-0.9770
-0.0449
2.5900
-4.3400
-2.3800
255
494
527
417
708
-0.1308
-0.9828
-0.0346
2.6600
-3.6400
-2.4500
255
494
527
417
707
-0.1259
-0.9819
-0.0503
1.6100
-4.4800
-2.8700
255
494
527
417
710
-0.1259
-0.9921
-0.0395
2.4500
-4.2000
-2.5900
255
494
527
417
707
-0.1327
-0.9872
-0.0493
2.3100
-3.2200
-2.3100
255
494
527
417
707
-0.1303
-0.9945
-0.0254
2.3800
-3.7800
-3.4300
255
494
527
417
706
-0.1366
-0.9936
-0.0493
1.0500
-3.7800
-2.8000
256
494
527
417
706
-0.1322
-0.9887
-0.0381
0.9800
-4.9000
-1.8200
256
494
527
417
705
-0.1391
-0.9853
-0.0512
4.2700
-3.6400
0.7000
256
494
527
417
705
-0.1425
-0.9941
-0.0220
2.0300
-2.3100
-2.9400
253
493
527
417
706
-0.1337
-0.9848
-0.0327
-10.9900
-3.4300
-1.3300
250
490
526
415
702
-0.1415
-0.9740
-0.0722
-2.9400
-2.3800
-0.3500
252
487
525
411
684
-0.1410
-0.9945
-0.0576
-7.7700
-3.5000
-6.3700
267
480
522
403
622
-0.0908
-0.9765
-0.1113
3.9900
-8.4700
-1.1900
347
474
517
394
555
-0.1532
-0.9936
-0.0503
9.5200
-6.0200
-2.5200
393
475
516
393
528
-0.1098
-1.0014
-0.0473
15.6100
3.5700
5.3900
422
480
517
397
502
-0.1347
-0.9775
0.0010
21.7000
-3.5700
6.5800
428
483
518
402
481
-0.1547
-0.9726
0.0224
-1.0500
-1.9600
1.9600
430
485
519
406
471
-0.1635
-0.9633
-0.0020
-10.3600
4.9000
2.3800
423
487
520
410
466
-0.1884
-0.9711
-0.0034
-0.4900
-4.0600
-3.3600
421
488
521
413
465
-0.1830
-0.9594
-0.0015
-2.4500
-4.7600
-6.0900
421
489
521
413
465
-0.1630
-0.9628
-0.0205
2.5200
-6.5800
-8.1900
420
489
521
414
465
-0.1659
-0.9819
-0.0190
6.7200
-4.1300
-4.2000
419
489
521
414
464
-0.1742
-0.9945
-0.0176
6.6500
-1.8900
-2.4500
419
489
521
414
466
-0.1732
-0.9911
-0.0176
7.2800
-2.8700
-3.1500
419
489
521
414
465
-0.1845
-0.9941
-0.0181
2.5200
-2.5900
-1.8900
419
489
521
414
467
-0.1786
-0.9862
-0.0166
-1.3300
-3.2900
-2.9400
419
489
521
414
465
-0.1747
-0.9770
-0.0098
1.6100
-2.8700
-1.0500
418
489
521
414
468
-0.1713
-0.9799
-0.0107
-3.0100
-3.7800
-3.2200
418
489
521
414
466
-0.1654
-0.9628
-0.0039
1.1900
-4.8300
-2.5200
418
489
521
414
469
-0.1708
-0.9736
-0.0132
-0.8400
-4.2000
-3.3600
418
489
521
414
470
-0.1732
-0.9623
-0.0054
2.3100
-5.4600
-3.2900
417
489
521
414
470
-0.1679
-0.9697
-0.0063
0.2100
-5.3200
-3.7800
417
489
521
414
471
-0.1688
-0.9770
-0.0112
4.0600
-4.6200
-4.0600
417
489
521
414
471
-0.1767
-0.9799
-0.0093
2.1000
-3.9900
-3.0800
417
489
521
414
471
-0.1693
-0.9667
-0.0049
-0.9100
-4.5500
-4.2000
417
489
521
414
472
-0.1596
-0.9623
-0.0068
3.4300
-4.2000
-3.1500
417
489
521
414
472
-0.1684
-0.9662
-0.0098
2.5200
-4.4100
-3.3600
417
489
521
414
472
-0.1664
-0.9750
-0.0117
2.8000
-3.5700
-3.7100
416
489
521
414
472
-0.1625
-0.9692
-0.0078
0.1400
-5.6700
-4.8300
415
489
521
414
471
-0.1664
-0.9736
-0.0200
4.9000
-1.7500
-3.4300
412
489
521
414
473
-0.1596
-0.9862
-0.0181
2.8700
-4.4100
-1.2600
406
489
521
414
473
-0.1684
-0.9862
-0.0166
-3.9900
-4.2000
-0.7000
387
486
521
413
478
-0.1742
-0.9911
-0.0366
-7.5600
-5.9500
-4.4800
365
477
520
410
488
-0.1864
-0.9965
-0.0654
11.1300
-0.9800
-5.6000
352
467
517
403
506
-0.1684
-0.9906
-0.0239
-7.7000
-5.6700
-8.4000
330
460
512
398
515
-0.1776
-0.9828
-0.0561
2.9400
-6.0200
-9.2400
311
452
506
393
518
-0.1381
-0.9936
-0.0376
-6.4400
-0.8400
-5.3200
301
446
502
384
524
-0.1508
-0.9374
-0.0610
-12.8100
-6.7200
-4.6900
302
446
500
375
535
-0.1401
-0.9804
-0.0800
-20.3700
-8.3300
-3.1500
295
443
497
367
551
-0.1513
-0.9794
-0.1249
-11.4100
-4.9700
-4.6200
291
440
497
363
601
-0.1376
-0.9721
-0.1420
0.2100
-4.2000
-0.7000
277
439
500
362
657
-0.1464
-0.9740
-0.1279
2.8700
-3.1500
-0.6300
257
450
505
364
703
-0.1322
-0.9575
-0.1303
-0.3500
-1.8900
-1.6800
243
466
518
370
722
-0.1357
-0.9819
-0.1488
14.1400
-1.6800
-2.3100
240
481
523
382
719
-0.1430
-0.9745
-0.1030
7.9800
-1.8200
-4.5500
242
488
526
395
711
-0.1488
-0.9740
-0.1249
24.2900
-3.0800
-2.4500
244
492
527
409
705
-0.1396
-0.9941
-0.0859
16.8700
-2.5200
-4.8300
245
493
528
418
701
-0.1366
-1.0004
-0.0571
17.7800
-2.8700
-2.8700
247
494
528
422
697
-0.1493
-1.0165
-0.0337
11.4800
-4.4100
-4.9700
248
494
529
423
696
-0.1508
-0.9965
-0.0264
9.6600
-6.1600
-0.6300
248
494
529
424
696
-0.1547
-1.0019
-0.0122
4.2700
-4.2000
-4.0600
249
494
529
424
699
-0.1537
-0.9833
-0.0249
5.4600
-4.6200
-1.8200
249
494
529
424
698
-0.1581
-0.9921
-0.0073
1.7500
-3.6400
-3.0800
250
494
529
423
699
-0.1620
-0.9867
-0.0112
-0.4900
-4.0600
-3.5700
250
494
529
423
700
-0.1435
-0.9843
-0.0361
1.5400
-6.0200
-3.7100
250
494
528
423
697
-0.1488
-0.9867
-0.0107
2.9400
-4.1300
-2.7300
251
493
528
423
697
-0.1649
-0.9823
-0.0205
0.5600
-3.3600
-2.3100
251
493
528
423
697
-0.1479
-0.9784
-0.0220
2.4500
-4.0600
-2.2400
251
493
528
422
696
-0.1591
-0.9770
-0.0132
-3.7800
-2.8700
-3.3600
252
493
528
422
695
-0.1449
-0.9780
-0.0220
1.8900
-3.9200
-3.1500
252
493
528
422
695
-0.1503
-0.9828
-0.0200
0.4200
-3.2900
-3.7100
252
493
528
421
694
-0.1498
-0.9662
-0.0093
1.8900
-4.4800
-3.8500
252
493
528
421
696
-0.1493
-0.9814
-0.0185
-4.8300
-4.6200
-3.5000
253
493
528
421
694
-0.1420
-0.9755
-0.0346
3.7800
-4.6200
-4.2700
253
492
528
421
693
-0.1444
-0.9916
-0.0278
0.2100
-4.1300
-2.5200
253
492
528
421
693
-0.1474
-0.9755
-0.0283
3.6400
-4.1300
-2.8700
254
492
528
421
693
-0.1410
-0.9853
-0.0273
0.6300
-3.7800
-4.1300
254
492
528
421
692
-0.1357
-0.9877
-0.0205
1.1200
-2.8000
-4.0600
254
492
528
421
692
-0.1362
-0.9706
-0.0376
1.4700
-4.9000
-2.3100
254
492
528
420
692
-0.1474
-0.9819
-0.0317
3.5000
-3.9200
-2.4500
255
491
528
420
694
-0.1430
-0.9892
-0.0234
1.9600
-4.2000
-4.2700
255
491
528
420
691
-0.1430
-0.9755
-0.0415
3.5700
-4.8300
-3.1500
255
491
528
420
691
-0.1459
-0.9877
-0.0303
2.7300
-3.7100
-3.0100
255
491
528
420
690
-0.1459
-0.9955
-0.0220
1.7500
-3.7100
-3.7800
256
491
528
420
690
-0.1435
-0.9853
-0.0312
0.2800
-3.8500
-3.3600
256
491
528
420
689
-0.1435
-0.9804
-0.0278
1.5400
-3.4300
-2.9400
256
491
528
420
688
-0.1357
-0.9687
-0.0210
0.0700
-4.2700
-2.3800
256
491
527
420
687
-0.1396
-0.9711
-0.0307
1.7500
-3.6400
-3.8500
256
491
527
420
686
-0.1293
-0.9726
-0.0268
1.6800
-5.3900
-3.0800
257
491
527
420
687
-0.1381
-0.9867
-0.0288
2.5200
-4.3400
-4.3400
257
491
527
420
687
-0.1425
-0.9823
-0.0346
1.5400
-3.4300
-3.4300
257
491
527
419
684
-0.1493
-0.9989
-0.0356
1.6100
-3.9900
-3.2900
257
491
527
419
683
-0.1420
-0.9955
-0.0249
1.5400
-2.8700
-3.0800
257
491
527
419
683
-0.1342
-0.9838
-0.0376
2.6600
-4.2700
-2.5200
257
491
527
419
682
-0.1391
-0.9848
-0.0361
-0.4200
-3.3600
-2.5200
257
491
527
419
682
-0.1440
-0.9823
-0.0298
2.1000
-4.0600
-3.4300
258
491
527
419
681
-0.1435
-0.9775
-0.0273
1.1200
-3.9900
-2.6600
258
490
527
419
682
-0.1454
-0.9794
-0.0449
-0.0700
-4.7600
-3.0800
258
490
527
419
676
-0.1444
-0.9931
-0.0317
1.5400
-2.5900
-3.2200
259
489
527
419
674
-0.1357
-0.9887
-0.0454
0.8400
-2.8000
-1.9600
259
489
527
418
678
-0.1381
-0.9775
-0.0468
0.3500
-4.9000
-3.3600
259
488
527
418
679
-0.1425
-0.9804
-0.0332
0.8400
-3.9200
-2.9400
259
487
527
418
675
-0.1322
-0.9775
-0.0400
-10.3600
-5.2500
-3.2200
257
482
527
416
670
-0.1381
-0.9770
-0.0776
-0.4200
-3.7800
-1.9600
259
479
527
416
663
-0.1313
-0.9906
-0.0669
-3.7100
-4.3400
-4.8300
256
471
526
414
660
-0.1288
-0.9794
-0.0771
-4.6900
-4.3400
-4.9700
264
461
526
412
632
-0.1240
-0.9814
-0.0854
3.7800
-3.9900
-3.7100
280
454
525
410
605
-0.1230
-0.9858
-0.0742
10.2900
-2.3800
-7.4200
330
455
525
410
583
-0.1352
-0.9838
-0.0532
7.1400
-6.5100
-5.3900
386
456
525
410
568
-0.1225
-0.9755
-0.0464
6.1600
-6.3700
-3.4300
408
460
525
410
542
-0.1240
-0.9906
-0.0425
-1.5400
-5.7400
-4.2000
421
464
525
411
518
-0.1113
-0.9740
-0.0468
-4.3400
-2.9400
-3.5700
428
472
525
412
501
-0.1220
-0.9692
-0.0464
-1.1200
-0.8400
0.5600
431
478
526
416
485
-0.1186
-0.9848
0.0805
-24.2200
-3.4300
5.0400
422
483
526
419
478
-0.1371
-0.9760
-0.0761
4.3400
-1.8200
-1.1900
421
485
527
421
479
-0.1322
-0.9853
-0.0590
-0.8400
-4.9700
-3.0100
420
485
527
421
477
-0.1420
-0.9775
-0.0698
1.9600
-4.2000
-3.6400
419
485
527
421
480
-0.1254
-0.9677
-0.0610
2.9400
-5.8800
-4.5500
419
485
527
421
480
-0.1342
-0.9809
-0.0703
3.8500
-3.1500
-1.5400
418
485
527
421
482
-0.1283
-0.9809
-0.0639
1.9600
-3.3600
-2.7300
417
485
527
421
483
-0.1405
-0.9804
-0.0561
1.9600
-3.6400
-3.7100
416
485
527
421
483
-0.1293
-0.9706
-0.0625
1.4000
-3.4300
-1.6800
416
485
527
421
483
-0.1342
-0.9765
-0.0625
1.5400
-3.8500
-2.5200
416
485
527
421
482
-0.1376
-0.9760
-0.0659
5.1100
-4.2000
-2.5200
415
485
527
421
485
-0.1337
-0.9945
-0.0576
2.3800
-2.4500
-2.6600
415
485
527
421
483
-0.1366
-0.9838
-0.0522
1.9600
-2.7300
-2.8000
415
484
527
421
486
-0.1342
-0.9872
-0.0644
4.7600
-3.0800
-3.6400
414
484
527
421
484
-0.1352
-0.9980
-0.0571
3.5700
-2.2400
-3.2200
414
484
527
420
487
-0.1352
-0.9882
-0.0625
3.8500
-5.4600
-2.4500
414
484
527
420
488
-0.1288
-0.9984
-0.0473
3.2200
-4.5500
-2.5200
413
484
527
420
486
-0.1357
-0.9892
-0.0459
2.2400
-4.6900
-4.4100
413
484
527
420
490
-0.1327
-0.9862
-0.0556
0.4900
-3.3600
-2.4500
413
485
527
420
488
-0.1327
-0.9862
-0.0503
0.0000
-3.8500
-3.3600
413
485
527
420
491
-0.1366
-0.9843
-0.0634
2.8700
-3.7100
-3.2900
412
485
527
420
489
-0.1293
-0.9853
-0.0508
-1.4700
-3.0100
-2.7300
406
485
526
420
492
-0.1191
-0.9716
-0.0551
-0.0700
-6.3000
-1.8200
390
484
527
420
493
-0.1337
-0.9853
-0.0659
-1.4700
-4.7600
-2.2400
375
484
527
420
494
-0.1337
-0.9838
-0.0722
4.6900
-4.8300
-1.6800
356
481
526
418
500
-0.1362
-1.0019
-0.0478
-0.8400
-6.0900
-4.9700
326
476
525
414
507
-0.1264
-0.9902
-0.0590
4.5500
-6.7200
-3.6400
315
473
524
410
516
-0.1240
-0.9784
-0.0649
0.5600
-10.0100
-3.4300
309
471
522
407
526
-0.1381
-0.9975
-0.0542
-15.1900
-8.4700
-8.1900
304
468
520
401
532
-0.0917
-0.9765
-0.0927
-6.3000
-9.1700
-6.8600
300
465
518
395
533
-0.1386
-0.9853
-0.0976
-18.6200
-7.0000
-10.4300
306
465
514
386
537
-0.1313
-0.9872
-0.1347
-10.9900
-12.6000
-0.9100
303
464
506
379
528
-0.1298
-0.9887
-0.1498
-3.2900
-1.4700
-10.8500
305
461
506
375
550
-0.0805
-0.9882
-0.1503
-5.6700
-7.3500
-3.7800
299
454
503
369
597
-0.1127
-1.0033
-0.1981
5.9500
2.0300
0.4200
281
454
506
366
652
-0.1147
-0.9828
-0.1674
9.1000
2.2400
-1.1900
260
462
514
369
695
-0.1244
-0.9740
-0.1679
3.2900
-2.5200
0.9800
245
470
519
372
719
-0.1132
-0.9950
-0.1723
2.3800
-2.9400
-0.7000
239
475
523
378
718
-0.1283
-0.9902
-0.1732
18.2000
-0.4900
-0.8400
236
483
525
389
716
-0.1425
-0.9799
-0.1576
31.0100
-6.5100
-2.2400
239
490
527
398
708
-0.1210
-0.9984
-0.0854
15.8200
0.3500
-1.8200
242
493
528
406
703
-0.1342
-0.9784
-0.0747
53.6900
-1.4000
-3.4300
243
494
528
412
699
-0.1366
-0.9906
-0.0356
6.8600
-5.1800
-3.0100
244
494
528
414
700
-0.1303
-0.9799
-0.0483
6.5800
-3.9900
-1.4000
245
494
528
416
700
-0.1474
-1.0019
-0.0351
3.6400
-2.8000
-2.2400
245
494
528
416
704
-0.1498
-0.9887
-0.0410
1.6100
-3.2200
-4.6200
245
494
528
416
702
-0.1352
-0.9892
-0.0493
3.2200
-5.3200
-1.9600
245
494
528
416
703
-0.1444
-0.9853
-0.0337
1.9600
-3.5700
-2.3800
246
494
528
415
703
-0.1362
-0.9780
-0.0425
2.0300
-4.8300
-2.3800
246
493
528
415
704
-0.1342
-0.9740
-0.0278
0.4200
-4.7600
-3.3600
246
493
528
415
705
-0.1610
-0.9867
-0.0444
1.1900
-3.4300
-2.3800
245
493
528
415
707
-0.1464
-0.9823
-0.0244
0.4900
-3.9900
-3.2200
243
493
528
415
709
-0.1376
-0.9823
-0.0561
2.7300
-3.7100
-2.9400
242
493
528
415
711
-0.1396
-0.9677
-0.0356
1.9600
-4.4800
-2.0300
242
493
528
415
713
-0.1420
-0.9799
-0.0381
3.4300
-4.7600
-2.3800
241
493
528
414
716
-0.1381
-0.9882
-0.0429
1.6800
-4.7600
-2.8000
242
493
528
414
713
-0.1430
-0.9872
-0.0337
0.9100
-3.5000
-4.0600
243
492
528
413
712
-0.1337
-0.9755
-0.0434
4.7600
-4.8300
-3.4300
243
492
528
413
711
-0.1449
-0.9799
-0.0264
1.4000
-3.6400
-2.4500
244
492
528
413
710
-0.1376
-0.9945
-0.0405
1.6100
-3.0100
-3.2200
244
492
528
413
709
-0.1449
-0.9784
-0.0361
3.0800
-4.0600
-2.6600
245
491
528
412
711
-0.1405
-0.9872
-0.0390
1.4000
-4.4100
-2.8700
245
491
528
412
708
-0.1401
-0.9804
-0.0312
1.6800
-4.8300
-3.2200
245
491
528
411
707
-0.1259
-0.9794
-0.0288
0.4900
-5.0400
-3.0800
246
491
528
411
706
-0.1420
-0.9755
-0.0346
1.6800
-4.4800
-3.2200
246
491
528
411
705
-0.1449
-0.9765
-0.0420
2.1000
-3.2200
-2.9400
247
491
528
411
704
-0.1352
-0.9789
-0.0249
1.6800
-3.5700
-3.8500
247
490
528
411
703
-0.1410
-0.9828
-0.0298
1.9600
-4.2700
-3.5700
247
491
528
411
705
-0.1293
-0.9814
-0.0356
0.8400
-4.5500
-2.9400
247
490
527
410
703
-0.1449
-0.9853
-0.0273
1.1200
-4.0600
-3.5700
248
490
528
410
702
-0.1366
-0.9716
-0.0317
1.8900
-4.3400
-2.2400
248
490
527
410
702
-0.1318
-0.9804
-0.0371
1.0500
-4.6900
-2.8000
248
490
527
410
701
-0.1391
-0.9823
-0.0224
-0.1400
-3.7800
-4.1300
248
490
527
410
701
-0.1371
-0.9697
-0.0322
0.0000
-4.3400
-3.3600
249
490
527
410
700
-0.1293
-0.9726
-0.0249
2.2400
-4.6200
-3.2900
249
489
527
410
702
-0.1391
-0.9784
-0.0366
2.9400
-4.5500
-2.8700
249
489
527
410
699
-0.1352
-0.9838
-0.0337
4.8300
-3.5000
-3.9900
249
489
527
409
698
-0.1322
-0.9897
-0.0254
1.8200
-3.2900
-2.2400
249
489
527
409
698
-0.1347
-0.9789
-0.0303
1.9600
-3.6400
-2.4500
249
489
527
409
697
-0.1332
-0.9828
-0.0268
4.6900
-3.7100
-3.6400
250
489
527
409
697
-0.1313
-0.9828
-0.0166
0.9800
-3.6400
-3.0800
250
489
527
409
697
-0.1376
-0.9775
-0.0268
1.5400
-4.2000
-4.2000
250
489
527
409
698
-0.1425
-0.9784
-0.0342
3.0100
-4.5500
-2.8700
250
488
527
409
695
-0.1386
-0.9887
-0.0244
2.5200
-3.9900
-4.2000
250
488
527
409
695
-0.1366
-0.9784
-0.0220
1.5400
-4.4800
-2.8000
250
488
527
409
695
-0.1366
-0.9862
-0.0239
0.7000
-4.3400
-3.0100
250
488
527
409
695
-0.1357
-0.9799
-0.0278
1.7500
-3.3600
-3.6400
251
488
527
409
695
-0.1210
-0.9711
-0.0327
1.7500
-4.2000
-2.9400
251
488
527
409
696
-0.1322
-0.9701
-0.0278
2.4500
-4.6200
-3.0800
250
488
527
409
699
-0.1313
-0.9794
-0.0210
3.0800
-4.9700
-3.0800
249
488
527
409
705
-0.1264
-0.9780
-0.0254
2.5900
-5.2500
-2.4500
247
488
527
409
710
-0.1298
-0.9858
-0.0259
0.9800
-5.8800
-2.9400
246
488
527
409
709
-0.1386
-0.9775
-0.0322
-2.9400
-5.3200
-3.6400
247
488
527
408
706
-0.1362
-0.9848
-0.0454
-4.9000
-4.8300
-2.5200
248
487
527
407
697
-0.1493
-0.9667
-0.0464
-14.3500
-7.8400
-0.7700
259
483
527
404
637
-0.1147
-0.9745
-0.0839
1.5400
-7.0000
-0.7700
301
477
527
403
568
-0.1547
-0.9867
-0.0551
-0.0700
-8.3300
-7.6300
360
475
526
404
535
-0.1479
-0.9858
-0.0771
6.9300
-2.3100
-3.4300
390
477
526
405
521
-0.1415
-0.9745
-0.0503
10.7100
-3.2200
2.0300
412
480
527
407
499
-0.1513
-0.9633
-0.0532
3.1500
0.2800
0.0000
421
481
527
409
486
-0.1293
-0.9462
-0.0425
-4.9700
-17.1500
3.2200
424
483
527
411
478
-0.1479
-0.9765
0.0698
1.6100
2.5200
4.5500
414
486
527
413
472
-0.1635
-0.9726
-0.0542
5.7400
-3.1500
-0.2800
415
488
527
415
468
-0.1684
-0.9877
-0.0449
2.4500
-3.7100
-1.6100
414
488
527
416
467
-0.1713
-0.9775
-0.0571
3.5700
-3.6400
-2.1000
414
488
527
416
467
-0.1659
-0.9770
-0.0415
2.1000
-5.3900
-1.9600
413
488
527
416
468
-0.1796
-0.9809
-0.0478
2.0300
-3.6400
-2.8700
412
488
527
416
468
-0.1708
-0.9584
-0.0459
2.3800
-4.4100
-2.2400
411
488
527
416
466
-0.1825
-0.9809
-0.0303
0.8400
-3.5000
-3.7800
410
488
527
416
469
-0.1703
-0.9711
-0.0459
2.2400
-2.3800
-3.4300
410
488
527
416
466
-0.1776
-0.9760
-0.0429
2.5900
-4.2000
-2.5900
407
488
527
416
469
-0.1781
-0.9780
-0.0517
5.3200
-3.8500
-2.8700
403
488
527
416
468
-0.1747
-0.9838
-0.0390
0.9800
-4.6200
-2.5200
396
488
527
416
471
-0.1776
-0.9697
-0.0459
0.4200
-4.4100
-2.2400
392
488
527
415
469
-0.1806
-0.9726
-0.0376
1.8900
-3.8500
-3.2200
393
488
527
415
472
-0.1752
-0.9667
-0.0317
1.1200
-3.7800
-3.2900
394
488
527
415
470
-0.1757
-0.9701
-0.0547
1.5400
-3.0800
-2.1000
394
488
527
415
472
-0.1786
-0.9789
-0.0410
1.3300
-4.9000
-3.3600
394
488
527
415
473
-0.1801
-0.9823
-0.0420
1.6100
-2.7300
-2.8700
394
488
527
415
473
-0.1659
-0.9736
-0.0454
1.0500
-5.2500
-3.7100
396
488
527
415
473
-0.1693
-0.9736
-0.0429
1.5400
-4.6200
-5.6700
399
488
527
415
473
-0.1674
-0.9750
-0.0444
2.0300
-5.5300
-3.8500
402
488
527
415
473
-0.1562
-0.9804
-0.0405
1.1200
-3.2900
-5.8100
404
488
527
415
474
-0.1674
-0.9706
-0.0547
-3.7100
-3.7800
-3.0100
404
488
527
415
474
-0.1645
-0.9682
-0.0605
-1.0500
-5.7400
0.2100
386
486
527
415
474
-0.1708
-0.9799
-0.0527
2.2400
-3.4300
1.1200
364
480
527
413
478
-0.1703
-0.9726
-0.0542
-0.8400
-6.3700
-4.3400
348
477
527
408
486
-0.1762
-0.9848
-0.0673
1.7500
-3.5000
-4.9700
331
474
527
406
496
-0.1576
-0.9872
-0.0888
11.6200
-1.5400
-3.7100
315
468
526
401
499
-0.1747
-0.9848
-0.0425
1.0500
-4.7600
-6.7200
305
465
525
397
499
-0.1625
-0.9643
-0.0547
-6.1600
-10.3600
-9.3800
295
457
523
392
499
-0.1596
-0.9819
-0.0776
-27.3700
-18.4100
-13.1600
288
445
522
385
492
-0.1532
-0.9760
-0.1371
-20.4400
-8.6100
-11.5500
288
439
522
375
499
-0.1161
-0.9814
-0.1630
-1.9600
-3.4300
-0.4200
287
438
522
365
570
-0.1381
-0.9711
-0.1444
-4.9000
0.8400
0.9800
272
446
523
361
632
-0.1283
-0.9521
-0.1767
3.5000
-0.7700
1.3300
254
459
525
365
679
-0.1410
-0.9765
-0.1576
3.2900
-3.9900
-0.9100
238
473
526
370
708
-0.0791
-1.0082
-0.1464
14.3500
-3.7800
-2.3800
230
483
527
379
724
-0.1342
-0.9945
-0.1205
20.8600
-2.2400
-3.0800
227
488
527
386
730
-0.1571
-0.9931
-0.1083
15.0500
-3.6400
-3.0100
227
490
527
393
729
-0.1508
-0.9853
-0.0903
7.0700
-3.2900
-2.1700
228
491
527
397
728
-0.1479
-0.9794
-0.0878
7.7700
-1.8200
-2.5200
230
491
528
400
724
-0.1498
-0.9784
-0.0756
5.4600
-2.9400
-1.8200
231
491
528
401
722
-0.1527
-0.9867
-0.0732
4.9700
-3.2200
-2.3100
231
491
527
402
727
-0.1532
-0.9916
-0.0820
4.3400
-4.0600
-2.5200
231
491
528
402
726
-0.1552
-0.9828
-0.0688
1.8200
-5.0400
-2.3100
231
491
528
402
725
-0.1571
-0.9780
-0.0747
2.5900
-3.6400
-1.5400
231
491
528
402
728
-0.1557
-0.9833
-0.0708
1.6100
-4.3400
-2.3800
230
491
527
402
729
-0.1581
-0.9843
-0.0644
5.1100
-4.0600
-1.9600
231
490
527
402
729
-0.1645
-0.9701
-0.0551
1.3300
-4.9000
-2.7300
231
490
527
402
728
-0.1562
-0.9697
-0.0615
0.6300
-3.7100
-1.6100
232
489
527
402
727
-0.1649
-0.9750
-0.0693
-2.2400
-2.4500
-2.6600
232
489
527
402
727
-0.1532
-0.9648
-0.0771
5.3900
-4.9700
-2.5200
233
488
527
402
727
-0.1601
-0.9814
-0.0688
0.6300
-3.6400
-2.1000
233
488
527
402
726
-0.1640
-0.9828
-0.0576
0.5600
-5.1100
-2.9400
234
488
527
401
724
-0.1537
-0.9682
-0.0732
0.1400
-4.6200
-3.2200
234
487
527
401
723
-0.1581
-0.9711
-0.0678
2.5200
-3.8500
-2.8700
235
487
527
401
722
-0.1606
-0.9823
-0.0595
1.2600
-4.0600
-3.9900
236
487
527
401
720
-0.1625
-0.9823
-0.0756
1.9600
-3.6400
-2.4500
236
487
527
401
720
-0.1527
-0.9736
-0.0698
3.5000
-5.1100
-3.0800
236
487
527
400
719
-0.1708
-0.9838
-0.0693
1.1900
-3.5700
-2.6600
237
486
527
400
718
-0.1591
-0.9775
-0.0732
2.8000
-4.5500
-3.5000
237
486
527
400
718
-0.1610
-0.9731
-0.0732
1.4000
-3.6400
-3.4300
237
486
527
400
717
-0.1552
-0.9760
-0.0805
4.6900
-4.2000
-2.4500
237
486
527
399
718
-0.1610
-0.9906
-0.0625
1.3300
-3.7100
-2.8700
237
486
527
399
715
-0.1547
-0.9804
-0.0693
3.0800
-3.6400
-4.2700
238
486
527
399
715
-0.1508
-0.9770
-0.0795
3.9900
-4.9000
-2.7300
238
486
527
399
713
-0.1635
-0.9936
-0.0639
1.1200
-2.9400
-3.2200
238
486
527
399
713
-0.1566
-0.9828
-0.0732
4.2700
-3.9200
-3.2900
239
486
527
400
713
-0.1562
-0.9848
-0.0600
1.6800
-2.9400
-3.5000
239
486
527
400
713
-0.1532
-0.9726
-0.0771
2.9400
-3.0100
-3.5700
239
486
527
400
712
-0.1508
-0.9750
-0.0664
2.3800
-3.2200
-2.8700
239
486
527
400
712
-0.1449
-0.9750
-0.0756
2.0300
-4.1300
-2.3100
239
486
527
400
713
-0.1601
-0.9862
-0.0644
-0.4200
-4.2000
-3.6400
239
486
527
400
713
-0.1635
-0.9755
-0.0634
1.7500
-3.2200
-3.0800
239
486
527
400
712
-0.1571
-0.9740
-0.0673
1.2600
-3.7800
-2.4500
239
486
527
400
711
-0.1513
-0.9736
-0.0590
0.1400
-4.1300
-3.8500
239
486
527
400
711
-0.1615
-0.9736
-0.0698
1.4700
-4.4100
-3.6400
239
486
527
399
711
-0.1547
-0.9784
-0.0586
2.1700
-4.2700
-3.4300
240
486
527
399
710
-0.1518
-0.9799
-0.0581
0.2800
-3.7800
-3.6400
240
486
527
399
709
-0.1518
-0.9648
-0.0620
1.2600
-4.9000
-2.8000
240
486
527
400
709
-0.1537
-0.9726
-0.0669
1.9600
-4.2700
-2.3100
240
486
527
399
709
-0.1488
-0.9819
-0.0664
2.4500
-4.0600
-2.3800
240
486
527
399
709
-0.1523
-0.9780
-0.0693
2.1700
-3.9900
-2.5900
241
486
527
399
709
-0.1571
-0.9770
-0.0678
2.1000
-3.8500
-2.3100
241
486
527
399
708
-0.1620
-0.9809
-0.0610
0.2100
-3.9900
-3.1500
241
486
527
399
708
-0.1601
-0.9726
-0.0566
1.8900
-4.3400
-3.4300
241
485
527
399
708
-0.1566
-0.9716
-0.0722
2.1700
-3.7100
-2.1700
241
485
527
399
710
-0.1542
-0.9819
-0.0732
3.0100
-4.4800
-2.4500
242
485
527
399
707
-0.1606
-0.9789
-0.0600
1.6100
-3.6400
-2.5900
242
485
527
399
706
-0.1601
-0.9716
-0.0712
2.3800
-4.4800
-2.2400
242
485
527
399
706
-0.1620
-0.9902
-0.0610
1.6800
-4.5500
-2.1700
242
485
527
399
706
-0.1596
-0.9731
-0.0673
0.0000
-3.5700
-3.9900
243
485
527
399
705
-0.1566
-0.9662
-0.0659
2.1000
-3.5000
-3.4300
243
485
527
399
705
-0.1571
-0.9775
-0.0717
1.8900
-3.7100
-2.1700
243
485
527
399
707
-0.1581
-0.9765
-0.0742
2.3800
-4.7600
-3.0100
243
485
527
399
705
-0.1606
-0.9775
-0.0673
3.4300
-3.8500
-3.7800
243
485
527
399
705
-0.1484
-0.9794
-0.0610
2.5900
-4.2700
-3.7100
243
485
527
399
705
-0.1562
-0.9784
-0.0644
1.4000
-4.9000
-3.5700
244
485
527
399
695
-0.1640
-0.9794
-0.0854
-8.6100
-4.6900
-0.6300
250
483
526
399
669
-0.1581
-0.9755
-0.0864
-12.7400
-7.4200
-2.6600
258
480
526
398
632
-0.1576
-0.9775
-0.1186
-5.0400
-8.6100
-6.7900
281
468
526
398
587
-0.1571
-0.9716
-0.1337
11.8300
0.0700
-6.3000
302
465
525
399
562
-0.1274
-0.9789
-0.0952
9.0300
-4.0600
-5.8100
367
466
525
400
550
-0.1181
-0.9804
-0.0961
5.8800
-2.1700
-2.5900
397
469
525
400
547
-0.1606
-0.9862
-0.0698
5.9500
4.2700
-3.2200
415
473
525
401
543
-0.1537
-0.9692
-0.0874
1.0500
-3.1500
-3.2200
422
476
526
402
535
-0.1464
-0.9809
-0.0761
5.8100
0.8400
-1.0500
432
480
526
403
532
-0.1547
-0.9902
-0.0825
1.2600
-7.1400
-4.0600
436
482
526
403
529
-0.1425
-0.9867
-0.0883
-3.2200
-6.1600
-4.9000
438
484
526
404
525
-0.1376
-0.9755
-0.0908
0.1400
-9.1700
-3.3600
441
486
526
404
526
-0.1469
-0.9794
-0.0810
1.8900
-4.4800
-4.0600
441
486
526
404
526
-0.1318
-0.9736
-0.0815
1.1200
-5.2500
-4.9000
442
487
526
404
524
-0.1357
-0.9828
-0.0791
2.0300
-5.0400
-5.5300
442
487
526
404
526
-0.1171
-0.9706
-0.0854
5.0400
-3.5700
-3.9200
442
487
526
405
526
-0.1303
-0.9911
-0.0791
1.6800
-2.9400
-5.1100
442
487
526
405
525
-0.1264
-0.9902
-0.0869
1.9600
-4.4800
-2.2400
442
488
526
405
527
-0.1357
-0.9848
-0.0849
1.9600
-2.3100
-2.8700
442
488
526
405
526
-0.1298
-0.9731
-0.0815
2.6600
-3.6400
-2.3100
442
488
526
405
525
-0.1244
-0.9653
-0.0786
3.1500
-4.1300
-2.3100
442
488
526
405
526
-0.1371
-0.9809
-0.0698
0.2100
-3.9200
-2.5200
441
488
526
406
517
-0.1254
-0.9721
-0.0834
2.1700
-2.3100
-1.3300
441
488
526
406
491
-0.1269
-0.9853
-0.0839
-0.6300
-2.6600
-3.9900
440
488
526
407
468
-0.1371
-0.9848
-0.0966
0.1400
-2.9400
-3.1500
439
488
526
408
447
-0.1161
-0.9955
-0.0908
-1.5400
-5.6000
-6.3700
439
488
525
412
430
-0.1259
-0.9799
-0.1049
3.0100
-3.0100
-4.5500
439
488
525
417
418
-0.1044
-0.9780
-0.0971
3.6400
-5.3900
-2.3800
438
488
525
420
415
-0.1196
-0.9823
-0.0961
4.2000
-3.7800
-2.8000
438
488
525
421
410
-0.1176
-0.9853
-0.0937
2.0300
-4.3400
-2.7300
438
489
524
423
406
-0.1215
-0.9867
-0.1039
3.0800
-3.4300
-2.8000
437
489
524
424
404
-0.1200
-0.9853
-0.0830
2.3800
-4.1300
-3.7100
437
489
524
424
401
-0.1132
-0.9887
-0.0859
5.8100
-1.5400
-4.3400
437
489
524
424
400
-0.1039
-0.9379
-0.1196
0.4200
-3.2200
-2.4500
436
488
524
425
399
-0.1196
-0.9823
-0.1527
-2.8700
3.0800
-4.6200
425
488
524
425
397
-0.1127
-0.9760
-0.0932
1.5400
-3.7100
-2.8700
422
488
524
425
397
-0.1215
-0.9745
-0.0932
-1.6100
-2.0300
-3.0800
421
488
524
425
397
-0.1074
-0.9682
-0.0888
1.4000
-3.0100
-2.8700
420
488
524
425
399
-0.1244
-0.9770
-0.0942
0.7700
-3.2200
-2.6600
416
488
524
425
401
-0.1127
-0.9731
-0.0971
6.0200
-3.7800
-1.1900
409
488
524
424
407
-0.1054
-0.9794
-0.0859
2.9400
-6.2300
1.4000
395
487
524
423
421
-0.1288
-0.9828
-0.0917
4.4800
-0.9100
0.5600
381
485
524
421
443
-0.1137
-0.9848
-0.0956
-5.9500
-1.0500
-1.7500
360
482
523
418
469
-0.1332
-0.9843
-0.1088
8.1200
-4.4100
1.1200
337
471
522
414
486
-0.1493
-1.0028
-0.0956
1.5400
-3.9900
0.1400
309
462
522
410
500
-0.1401
-1.0038
-0.1025
10.4300
-2.4500
0.2100
297
455
520
401
531
-0.1479
-0.9784
-0.0522
-12.6700
-10.9200
-8.3300
289
450
518
393
549
-0.1410
-0.9780
-0.1171
0.7700
-3.5000
-2.8000
291
446
515
386
555
-0.1527
-0.9994
-0.0996
4.6200
-5.6000
-8.0500
294
439
512
379
564
-0.1571
-1.0253
-0.0752
-10.5700
-8.6100
-7.0000
286
421
511
372
611
-0.1303
-0.9833
-0.1440
5.9500
1.2600
5.9500
267
433
518
371
663
-0.1396
-0.9931
-0.1054
-5.0400
-4.4800
1.1900
242
454
523
375
705
-0.1527
-0.9755
-0.1401
-3.2900
-6.0900
-2.4500
230
465
525
379
724
-0.1596
-0.9599
-0.1830
-3.0100
-4.9000
-1.6100
223
474
526
390
731
-0.1781
-0.9472
-0.1308
3.9200
-7.2800
-5.2500
223
478
527
405
724
-0.1391
-0.9770
-0.1318
5.6000
-7.8400
-5.3200
223
480
527
413
716
-0.1469
-0.9814
-0.1215
6.3700
-3.0100
-3.9900
225
483
528
418
711
-0.1635
-0.9633
-0.1113
8.0500
-3.0800
-3.0800
226
485
528
421
706
-0.1381
-0.9667
-0.1113
7.7700
-3.7800
-3.8500
227
486
528
423
704
-0.1318
-0.9731
-0.0971
5.6000
-3.3600
-1.8900
230
486
528
423
702
-0.1327
-0.9809
-0.0854
1.6100
-3.7800
-1.0500
231
486
528
423
702
-0.1557
-0.9911
-0.1005
4.4800
-2.7300
-2.9400
232
486
528
424
700
-0.1488
-0.9716
-0.0952
3.3600
-3.2200
-0.7000
232
485
528
424
700
-0.1513
-0.9814
-0.0810
3.7800
-3.0100
-3.2200
233
485
528
423
699
-0.1357
-0.9667
-0.0917
3.2900
-4.9000
-3.2900
233
484
528
423
698
-0.1410
-0.9804
-0.0908
1.5400
-4.4800
-1.7500
234
484
528
423
697
-0.1503
-0.9789
-0.0859
1.9600
-2.5900
-2.1000
234
484
528
423
695
-0.1430
-0.9843
-0.0869
3.3600
-4.2700
-2.3800
235
484
528
423
697
-0.1576
-0.9950
-0.0864
2.4500
-3.5000
-3.2900
235
484
528
423
693
-0.1459
-0.9882
-0.0869
2.8000
-3.8500
-2.3800
236
484
528
423
693
-0.1484
-0.9794
-0.0854
2.1700
-3.5700
-1.6800
236
483
528
422
691
-0.1410
-0.9838
-0.0805
1.3300
-4.5500
-2.5900
237
483
528
422
691
-0.1449
-0.9789
-0.0805
1.4700
-4.0600
-2.8700
237
482
528
421
690
-0.1464
-0.9814
-0.0874
2.1700
-4.6200
-2.1000
238
482
528
421
689
-0.1493
-0.9853
-0.0781
3.0800
-4.6900
-4.4100
238
482
527
421
689
-0.1420
-0.9784
-0.0786
2.8000
-4.6200
-2.8700
238
482
527
421
689
-0.1498
-0.9819
-0.0878
-0.6300
-4.8300
-4.1300
238
482
527
421
690
-0.1459
-0.9740
-0.0869
2.8700
-4.0600
-2.5900
238
482
527
420
688
-0.1410
-0.9770
-0.0893
3.1500
-4.3400
-2.1700
238
482
527
420
688
-0.1444
-0.9867
-0.0874
3.9200
-3.7100
-2.3800
239
482
527
420
688
-0.1493
-0.9911
-0.0820
1.3300
-3.8500
-4.2000
239
482
527
420
687
-0.1454
-0.9882
-0.0869
2.5200
-4.2000
-2.8700
239
481
527
420
687
-0.1547
-0.9902
-0.0854
1.8900
-3.7100
-2.8700
240
481
527
420
688
-0.1488
-0.9823
-0.0878
2.5900
-5.3900
-3.9900
240
481
527
419
687
-0.1596
-0.9872
-0.0922
0.0700
-3.5700
-3.2900
240
481
527
419
687
-0.1488
-0.9706
-0.0854
2.2400
-4.1300
-3.9900
241
480
527
419
687
-0.1405
-0.9706
-0.0908
2.1700
-4.9000
-2.6600
241
480
527
419
690
-0.1454
-0.9843
-0.0869
2.2400
-3.8500
-3.1500
241
481
527
419
688
-0.1488
-0.9853
-0.0864
1.1900
-3.4300
-3.9200
240
480
527
419
690
-0.1410
-0.9745
-0.0859
1.4000
-4.2000
-2.6600
239
481
527
419
694
-0.1435
-0.9692
-0.0883
2.4500
-4.6200
-2.8000
237
481
527
419
699
-0.1562
-0.9814
-0.0883
3.3600
-3.4300
-2.2400
236
480
527
419
701
-0.1542
-0.9843
-0.0800
2.1700
-4.0600
-3.7100
233
480
527
419
705
-0.1474
-0.9731
-0.0786
1.6800
-4.0600
-3.1500
232
480
527
419
706
-0.1493
-0.9784
-0.0874
-0.9100
-4.0600
-3.2200
232
479
527
418
710
-0.1444
-0.9784
-0.0922
2.5900
-3.9200
-3.5700
231
479
527
418
711
-0.1396
-0.9794
-0.0869
2.8700
-3.7100
-1.9600
227
479
527
418
718
-0.1454
-0.9721
-0.0917
2.1700
-4.1300
-3.1500
227
479
527
417
718
-0.1523
-0.9765
-0.0917
-0.0700
-4.5500
-4.6200
230
478
527
417
705
-0.1405
-0.9828
-0.1976
-10.1500
-7.2100
1.5400
233
472
527
414
699
-0.1435
-0.9843
-0.1132
-16.0300
-10.4300
-2.2400
244
466
526
412
655
-0.1537
-0.9721
-0.1493
9.7300
-2.5900
-1.8200
275
465
526
412
600
-0.1401
-0.9609
-0.1249
12.6700
-1.1200
0.0000
333
467
526
413
556
-0.1557
-0.9467
-0.1083
-17.2200
-0.4900
-2.8000
389
469
527
415
521
-0.1425
-0.9604
-0.1010
5.4600
-6.8600
-0.7000
410
471
527
416
493
-0.1630
-0.9784
-0.1127
3.5700
-3.9900
-4.3400
419
475
527
417
473
-0.1532
-0.9862
-0.1039
3.8500
-2.4500
-2.6600
425
479
527
420
451
-0.1571
-0.9740
-0.1005
5.8800
-1.3300
1.4000
427
482
527
425
439
-0.1698
-0.9784
-0.0810
8.0500
0.2800
-2.0300
428
484
527
432
424
-0.1615
-0.9814
-0.0976
8.0500
-1.0500
-2.7300
433
486
528
441
414
-0.1596
-0.9799
-0.0825
6.5100
-3.9200
-1.1200
434
489
528
447
409
-0.1679
-0.9750
-0.0732
2.5900
-3.2900
-2.5200
435
491
528
450
404
-0.1688
-0.9716
-0.0766
7.2800
-2.8000
-0.7000
436
494
528
452
403
-0.1576
-0.9843
-0.0688
0.2100
-3.0100
-1.8200
437
496
528
454
401
-0.1615
-0.9716
-0.0883
3.7800
-4.0600
-3.0800
438
497
529
455
399
-0.1718
-0.9833
-0.0654
3.4300
-3.7100
-2.8700
438
498
528
455
401
-0.1693
-0.9877
-0.0581
2.3800
-2.6600
-3.0100
438
498
529
455
401
-0.1625
-0.9711
-0.0766
3.5700
-3.7800
-2.1700
438
498
529
455
399
-0.1693
-0.9701
-0.0551
2.1700
-3.9900
-2.1700
438
498
529
455
401
-0.1669
-0.9726
-0.0683
3.0800
-3.8500
-1.8900
438
498
529
455
402
-0.1732
-0.9775
-0.0649
2.3800
-3.2900
-2.1700
438
498
529
455
402
-0.1679
-0.9731
-0.0649
2.2400
-4.1300
-2.1000
438
498
529
454
403
-0.1703
-0.9770
-0.0595
0.0000
-2.4500
-3.2900
438
498
529
454
403
-0.1708
-0.9731
-0.0620
2.5900
-4.8300
-5.6000
437
498
529
454
404
-0.1654
-0.9750
-0.0600
2.1000
-3.0800
-4.2000
437
498
529
454
404
-0.1601
-0.9716
-0.0708
4.2700
-4.4800
-2.9400
437
498
529
454
404
-0.1630
-0.9945
-0.0673
3.5000
-3.9900
-3.0100
438
498
528
453
405
-0.1723
-0.9877
-0.0634
5.0400
-3.9200
-3.3600
438
498
529
453
405
-0.1693
-0.9911
-0.0561
2.0300
-3.1500
-3.6400
438
498
528
453
405
-0.1649
-0.9750
-0.0698
-3.8500
-3.8500
-4.6200
438
497
528
453
406
-0.1606
-0.9706
-0.0522
-1.4000
-5.7400
-5.0400
437
497
528
452
408
-0.1596
-0.9575
-0.0756
1.0500
-3.4300
-4.6200
436
497
528
451
410
-0.1454
-0.9794
-0.0732
-2.1000
-8.4000
-2.2400
421
497
528
446
415
-0.1674
-0.9697
-0.0703
-1.6800
-5.7400
-6.0200
404
497
528
443
423
-0.1518
-0.9692
-0.0820
5.1100
-4.8300
0.5600
384
496
528
437
432
-0.1791
-0.9999
-0.0756
-2.1000
-3.5000
-4.2000
369
493
528
435
445
-0.1693
-0.9784
-0.0883
-8.1200
-4.9700
-3.1500
357
489
528
428
453
-0.1776
-0.9618
-0.0952
-13.3000
-10.5700
-3.9200
344
482
527
414
480
-0.1845
-0.9858
-0.1542
0.7000
-4.2000
-4.6200
331
470
526
407
505
-0.1732
-0.9862
-0.1054
-1.8200
-9.3800
-8.3300
313
459
526
398
514
-0.1703
-0.9877
-0.1396
-9.1700
-8.1200
-9.5200
299
448
524
390
521
-0.1508
-0.9950
-0.1581
-12.6000
-5.1100
-6.8600
294
440
522
378
514
-0.1386
-0.9526
-0.1684
-9.0300
-7.5600
-10.5000
298
432
520
367
505
-0.0791
-0.9443
-0.1947
-15.6100
-9.1000
0.3500
291
409
519
360
534
-0.1064
-0.9628
-0.2420
-4.6200
0.6300
2.8000
274
406
520
355
618
-0.1147
-0.9389
-0.2294
18.7600
-0.4900
5.3900
255
434
523
361
669
-0.1747
-0.9697
-0.2059
9.1700
0.6300
2.8000
236
456
524
368
699
-0.2245
-0.9453
-0.1674
18.8300
1.7500
0.7000
227
467
525
381
708
-0.1649
-0.9755
-0.1654
20.3700
4.9700
4.1300
222
472
526
395
707
-0.1581
-0.9911
-0.1347
26.1100
-0.4900
-3.5000
218
476
527
407
706
-0.1503
-0.9853
-0.1010
20.7900
-0.5600
-0.5600
215
480
528
419
701
-0.1654
-0.9633
-0.0766
14.2800
-4.0600
-0.6300
213
481
529
427
693
-0.1591
-0.9662
-0.0556
8.6100
-4.7600
-0.7700
213
483
529
429
691
-0.1684
-0.9794
-0.0512
4.9000
-2.3100
-0.4200
214
483
529
429
693
-0.1708
-0.9872
-0.0473
0.4900
-4.1300
-1.8900
215
483
529
430
691
-0.1737
-0.9945
-0.0620
2.2400
-3.7800
-2.1700
216
482
529
430
690
-0.1703
-0.9887
-0.0527
0.8400
-3.7100
-2.1000
218
482
529
429
690
-0.1810
-0.9887
-0.0537
-0.6300
-4.5500
-3.2200
219
481
529
429
691
-0.1747
-0.9765
-0.0508
1.8200
-3.9200
-2.9400
220
480
529
429
691
-0.1679
-0.9867
-0.0537
1.9600
-3.7800
-3.2900
221
480
529
428
687
-0.1669
-0.9765
-0.0508
1.1900
-5.5300
-3.5700
222
480
528
428
686
-0.1732
-0.9765
-0.0683
2.5200
-3.4300
-2.7300
222
480
528
428
685
-0.1679
-0.9843
-0.0395
0.7000
-3.7800
-3.6400
223
479
528
427
684
-0.1679
-0.9623
-0.0600
3.3600
-3.7800
-2.9400
224
479
528
427
684
-0.1591
-0.9736
-0.0449
0.1400
-3.5000
-2.9400
224
479
528
427
683
-0.1718
-0.9692
-0.0454
1.8900
-4.0600
-3.0800
224
479
528
427
683
-0.1625
-0.9726
-0.0503
-0.4200
-4.5500
-2.4500
225
479
528
427
682
-0.1732
-0.9775
-0.0503
-0.5600
-3.3600
-3.0100
226
478
528
426
684
-0.1684
-0.9755
-0.0576
1.1900
-4.2700
-3.7100
226
478
528
426
683
-0.1688
-0.9770
-0.0600
1.6100
-3.7800
-2.0300
226
478
528
426
678
-0.1659
-0.9828
-0.0566
2.5900
-5.2500
-3.8500
227
478
528
426
679
-0.1723
-0.9760
-0.0542
2.5900
-3.8500
-2.8000
227
478
528
426
678
-0.1693
-0.9887
-0.0454
0.0700
-3.6400
-3.2900
228
478
528
426
678
-0.1698
-0.9765
-0.0483
3.6400
-3.9200
-2.6600
228
477
528
425
677
-0.1635
-0.9745
-0.0468
0.2100
-4.3400
-3.1500
228
477
528
425
677
-0.1679
-0.9770
-0.0478
0.8400
-3.6400
-3.5700
228
477
528
425
677
-0.1557
-0.9643
-0.0595
2.5900
-5.2500
-2.6600
229
477
528
424
676
-0.1664
-0.9750
-0.0537
0.8400
-3.5000
-2.4500
229
477
528
424
676
-0.1586
-0.9706
-0.0483
3.7100
-4.6200
-3.0800
229
477
528
424
676
-0.1679
-0.9814
-0.0576
3.2900
-3.9200
-2.4500
229
477
528
424
676
-0.1776
-0.9877
-0.0503
1.7500
-3.5700
-2.9400
230
477
528
423
677
-0.1708
-0.9765
-0.0551
2.3100
-4.2700
-2.5900
230
476
528
423
678
-0.1791
-0.9809
-0.0595
1.2600
-3.8500
-2.4500
230
476
528
422
679
-0.1688
-0.9755
-0.0449
1.4000
-3.7800
-3.0800
230
476
528
422
678
-0.1669
-0.9706
-0.0595
1.6100
-4.2000
-3.5700
230
476
528
422
676
-0.1635
-0.9750
-0.0459
0.7000
-4.4800
-2.8000
230
476
528
422
676
-0.1684
-0.9662
-0.0547
2.4500
-3.9200
-3.6400
230
476
528
422
676
-0.1654
-0.9706
-0.0561
2.2400
-4.5500
-3.4300
230
476
528
422
676
-0.1693
-0.9745
-0.0512
2.7300
-4.6900
-2.8000
231
476
528
422
675
-0.1596
-0.9740
-0.0561
2.8000
-4.4100
-3.4300
231
476
528
421
675
-0.1640
-0.9775
-0.0659
3.9900
-3.9900
-1.9600
231
475
528
421
675
-0.1698
-0.9945
-0.0449
2.9400
-3.5700
-2.5200
231
475
528
421
675
-0.1679
-0.9862
-0.0522
3.4300
-4.2000
-1.7500
231
475
528
421
675
-0.1708
-0.9877
-0.0590
1.2600
-3.0800
-3.2900
231
475
528
421
676
-0.1703
-0.9853
-0.0527
1.8200
-3.2200
-2.8700
232
475
527
421
676
-0.1698
-0.9667
-0.0610
1.3300
-3.4300
-2.7300
232
475
527
420
678
-0.1649
-0.9784
-0.0454
1.0500
-3.2900
-3.8500
232
475
528
421
678
-0.1654
-0.9750
-0.0639
3.0100
-4.2700
-2.1700
233
475
527
420
678
-0.1698
-0.9765
-0.0566
2.3800
-3.2900
-2.3800
232
475
527
420
675
-0.1698
-0.9828
-0.0508
2.6600
-3.2200
-2.8700
233
475
527
420
675
-0.1757
-0.9794
-0.0610
3.2900
-3.8500
-3.7100
233
475
527
420
675
-0.1723
-0.9858
-0.0464
3.2200
-3.0800
-4.5500
233
475
528
420
676
-0.1669
-0.9784
-0.0522
1.3300
-3.9200
-3.0100
233
475
528
420
672
-0.1723
-0.9853
-0.0561
0.7700
-3.8500
-4.2000
238
474
527
420
654
-0.1596
-0.9721
-0.0522
2.1000
-6.3000
-3.3600
245
474
528
420
633
-0.1557
-0.9716
-0.0600
0.0700
-4.2000
-2.9400
248
473
527
419
630
-0.1615
-0.9755
-0.0527
-3.0100
-2.5900
-0.2800
250
472
528
417
615
-0.1820
-0.9726
-0.0820
-3.1500
-6.8600
-2.2400
291
470
527
415
580
-0.1757
-0.9872
-0.0883
-1.4000
-4.3400
-6.0900
331
470
527
417
544
-0.1601
-0.9614
-0.1176
-3.5000
-11.9700
-7.2800
374
471
527
419
506
-0.1640
-0.9701
-0.0825
14.9800
-0.9100
0.3500
409
474
527
421
476
-0.1732
-0.9716
-0.0673
5.3200
-1.8900
-0.9100
421
477
528
424
458
-0.1913
-0.9487
-0.1288
-24.2200
-5.0400
-1.4000
426
481
528
428
441
-0.1708
-0.9780
-0.0766
2.6600
-3.9200
-4.7600
431
485
528
434
431
-0.1620
-0.9809
-0.0869
8.7500
-1.6100
-4.4100
434
487
528
439
417
-0.1586
-0.9799
-0.0708
1.4000
-3.4300
-2.7300
437
490
528
444
408
-0.1664
-0.9823
-0.0737
9.3800
-4.8300
-2.9400
438
492
529
448
403
-0.1513
-0.9833
-0.0639
1.9600
-3.8500
-4.3400
439
493
529
451
401
-0.1596
-0.9701
-0.0683
2.2400
-5.2500
-1.4700
439
494
529
452
400
-0.1649
-0.9706
-0.0620
1.5400
-4.4100
-3.2900
439
495
529
453
400
-0.1571
-0.9604
-0.0556
3.5700
-4.1300
-3.0800
439
495
529
453
400
-0.1576
-0.9750
-0.0644
2.7300
-3.1500
-1.7500
440
496
530
454
400
-0.1679
-0.9804
-0.0542
4.2000
-1.6100
-3.7800
440
496
530
454
400
-0.1503
-0.9638
-0.0454
3.3600
-4.4100
-3.8500
440
496
530
455
400
-0.1601
-0.9706
-0.0610
2.6600
-3.9900
-1.8900
440
496
530
455
401
-0.1640
-0.9760
-0.0542
2.8700
-3.9200
-2.3100
440
496
530
455
401
-0.1693
-0.9838
-0.0522
2.3800
-3.6400
-2.2400
440
496
530
455
399
-0.1640
-0.9638
-0.0508
1.8200
-4.4100
-2.3800
440
496
530
455
401
-0.1669
-0.9794
-0.0551
2.4500
-3.0100
-3.1500
440
496
530
455
402
-0.1640
-0.9711
-0.0449
0.9800
-3.7100
-3.7100
440
496
530
455
399
-0.1669
-0.9682
-0.0644
0.8400
-1.6100
-4.4800
440
496
530
455
402
-0.1615
-0.9770
-0.0405
0.9800
-4.5500
-3.2900
440
496
530
455
402
-0.1649
-0.9677
-0.0527
3.5000
-3.9200
-4.1300
440
496
530
455
402
-0.1659
-0.9740
-0.0425
1.8200
-4.6900
-4.5500
440
496
530
455
402
-0.1620
-0.9794
-0.0478
2.7300
-3.2900
-4.2700
440
496
530
455
402
-0.1537
-0.9867
-0.0478
1.9600
-3.3600
-4.5500
440
496
530
454
403
-0.1547
-0.9833
-0.0444
-2.3800
-2.8000
-3.0100
440
496
529
450
405
-0.1601
-0.9775
-0.0483
-16.3800
-8.3300
-4.7600
439
494
528
438
414
-0.1630
-0.9687
-0.0956
-11.2000
-5.5300
-7.3500
435
489
526
424
424
-0.1386
-0.9789
-0.1069
-1.6800
-2.8700
-11.8300
415
485
524
415
437
-0.1244
-0.9687
-0.1025
6.0200
0.1400
-11.3400
397
483
522
409
455
-0.0976
-0.9784
-0.1005
5.0400
0.0000
-1.4700
377
478
519
400
468
-0.1244
-0.9872
-0.0903
-8.5400
-0.7700
3.2200
356
470
516
394
481
-0.1391
-0.9804
-0.1415
-19.6000
-7.9100
-8.2600
331
466
512
388
492
-0.0932
-0.9809
-0.1547
-29.1200
-16.1700
-8.1900
308
463
512
384
504
-0.1020
-0.9599
-0.2284
-13.2300
-5.7400
-4.2000
303
462
514
380
511
-0.1327
-0.9579
-0.2294
-5.9500
-7.3500
1.1200
304
462
513
370
559
-0.1054
-0.9077
-0.2313
-12.7400
-6.9300
-0.9100
302
459
513
359
611
-0.1205
-0.9409
-0.2855
3.0100
12.3900
9.8000
280
456
516
361
680
-0.1166
-0.9457
-0.2445
14.2100
7.5600
2.3100
257
462
522
371
712
-0.0429
-0.9794
-0.2264
21.0700
10.0800
0.2800
249
472
526
383
717
-0.1147
-0.9750
-0.2015
49.9800
20.4400
-2.7300
249
487
527
399
716
-0.0976
-0.9672
-0.1127
33.5300
7.5600
-0.9800
248
491
528
409
717
-0.1186
-0.9809
-0.1039
23.9400
1.4000
-0.5600
247
493
528
416
721
-0.1142
-1.0194
-0.0278
17.9900
0.9100
-0.6300
245
493
528
420
728
-0.0015
-1.0150
-0.0542
17.9900
3.7800
-2.9400
242
494
528
423
725
-0.1240
-0.9882
-0.0273
11.5500
-1.6800
-5.3200
243
494
528
425
723
-0.1103
-0.9950
-0.0200
5.9500
-3.8500
-5.6700
244
495
528
426
720
-0.1078
-0.9833
-0.0127
5.1800
-4.5500
-3.2200
245
495
528
426
718
-0.1132
-0.9975
-0.0029
4.6200
-3.3600
-3.4300
246
495
528
427
715
-0.1147
-0.9789
0.0049
5.6000
-4.4800
-3.7100
247
495
528
428
714
-0.1093
-0.9921
0.0020
5.6000
-4.0600
-2.5200
247
495
528
429
713
-0.1161
-0.9931
0.0190
2.1700
-4.0600
-3.6400
248
495
528
429
712
-0.1210
-0.9828
0.0102
-4.4800
-4.3400
-3.7800
248
495
528
429
711
-0.1118
-0.9667
-0.0029
3.0800
-3.7100
-3.6400
249
495
528
429
710
-0.1005
-0.9828
0.0010
2.8700
-4.2000
-2.5900
249
495
528
429
709
-0.1039
-0.9882
0.0049
2.7300
-2.4500
-3.0800
249
495
528
429
710
-0.0996
-0.9804
0.0068
3.1500
-3.9200
-3.5700
250
495
528
429
708
-0.1083
-0.9853
0.0078
3.7800
-3.7100
-4.6200
250
495
528
429
707
-0.1035
-0.9916
0.0107
4.2000
-4.5500
-4.3400
250
495
528
428
706
-0.1035
-0.9916
0.0185
3.7100
-3.9200
-3.4300
250
495
528
429
706
-0.1020
-0.9892
0.0112
3.5000
-3.5700
-2.7300
250
494
528
429
706
-0.0966
-0.9955
0.0234
2.5200
-3.4300
-2.1700
251
494
528
429
704
-0.0986
-0.9936
0.0185
6.7200
-4.2700
-3.0800
251
494
528
428
703
-0.1069
-0.9902
0.0220
2.5900
-5.0400
-2.3800
252
494
528
428
702
-0.1093
-0.9858
0.0234
2.6600
-4.2700
-2.5200
252
493
528
428
705
-0.1088
-0.9862
0.0327
4.1300
-3.9200
-2.6600
252
493
528
428
701
-0.1147
-0.9867
0.0337
2.4500
-3.9200
-2.1700
252
493
528
428
701
-0.1127
-0.9809
0.0220
1.8900
-4.0600
-2.0300
253
492
528
428
701
-0.1137
-0.9858
0.0346
1.0500
-4.2700
-3.1500
253
492
527
428
700
-0.1049
-0.9843
0.0307
-0.3500
-6.5100
-2.4500
253
492
527
428
699
-0.1093
-0.9838
0.0288
2.9400
-4.1300
-3.0800
253
491
527
428
698
-0.1039
-0.9867
0.0332
3.0800
-4.6200
-2.3100
254
491
527
428
698
-0.1069
-0.9975
0.0298
2.8700
-3.5700
-3.0100
254
491
527
428
697
-0.1113
-0.9921
0.0293
1.6800
-3.7100
-2.4500
254
491
527
427
697
-0.1147
-0.9941
0.0429
-0.4200
-3.3600
-2.8000
254
491
527
427
699
-0.1030
-0.9833
0.0298
-0.3500
-4.4100
-2.5900
254
490
527
427
696
-0.1059
-0.9731
0.0425
1.5400
-3.9900
-2.6600
254
490
527
427
696
-0.1108
-0.9862
0.0434
0.0700
-4.0600
-2.5900
255
490
527
427
697
-0.1176
-0.9936
0.0337
3.7800
-3.7100
-3.8500
255
490
527
427
696
-0.1039
-0.9926
0.0415
0.4900
-5.0400
-2.4500
255
490
527
427
695
-0.1171
-0.9877
0.0303
2.2400
-2.5900
-3.5000
255
490
527
427
694
-0.0976
-0.9799
0.0381
0.6300
-4.6900
-3.1500
255
489
527
426
694
-0.1103
-0.9814
0.0293
2.3100
-3.9200
-1.8900
255
489
527
426
695
-0.1020
-0.9843
0.0400
0.7700
-4.2000
-2.8000
255
489
527
426
695
-0.1127
-0.9794
0.0322
2.1700
-4.6900
-3.0100
255
489
527
426
695
-0.1103
-0.9843
0.0434
-0.2800
-4.4800
-3.3600
255
489
527
426
697
-0.1122
-0.9843
0.0351
0.7000
-3.9900
-2.7300
255
489
527
425
695
-0.1093
-0.9819
0.0303
3.5700
-3.6400
-2.7300
255
489
527
424
696
-0.1152
-0.9989
0.0307
0.5600
-4.2700
-2.7300
254
489
527
424
705
-0.1127
-0.9887
0.0220
3.7100
-5.5300
-3.9900
253
489
527
423
705
-0.1039
-1.0004
0.0200
4.1300
-4.4100
-1.6800
253
488
527
423
707
-0.1103
-0.9960
0.0337
4.7600
-3.3600
-1.4700
252
488
527
423
708
-0.1200
-1.0014
0.0351
0.6300
-3.9200
-3.2200
252
488
527
422
704
-0.1122
-0.9804
0.0200
-1.2600
-3.1500
-2.5900
253
488
527
422
701
-0.1088
-0.9936
0.0356
-0.7700
-3.7100
-3.2900
254
487
527
422
693
-0.1127
-0.9853
0.0210
-8.9600
-5.3200
-5.3900
255
485
527
422
671
-0.1069
-0.9838
-0.0093
1.8200
-4.2700
-2.5200
266
483
527
422
637
-0.1083
-0.9960
0.0176
3.7100
-4.7600
-3.7800
307
482
527
423
588
-0.0947
-0.9789
0.0176
0.7700
-7.9800
-4.4100
368
480
527
424
546
-0.1254
-1.0102
0.0146
-7.0000
-7.9100
-2.3800
392
480
526
425
520
-0.1108
-0.9887
-0.0063
4.4100
-2.4500
-2.8000
409
481
526
426
505
-0.1054
-0.9775
0.0068
8.9600
-4.4100
-1.1900
416
483
526
427
483
-0.0737
-0.9853
0.0176
8.9600
-3.0800
-0.0700
422
486
526
432
461
-0.1108
-0.9828
0.0278
3.5000
-5.6700
-0.3500
424
487
526
437
443
-0.1279
-0.9892
0.0298
6.3000
-2.8700
-1.4700
426
488
527
440
433
-0.1249
-0.9794
0.0449
4.9000
-4.9000
-3.0800
428
490
527
443
421
-0.1332
-0.9911
0.0405
2.3100
-3.2900
-2.4500
430
491
527
446
415
-0.1240
-0.9853
0.0415
1.6100
-4.1300
-2.5200
431
492
527
448
410
-0.1391
-0.9980
0.0439
2.9400
-3.3600
-2.8700
432
493
528
450
405
-0.1352
-0.9926
0.0390
3.5700
-3.6400
-3.5700
432
494
528
451
403
-0.1283
-0.9906
0.0420
2.3800
-5.3900
-3.7100
432
494
528
452
402
-0.1318
-0.9809
0.0464
0.6300
-4.4800
-2.6600
433
494
528
452
402
-0.1225
-0.9794
0.0381
5.6700
-3.0800
-1.9600
433
494
528
452
402
-0.1240
-0.9775
0.0429
2.0300
-3.0800
-1.7500
433
494
528
452
402
-0.1259
-0.9780
0.0537
3.0100
-4.1300
-3.7100
433
495
528
452
402
-0.1322
-0.9838
0.0630
2.4500
-5.1800
-4.3400
435
495
528
452
402
-0.1279
-0.9838
0.0605
-0.6300
-4.6200
-3.7800
436
495
528
451
402
-0.1244
-0.9843
0.0464
3.0800
-4.6200
-2.5900
436
496
528
451
403
-0.1235
-1.0004
0.0625
2.4500
-3.5700
-2.6600
436
496
528
451
403
-0.1283
-0.9877
0.0586
5.0400
-2.7300
-2.4500
436
496
528
451
403
-0.1230
-0.9892
0.0639
-1.0500
-6.4400
-4.1300
437
496
528
450
404
-0.1249
-0.9897
0.0498
3.7800
-3.2900
-4.3400
437
496
528
450
402
-0.1279
-0.9862
0.0654
2.1700
-3.2200
-3.4300
437
496
528
450
405
-0.1235
-0.9819
0.0644
-0.9800
-4.4100
-3.5000
437
496
528
450
404
-0.1249
-0.9726
0.0595
0.8400
-4.6900
-3.9200
437
496
528
450
402
-0.1249
-0.9862
0.0508
1.6800
-3.6400
-3.2200
437
496
528
449
405
-0.1249
-0.9867
0.0620
1.1900
-3.9200
-4.3400
437
497
528
449
405
-0.1259
-0.9862
0.0454
4.2700
-4.1300
-2.5200
438
497
528
449
403
-0.1220
-0.9897
0.0498
2.1700
-2.6600
-2.8700
438
497
528
449
405
-0.1186
-0.9941
0.0590
2.1700
-0.9800
-3.8500
438
497
528
448
405
-0.1108
-0.9858
0.0415
0.4900
-5.8800
0.4200
434
497
528
448
406
-0.1298
-0.9911
0.0522
-1.5400
-4.8300
-1.2600
425
497
528
448
407
-0.1352
-0.9848
0.0459
-7.1400
-7.0000
-2.7300
416
496
528
445
412
-0.1337
-0.9711
0.0190
-8.7500
-6.7900
-8.5400
408
496
528
436
429
-0.1127
-0.9955
0.0054
-8.8200
-4.7600
-4.6200
395
495
527
428
449
-0.1171
-0.9853
-0.0146
0.0000
-5.7400
-6.0900
384
493
527
414
462
-0.1025
-1.0024
0.0015
-3.3600
-5.3200
-7.3500
363
490
526
404
481
-0.0976
-0.9975
0.0000
2.3100
-6.3700
-0.4200
353
486
524
393
490
-0.1054
-1.1214
-0.0146
-3.9200
-11.0600
-6.1600
339
481
521
383
504
-0.1039
-0.9994
0.0190
-5.1800
-13.7900
-6.0900
327
477
517
379
514
-0.1113
-0.9975
-0.0224
-6.5100
-12.2500
-10.0800
318
476
514
375
518
-0.0708
-0.9794
-0.0493
-10.2200
-5.3900
-2.8000
317
474
512
370
523
-0.0810
-0.9848
-0.0878
-15.4700
-9.9400
-3.9900
315
469
511
366
523
-0.1083
-1.0233
-0.1200
-36.0500
-19.4600
-6.5100
312
463
513
362
516
-0.0976
-0.9692
-0.1869
-17.2200
-9.8700
-0.0700
311
461
514
356
561
-0.0786
-0.9653
-0.2206
-14.2100
-2.7300
4.2700
295
452
517
352
622
-0.0883
-0.9594
-0.2318
-6.6500
-10.5000
3.4300
272
424
519
351
685
-0.1049
-0.9550
-0.2313
5.1100
-2.4500
0.6300
256
420
520
353
729
-0.1132
-0.9672
-0.2386
0.8400
-0.7000
-1.2600
244
439
522
362
741
-0.1225
-0.9633
-0.2338
6.8600
4.2000
-3.7100
238
457
524
380
740
-0.1142
-0.9482
-0.2211
33.2500
6.8600
-5.1800
236
470
525
401
736
-0.0869
-0.9638
-0.1606
27.9300
7.2800
4.0600
233
478
527
418
732
-0.1142
-0.9780
-0.1088
33.8800
3.5700
-7.1400
232
485
528
429
729
-0.0922
-0.9643
-0.0722
19.8800
-2.3100
-2.9400
233
490
529
433
728
-0.0996
-0.9745
-0.0503
11.1300
-0.4900
-2.0300
235
492
529
436
726
-0.0966
-0.9848
-0.0468
9.5900
-4.8300
-1.1200
236
493
529
436
727
-0.0996
-0.9926
-0.0224
8.8200
-2.1000
-2.3100
237
493
529
436
726
-0.1010
-0.9897
-0.0254
7.2800
-3.5700
-0.9800
237
493
529
436
727
-0.1059
-0.9892
-0.0215
2.8000
-3.4300
-1.8900
237
493
529
436
727
-0.1049
-0.9877
-0.0259
1.7500
-4.9700
-3.0800
238
492
529
436
727
-0.1161
-0.9926
-0.0288
2.9400
-3.0100
-3.0800
239
492
529
435
726
-0.1059
-0.9843
-0.0063
5.8100
-2.1000
-2.5200
240
492
529
435
727
-0.1088
-0.9828
0.0044
1.4700
-3.5700
-2.1700
240
491
529
435
723
-0.1122
-0.9877
-0.0063
3.4300
-3.6400
-3.0100
241
491
529
435
723
-0.1069
-1.0136
-0.0029
-2.9400
-4.0600
-3.3600
241
490
529
436
722
-0.1176
-0.9926
-0.0112
3.1500
-4.0600
-5.1100
242
489
529
436
722
-0.0981
-0.9975
-0.0239
3.5700
-4.7600
-2.1000
242
489
529
435
723
-0.1230
-1.0004
-0.0117
1.4700
-3.2900
-3.2900
243
489
529
435
719
-0.1049
-0.9804
-0.0024
2.3100
-3.7800
-3.6400
243
489
529
435
718
-0.1069
-0.9882
-0.0132
2.0300
-5.5300
-4.3400
243
489
529
435
718
-0.0913
-0.9950
-0.0273
2.6600
-3.5000
-2.1000
244
489
529
435
718
-0.1122
-0.9970
0.0098
2.1000
-3.0800
-2.4500
244
489
529
435
717
-0.1064
-0.9828
-0.0210
3.3600
-3.7800
-2.8700
244
488
529
435
720
-0.1025
-0.9975
-0.0093
2.7300
-4.9700
-3.7800
244
488
529
434
718
-0.1093
-0.9941
-0.0044
3.8500
-3.2200
-3.4300
245
488
529
434
717
-0.1064
-0.9999
-0.0088
2.5200
-4.4100
-3.2200
244
488
528
434
717
-0.1030
-0.9955
-0.0059
2.1000
-3.5700
-2.3100
245
487
528
434
717
-0.1181
-0.9931
-0.0068
4.2700
-2.6600
-2.8000
245
487
528
433
716
-0.1122
-0.9848
-0.0044
2.1700
-3.6400
-2.8000
245
487
528
433
718
-0.1083
-0.9872
-0.0054
2.1000
-4.1300
-3.5000
245
487
528
433
715
-0.1035
-0.9760
-0.0054
3.1500
-4.5500
-3.9200
246
487
528
433
715
-0.1137
-0.9862
0.0088
2.3100
-4.4100
-3.9200
246
487
528
433
714
-0.1049
-0.9887
-0.0044
1.6800
-4.0600
-2.5900
246
487
528
433
714
-0.1044
-0.9936
0.0034
4.6200
-4.3400
-3.8500
246
486
528
432
713
-0.1152
-1.0019
-0.0068
3.0100
-3.4300
-3.6400
247
486
528
432
712
-0.1030
-0.9999
0.0034
3.7100
-3.6400
-3.1500
247
486
528
432
715
-0.1113
-0.9945
-0.0117
2.3100
-2.7300
-2.2400
247
486
528
432
711
-0.1054
-0.9960
0.0098
1.8200
-3.9200
-2.4500
247
486
528
432
711
-0.1142
-0.9853
-0.0107
2.7300
-3.3600
-3.0800
247
486
528
432
711
-0.1000
-0.9887
0.0073
2.4500
-4.1300
-2.8700
247
486
528
432
711
-0.1064
-0.9911
0.0063
1.6100
-3.8500
-3.5000
248
486
528
432
712
-0.1030
-0.9838
-0.0010
2.3800
-4.4100
-3.4300
247
486
528
432
714
-0.0981
-0.9941
0.0039
3.3600
-3.9900
-4.0600
247
486
528
432
717
-0.1069
-1.0043
0.0054
1.7500
-3.7800
-2.9400
247
486
528
432
715
-0.1064
-0.9911
-0.0073
5.1800
-3.5000
-3.8500
247
488
528
431
715
-0.1000
-0.9970
0.0068
2.0300
-3.2200
-2.9400
247
490
528
431
714
-0.1025
-0.9945
0.0063
2.8000
-3.3600
-3.3600
247
490
528
431
714
-0.0981
-0.9897
0.0063
1.6800
-4.4800
-3.1500
248
491
528
432
714
-0.1054
-0.9941
0.0068
0.6300
-4.4100
-3.7800
248
491
528
431
715
-0.0932
-1.0033
0.0020
4.3400
-2.8700
-3.9900
249
491
528
432
714
-0.0932
-0.9960
0.0068
0.4900
-3.9200
-3.0100
249
492
528
433
716
-0.1000
-0.9872
0.0029
3.0100
-4.4800
-3.1500
250
492
528
434
714
-0.0932
-0.9955
-0.0039
0.2800
-4.2700
-3.0100
250
492
528
435
715
-0.0966
-0.9882
0.0039
0.7000
-4.6200
-3.1500
250
492
528
436
714
-0.0966
-0.9814
0.0034
0.5600
-5.7400
-0.2100
250
493
528
436
713
-0.1000
-0.9911
0.0054
-2.2400
-5.9500
-3.7100
250
492
528
436
708
-0.0878
-0.9819
-0.0234
1.4000
-1.9600
4.2000
252
492
528
434
688
-0.1088
-1.0072
-0.0063
-6.2300
-2.5200
2.5200
256
490
528
433
655
-0.0766
-1.0155
-0.0625
-25.2700
-19.0400
-6.5100
311
486
528
430
581
-0.1030
-0.9858
-0.0722
9.4500
-2.3100
-1.6100
373
486
527
425
538
-0.1274
-1.0092
-0.0190
12.5300
1.4000
-1.8200
406
486
525
422
497
-0.0825
-0.9687
-0.0468
-1.7500
-6.5100
-1.6100
420
486
524
422
462
-0.1137
-1.0058
-0.0366
4.6200
2.5200
-0.7000
427
487
525
422
433
-0.1054
-0.9819
0.0078
3.9200
1.4000
2.9400
429
488
525
424
422
-0.1191
-0.9618
-0.0063
5.8100
-1.1900
3.9200
431
489
526
427
413
-0.1352
-0.9882
0.0020
8.0500
-2.3100
-1.6800
432
490
526
430
403
-0.1318
-0.9887
0.0102
2.4500
-4.8300
-3.6400
433
491
526
433
398
-0.1308
-0.9809
0.0054
0.6300
-6.3000
-6.8600
433
492
527
435
395
-0.1210
-0.9770
0.0068
4.2000
-5.7400
-4.6900
433
492
527
437
394
-0.1264
-0.9882
0.0132
2.4500
-3.3600
-3.0100
433
493
527
438
393
-0.1298
-0.9789
0.0127
0.3500
-3.3600
-3.9200
434
493
527
439
393
-0.1225
-0.9984
-0.0049
2.8700
-5.6000
-3.5000
436
494
528
440
393
-0.1240
-0.9911
0.0166
4.0600
-2.7300
-2.2400
436
494
528
440
393
-0.1264
-0.9980
0.1240
3.7100
-3.7800
-3.3600
436
494
527
441
393
-0.1298
-0.9960
0.0088
4.2000
-2.5200
-5.2500
437
494
528
441
393
-0.1108
-0.9980
0.0181
6.3700
-0.4900
-1.4700
437
494
528
441
393
-0.1176
-0.9916
0.0176
3.7800
-3.5700
-3.0100
438
495
528
441
393
-0.1166
-0.9955
0.0171
5.7400
-3.0800
-2.1700
437
495
528
441
394
-0.1137
-1.1161
0.0244
3.5000
-3.1500
-2.6600
437
495
528
441
394
-0.0044
-0.9989
0.0249
3.5000
0.1400
0.1400
437
495
527
441
392
-0.1298
-0.9862
0.0161
1.6800
-3.0100
-3.6400
437
495
527
441
394
-0.1240
-0.9780
0.0303
-3.0800
-4.8300
-3.4300
437
495
528
441
394
-0.1191
-0.9726
0.0210
1.3300
-3.4300
-1.4700
437
495
528
441
395
-0.1157
-0.9833
0.0312
-1.5400
-4.4800
-2.5900
437
495
528
441
395
-0.1176
-0.9731
0.0239
2.5900
-3.2900
-2.5900
437
495
528
441
395
-0.1132
-0.9736
0.0356
-0.0700
-6.0900
-3.5700
437
495
528
441
396
-0.1152
-0.9819
0.0205
3.5000
-5.1800
-4.9000
437
495
527
440
396
-0.1122
-0.9892
0.0229
1.4000
-6.5100
-3.7100
437
495
528
440
397
-0.1225
-0.9950
0.0259
4.6900
-3.5000
-3.0100
437
495
528
440
397
-0.1196
-0.9897
0.0264
3.2900
-6.4400
-3.7800
436
494
527
439
399
-0.1264
-0.9950
0.0264
-3.9200
-10.0800
-5.1800
431
494
527
435
405
-0.1249
-0.9828
0.0107
-22.3300
-3.2200
-2.4500
414
493
527
422
415
-0.0991
-0.9628
-0.0542
0.0000
-3.7800
-1.9600
391
490
526
413
428
-0.1010
-0.9677
-0.0156
-26.1100
-17.4300
-0.8400
358
472
523
397
461
-0.1205
-0.9335
-0.1215
-20.7200
-17.8500
-4.4100
320
455
515
385
484
-0.1064
-0.9780
-0.0888
-15.9600
-14.1400
-7.1400
305
451
511
377
499
-0.1142
-0.9799
-0.1313
-18.0600
-5.2500
-7.0000
296
451
509
370
503
-0.1054
-0.9780
-0.1664
-6.6500
-10.3600
-8.5400
294
451
508
365
504
-0.1181
-0.9823
-0.1649
-7.7000
-4.4100
-3.3600
294
449
509
361
546
-0.0981
-0.9858
-0.1962
2.0300
-0.8400
-1.3300
289
444
510
357
614
-0.0859
-0.9897
-0.1840
-0.0700
-0.9800
-0.9800
270
444
512
358
676
-0.0996
-0.9633
-0.1908
10.9900
0.1400
-0.8400
251
452
517
368
710
-0.1054
-0.9804
-0.1664
11.5500
-0.9800
-1.3300
240
462
519
376
725
-0.1249
-0.9706
-0.1484
13.5100
2.7300
-3.4300
233
473
520
384
735
-0.1098
-0.9833
-0.1435
11.2700
-0.2100
-3.1500
228
480
522
397
740
-0.1137
-0.9667
-0.1176
12.8100
3.3600
-1.6800
226
482
523
406
740
-0.1049
-0.9814
-0.1166
8.6100
-0.9100
-2.5200
224
484
524
413
740
-0.1137
-0.9819
-0.0913
8.4000
-0.5600
-4.6200
223
485
525
417
740
-0.0986
-0.9760
-0.0830
8.9600
-2.1700
-1.6800
223
486
525
419
740
-0.1083
-0.9848
-0.0678
4.2700
-1.4700
0.4200
224
485
525
420
738
-0.1093
-0.9804
-0.0727
2.0300
-3.2900
-1.0500
225
485
525
420
739
-0.1005
-0.9814
-0.0605
1.5400
-2.7300
-2.9400
226
485
525
420
738
-0.1015
-0.9780
-0.0649
0.8400
-4.6900
-3.5000
227
484
525
420
737
-0.0991
-0.9823
-0.0634
0.4200
-4.3400
-2.1000
228
484
525
420
736
-0.1113
-0.9916
-0.0595
3.7100
-3.9200
-2.9400
229
483
525
420
735
-0.1039
-0.9941
-0.0659
4.9700
-4.7600
-3.2900
229
483
525
420
735
-0.1049
-0.9931
-0.0581
2.8700
-3.9200
-3.6400
230
483
525
420
735
-0.1005
-0.9833
-0.0630
3.5000
-4.9000
-2.9400
230
482
525
420
734
-0.1088
-0.9955
-0.0669
3.0800
-3.3600
-1.8200
231
482
525
420
734
-0.1098
-1.0009
-0.0605
2.3100
-3.4300
-3.1500
231
482
525
419
733
-0.1078
-0.9838
-0.0586
1.6800
-4.2000
-2.6600
232
482
525
419
731
-0.1054
-0.9843
-0.0590
1.8200
-4.6900
-3.2200
233
482
525
419
730
-0.1088
-0.9833
-0.0673
3.7100
-3.8500
-2.5900
233
481
525
419
729
-0.1113
-0.9921
-0.0527
0.7000
-3.9200
-3.0100
233
481
525
419
730
-0.1132
-0.9740
-0.0630
3.7100
-4.2700
-2.5900
234
481
525
419
727
-0.1132
-0.9838
-0.0595
1.8900
-3.8500
-1.9600
234
481
525
419
727
-0.1181
-1.0028
-0.0634
2.5900
-3.1500
-3.5700
234
481
525
419
726
-0.1044
-0.9848
-0.0600
3.0100
-3.8500
-2.0300
234
480
525
419
725
-0.1049
-0.9887
-0.0595
2.5900
-4.6200
-2.5200
235
480
525
418
724
-0.1230
-0.9916
-0.0561
0.2800
-3.4300
-2.9400
235
480
525
418
723
-0.1103
-0.9765
-0.0581
1.4000
-3.7100
-2.3100
236
480
525
418
722
-0.1118
-0.9853
-0.0581
0.5600
-4.2700
-3.4300
236
480
525
419
720
-0.1142
-0.9814
-0.0571
2.8700
-3.7800
-4.4800
236
480
525
418
719
-0.1088
-0.9867
-0.0620
3.3600
-3.9900
-3.0100
237
480
525
419
718
-0.1020
-0.9921
-0.0561
2.3800
-4.0600
-2.2400
237
480
525
419
717
-0.1039
-0.9809
-0.0566
3.5000
-3.6400
-2.3100
237
480
525
418
716
-0.1132
-0.9862
-0.0600
3.2200
-3.9900
-3.7100
237
480
525
419
716
-0.1015
-0.9755
-0.0752
4.7600
-4.3400
-2.8000
237
480
525
418
715
-0.1049
-0.9916
-0.0576
4.1300
-4.2000
-1.4700
237
480
525
418
715
-0.1093
-0.9970
-0.0605
3.1500
-4.0600
-2.3800
238
480
525
418
715
-0.1108
-0.9999
-0.0620
4.0600
-3.8500
-3.0100
238
479
525
418
714
-0.1044
-0.9926
-0.0664
2.8700
-3.9900
-2.5900
238
479
525
418
715
-0.1161
-0.9945
-0.0605
2.6600
-5.1800
-1.8900
238
479
525
418
715
-0.1122
-0.9926
-0.0703
4.3400
-3.8500
-1.8900
239
479
525
418
715
-0.1166
-0.9980
-0.0566
-1.5400
-3.7100
-1.9600
239
479
525
418
715
-0.1157
-0.9960
-0.0717
2.1000
-3.5700
-2.2400
239
479
525
418
717
-0.1142
-0.9965
-0.0493
0.4200
-3.2900
-1.5400
239
479
524
418
714
-0.1196
-0.9848
-0.0522
1.2600
-3.2900
-3.2900
239
478
524
418
713
-0.1147
-0.9838
-0.0600
0.9800
-3.7100
-3.3600
240
478
524
418
713
-0.1064
-0.9838
-0.0605
1.8200
-4.2000
-3.2900
239
478
524
417
713
-0.1054
-0.9902
-0.0610
4.4800
-4.2000
-3.9200
240
478
524
417
713
-0.1064
-0.9853
-0.0615
2.7300
-4.5500
-2.8000
240
479
524
417
715
-0.1064
-0.9975
-0.0605
1.9600
-3.7100
-2.3100
240
479
524
417
712
-0.1132
-0.9916
-0.0522
3.0100
-3.2900
-3.1500
240
479
524
417
712
-0.1132
-0.9877
-0.0649
2.8700
-3.6400
-3.8500
240
479
524
417
711
-0.1030
-0.9892
-0.0673
3.4300
-4.0600
-2.2400
240
479
525
418
711
-0.1035
-0.9897
-0.0610
2.7300
-4.9700
-1.8200
240
479
524
417
712
-0.1157
-0.9911
-0.0615
4.0600
-3.2900
-2.8000
240
479
525
417
714
-0.1054
-0.9897
-0.0532
2.0300
-4.9000
-3.5000
240
479
524
417
712
-0.1118
-0.9848
-0.0590
1.7500
-3.9900
-2.8000
240
479
524
417
712
-0.1161
-0.9882
-0.0527
0.2100
-3.3600
-3.8500
240
479
525
417
712
-0.0996
-0.9711
-0.0581
3.1500
-4.8300
-2.0300
241
478
524
417
712
-0.1093
-0.9902
-0.0586
0.7000
-3.0800
-2.7300
241
478
524
417
711
-0.1171
-0.9823
-0.0620
2.7300
-3.4300
-2.3100
241
478
524
417
711
-0.1171
-0.9780
-0.0659
2.8700
-3.7800
-2.3100
241
478
524
417
713
-0.1161
-0.9823
-0.0595
2.3800
-4.2000
-2.2400
241
477
525
417
711
-0.1225
-0.9906
-0.0512
2.0300
-3.0800
-2.3100
240
477
524
417
712
-0.1161
-0.9941
-0.0498
3.1500
-3.0100
-2.4500
239
477
524
416
717
-0.1196
-0.9941
-0.0625
2.1000
-3.2200
-2.5200
239
477
524
416
718
-0.1171
-0.9902
-0.0630
1.5400
-3.9900
-2.9400
238
476
524
416
718
-0.1171
-0.9872
-0.0493
-0.8400
-3.8500
-2.9400
239
476
524
416
716
-0.1176
-0.9780
-0.0595
-1.0500
-4.0600
-2.5900
239
475
524
415
705
-0.1181
-0.9906
-0.0712
-5.6000
-6.5100
-4.9700
243
474
524
415
678
-0.1161
-0.9794
-0.0610
-6.2300
-8.5400
-2.6600
275
474
524
415
617
-0.1108
-0.9799
-0.0727
11.8300
-4.8300
2.1000
318
475
525
417
564
-0.1322
-0.9823
-0.0590
11.4800
-2.9400
-4.5500
351
475
525
418
524
-0.1186
-0.9697
-0.0756
24.2200
-5.8800
1.3300
391
477
525
418
501
-0.1142
-1.0087
-0.0176
19.3900
-3.4300
1.7500
420
480
524
418
477
-0.1166
-1.0072
0.0234
4.7600
-6.3000
-2.2400
434
482
524
419
460
-0.1254
-1.0209
-0.0098
-2.3800
-2.5200
0.9100
438
484
525
422
443
-0.1293
-0.9780
-0.0020
-2.2400
-3.5700
-1.2600
440
488
526
429
426
-0.1244
-0.9809
-0.0098
6.7900
-6.7200
-2.4500
441
491
527
437
414
-0.1288
-1.0053
0.0073
2.7300
-3.5700
-2.5900
444
494
528
445
404
-0.1498
-0.9828
0.0132
14.8400
-2.7300
-9.1000
445
498
529
452
393
-0.1405
-0.9848
0.1010
12.5300
-3.7800
-0.4900
446
500
529
456
389
-0.1293
-0.9736
0.0488
10.9900
-5.1800
-2.2400
446
502
530
458
386
-0.1322
-0.9911
0.0810
9.1000
-4.0600
0.0000
447
503
530
459
385
-0.1381
-0.9828
0.0756
2.7300
-11.5500
-0.9800
447
504
531
461
385
-0.1332
-0.9658
0.0830
-0.4200
-14.8400
3.9900
448
504
531
462
386
-0.1664
-0.9618
0.0849
9.5900
-8.1200
4.2000
448
505
531
463
386
-0.1767
-1.0072
0.1069
8.6100
-5.4600
-3.3600
448
505
531
463
386
-0.1518
-0.9745
0.1240
5.5300
-5.8800
-0.4900
448
505
531
464
387
-0.1620
-0.9814
0.1269
1.4700
-12.1800
-6.3700
448
505
531
464
388
-0.1566
-0.9511
0.0849
7.6300
-13.0900
-5.9500
448
505
531
463
390
-0.1762
-0.9633
0.1435
14.1400
-10.8500
-10.1500
449
504
531
463
391
-0.1479
-0.9775
0.1601
7.9800
-7.7000
-3.3600
448
504
531
463
392
-0.1118
-0.9823
0.1693
-4.3400
-0.9100
-3.0800
448
504
531
462
392
-0.1518
-0.9755
0.1347
5.4600
-0.9100
-5.2500
448
504
531
462
392
-0.1532
-1.0067
0.1327
-5.4600
1.4000
-6.0900
448
504
530
461
392