-0.2147
-0.9740
-0.0112
-0.1400
-2.1700
-2.9400
403
467
505
399
511
-0.2006
-0.9628
-0.0098
0.7000
-2.9400
-3.4300
403
468
505
399
511
-0.2006
-0.9662
-0.0200
0.2800
-3.6400
-3.2200
403
468
505
399
509
-0.2050
-0.9618
-0.0146
2.9400
-4.9700
-2.5200
403
468
505
400
511
-0.2079
-0.9750
-0.0137
1.4000
-4.6200
-3.7100
403
468
505
400
511
-0.2040
-0.9677
-0.0137
1.4700
-4.4100
-3.9200
403
468
505
400
509
-0.2015
-0.9706
-0.0142
1.8900
-5.3900
-3.9900
403
468
505
401
511
-0.2098
-0.9716
-0.0215
-0.9800
-5.2500
-3.0100
403
468
505
403
511
-0.2084
-0.9701
-0.0195
0.3500
-3.0800
-2.5900
403
468
505
404
511
-0.2025
-0.9682
-0.0161
-0.2100
-3.4300
-4.2700
403
468
505
404
511
-0.2030
-0.9633
-0.0259
0.0000
-4.4800
-4.8300
403
468
505
405
509
-0.2030
-0.9721
-0.0249
0.4200
-4.3400
-4.9000
403
468
505
405
511
-0.2001
-0.9653
-0.0278
3.3600
-3.2900
-3.0800
403
468
505
405
511
-0.1913
-0.9658
-0.0176
3.6400
-5.5300
-1.4000
403
468
505
405
509
-0.1996
-0.9745
-0.0264
3.5000
-6.1600
-0.9800
403
468
505
405
511
-0.2118
-0.9770
-0.0254
3.6400
-5.1100
-3.0100
403
468
505
405
512
-0.2103
-0.9726
-0.0322
2.8700
-3.5700
-4.1300
403
468
505
405
510
-0.2074
-0.9784
-0.0142
4.4800
-3.2900
-5.1100
403
468
505
405
512
-0.2050
-0.9780
-0.0151
0.3500
-4.3400
-3.1500
403
468
505
405
510
-0.2006
-0.9716
-0.0142
0.8400
-3.4300
-2.3100
403
468
505
405
511
-0.2094
-0.9706
-0.0224
-1.1900
-2.5200
-3.0800
403
468
505
405
511
-0.2006
-0.9687
-0.0312
1.9600
-1.9600
-3.1500
403
468
505
406
509
-0.1942
-0.9716
-0.0220
4.4100
-1.8200
-1.6800
403
468
505
406
510
-0.1972
-0.9662
-0.0161
-17.5700
-2.5900
-0.2100
403
468
504
407
510
-0.2030
-0.9770
-0.0351
1.8200
0.8400
0.0700
403
468
502
408
508
-0.2250
-0.9667
-0.0283
6.3700
2.9400
-4.1300
403
468
491
410
509
-0.2201
-0.9496
-0.0171
-4.3400
2.9400
-9.3800
403
452
468
405
509
-0.1972
-0.9882
-0.0322
-7.4200
-0.9100
-16.8000
407
415
400
371
505
-0.1693
-0.9950
-0.0639
-5.8100
-6.6500
-17.8500
413
370
341
318
507
-0.1557
-0.9584
-0.0815
-11.6200
-7.8400
-10.3600
414
335
296
266
507
-0.1225
-0.9643
-0.0805
-6.1600
-12.3900
-9.4500
415
305
268
229
503
-0.1786
-0.9775
-0.1318
6.1600
-19.6700
-1.6800
417
282
262
213
494
-0.1625
-1.0019
-0.0996
-17.3600
-20.5800
-0.2100
418
282
264
207
478
-0.1401
-0.9843
-0.0566
-10.2900
-12.6000
-1.4700
412
282
265
202
465
-0.1884
-0.9584
-0.1327
-15.7500
-8.1900
-2.7300
401
281
270
201
458
-0.1635
-0.9287
-0.1820
3.8500
-7.6300
2.1000
392
283
271
200
465
-0.1776
-0.9296
-0.1366
-11.0600
-8.8200
0.0700
383
285
273
199
476
-0.1625
-0.9765
-0.1620
9.0300
-2.5200
-2.5200
380
288
275
199
483
-0.1601
-0.9550
-0.1581
7.4200
-1.4000
-4.5500
379
290
277
200
483
-0.1654
-0.9545
-0.1210
-1.7500
-2.5900
-5.6000
380
292
279
201
483
-0.1337
-0.9438
-0.1425
-6.5100
-5.7400
-3.6400
388
295
281
204
476
-0.1508
-0.9687
-0.1518
1.1200
-6.3000
-2.4500
398
300
285
209
459
-0.1435
-0.9536
-0.1357
-12.1100
-5.9500
1.1200
404
304
286
213
442
-0.1669
-0.9448
-0.1850
-3.7800
-4.9700
-1.4000
408
309
287
215
429
-0.1610
-0.9575
-0.1835
-8.8200
-7.2100
-1.6100
410
317
288
216
420
-0.1854
-0.9174
-0.1688
-1.4700
-3.3600
-2.4500
411
319
288
217
414
-0.1630
-0.9506
-0.1932
-4.4800
2.6600
-1.1200
411
319
289
217
412
-0.1698
-0.9360
-0.1967
4.5500
3.3600
-2.3800
411
319
289
218
411
-0.1469
-0.9409
-0.2030
3.7100
4.2700
0.6300
412
320
289
219
410
-0.1840
-0.9306
-0.2255
8.7500
9.7300
1.9600
412
320
290
220
408
-0.1810
-0.9355
-0.1728
6.8600
8.9600
-1.1900
412
320
290
220
406
-0.0117
-1.0019
-0.1625
6.7200
11.4800
-1.6800
413
320
290
221
405
-0.0381
-1.0365
-0.2094
31.5000
-6.0200
5.1100
413
319
291
221
405
-0.2157
-0.9945
-0.2089
18.8300
3.7800
6.6500
413
320
291
222
405
-0.1991
-1.0141
-0.0908
23.1000
9.1700
8.5400
413
320
292
223
401
-0.1532
-0.9609
-0.0917
5.8800
-5.3900
13.0900
413
320
292
223
401
-0.2865
-0.9882
-0.1103
8.0500
4.1300
12.8100
412
320
292
223
400
-0.3284
-0.9516
-0.0434
18.8300
16.5900
4.3400
412
318
293
224
400
-0.2908
-0.9765
-0.1337
0.7000
9.1700
4.6900
412
317
293
224
399
-0.2728
-0.9565
-0.1581
-2.1700
8.2600
0.9100
412
316
292
224
398
-0.3099
-0.8916
-0.1674
5.6700
8.6100
-3.7100
413
317
293
225
398
-0.3192
-0.9516
-0.0991
17.2900
11.1300
-7.0000
412
315
293
225
398
-0.2767
-0.9389
-0.1532
-2.1700
3.9200
-19.1100
412
310
293
225
397
-0.2596
-0.8716
-0.0483
-0.4900
-7.0700
-17.2900
412
311
293
226
397
-0.2772
-0.9521
-0.0712
-2.8700
1.8900
-6.9300
412
312
294
226
397
-0.2098
-0.9482
-0.1366
2.3100
-8.5400
-12.8100
412
313
294
226
397
-0.2157
-0.9794
-0.1742
-0.4200
-4.9700
-8.8200
412
313
294
226
397
-0.1996
-0.9511
-0.1479
-6.8600
-9.9400
-10.1500
412
314
294
228
399
-0.1854
-0.9579
-0.1552
-15.9600
-6.2300
-18.1300
412
323
303
239
399
-0.1410
-0.9511
-0.1503
7.7700
-18.9000
-17.7100
410
351
320
259
403
-0.1664
-0.9775
-0.1708
10.0800
-11.5500
-3.9200
413
388
389
318
406
-0.1742
-0.9101
-0.1454
9.3100
-8.9600
10.7800
416
424
459
356
408
-0.2030
-0.9872
-0.1430
14.5600
5.5300
1.1900
417
451
496
399
407
-0.1664
-1.0082
-0.0752
3.9900
7.7700
9.6600
418
472
512
427
407
-0.1542
-0.9848
-0.1122
1.0500
0.2800
-2.4500
419
482
518
446
407
-0.1796
-0.9052
-0.1274
-24.0800
-2.7300
-2.1700
419
487
521
453
407
-0.2054
-0.9614
-0.1503
-13.5800
-2.6600
-2.8700
419
491
523
457
407
-0.2030
-0.9516
-0.1523
-3.2200
0.1400
-1.1200
419
493
524
458
407
-0.1854
-0.9716
-0.1718
1.8900
0.5600
-4.7600
419
494
524
459
407
-0.1918
-0.9692
-0.1791
3.3600
-1.7500
-4.7600
420
494
524
459
407
-0.1781
-0.9443
-0.1606
-1.9600
-3.7100
-3.0100
420
494
524
459
407
-0.1830
-0.9531
-0.2030
1.4700
-2.7300
-3.1500
420
494
524
458
408
-0.1786
-0.9565
-0.1679
0.9800
-2.0300
-2.8700
419
494
524
458
405
-0.1723
-0.9628
-0.1796
-1.6100
-3.9900
-4.9700
420
494
524
458
408
-0.1791
-0.9760
-0.1854
0.0000
-2.6600
-4.9700
420
494
524
458
408
-0.1606
-0.9545
-0.1942
0.4900
-4.5500
-3.6400
420
493
524
458
408
-0.1806
-0.9658
-0.1596
-1.2600
-3.8500
-4.5500
420
493
524
457
408
-0.1732
-0.9492
-0.1908
2.2400
-2.7300
-2.8000
420
493
524
457
408
-0.1771
-0.9550
-0.1810
2.9400
-4.6900
-1.6800
420
493
524
457
408
-0.1771
-0.9687
-0.1884
0.4200
-3.8500
-4.2000
420
493
523
457
408
-0.1625
-0.9648
-0.1796
3.9200
-4.9000
-5.6700
420
493
523
456
407
-0.1781
-0.9838
-0.1776
7.3500
-6.7200
-6.7200
421
491
523
456
410
-0.1742
-0.9638
-0.2054
7.8400
-2.1000
-2.1000
421
488
523
455
411
-0.1571
-0.9526
-0.1806
-5.8800
-4.6900
-6.1600
421
484
521
447
414
-0.1318
-0.9287
-0.1435
4.5500
-7.1400
-0.9800
421
474
517
433
418
-0.1327
-1.0321
-0.2206
-2.3100
-8.4000
-3.1500
422
469
508
413
417
-0.1635
-0.9628
-0.1635
-5.3900
-0.8400
-5.6000
422
461
488
374
420
-0.1269
-0.9584
-0.2084
-2.2400
1.2600
-4.3400
422
427
450
336
424
-0.1283
-0.9004
-0.1830
24.3600
-5.1100
0.6300
422
385
405
293
429
-0.1527
-0.9706
-0.1303
-2.8000
-17.2900
4.2000
421
357
375
268
434
-0.1918
-1.0072
-0.1176
0.5600
-7.5600
-3.9200
420
333
351
252
439
-0.1688
-0.9848
-0.1269
-22.4700
-20.0200
-0.2100
416
315
328
234
443
-0.1571
-0.9716
-0.1859
-8.8900
-17.2900
-0.9100
412
306
304
217
442
-0.2303
-0.9496
-0.1879
-18.5500
-10.5000
-2.8000
400
296
280
202
438
-0.1947
-0.9165
-0.2713
3.0100
-18.4800
-3.0800
395
297
276
202
435
-0.1728
-0.8823
-0.2089
12.9500
-8.1900
1.0500
394
300
275
201
429
-0.2142
-0.9331
-0.1771
12.0400
0.9100
3.9200
392
300
277
202
430
-0.1635
-0.8965
-0.1830
-0.8400
-21.7700
0.5600
389
301
279
203
431
-0.1928
-0.9867
-0.1586
2.3100
-11.5500
-5.0400
387
301
280
204
432
-0.1942
-0.9667
-0.2162
-0.7000
-5.6000
-1.3300
386
301
282
205
431
-0.1903
-0.9677
-0.1732
13.1600
-3.9900
-3.8500
388
302
284
206
428
-0.1932
-0.9980
-0.1108
12.9500
-1.2600
-4.0600
392
303
285
207
422
-0.1957
-0.9594
-0.2069
12.3900
-0.7000
-2.4500
398
304
286
208
415
-0.1874
-0.9511
-0.1327
10.3600
-4.9000
-2.4500
404
306
288
209
407
-0.1918
-0.9677
-0.1688
18.0600
2.7300
-17.8500
409
309
289
211
402
-0.1728
-0.9833
-0.1381
25.2700
-4.2000
-2.8700
410
309
290
212
402
-0.2147
-0.9970
-0.0678
0.2100
-4.5500
-3.3600
410
310
290
212
399
-0.1937
-0.9750
-0.1659
-29.4000
-6.7200
-1.6100
410
309
292
213
401
-0.2274
-0.9540
-0.2103
-4.5500
-2.7300
3.2900
412
309
292
214
400
-0.2118
-0.9726
-0.1742
10.5000
-7.0700
2.5200
412
310
293
215
400
-0.2284
-0.9853
-0.1708
-8.5400
-4.2700
9.9400
413
310
294
215
398
-0.2464
-0.9521
-0.2074
8.8900
-1.6800
5.2500
413
310
295
216
397
-0.1728
-0.9584
-0.1684
6.3700
-3.6400
11.2000
413
310
295
216
395
-0.2943
-0.9204
-0.1718
13.6500
9.5200
4.0600
413
309
295
216
394
-0.2728
-0.9213
-0.1893
7.6300
6.3000
-7.4900
413
310
295
217
393
-0.2850
-0.9614
-0.1674
5.9500
1.4000
-8.3300
412
310
296
217
393
-0.2704
-0.9340
-0.1581
7.7000
-3.6400
-5.2500
411
311
297
218
393
-0.2806
-0.9389
-0.1684
11.1300
0.7000
-8.4000
410
311
297
218
394
-0.2577
-0.9340
-0.1513
7.8400
-2.3100
-17.5000
409
312
297
218
395
-0.2684
-0.9482
-0.1347
9.1000
-1.2600
-17.4300
408
313
298
218
396
-0.2103
-0.9594
-0.1083
0.8400
-10.4300
-10.9900
407
314
298
219
399
-0.2054
-0.9789
-0.1308
0.5600
-4.6200
-12.3900
406
314
298
219
401
-0.1957
-0.9472
-0.1327
0.4900
-3.0100
-8.1200
404
315
297
219
404
-0.1967
-0.9487
-0.1542
3.6400
-15.2600
-10.5000
405
318
300
221
408
-0.1937
-0.9726
-0.1200
9.5900
-6.2300
-5.8800
404
320
301
223
411
-0.2635
-1.0907
-0.0288
14.0000
14.4200
-12.1100
403
324
303
225
412
-0.1898
-0.8608
-0.1049
-15.7500
-1.8900
-9.2400
404
326
306
228
419
-0.1498
-0.9828
-0.1005
-7.6300
-7.0000
-8.8900
404
332
319
237
423
-0.1186
-0.9872
-0.0844
11.5500
-12.9500
-1.6100
405
342
353
257
427
-0.1806
-1.0136
-0.1147
13.6500
-11.4100
-3.1500
407
347
377
275
429
-0.1591
-0.9765
-0.0966
2.0300
-8.1900
0.8400
408
350
390
285
432
-0.1571
-0.9906
-0.0956
5.8800
-1.6800
-2.1000
410
382
423
316
432
-0.1752
-0.9784
-0.0854
19.8100
4.4100
-8.1900
416
431
477
362
424
-0.1664
-0.9711
-0.0278
10.9200
-0.6300
9.3800
419
457
502
394
422
-0.1752
-0.9516
-0.0024
-3.0100
-8.1900
3.5700
420
465
508
412
422
-0.2094
-0.9755
-0.0215
10.4300
-8.0500
5.3900
421
465
508
412
425
-0.2094
-0.9648
0.0005
3.4300
-10.0800
2.4500
421
463
508
410
428
-0.2289
-0.9911
-0.0039
-1.0500
-7.7700
-3.3600
421
462
506
408
430
-0.2240
-0.9687
-0.0088
3.8500
-4.6900
-3.9900
420
460
506
405
431
-0.2118
-0.9682
-0.0117
5.1800
-5.5300
-4.2000
420
459
504
403
432
-0.2216
-0.9745
0.0054
-2.7300
-1.8900
-4.9000
420
458
504
401
430
-0.2011
-0.9731
-0.0112
-0.4200
-5.1800
-3.9900
420
458
504
400
433
-0.2079
-0.9740
-0.0220
-12.6000
0.8400
-4.1300
420
458
503
400
430
-0.1937
-0.9687
-0.0083
1.4700
-6.7900
-0.7000
420
458
503
400
431
-0.2113
-0.9760
-0.0273
3.7800
-3.2200
-5.6000
420
458
503
399
430
-0.1967
-0.9716
0.0010
3.3600
-5.1100
-4.4800
420
458
503
399
428
-0.1986
-0.9618
0.0142
4.4800
-6.0200
-2.4500
420
458
503
399
428
-0.2181
-0.9750
-0.0146
-2.4500
-7.0000
-2.4500
420
459
503
400
425
-0.0615
-1.0350
-0.0132
4.4100
-3.5700
-3.3600
420
461
504
403
426
-0.1889
-0.9570
0.0151
2.1700
-10.7800
0.5600
420
461
504
403
425
-0.2098
-0.9628
0.0176
-17.5000
-5.8800
-0.5600
420
461
504
403
426
-0.2274
-0.9623
0.0029
5.2500
-3.7800
-2.4500
420
460
504
403
426
-0.2191
-0.9570
0.0190
2.5200
-2.6600
-3.0800
420
460
504
403
423
-0.1981
-0.9618
0.0312
4.4100
-4.7600
-3.3600
420
460
504
402
425
-0.2123
-0.9658
0.0054
4.4800
-5.1800
-0.8400
420
460
504
402
427
-0.2191
-0.9799
0.0190
-5.5300
-0.3500
-3.3600
420
460
504
403
427
-0.2123
-0.9706
-0.0049
-5.1100
-1.0500
-2.8000
419
461
505
404
425
-0.1962
-0.9609
-0.0293
0.8400
0.1400
-1.1200
419
462
506
407
422
-0.2230
-0.9662
-0.0132
-1.8900
-0.9800
-0.5600
419
464
507
411
425
-0.2201
-0.9648
-0.0346
0.0000
-0.9800
-0.5600
419
465
508
413
426
-0.2255
-0.9638
-0.0224
7.0000
-2.9400
-0.2800
419
463
507
414
428
-0.2435
-0.9667
-0.0649
-2.1700
2.0300
-5.7400
419
444
491
393
429
-0.2308
-0.9780
-0.0478
8.4000
6.3700
-2.6600
420
435
479
381
427
-0.2142
-0.9838
-0.0312
5.8100
4.8300
-0.6300
421
429
474
373
430
-0.1981
-0.9292
-0.0278
-0.8400
-4.4100
4.3400
421
416
450
352
434
-0.2279
-0.9740
-0.0098
3.9900
-2.3100
-7.2100
421
391
403
303
443
-0.2157
-0.9248
-0.0625
6.5800
-10.8500
8.2600
421
352
348
254
454
-0.2811
-0.9482
0.0395
-14.7700
-9.9400
5.7400
421
325
314
224
461
-0.2328
-0.9570
-0.0346
-7.9100
-19.6700
8.1900
421
308
304
210
462
-0.2777
-0.9516
0.0185
-22.7500
-13.5100
2.3100
414
297
298
204
458
-0.2772
-0.9018
-0.0688
1.6800
-3.5700
-1.4700
406
294
296
200
449
-0.2684
-0.9648
-0.1127
-13.4400
-9.2400
1.6800
400
293
295
200
448
-0.2933
-0.9941
-0.0444
-2.2400
11.0600
-1.2600
398
290
294
200
442
-0.2718
-0.8838
-0.0727
2.6600
12.6700
-8.3300
397
290
293
201
439
-0.2591
-0.9170
-0.0127
-0.4900
6.2300
-0.2800
395
291
294
202
437
-0.2591
-0.9658
-0.1059
-1.1200
-2.9400
-6.7200
395
293
296
203
439
-0.2689
-0.9623
-0.0644
1.1900
-2.5200
-11.1300
396
295
298
204
437
-0.2835
-0.9531
-0.0586
-5.8800
-1.4700
-16.7300
396
296
299
205
438
-0.2015
-0.9389
-0.0791
-4.5500
-3.0100
-16.2400
396
297
299
206
437
-0.1859
-0.9599
-0.0898
3.2900
0.0700
-4.5500
397
297
300
207
436
-0.1923
-0.9672
-0.0478
0.4900
-11.6900
-4.0600
397
297
301
208
434
-0.1893
-0.9799
-0.1142
-1.1900
-7.4200
-10.2900
397
298
302
208
437
-0.1879
-0.9453
-0.1576
1.3300
-8.4000
-3.7800
398
299
303
209
436
-0.1981
-0.9989
-0.0722
11.2000
-3.7100
-9.8700
399
300
303
209
437
-0.2050
-0.9496
-0.1166
3.9900
-1.6800
-7.0000
399
299
303
210
435
-0.1684
-0.9575
-0.0742
9.4500
-10.1500
-5.8800
399
300
304
210
435
-0.1688
-0.9902
-0.0869
7.7700
1.1900
-3.2200
399
300
304
211
435
-0.1513
-0.9906
-0.0420
-0.4200
-8.9600
-4.6200
399
300
304
211
435
-0.1635
-0.9804
-0.0600
-2.6600
-4.7600
-2.1000
399
301
305
212
435
-0.1630
-0.9692
-0.0654
-4.9700
-7.5600
-1.9600
400
301
305
212
436
-0.1688
-0.9628
-0.0849
-1.4700
-4.6200
-3.0800
400
302
306
213
436
-0.1757
-0.9409
-0.0956
4.3400
-2.6600
-6.0200
401
303
306
213
436
-0.1405
-0.9950
-0.0444
-0.6300
-5.5300
-2.1000
402
304
307
213
437
-0.1723
-0.9550
-0.1152
3.3600
-1.7500
-2.6600
404
306
307
214
434
-0.1518
-0.9936
-0.0874
10.4300
-2.5200
-4.4100
406
308
308
215
436
-0.1610
-1.0155
-0.0688
6.4400
-1.1900
-4.4800
407
309
310
216
433
-0.1762
-0.9916
-0.1078
-1.5400
0.8400
-2.2400
408
312
312
217
434
-0.1630
-0.9780
-0.0830
-1.4000
-2.7300
-1.8200
409
313
313
218
434
-0.1610
-1.0009
-0.1137
13.6500
-0.9100
-6.3700
410
315
316
219
435
-0.1684
-0.9750
-0.0776
0.9100
-5.8800
-3.8500
411
315
316
220
435
-0.1703
-0.9745
-0.0810
-0.2800
-7.0000
-4.2000
411
315
316
220
435
-0.1562
-0.9823
-0.0742
7.0700
-9.3100
-6.5800
408
315
316
220
436
-0.1581
-1.0102
-0.1030
-10.9900
-6.2300
-7.2100
407
320
321
224
438
-0.1449
-0.9745
-0.0956
-4.9700
-19.1800
-7.8400
407
343
357
249
439
-0.1518
-0.9687
-0.1435
-10.4300
-13.7900
-1.2600
414
393
429
308
433
-0.1737
-0.9272
-0.1283
20.7200
10.7800
13.6500
422
441
482
365
425
-0.2674
-1.0180
-0.1845
11.8300
13.0200
6.6500
424
465
507
407
420
-0.1679
-0.9770
-0.0693
21.4900
11.9700
2.3800
425
481
517
439
415
-0.1884
-0.9174
-0.0581
13.3700
7.4900
4.1300
426
487
521
452
413
-0.1737
-1.0155
-0.0351
-5.9500
12.2500
-3.0800
426
489
522
456
413
-0.1337
-0.9301
-0.0551
2.5200
13.7200
0.2800
426
490
523
457
414
-0.2079
-0.9740
-0.0239
7.0700
10.0800
-1.0500
427
490
523
456
416
-0.2015
-0.9121
-0.0888
-0.4900
5.6700
3.8500
427
490
523
455
420
-0.1947
-0.9545
-0.0361
5.7400
-3.5000
-3.8500
426
490
523
454
424
-0.1981
-0.9496
0.0015
1.4000
-6.2300
2.8700
426
489
522
452
429
-0.2259
-0.9755
-0.0293
-4.1300
-9.0300
-5.6000
426
488
522
450
431
-0.1952
-0.9658
-0.0483
6.3700
-3.8500
-4.2700
426
488
522
449
432
-0.1918
-0.9931
-0.0083
4.1300
-5.6700
-2.3800
427
487
522
447
430
-0.2035
-0.9692
-0.0468
3.5700
-6.6500
-3.0100
426
487
521
446
434
-0.2059
-0.9740
-0.0273
4.4100
-6.5800
-1.6100
427
486
521
445
434
-0.2108
-0.9623
-0.0312
-0.9800
-1.6100
-4.3400
426
485
521
443
434
-0.2211
-0.9936
-0.0381
-9.9400
4.4100
-8.9600
427
485
521
442
432
-0.1776
-0.9740
-0.0498
-6.5800
-0.7000
-7.4200
427
487
521
442
431
-0.1537
-0.9653
-0.0493
0.1400
-3.5700
-2.8700
427
487
521
443
431
-0.1889
-0.9872
-0.0976
2.3800
-1.4000
-5.6700
427
487
521
443
429
-0.2020
-1.0165
-0.0815
2.8000
0.0700
-10.3600
427
488
522
444
431
-0.1718
-0.9736
-0.0913
8.4000
1.1900
-6.0900
427
488
521
443
431
-0.1610
-1.0189
-0.0727
3.0800
-0.5600
-2.1000
427
488
521
443
430
-0.1542
-0.9750
-0.0634
9.2400
2.4500
1.2600
427
488
521
440
430
-0.1586
-0.9760
-0.0693
0.4900
3.2200
10.9900
427
486
520
434
427
-0.1962
-0.9872
-0.0420
5.1100
0.2100
10.9900
427
484
519
431
430
-0.2220
-0.9921
-0.1166
9.0300
2.8700
1.0500
428
481
518
429
430
-0.1996
-0.9389
0.0527
30.3100
21.1400
-14.0000
428
478
515
420
432
-0.1854
-0.9296
0.0376
-9.5900
-21.6300
-19.3200
427
454
499
407
435
-0.1679
-0.9945
0.0088
-7.9100
-8.8200
-11.0600
427
424
468
373
446
-0.1932
-0.9828
-0.0142
20.9300
-9.0300
-6.2300
427
392
437
334
447
-0.1708
-1.0121
0.0590
14.4200
-5.3200
-1.3300
427
367
409
301
450
-0.1791
-0.9887
0.0229
2.3800
-7.7000
2.9400
426
345
381
277
450
-0.1791
-0.9662
0.0556
6.3000
-7.7000
3.7100
424
330
349
251
455
-0.1615
-1.0136
0.0634
-19.7400
-10.4300
0.7000
423
332
334
235
458
-0.1332
-1.0546
0.0771
-42.4900
-22.4700
-1.7500
416
317
319
222
463
-0.2147
-0.9775
-0.0205
-10.5000
-4.6200
0.2800
410
314
300
213
462
-0.1957
-1.0175
-0.0117
8.6800
-10.7100
-5.6700
405
315
286
208
453
-0.1976
-0.9638
0.0112
7.9100
-4.6900
-4.6200
404
313
281
207
448
-0.1884
-0.9687
0.0073
3.0100
-3.3600
-2.3100
404
313
280
207
443
-0.1669
-0.9882
-0.0063
3.2900
-3.6400
-6.5800
404
320
284
210
438
-0.1859
-0.9911
0.0190
-7.4900
-7.5600
-8.1900
407
322
289
213
434
-0.1620
-0.9765
-0.0390
9.9400
-3.9200
-3.4300
410
324
293
216
428
-0.1806
-0.9623
0.0566
20.0900
-3.0800
-3.0100
413
326
295
218
427
-0.1444
-0.9701
0.0517
-0.0700
-9.2400
-3.6400
414
327
295
219
428
-0.1708
-0.9540
-0.0049
-5.1100
-4.3400
-3.9200
414
330
296
220
427
-0.1479
-0.9736
0.0322
6.2300
-5.6000
-4.9000
414
333
297
221
427
-0.1615
-0.9862
0.0102
0.4200
-9.4500
-3.6400
414
333
298
221
425
-0.1747
-0.9999
0.0078
7.0700
0.7700
-6.7200
414
334
300
222
426
-0.1249
-0.9965
0.0395
5.3200
-8.6800
-3.3600
414
334
300
222
427
-0.1684
-0.9731
0.0532
-7.9100
-6.3000
-2.3800
413
334
300
222
427
-0.1469
-0.9545
-0.0088
-0.6300
-5.5300
-2.6600
412
333
300
222
429
-0.1542
-0.9682
0.0283
0.7700
-6.0200
-3.2200
412
333
301
223
428
-0.1444
-0.9867
0.0268
-5.6000
-5.7400
-2.9400
412
332
301
223
431
-0.1576
-0.9662
-0.0063
-3.0800
-6.2300
-1.3300
411
332
301
223
433
-0.1523
-0.9897
0.0195
0.4900
-3.2900
-2.2400
410
333
301
223
433
-0.1586
-0.9833
0.0190
-0.2100
-2.7300
-3.3600
410
332
301
224
433
-0.1459
-0.9765
0.0093
-0.7000
-3.4300
-2.8000
410
331
302
224
434
-0.1537
-0.9765
0.0293
-1.4700
-2.5200
-2.8000
410
331
302
224
434
-0.1527
-0.9848
0.0229
0.8400
-2.8700
-3.3600
410
332
302
224
434
-0.1479
-0.9721
0.0215
3.0800
-2.9400
-4.2700
410
332
303
224
436
-0.1547
-0.9706
0.0307
-0.8400
-6.8600
-4.3400
410
332
303
224
436
-0.1488
-0.9740
0.0254
-1.8900
-6.0900
-2.1700
410
332
303
225
436
-0.1415
-0.9760
0.0395
1.8900
-3.1500
-2.0300
409
332
303
224
436
-0.1430
-0.9740
0.0278
1.3300
-5.4600
-1.8900
408
332
303
225
434
-0.1474
-0.9682
0.0356
6.2300
-6.1600
-2.8700
407
333
303
225
437
-0.1420
-0.9897
0.0488
4.0600
-5.7400
-3.6400
407
333
304
225
438
-0.1420
-0.9726
0.0420
-0.4900
-6.3700
-4.1300
405
333
304
225
438
-0.1410
-0.9794
0.0400
-3.6400
-6.4400
-5.7400
404
335
305
227
439
-0.1381
-0.9799
0.0224
-9.5900
-9.1000
-6.5800
403
336
316
232
439
-0.1298
-0.9833
0.0200
-26.2500
-4.8300
-7.9100
403
346
349
250
440
-0.1191
-0.9902
-0.0200
-13.6500
-9.8700
-9.1000
404
373
394
282
432
-0.1181
-1.0287
-0.0981
-8.1900
-7.4900
-4.2000
407
406
437
322
431
-0.0952
-0.9902
-0.0717
-8.4000
-3.9200
-4.2000
411
426
457
345
428
-0.0864
-0.9643
-0.1152
-10.2200
1.4000
-0.7700
414
448
489
367
430
-0.0595
-0.9692
-0.0781
2.8700
6.3000
0.2800
417
466
505
393
428
-0.1249
-0.9599
-0.1484
0.0700
1.6100
1.4700
419
478
515
422
427
-0.1166
-0.9706
-0.1039
-7.5600
0.6300
-1.8900
420
486
520
442
426
-0.1405
-0.9677
-0.1640
-7.7000
0.2800
-3.7100
421
488
522
451
425
-0.1249
-0.9584
-0.1825
-9.3100
0.1400
-0.9100
422
491
523
457
424
-0.1420
-0.9501
-0.1854
-0.2800
-0.5600
-2.3100
422
491
524
459
423
-0.1269
-0.9716
-0.1981
2.1700
-2.4500
-3.4300
422
492
525
460
423
-0.1293
-0.9740
-0.1942
11.1300
-2.7300
-5.8800
422
492
526
460
423
-0.1337
-0.9867
-0.1654
0.9800
-2.5900
-4.2700
421
493
526
460
423
-0.1181
-0.9594
-0.1571
4.1300
-4.3400
-2.9400
422
493
526
460
423
-0.1249
-0.9628
-0.1498
7.7700
-4.6200
-3.2900
422
493
526
460
423
-0.1259
-0.9682
-0.1606
9.5900
-4.0600
-2.5200
422
493
527
460
423
-0.1391
-0.9843
-0.1322
7.0000
-5.9500
-2.3100
422
493
526
460
424
-0.1454
-0.9872
-0.1313
6.5100
-2.7300
-4.2000
422
493
527
459
424
-0.1269
-0.9745
-0.1196
9.1000
-2.3800
-1.4000
422
493
527
459
424
-0.1386
-0.9867
-0.1083
7.1400
-3.9200
-3.5000
421
493
526
458
424
-0.1435
-0.9838
-0.1240
8.7500
-4.2700
-3.5700
421
492
526
455
423
-0.1454
-0.9936
-0.1181
5.3200
-7.2800
-7.0000
422
491
526
452
419
-0.1327
-1.0033
-0.1230
8.9600
-5.1100
-3.8500
422
489
523
443
421
-0.1161
-0.9653
-0.0625
-0.3500
-2.1700
4.6200
421
485
519
435
420
-0.1381
-0.9404
-0.0249
6.6500
-0.7700
1.9600
421
474
508
423
420
-0.1240
-0.9379
-0.1205
18.9700
-2.1000
0.3500
422
459
494
400
420
-0.1288
-0.9423
-0.0439
17.6400
-1.3300
-9.6600
422
436
469
369
419
-0.1118
-0.9560
-0.0937
16.2400
1.6100
-4.9700
422
408
436
327
424
-0.0864
-1.0443
-0.0493
17.3600
-4.3400
-0.1400
422
376
401
290
425
-0.1396
-1.0243
0.0366
11.6900
-13.5800
2.9400
420
338
365
261
429
-0.1664
-0.9614
0.0669
1.0500
-11.2000
-0.3500
418
308
343
240
431
-0.1532
-0.9750
0.0205
6.7200
-9.1700
-1.3300
416
296
321
227
427
-0.1220
-0.9614
0.0913
8.3300
-14.6300
-2.1000
412
292
302
216
424
-0.1498
-0.9658
0.0532
6.7900
-6.0900
-2.8000
410
291
294
211
422
-0.1327
-0.9736
0.0698
6.5800
-2.1000
-1.7500
409
292
292
210
419
-0.1371
-0.9487
0.0854
5.6000
-2.8000
1.2600
407
292
289
208
417
-0.1527
-0.9677
0.0952
4.8300
-6.4400
-2.5200
407
293
291
209
417
-0.1508
-0.9555
0.0820
-0.9800
-7.2100
-0.2800
408
296
293
211
417
-0.1474
-0.9516
0.0927
-2.2400
-5.6700
-1.6100
408
297
295
212
416
-0.1562
-0.9618
0.0756
6.4400
-6.0200
-3.2200
408
298
296
214
416
-0.1484
-1.0004
0.0874
4.1300
-3.4300
-2.0300
408
299
298
215
416
-0.1615
-0.9770
0.0771
-0.2800
-1.8200
-2.8700
408
300
299
216
414
-0.1645
-0.9755
0.0786
1.4700
-4.6200
-3.7800
408
302
299
216
417
-0.1435
-0.9760
0.0805
5.8800
-7.0700
-4.4100
409
302
300
217
417
-0.1562
-0.9867
0.0981
3.8500
-4.2000
-5.4600
409
302
301
218
417
-0.1488
-0.9745
0.0966
4.8300
-6.0200
-5.2500
410
302
301
219
417
-0.1318
-0.9882
0.0908
-1.6800
-4.2000
-2.8700
410
303
302
219
418
-0.1391
-0.9731
0.0854
-0.4200
-3.7800
-2.1700
410
303
303
220
418
-0.1493
-0.9794
0.0849
0.0000
-5.3200
-2.7300
410
303
303
220
419
-0.1322
-0.9833
0.0908
-0.2100
-3.1500
-2.5900
410
304
303
221
419
-0.1269
-0.9877
0.0991
-5.4600
-4.6200
-2.5900
410
304
304
221
419
-0.1249
-0.9862
0.0556
-6.0200
-6.8600
-4.1300
410
304
304
222
419
-0.1679
-0.9482
0.0132
-2.8700
-4.2700
-4.4800
410
304
305
222
419
-0.1327
-1.0014
0.0522
4.2700
-8.1200
-6.0200
410
304
305
222
419
-0.1532
-1.0014
0.0508
-5.1800
-5.3200
-6.3000
410
305
306
223
419
-0.1347
-0.9736
0.0181
0.2800
-10.5000
-7.7000
410
306
306
223
423
-0.1249
-0.9906
0.0317
-1.9600
-11.1300
-4.9000
410
306
307
224
426
-0.1196
-0.9999
-0.0327
-2.4500
-8.9600
-6.3000
410
308
307
224
428
-0.0849
-0.9965
0.0220
-2.6600
-9.2400
-4.2000
410
309
308
224
430
-0.1210
-0.9823
-0.0010
3.0100
-6.1600
-2.1000
410
310
308
224
429
-0.1225
-1.0165
0.0239
-3.1500
-5.8800
-3.2900
410
312
309
225
433
-0.1235
-0.9667
-0.0107
3.0100
-6.1600
-1.7500
411
313
310
225
432
-0.1264
-0.9989
0.0210
0.9800
-5.4600
-4.6200
411
314
311
225
436
-0.1288
-0.9975
0.0176
-4.4800
-4.2700
-3.2200
412
314
311
226
435
-0.1205
-0.9780
-0.0020
0.0000
-0.5600
-1.2600
412
314
311
226
436
-0.1186
-0.9780
0.0185
-0.6300
-17.7100
-3.2200
412
314
312
226
434
-0.1171
-0.9989
0.0171
0.0000
-2.4500
-3.1500
412
314
312
226
431
-0.1142
-0.9828
0.0054
0.2800
-2.2400
-2.6600
412
314
312
226
433
-0.1113
-0.9726
0.0190
-0.0700
-3.9200
-3.3600
412
313
312
226
434
-0.1186
-0.9721
0.0142
-1.7500
-1.8900
-1.8200
413
314
313
227
434
-0.1191
-0.9804
0.0190
0.3500
-6.3700
-2.8000
413
314
313
227
434
-0.1264
-1.0058
-0.0020
-2.8000
-3.6400
-5.3200
413
314
313
228
433
-0.1064
-0.9784
-0.0185
-4.2700
-7.5600
-2.7300
413
316
315
229
433
-0.1083
-0.9945
-0.0210
-0.9800
-6.3700
-3.5700
412
321
326
234
432
-0.0981
-0.9433
-0.0761
-6.7900
-8.7500
1.5400
412
333
354
250
433
-0.0361
-1.0106
-0.0327
5.3200
-4.6200
0.4900
412
357
381
269
433
-0.1327
-0.9843
-0.0415
-3.9200
-6.2300
-0.4900
413
383
404
287
431
-0.1337
-0.9579
-0.0381
-7.2100
-3.7100
-1.7500
414
396
421
303
429
-0.1347
-0.9755
-0.0395
-2.6600
-7.4200
3.4300
416
409
436
320
427
-0.1498
-0.9809
-0.0571
-5.6700
-8.0500
-0.9800
417
420
453
337
426
-0.1493
-1.0038
-0.0346
-6.6500
-3.7800
-3.5000
418
434
468
357
424
-0.1386
-1.0077
-0.0913
-6.1600
-0.4200
-0.4200
420
452
493
377
425
-0.1547
-0.9648
-0.1074
-4.2000
1.8900
6.8600
422
468
508
397
423
-0.1596
-0.9902
-0.1191
2.7300
-2.7300
2.9400
424
480
517
419
422
-0.1625
-0.9765
-0.0791
-13.8600
-2.0300
-1.4700
424
486
520
436
421
-0.1845
-0.9628
-0.1410
2.7300
-1.4700
0.4200
424
488
522
444
419
-0.1869
-0.9936
-0.1118
13.0900
-0.7700
0.0700
425
490
523
449
419
-0.1937
-0.9843
-0.1113
5.6700
-1.5400
-17.7800
425
491
524
452
416
-0.1786
-0.9648
-0.1152
9.5900
-3.5000
-0.5600
426
491
524
453
417
-0.2006
-0.9975
-0.0888
0.2100
-3.2900
-4.4100
426
491
524
454
417
-0.1962
-0.9467
-0.1093
2.2400
-2.6600
-1.8900
426
491
524
454
417
-0.1937
-0.9784
-0.1020
2.7300
-3.0100
-2.3800
426
491
524
454
417
-0.1947
-0.9384
-0.0952
2.6600
-2.9400
-1.5400
426
490
524
453
417
-0.1957
-0.9697
-0.1010
3.6400
-5.6000
-3.0800
426
490
524
453
417
-0.2054
-0.9726
-0.0986
0.0700
-3.7800
-3.4300
426
490
524
453
417
-0.1913
-0.9618
-0.1025
0.0000
-3.2900
-3.5700
426
490
524
452
415
-0.1976
-0.9731
-0.1064
4.3400
-4.2700
-3.3600
426
490
524
452
417
-0.1947
-0.9809
-0.1000
1.7500
-4.5500
-3.7800
426
490
524
451
417
-0.1986
-0.9677
-0.1049
1.8900
-3.9900
-3.6400
426
490
524
451
417
-0.1957
-0.9628
-0.0927
3.0800
-3.1500
-4.0600
426
490
524
451
417
-0.1884
-0.9701
-0.0981
0.8400
-3.5000
-3.9200
426
489
524
451
416
-0.1835
-0.9599
-0.0942
-0.2100
-2.4500
-3.0800
426
488
524
451
417
-0.1840
-0.9687
-0.0981
0.9100
-2.3800
-3.2900
426
488
524
451
417
-0.1874
-0.9701
-0.1015
-2.5200
1.0500
-2.4500
426
488
524
451
417
-0.2020
-0.9531
-0.1161
1.4000
-3.2900
-2.1700
426
487
524
451
417
-0.2001
-0.9677
-0.1054
0.0700
-3.0800
-2.3100
426
487
524
450
417
-0.1942
-0.9633
-0.1200
-3.8500
-1.9600
-1.4000
426
487
524
450
417
-0.2030
-0.9545
-0.1269
1.4700
-2.9400
-3.3600
426
487
523
450
417
-0.1952
-0.9672
-0.1352
0.1400
-3.0100
-1.9600
426
487
523
450
417
-0.1981
-0.9628
-0.1259
-2.8000
-3.7800
-2.3800
426
486
523
449
418
-0.1952
-0.9633
-0.1352
-1.7500
-4.5500
-3.6400
426
485
523
448
416
-0.1859
-0.9706
-0.1513
-6.7900
-2.9400
-3.7800
426
483
522
443
421
-0.1889
-0.9594
-0.1415
-9.7300
-6.0200
-6.8600
425
479
519
430
423
-0.1850
-0.9770
-0.1913
-5.2500
-8.3300
-9.9400
425
465
512
417
426
-0.1728
-0.9902
-0.2128
13.0200
-7.2800
-6.8600
426
459
498
385
428
-0.1786
-1.0219
-0.1693
11.5500
-1.8900
-17.4300
427
449
477
350
430
-0.1601
-0.9799
-0.1596
9.6600
-1.3300
-3.6400
427
410
457
326
433
-0.1606
-0.9531
-0.1552
13.6500
-7.2100
-4.3400
427
367
422
287
441
-0.1737
-1.0009
-0.1108
23.9400
-14.0700
-4.7600
425
340
376
250
452
-0.1674
-0.9662
-0.1288
9.5200
-23.3100
-0.7700
418
314
347
227
466
-0.1640
-0.9414
-0.1142
8.2600
-7.2800
-4.5500
412
302
326
213
468
-0.1928
-0.9677
-0.0869
-2.3800
-8.4000
-3.7100
406
296
309
205
468
-0.1703
-0.9623
-0.0917
7.7000
-5.2500
-1.9600
402
296
297
202
468
-0.1718
-0.9609
-0.0893
-3.6400
-7.4900
-3.5000
398
295
293
201
474
-0.1815
-0.9697
-0.0878
11.2700
-9.0300
-3.3600
395
295
292
202
478
-0.1820
-0.9667
-0.0747
11.4100
-7.7700
-7.3500
393
295
292
202
478
-0.1762
-0.9936
-0.0459
5.3200
-6.5100
-5.2500
391
295
294
204
478
-0.1713
-0.9902
-0.0327
9.1000
-9.8700
-6.3000
389
293
295
204
476
-0.1786
-0.9731
-0.0434
3.7100
-8.3300
-4.4800
387
293
296
206
478
-0.1728
-0.9999
-0.0371
6.0200
-8.0500
-4.6900
385
293
298
206
476
-0.1654
-0.9975
-0.0220
5.6000
-4.2000
-5.0400
384
292
299
207
478
-0.1752
-0.9682
-0.0161
2.1700
-4.9700
-1.6100
382
292
299
208
478
-0.1703
-0.9780
-0.0386
6.1600
-4.5500
-4.2000
382
293
300
208
478
-0.1649
-0.9989
-0.0205
10.1500
1.4000
3.7100
385
296
302
209
477
-0.1884
-1.0019
-0.0376
-1.1200
2.8000
0.5600
390
298
304
210
474
-0.2015
-0.9682
-0.0854
0.1400
3.0800
-4.7600
393
298
305
211
467
-0.1645
-0.9867
-0.0234
9.3100
-2.1000
-4.0600
395
299
306
212
463
-0.1713
-1.0028
-0.0278
-1.8900
-1.6100
-0.6300
396
299
307
213
460
-0.1918
-0.9740
-0.0395
-2.8700
0.8400
-0.9800
399
301
308
214
454
-0.2025
-0.9604
-0.0468
4.6900
0.6300
-1.1900
401
302
308
215
448
-0.1854
-0.9648
-0.0195
12.3200
0.2800
-0.3500
403
304
308
215
443
-0.2113
-0.9858
-0.0498
7.2800
-1.7500
-3.5700
405
306
308
216
441
-0.1923
-0.9858
-0.0283
6.9300
-7.3500
-4.4800
405
307
308
216
440
-0.1923
-0.9760
-0.0249
0.8400
-2.3800
-0.2100
406
307
308
216
437
-0.1796
-0.9848
-0.0239
-2.3800
-4.5500
-1.8200
406
308
309
217
439
-0.2201
-0.9770
0.0010
-9.0300
-0.8400
-7.6300
406
309
309
217
434
-0.1752
-0.9467
-0.0303
-5.6000
-15.1900
0.0700
406
310
310
218
437
-0.2425
-0.9584
-0.0625
-0.9100
-4.6200
-3.6400
406
310
310
218
436
-0.1810
-0.9653
-0.0395
-5.1100
-5.4600
-3.9200
407
311
311
219
437
-0.1937
-0.9672
-0.0669
-9.0300
-5.1800
-3.2900
407
313
311
220
436
-0.1991
-0.9399
-0.0952
-16.1700
-9.8700
-8.7500
407
315
312
221
436
-0.1928
-0.9648
-0.1108
-8.9600
-7.0000
-4.5500
408
316
312
221
435
-0.1864
-0.9638
-0.0922
-18.5500
-2.3800
-3.8500
408
316
313
222
435
-0.1693
-0.9428
-0.1362
-9.3800
-5.8100
-2.4500
408
317
313
223
434
-0.1737
-0.9355
-0.1376
2.1700
-4.7600
-4.4100
408
316
314
223
435
-0.1479
-0.9814
-0.1318
0.2100
-6.6500
-1.7500
408
317
314
223
435
-0.1615
-0.9550
-0.1337
0.7700
-5.0400
-2.2400
408
317
314
223
436
-0.1698
-0.9560
-0.1244
4.4800
-7.1400
-1.4700
408
317
314
223
437
-0.1679
-0.9770
-0.1318
2.6600
-3.3600
-3.2900
408
317
314
223
437
-0.1620
-0.9579
-0.1269
2.0300
-5.6000
-4.4800
408
317
315
223
437
-0.1635
-0.9687
-0.1191
2.6600
-4.9000
-2.8000
408
317
315
223
435
-0.1625
-0.9682
-0.1176
2.3800
-5.3900
-2.9400
407
317
315
223
438
-0.1698
-0.9609
-0.1249
-0.1400
-5.0400
-3.0100
407
317
315
223
436
-0.1479
-0.9536
-0.1337
-3.9200
-3.9200
-4.6200
406
322
325
229
441
-0.1337
-0.9677
-0.1054
3.2200
-2.5900
-3.7100
403
331
338
236
444
-0.1425
-0.9716
-0.1039
-8.9600
-6.3700
-5.8800
400
355
377
263
442
-0.1488
-0.9916
-0.1547
-18.2700
-6.5100
-4.7600
404
398
432
313
433
-0.1552
-0.9360
-0.1947
-7.0700
5.1800
-0.7000
410
429
464
349
434
-0.1444
-0.9379
-0.1591
3.8500
-5.7400
-0.4200
411
431
469
354
435
-0.1474
-0.9833
-0.1962
-9.5200
-0.7700
-1.8900
412
434
475
363
434
-0.1371
-0.9501
-0.1884
-15.4000
-0.8400
4.7600
414
450
493
382
433
-0.1401
-0.9321
-0.2225
-4.4800
3.5000
8.1900
417
465
503
402
432
-0.1703
-0.9711
-0.1820
5.3200
1.7500
-3.4300
419
476
512
419
431
-0.1591
-0.9531
-0.2133
-4.3400
-2.2400
1.7500
421
486
519
437
428
-0.1771
-1.0585
-0.1093
2.5900
-0.6300
-1.0500
422
490
522
448
429
-0.1635
-0.9389
-0.2294
-0.4200
-3.5700
-1.8200
422
491
523
452
428
-0.1674
-0.9726
-0.2259
4.6200
-3.0100
-2.2400
422
492
524
455
427
-0.1840
-0.9575
-0.2230
27.1600
-3.9900
-2.0300
423
492
524
457
427
-0.1874
-0.9457
-0.2308
4.9000
-0.5600
-6.7900
424
493
525
457
426
-0.1718
-0.9404
-0.2186
1.8200
-4.4800
-2.8000
425
493
525
458
426
-0.1703
-0.9540
-0.2064
3.0100
-4.9700
-1.7500
426
493
525
458
426
-0.1708
-0.9433
-0.2064
4.9000
-3.8500
-1.1900
426
493
525
458
426
-0.1752
-0.9531
-0.2054
0.4200
-4.1300
-2.8000
426
493
525
458
426
-0.1776
-0.9374
-0.1947
3.1500
-3.6400
-2.5900
426
492
526
458
426
-0.1674
-0.9570
-0.2069
2.1700
-4.0600
-4.1300
426
492
525
457
426
-0.1654
-0.9526
-0.2006
3.4300
-3.7100
-2.5200
426
492
525
457
427
-0.1732
-0.9589
-0.1981
3.2200
-3.7800
-2.6600
426
492
525
456
427
-0.1737
-0.9589
-0.2074
6.1600
-4.1300
-3.3600
426
492
525
456
424
-0.1664
-0.9653
-0.1815
3.3600
-4.4100
-2.5200
426
492
525
456
427
-0.1830
-0.9477
-0.1908
1.1900
-4.5500
-0.7000
427
490
525
455
427
-0.1854
-0.9628
-0.1830
0.0700
-3.9200
-0.9100
428
480
525
454
427
-0.1728
-0.9472
-0.1786
2.3100
-5.8800
-3.2900
429
470
523
453
427
-0.1732
-0.9823
-0.2728
5.9500
-2.5200
-5.7400
430
464
514
445
426
-0.1669
-0.9409
-0.2001
2.6600
-4.4100
-5.7400
431
448
492
422
426
-0.1669
-0.9584
-0.1801
4.3400
0.9100
-8.8900
431
405
445
381
430
-0.1488
-0.9565
-0.1952
13.0200
10.4300
-11.9000
432
353
377
321
438
-0.1249
-0.9228
-0.1088
22.3300
-0.1400
-0.7700
432
324
335
275
450
-0.1606
-0.9614
-0.0893
16.2400
1.2600
0.9100
431
310
314
249
466
-0.1464
-0.9877
-0.0571
-1.1900
-13.3700
1.4700
428
305
310
239
470
-0.1035
-1.0409
-0.1044
-19.6700
-30.5200
4.4100
422
297
309
232
475
-0.1957
-0.9745
-0.1371
-10.5700
-20.0900
6.1600
416
295
306
227
478
-0.2079
-0.9887
-0.1620
-12.3200
-24.5700
9.1700
409
298
304
224
479
-0.2298
-0.9706
-0.1571
-30.5200
-19.2500
1.6100
399
301
302
221
473
-0.2557
-0.9228
-0.1884
-2.1700
-5.7400
-5.3900
399
302
301
221
468
-0.2357
-0.9189
-0.1942
-1.9600
0.4200
-3.9900
399
304
303
221
460
-0.2489
-0.9589
-0.1972
26.8100
6.9300
-6.3000
402
307
305
219
457
-0.1806
-0.9316
-0.1118
9.8700
-3.7100
0.0000
403
310
309
215
450
-0.2250
-0.9467
-0.1469
12.5300
-1.9600
-4.8300
405
311
311
216
448
-0.1962
-0.9765
-0.1532
16.0300
4.2700
-2.1700
407
316
311
218
443
-0.1781
-1.0165
-0.2045
53.4800
51.5200
-24.3600
407
316
312
219
446
-0.1376
-0.9677
-0.0205
7.7700
5.1100
0.1400
407
316
312
220
446
-0.1742
-0.9701
-0.0756
-12.0400
-6.5100
-0.2100
407
318
313
221
445
-0.1898
-0.9433
-0.1049
-22.6100
-11.9000
-1.4000
407
319
313
222
443
-0.1986
-0.9697
-0.1405
-3.0100
-4.3400
-5.1800
407
320
314
224
443
-0.1976
-0.9618
-0.1425
3.1500
-3.2200
-4.2000
408
321
315
225
443
-0.1840
-0.9750
-0.1142
2.8700
-4.9700
-4.9000
408
321
316
226
443
-0.1884
-0.9745
-0.1274
3.7800
-2.1000
-5.4600
409
322
317
227
443
-0.1747
-0.9872
-0.1225
8.3300
-4.8300
-4.8300
410
323
318
228
443
-0.1820
-0.9667
-0.1181
1.1200
-6.1600
-4.4800
410
325
321
229
443
-0.2001
-0.9697
-0.1132
7.9800
-3.2200
-3.5000
412
326
324
232
443
-0.1742
-0.9838
-0.0956
13.3000
-0.9100
-2.1000
412
328
324
232
444
-0.1859
-0.9804
-0.0937
2.1700
-4.8300
-4.1300
412
329
324
233
444
-0.1864
-0.9833
-0.0903
3.9900
-5.6000
-5.1100
413
330
325
233
442
-0.1889
-0.9794
-0.0937
3.5700
-6.0900
-4.9000
413
330
325
233
444
-0.1913
-0.9721
-0.1103
2.4500
-3.5000
-6.2300
414
331
328
235
443
-0.1869
-0.9780
-0.0917
6.3000
-6.0900
-5.3200
414
331
329
236
444
-0.1923
-0.9750
-0.0917
6.0200
-3.9200
-6.4400
414
332
329
236
444
-0.1723
-0.9721
-0.0961
8.4000
-5.1800
-5.8100
414
332
329
236
445
-0.1718
-0.9843
-0.0742
3.7800
-6.0200
-5.1100
414
331
329
237
445
-0.1654
-0.9892
-0.0703
1.8200
-6.6500
-3.0800
413
331
329
237
445
-0.1757
-0.9858
-0.0903
-3.2200
-8.9600
-4.4100
413
332
329
237
445
-0.1713
-0.9828
-0.1069
-5.2500
-11.1300
-3.7800
411
335
334
241
444
-0.1815
-0.9706
-0.1127
-5.5300
-7.6300
-4.9700
408
344
352
254
444
-0.1884
-0.9872
-0.1244
-6.1600
-5.6700
-1.8200
408
362
378
273
445
-0.1732
-0.9545
-0.1283
-14.6300
-5.5300
-0.4900
408
387
406
299
443
-0.1752
-0.9531
-0.1322
-8.8900
-6.3000
17.3600
411
410
438
329
439
-0.1884
-0.9745
-0.1620
-12.8100
-3.8500
-1.1900
414
432
467
361
436
-0.1625
-0.9453
-0.1562
-14.9800
1.1200
-1.7500
419
452
494
383
435
-0.1688
-0.9233
-0.1742
-10.7100
-3.2200
4.9700
424
468
507
407
431
-0.2050
-0.9370
-0.2020
-9.3100
-8.6800
7.4900
425
480
517
432
431
-0.2274
-0.9360
-0.2230
-16.1700
0.8400
-0.4200
425
487
522
448
429
-0.2108
-0.9565
-0.2142
8.6800
-2.5200
-2.9400
425
492
525
454
428
-0.2264
-0.9667
-0.1972
7.9800
-0.7700
-4.6900
426
494
526
456
427
-0.2176
-0.9540
-0.1732
-0.4200
-3.0100
-2.3800
426
494
526
457
426
-0.2323
-0.9457
-0.2035
1.1900
-2.5200
-3.0800
427
495
526
457
426
-0.2201
-0.9311
-0.1991
4.5500
-5.4600
-3.1500
427
495
526
457
424
-0.2142
-0.9501
-0.1874
4.9000
-4.8300
-3.2200
427
495
526
457
426
-0.2230
-0.9584
-0.1952
3.2900
-5.1800
-2.2400
428
495
526
456
426
-0.2313
-0.9496
-0.1981
12.6000
-2.8700
-3.3600
427
494
526
456
426
-0.2128
-0.9579
-0.1649
4.4800
-5.4600
-3.1500
427
494
526
455
427
-0.2225
-0.9516
-0.1747
3.9900
-5.2500
-2.5200
427
494
526
454
427
-0.2235
-0.9623
-0.1708
2.8700
-4.2700
-3.9900
427
493
526
454
427
-0.2230
-0.9414
-0.1718
3.1500
-4.8300
-3.4300
426
493
526
453
425
-0.2220
-0.9521
-0.1645
3.7800
-5.9500
-2.7300
426
493
526
453
427
-0.2362
-0.9433
-0.1625
1.6100
-4.8300
-3.6400
426
493
526
452
427
-0.2308
-0.9457
-0.1581
1.6800
-3.8500
-3.5000
426
493
526
451
427
-0.2157
-0.9404
-0.1606
0.2100
-3.9200
-2.9400
426
492
525
451
427
-0.2250
-0.9589
-0.1640
2.7300
-3.5000
-3.9200
426
493
525
451
427
-0.2245
-0.9414
-0.1625
-0.4200
-4.2000
-4.3400
426
492
525
450
427
-0.2284
-0.9477
-0.1591
2.6600
-3.7800
-2.0300
426
492
525
450
425
-0.2206
-0.9526
-0.1620
0.6300
-2.8700
-2.0300
426
492
525
450
427
-0.2235
-0.9560
-0.1786
3.1500
-3.5700
-5.0400
426
492
525
450
427
-0.2172
-0.9677
-0.1523
3.0100
-4.0600
-4.8300
426
490
525
449
427
-0.2142
-0.9496
-0.1620
0.3500
-3.7800
-4.2000
426
486
525
447
428
-0.2133
-0.9477
-0.1747
-0.2800
-3.8500
-6.8600
426
481
524
437
429
-0.2059
-0.9555
-0.1654
-5.3900
-3.8500
-4.1300
426
473
520
426
431
-0.2186
-0.9443
-0.1850
-10.2200
0.6300
-7.7700
425
463
503
401
432
-0.1845
-0.9248
-0.2123
5.3900
2.0300
-8.4000
424
448
476
367
432
-0.1918
-1.0058
-0.2001
10.9200
-2.8700
-7.4900
424
426
454
332
433
-0.2020
-0.9653
-0.1820
11.9000
-4.8300
-4.4100
426
404
431
302
440
-0.1976
-0.9248
-0.1962
8.1900
-3.5000
1.6800
428
372
400
274
447
-0.1669
-0.9292
-0.1771
2.7300
-1.1900
0.8400
427
352
369
257
454
-0.1830
-0.9428
-0.1059
9.2400
3.0800
-4.3400
422
339
337
240
461
-0.1874
-0.9496
-0.1508
7.8400
-5.2500
2.7300
413
326
311
223
468
-0.1845
-0.9545
-0.1200
13.4400
-10.8500
-0.9100
407
320
303
214
468
-0.1810
-0.9672
-0.0825
11.9000
-3.4300
-4.1300
405
317
299
211
470
-0.1796
-0.9711
-0.0547
6.5100
-4.6900
-0.5600
406
319
297
210
465
-0.1879
-0.9872
-0.0605
-2.4500
-4.0600
-1.8200
406
322
298
211
466
-0.1845
-0.9692
-0.0654
4.6200
-7.2100
-5.1800
406
320
299
212
466
-0.1796
-0.9867
-0.0712
0.3500
-7.8400
-1.7500
405
315
301
213
466
-0.1859
-0.9755
-0.0595
4.1300
-6.3700
-1.4000
405
315
302
214
465
-0.1976
-0.9579
-0.0444
-9.8700
-9.3800
-0.2100
405
314
303
215
464
-0.2054
-0.9496
-0.0927
-3.1500
-2.9400
-4.0600
405
314
304
216
464
-0.1874
-0.9555
-0.0303
-11.6200
-5.5300
-0.4900
406
317
306
217
463
-0.1903
-0.9560
-0.0898
-10.2900
-5.6000
2.8000
407
323
307
218
460
-0.1937
-1.0243
-0.1479
-13.2300
-2.5900
-4.1300
408
326
308
220
456
-0.1957
-0.9653
-0.1815
9.6600
-2.6600
-5.2500
409
327
310
221
457
-0.1937
-0.9897
-0.1454
5.8800
-7.6300
-4.7600
410
331
311
222
453
-0.1767
-0.9819
-0.1376
6.3700
-6.0900
-1.9600
410
331
311
223
457
-0.2133
-0.9492
-0.1342
4.2700
-1.8900
-6.2300
410
331
311
223
454
-0.1967
-0.9633
-0.1376
0.0700
-6.3000
-2.9400
410
331
312
223
456
-0.1972
-0.9648
-0.1366
-2.8000
-5.5300
-3.2900
411
331
312
224
454
-0.1932
-0.9614
-0.1225
-0.7700
-3.0100
-2.4500
410
331
312
224
456
-0.2015
-0.9599
-0.1357
1.8900
-2.6600
-1.8900
411
332
312
224
454
-0.2020
-0.9643
-0.1283
1.0500
-4.3400
-1.9600
411
332
313
224
456
-0.2015
-0.9736
-0.1610
2.4500
-1.8900
-4.1300
411
333
314
225
453
-0.2050
-0.9584
-0.1366
3.8500
-3.0100
-4.5500
411
333
315
226
455
-0.1893
-0.9536
-0.1576
8.3300
-3.9900
-4.9000
412
334
315
227
453
-0.1884
-0.9892
-0.1396
4.4800
-4.2000
-5.3900
413
335
316
227
455
-0.1937
-0.9682
-0.1352
9.5200
-3.0100
-6.6500
413
334
316
227
453
-0.1815
-0.9745
-0.1220
7.4200
-4.2000
-6.2300
413
334
317
227
455
-0.1845
-0.9794
-0.1425
6.3000
-4.8300
-3.3600
413
335
317
228
452
-0.1879
-0.9711
-0.1220
1.4700
-5.8800
-2.8000
413
335
317
228
455
-0.1913
-0.9643
-0.1332
2.8000
-3.9900
-2.0300
413
335
317
228
453
-0.1884
-0.9638
-0.1279
1.6100
-2.3800
-3.5000
413
335
317
228
455
-0.1830
-0.9760
-0.1376
4.6200
-4.7600
-5.0400
413
335
317
228
453
-0.1806
-0.9921
-0.1308
8.2600
-5.7400
-5.5300
413
332
317
228
455
-0.1854
-0.9706
-0.1113
4.8300
-4.5500
-3.9900
412
328
317
228
453
-0.1810
-0.9780
-0.1122
3.5000
-5.4600
-2.8700
410
325
317
228
456
-0.1869
-0.9745
-0.1142
8.6100
-5.8800
-6.1600
409
324
317
228
455
-0.1703
-0.9745
-0.0971
4.6200
-7.0700
-4.9700
407
323
317
228
458
-0.1840
-0.9799
-0.0859
0.6300
-7.2800
-4.3400
406
322
317
228
458
-0.1835
-0.9721
-0.1025
5.1100
-5.7400
-5.6000
406
323
318
228
459
-0.1693
-0.9755
-0.0810
5.6700
-4.2700
-3.3600
405
326
318
229
459
-0.1659
-0.9584
-0.0805
-13.1600
-5.6000
1.1900
406
335
322
231
458
-0.1874
-0.9536
-0.1108
-6.6500
-7.0700
-3.3600
406
344
340
240
457
-0.1869
-0.9594
-0.1396
-2.6600
-5.6000
-3.2200
405
364
369
260
456
-0.1815
-0.9804
-0.1440
-14.4900
-9.0300
-0.3500
405
386
397
282
450
-0.2035
-1.0160
-0.1757
-18.0600
-4.1300
0.9800
408
413
438
322
449
-0.2001
-0.9853
-0.1840
-12.1100
-5.2500
-1.6100
412
431
464
353
446
-0.1903
-0.9467
-0.2172
-1.7500
-1.4000
1.1200
414
444
483
367
444
-0.1967
-0.9599
-0.2084
-3.7100
1.0500
-2.5200
415
455
497
381
443
-0.1937
-0.9379
-0.2196
3.1500
-1.2600
8.4000
418
469
509
403
441
-0.2416
-0.9453
-0.2147
7.6300
0.0700
-0.2100
420
479
517
429
436
-0.1918
-0.9823
-0.2011
-9.5900
0.9800
-0.6300
420
486
521
447
436
-0.2152
-0.9394
-0.2006
18.4800
5.3900
0.0000
421
489
524
453
433
-0.1996
-0.9594
-0.1684
22.1200
8.4700
-1.4000
421
491
525
456
431
-0.2001
-0.9604
-0.1523
8.8900
1.6800
-1.9600
422
493
526
458
430
-0.2172
-0.9667
-0.1376
6.2300
-4.0600
-4.2700
422
494
526
459
429
-0.2050
-0.9672
-0.1396
5.3900
-0.8400
-3.5700
422
494
527
459
428
-0.2089
-0.9687
-0.1391
10.0800
-0.4900
-2.7300
423
494
527
459
426
-0.2152
-0.9721
-0.1293
7.9100
-1.6800
-4.2000
423
494
527
459
428
-0.2054
-0.9653
-0.1064
1.5400
-5.6700
-2.5900
423
494
527
459
428
-0.2094
-0.9692
-0.1303
3.8500
-4.3400
-4.3400
423
494
527
459
428
-0.2074
-0.9579
-0.1059
2.4500
-4.5500
-2.6600
423
494
527
459
428
-0.2020
-0.9653
-0.1191
3.0100
-4.5500
-3.2900
422
494
527
458
428
-0.2137
-0.9653
-0.1083
0.6300
-3.5000
-3.1500
423
494
527
458
428
-0.2006
-0.9584
-0.1093
1.1200
-3.9200
-3.5000
422
494
527
457
426
-0.2069
-0.9633
-0.1137
2.2400
-3.6400
-3.6400
422
494
527
457
428
-0.2006
-0.9687
-0.1147
1.3300
-3.9900
-3.0100
422
493
527
456
428
-0.2059
-0.9628
-0.1049
-1.6800
-5.3900
-3.4300
422
493
526
455
429
-0.2025
-0.9609
-0.1064
-5.9500
-4.9000
-2.8000
422
492
526
453
428
-0.2064
-0.9428
-0.1025
-3.1500
-3.2200
-1.8200
422
490
525
449
429
-0.2079
-0.9501
-0.1083
-1.9600
-0.4200
-4.9000
422
485
522
444
428
-0.1859
-0.9614
-0.1157
-1.8200
-4.4800
-1.6800
422
478
516
438
424
-0.2108
-0.9545
-0.1118
-4.4800
-3.2900
-2.7300
421
467
505
428
429
-0.1874
-0.9721
-0.1254
-37.5900
-12.9500
2.3100
416
457
493
410
436
-0.2084
-0.9404
-0.2176
-14.7700
-4.6200
-11.6200
413
447
472
372
446
-0.1781
-0.9443
-0.2030
-4.0600
5.0400
-8.3300
412
436
446
321
454
-0.1625
-0.9355
-0.2347
-9.2400
-6.0900
-4.4100
407
407
403
282
468
-0.1864
-0.9091
-0.2284
-9.0300
-19.8100
-0.2800
401
371
352
236
491
-0.1444
-0.9721
-0.2899
-19.1100
-12.1800
-9.8000
395
339
326
215
505
-0.1420
-0.8682
-0.2533
5.6700
-20.0900
4.7600
389
322
320
210
517
-0.1889
-0.8838
-0.2162
7.3500
-7.2800
-2.8000
386
314
311
207
522
-0.1859
-0.9311
-0.2298
-4.2700
-4.8300
-7.9800
386
313
301
208
523
-0.1986
-0.8886
-0.2406
-21.7000
0.4200
-6.0200
395
322
303
213
517
-0.1835
-0.9355
-0.2372
4.0600
-6.5100
-2.3100
396
323
302
213
516
-0.1937
-0.9257
-0.2450
11.4100
1.2600
-8.3300
396
321
302
213
514
-0.2123
-0.9760
-0.2411
11.6900
-17.2200
-3.9900
395
322
304
215
509
-0.1942
-0.9570
-0.2308
-3.7100
-3.5000
-3.2900
395
324
305
216
508
-0.1757
-0.9482
-0.2328
1.0500
-2.7300
-3.2200
396
325
306
217
507
-0.1884
-0.9404
-0.2235
-11.3400
-2.8000
1.6800
399
330
308
219
503
-0.1815
-0.9594
-0.2938
-2.0300
-3.2200
-5.7400
402
338
310
221
504
-0.1708
-0.9560
-0.2494
2.8700
-2.3800
-3.9900
405
338
312
223
503
-0.1796
-0.9858
-0.2572
9.7300
-3.8500
-7.8400
406
341
313
224
499
-0.1776
-0.9721
-0.2679
6.0900
-1.5400
-9.5900
407
341
314
225
501
-0.1635
-0.9448
-0.2513
3.2900
-6.4400
-4.3400
407
341
315
226
500
-0.1781
-0.9565
-0.2494
3.5000
-5.7400
-4.6200
407
341
316
226
498
-0.1703
-0.9614
-0.2518
0.0700
-6.1600
-3.4300
407
341
316
227
500
-0.1781
-0.9540
-0.2645
1.6800
-4.4800
-3.5000
407
341
316
227
497
-0.1679
-0.9462
-0.2572
3.0100
-4.9000
-2.5200
407
341
316
228
499
-0.1840
-0.9536
-0.2616
7.0000
-2.8700
-5.8800
406
342
316
228
499
-0.1728
-0.9496
-0.2484
3.7800
-4.7600
-5.3200
406
342
316
228
497
-0.1815
-0.9433
-0.2567
5.6700
-3.9900
-3.9900
405
341
316
228
499
-0.1796
-0.9565
-0.2523
2.8700
-4.7600
-4.1300
403
341
317
228
499
-0.1752
-0.9550
-0.2460
1.1900
-4.9000
-2.7300
402
341
317
229
499
-0.1796
-0.9418
-0.2513
5.1800
-4.0600
-2.1000
402
342
318
230
499
-0.1742
-0.9589
-0.2338
-4.0600
-5.6700
-1.5400
402
350
329
238
496
-0.1957
-0.9487
-0.2635
-0.9800
-5.4600
-4.2000
402
367
356
256
495
-0.1713
-0.9462
-0.2567
-4.9000
-4.1300
-2.2400
402
386
397
283
493
-0.1752
-0.9531
-0.2728
1.4000
-4.3400
-0.0700
403
414
432
315
487
-0.1869
-0.9433
-0.0712
30.9400
3.1500
-1.3300
406
419
454
338
477
-0.1918
-0.9423
-0.1947
6.3000
-6.3000
-2.5200
407
422
459
343
474
-0.1825
-0.9511
-0.2176
3.3600
-2.1000
-1.6100
407
429
467
353
473
-0.1835
-0.9418
-0.2308
5.9500
-0.7700
-4.0600
409
442
479
366
466
-0.1893
-0.9443
-0.2357
10.2200
-0.4900
-1.9600
411
450
487
375
466
-0.1752
-0.9706
-0.1986
10.1500
1.4000
-0.2100
413
458
496
386
462
-0.1757
-0.9540
-0.1947
10.3600
-0.6300
0.9800
415
468
505
401
459
-0.2133
-0.9614
-0.2020
13.7200
3.7800
0.9100
417
476
512
417
454
-0.2025
-1.0512
-0.1864
12.8100
0.0700
-3.5700
418
483
517
431
451
-0.2128
-0.9736
-0.1601
4.2000
-2.4500
-1.9600
419
484
520
438
449
-0.2054
-1.2468
-0.0903
6.9300
-0.5600
-3.6400
420
485
522
442
448
-0.2011
-0.9614
-0.1620
6.3700
-2.2400
-3.0100
420
486
523
445
447
-0.2035
-0.9858
-0.1337
4.0600
-3.2900
-4.8300
421
486
523
446
447
-0.2011
-0.9565
-0.1376
2.9400
-4.2000
-3.6400
421
486
524
446
446
-0.1996
-0.9560
-0.1376
2.6600
-4.3400
-3.0800
421
486
524
446
446
-0.1962
-0.9492
-0.1401
3.5700
-3.7100
-2.4500
421
486
524
446
446
-0.2025
-0.9721
-0.1410
2.0300
-3.4300
-3.5700
421
486
524
445
446
-0.1957
-0.9521
-0.1386
3.2900
-2.4500
-2.9400
421
485
523
445
444
-0.1972
-0.9726
-0.1171
2.1700
-3.1500
-2.5200
421
485
523
445
446
-0.2035
-0.9653
-0.1318
2.5900
-3.3600
-3.2200
421
485
523
444
444
-0.1942
-0.9672
-0.1352
0.9100
-3.0100
-3.0100
421
485
524
445
446
-0.2011
-0.9589
-0.1322
0.0700
-3.2900
-4.7600
421
486
523
445
443
-0.1913
-0.9633
-0.1391
1.4000
-0.7700
-5.8800
421
485
523
445
446
-0.1874
-0.9765
-0.1386
2.1700
-0.9100
-6.4400
421
485
523
445
445
-0.1918
-0.9672
-0.1362
-0.6300
2.7300
-7.2100
420
485
523
445
446
-0.1620
-0.9560
-0.1332
-2.6600
-1.6800
-4.3400
420
484
523
446
446
-0.1659
-0.9565
-0.1503
7.2800
-1.7500
-2.6600
420
484
522
445
446
-0.1713
-0.9721
-0.1498
4.0600
-3.0800
-3.7800
420
483
522
443
447
-0.1674
-0.9721
-0.1181
7.4900
-5.1800
-4.6900
421
479
519
439
448
-0.1732
-0.9731
-0.1308
1.4000
-4.8300
-4.4800
420
474
514
430
447
-0.1703
-0.9521
-0.1401
-1.8200
-3.5000
-4.4800
420
469
506
422
449
-0.1669
-0.9443
-0.1440
2.8700
-3.9200
-2.7300
419
464
499
412
449
-0.1532
-0.9775
-0.1454
6.0200
-4.5500
-5.3900
420
455
490
401
451
-0.1513
-0.9936
-0.1371
0.8400
-2.8700
-6.5100
420
445
482
387
453
-0.1523
-0.9814
-0.1537
8.1200
-3.4300
-6.5100
419
438
473
373
456
-0.1557
-0.9701
-0.1332
5.0400
-2.1000
-6.7900
419
427
459
352
459
-0.1718
-0.9960
-0.1293
14.2100
-5.2500
-7.9100
418
410
440
326
466
-0.1405
-0.9877
-0.1240
11.4800
-2.7300
-7.0000
417
387
416
300
470
-0.1308
-0.9799
-0.1078
12.8100
-7.1400
-10.8500
416
367
391
278
474
-0.1327
-0.9755
-0.0532
9.8700
-6.0200
-9.7300
416
351
370
264
475
-0.1176
-0.9794
-0.0586
2.9400
-2.8000
-6.8600
415
334
348
249
483
-0.1230
-0.9970
-0.0542
5.3900
-12.8800
-12.9500
414
320
328
236
487
-0.1000
-0.9823
-0.0503
0.5600
-7.7700
0.0000
411
314
314
226
492
-0.1264
-1.0082
-0.0698
8.6800
-11.5500
-4.8300
402
305
303
219
494
-0.1479
-0.9833
-0.0600
-5.9500
-5.1800
-7.7000
398
301
299
215
493
-0.1035
-0.9409
-0.0566
4.9000
-7.7000
-3.4300
393
299
296
212
497
-0.1269
-0.9862
-0.0454
-2.6600
-7.7000
-1.3300
393
300
296
211
497
-0.1435
-0.9638
-0.0649
0.3500
7.7700
9.3800
399
306
301
214
491
-0.1410
-0.9184
0.0059
-9.7300
-0.0700
8.2600
403
310
304
217
487
-0.1425
-0.9565
-0.0234
-9.5200
0.4900
6.0900
406
312
306
219
481
-0.1552
-0.9736
-0.0669
4.3400
4.1300
-1.3300
408
315
307
221
478
-0.1562
-0.9731
-0.0239
3.7100
8.1200
-1.6100
408
318
309
222
473
-0.1249
-0.9736
-0.0532
-0.6300
-1.2600
-2.3100
409
320
311
223
472
-0.1298
-0.9794
-0.0273
3.5700
-3.4300
-2.8000
409
320
311
224
468
-0.1469
-0.9897
-0.0527
5.2500
0.4200
-1.7500
409
320
312
224
470
-0.1376
-0.9765
-0.0010
-3.7100
-3.7100
-2.5900
410
321
312
225
468
-0.1362
-0.9804
-0.0439
-0.5600
-2.6600
-2.0300
410
321
312
225
469
-0.1376
-0.9809
-0.0342
0.5600
-2.8000
-3.0800
410
322
314
227
469
-0.1366
-0.9843
-0.0303
4.3400
-4.2000
-3.5000
411
323
315
228
469
-0.1376
-0.9877
-0.0278
1.1200
-2.9400
-3.5000
412
324
316
229
469
-0.1396
-0.9794
-0.0185
0.1400
-3.7100
-3.1500
412
325
316
229
469
-0.1425
-0.9643
-0.0190
-1.6100
-5.3200
-2.1000
412
325
316
229
469
-0.1318
-0.9853
-0.0322
-6.7200
-5.1100
-1.3300
412
325
317
229
469
-0.1293
-0.9701
-0.0332
0.7000
-3.0100
-1.5400
412
326
317
229
468
-0.1376
-0.9775
-0.0346
2.6600
-5.8100
-3.9200
412
326
317
230
467
-0.1205
-0.9745
-0.0210
5.3200
-7.2100
-2.7300
412
326
318
230
469
-0.1391
-0.9960
-0.0132
4.8300
-4.9000
-3.5700
412
326
318
230
467
-0.1313
-0.9921
-0.0249
5.6000
-5.1800
-4.0600
411
326
318
230
469
-0.1327
-0.9975
-0.0234
2.5200
-4.9700
-3.5700
411
326
319
231
467
-0.1386
-0.9799
-0.0229
4.1300
-4.6900
-3.6400
410
326
319
231
469
-0.1274
-0.9950
-0.0146
3.5700
-5.1800
-3.9200
410
327
320
232
467
-0.1410
-0.9916
-0.0239
1.9600
-4.0600
-3.0800
410
327
320
232
470
-0.1352
-0.9794
-0.0224
0.2800
-3.7100
-2.5200
409
327
321
233
467
-0.1313
-0.9731
-0.0239
0.3500
-3.1500
-4.2700
409
327
321
233
469
-0.1288
-0.9789
-0.0229
-1.0500
-4.2000
-3.0800
408
328
323
234
469
-0.1298
-0.9867
-0.0400
-0.7000
-4.0600
-3.0100
409
331
331
238
469
-0.1288
-0.9848
-0.0249
-4.9700
-3.0100
-2.5900
409
337
340
244
469
-0.1440
-0.9682
-0.0322
1.1200
-3.0800
-3.0800
409
340
345
247
469
-0.1352
-0.9872
-0.0791
-0.5600
-4.2000
-4.1300
408
341
349
249
469
-0.1279
-0.9828
-0.0493
-4.4800
-5.8800
-5.5300
405
343
362
257
468
-0.1152
-0.9989
-0.0752
-8.9600
-5.8800
-5.2500
404
348
394
275
466
-0.1303
-0.9599
-0.0766
-15.9600
-3.5000
-0.3500
405
378
430
308
460
-0.1205
-0.9775
-0.1327
-12.7400
-0.4200
-0.1400
408
414
456
339
461
-0.1074
-0.9716
-0.1469
-16.5900
-13.7900
-0.7700
412
439
478
369
455
-0.1176
-0.9726
-0.1401
-2.4500
2.5900
9.1000
415
461
500
394
452
-0.1542
-0.9770
-0.1615
3.7100
-1.8200
2.7300
417
473
510
414
450
-0.1732
-0.9745
-0.1630
2.9400
-3.0100
-0.4900
417
480
516
429
448
-0.1830
-0.9780
-0.1645
3.5700
-2.5900
-0.7700
418
483
518
436
447
-0.1625
-0.9135
-0.1357
8.5400
-0.7700
-2.8700
418
486
520
440
447
-0.1591
-0.9618
-0.1220
6.0200
-3.2200
-3.9900
419
486
521
441
446
-0.1654
-0.9677
-0.1420
-0.7000
-3.1500
-1.7500
419
486
521
442
446
-0.1713
-0.9623
-0.1337
3.9200
-3.6400
-2.9400
419
486
522
442
443
-0.1654
-0.9740
-0.1303
0.2800
-2.8000
-4.5500
419
487
522
441
445
-0.1615
-0.9560
-0.1381
6.7900
-3.1500
-3.4300
419
486
522
441
443
-0.1591
-0.9814
-0.1283
2.5900
-3.9900
-3.7100
419
486
522
440
445
-0.1566
-0.9648
-0.1318
3.2200
-4.4800
-3.4300
419
486
522
439
443
-0.1586
-0.9736
-0.1166
2.5900
-3.5000
-3.2900
419
486
521
438
445
-0.1615
-0.9643
-0.1166
2.2400
-3.7100
-3.5000
419
486
521
437
445
-0.1596
-0.9755
-0.1176
4.4100
-4.1300
-2.2400
419
486
521
437
445
-0.1703
-0.9775
-0.1122
2.8000
-3.2900
-3.3600
419
485
521
436
445
-0.1606
-0.9692
-0.1137
-1.8200
-7.0000
-2.6600
419
485
521
434
445
-0.1513
-0.9960
-0.1469
4.8300
-3.8500
-5.6700
419
483
520
433
444
-0.1562
-0.9862
-0.1142
-0.3500
-4.8300
-4.9700
419
479
520
426
444
-0.1591
-0.9726
-0.1283
-1.5400
-4.4800
-4.3400
419
477
520
424
444
-0.1606
-0.9516
-0.1318
1.8900
-4.8300
-3.8500
419
477
520
423
444
-0.1571
-0.9716
-0.1118
-0.4200
-2.9400
-4.9000
419
476
519
424
444
-0.1571
-0.9623
-0.1322
-2.2400
-2.2400
-5.2500
419
476
519
425
444
-0.1405
-0.9584
-0.1166
-0.9100
-2.7300
-6.0200
419
469
519
426
443
-0.1410
-0.9540
-0.1205
0.0700
-3.4300
-3.5700
419
449
519
426
444
-0.1391
-0.9672
-0.1015
-11.2000
-5.1800
-0.9800
419
433
516
423
445
-0.1537
-0.9731
-0.1488
9.4500
-5.3200
-5.1100
419
432
501
408
446
-0.1474
-0.9926
-0.1118
3.7100
-1.9600
-2.8000
419
433
492
400
446
-0.1532
-0.9711
-0.0917
-3.0100
-4.5500
-4.4100
419
433
457
376
449
-0.1376
-0.9223
-0.1054
11.6200
-4.4800
-5.3900
417
414
404
334
454
-0.1542
-0.9531
-0.1191
-3.1500
17.7800
-2.3800
414
393
361
288
466
-0.1225
-0.9453
-0.1347
20.2300
-10.1500
-2.2400
414
379
336
255
473
-0.1518
-0.9799
-0.0405
-0.4200
-10.7100
17.6400
416
361
322
242
483
-0.2035
-0.9975
-0.1054
-2.1700
-11.6900
-0.4900
418
347
312
235
486
-0.1864
-0.9423
-0.0961
11.4800
-5.9500
4.2000
417
338
303
227
486
-0.1737
-0.9906
-0.0703
7.8400
-7.1400
5.4600
411
330
297
223
493
-0.1835
-0.9550
-0.1235
5.6000
-4.6200
-6.1600
405
319
293
219
489
-0.1762
-0.9760
-0.0571
12.7400
-5.8800
-5.3900
402
316
293
219
491
-0.1688
-0.9770
-0.0610
2.9400
-3.0100
-1.2600
401
317
294
220
490
-0.1850
-0.9531
-0.0581
-5.1800
-5.8100
-0.3500
402
319
296
222
488
-0.1810
-1.0087
-0.1196
-19.1800
-11.3400
-1.0500
404
328
298
225
492
-0.1947
-0.9272
-0.1030
-1.1900
-1.6800
-2.5200
405
328
300
226
491
-0.1757
-0.9643
-0.1020
-0.4900
-3.5700
-2.8000
406
329
301
227
489
-0.1957
-0.9550
-0.1147
3.9900
-1.4000
-3.8500
406
329
302
228
490
-0.1630
-0.9750
-0.1147
-0.7700
-4.3400
-3.0800
406
329
303
229
488
-0.1718
-0.9667
-0.1030
2.5200
-3.9200
-3.2200
405
330
303
229
490
-0.1747
-0.9687
-0.1240
6.0200
-3.0100
-3.0100
405
330
304
230
490
-0.1654
-0.9765
-0.0986
1.1200
-4.5500
-3.9900
405
330
304
230
488
-0.1664
-0.9623
-0.1039
-0.1400
-4.2000
-3.5700
403
330
305
231
490
-0.1610
-0.9726
-0.1093
2.6600
-4.8300
-3.6400
403
331
305
231
487
-0.1718
-0.9731
-0.1025
2.5200
-4.5500
-4.4800
402
331
306
232
489
-0.1562
-0.9765
-0.1054
0.0000
-3.2200
-2.4500
402
331
306
232
489
-0.1674
-0.9653
-0.1166
-3.4300
-2.2400
-3.2200
404
333
306
233
488
-0.1679
-0.9775
-0.1127
3.2200
-3.4300
-3.2200
406
334
307
233
488
-0.1601
-0.9736
-0.1103
2.3800
-4.6900
-4.4800
407
335
307
234
485
-0.1620
-0.9697
-0.1078
5.5300
-5.6700
-4.1300
408
335
307
234
488
-0.1606
-0.9750
-0.0981
3.6400
-6.2300
-3.8500
409
335
308
234
486
-0.1620
-0.9677
-0.1059
4.8300
-4.2700
-4.2700
410
335
309
235
488
-0.1459
-0.9677
-0.0883
0.7000
-3.1500
-3.2200
410
335
310
236
487
-0.1571
-0.9687
-0.0888
2.2400
-4.9000
-2.3100
410
335
310
235
487
-0.1513
-0.9648
-0.0869
0.3500
-4.9700
-2.5200
410
335
310
236
487
-0.1552
-0.9697
-0.0961
3.2200
-5.2500
-3.8500
410
335
310
236
485
-0.1532
-0.9770
-0.0932
3.6400
-5.2500
-5.6000
409
335
311
236
488
-0.1396
-0.9858
-0.0659
5.6000
-7.0000
-4.0600
408
335
311
236
486
-0.1557
-0.9823
-0.0820
5.0400
-3.1500
-3.7100
408
335
311
236
488
-0.1449
-0.9867
-0.1020
6.7200
-4.2700
-3.5000
408
335
311
236
488
-0.1415
-0.9902
-0.0727
5.4600
-4.4100
-5.3900
408
335
312
237
488
-0.1391
-0.9965
-0.0747
5.1100
-4.9700
-5.1100
408
335
312
237
488
-0.1440
-0.9994
-0.0795
7.5600
-4.4800
-5.8100
408
335
312
237
485
-0.1376
-0.9906
-0.0815
7.7000
-3.0800
-4.9700
408
335
313
237
487
-0.1342
-0.9921
-0.0669
4.0600
-4.7600
-1.3300
408
335
313
237
485
-0.1527
-0.9887
-0.0595
3.1500
-4.1300
-3.0800
408
335
313
238
487
-0.1288
-0.9892
-0.0722
8.5400
-0.9100
-0.0700
408
336
313
238
487
-0.1484
-0.9931
-0.0483
4.2700
-3.2200
-3.1500
408
336
313
238
487
-0.1420
-0.9838
-0.0639
1.4700
-3.9900
-4.0600
408
336
313
238
487
-0.1420
-0.9828
-0.0634
0.3500
-4.4100
-3.9900
408
337
313
238
484
-0.1444
-0.9784
-0.0498
-6.5100
-3.0800
-0.2100
407
337
316
240
485
-0.1532
-0.9653
-0.0625
-2.4500
-4.4800
-0.2100
406
337
318
243
483
-0.1547
-0.9716
-0.0781
-6.7200
0.4900
-0.4200
405
348
338
256
482
-0.1527
-0.9658
-0.1088
-17.2200
-5.1800
0.2100
404
377
376
285
478
-0.1606
-0.9672
-0.1474
-10.0800
3.5000
8.5400
409
420
432
331
472
-0.1664
-0.9887
-0.1401
4.7600
-5.1800
3.0800
414
448
465
363
468
-0.2342
-0.9950
-0.1122
23.8700
3.2900
3.0800
417
459
494
379
458
-0.1889
-0.9897
-0.1371
14.4900
0.1400
6.5100
420
473
509
404
451
-0.2011
-0.9887
-0.1059
13.0900
1.5400
0.4900
423
483
518
431
443
-0.2372
-0.9384
-0.1288
4.6900
0.2800
-1.6100
424
487
522
446
437
-0.2167
-0.9726
-0.0683
-6.6500
-4.0600
-6.5800
425
490
524
451
434
-0.2401
-0.9453
-0.1015
-2.2400
-5.1800
-1.5400
425
492
525
455
433
-0.2186
-0.9584
-0.1147
-6.5800
-2.8000
-5.3200
425
495
526
457
433
-0.2035
-0.9506
-0.1098
-2.0300
-3.8500
-2.7300
426
496
526
458
432
-0.2230
-0.9462
-0.1196
-2.6600
-3.9900
-2.9400
426
496
526
459
432
-0.2162
-0.9623
-0.1132
-2.7300
-2.4500
-4.2700
426
496
526
458
432
-0.2186
-0.9594
-0.1366
3.7800
-3.2900
-5.1800
427
496
526
458
432
-0.2118
-0.9740
-0.1269
3.2900
-4.5500
-3.9900
427
496
526
458
430
-0.2084
-0.9545
-0.1371
4.5500
-3.1500
-2.8700
427
496
526
457
432
-0.2089
-0.9628
-0.1269
0.5600
-4.2000
-4.0600
427
496
526
456
432
-0.2074
-0.9614
-0.1098
-0.9800
-3.4300
-6.6500
427
495
526
455
433
-0.2059
-0.9501
-0.1303
2.5200
-1.6800
-6.1600
427
495
526
454
433
-0.1957
-0.9653
-0.1283
0.2800
-3.7800
-3.1500
427
494
526
451
434
-0.2113
-0.9682
-0.1249
0.9100
-2.9400
-5.4600
427
493
525
446
434
-0.1937
-0.9570
-0.1337
-0.0700
-2.6600
-7.1400
426
491
523
436
435
-0.2118
-0.9545
-0.1283
-0.5600
0.9800
-13.7900
425
483
514
419
437
-0.1713
-0.9516
-0.1269
9.9400
11.8300
-14.0000
425
459
475
384
439
-0.1425
-0.9355
-0.1210
19.6000
10.1500
-10.6400
428
418
413
317
443
-0.1000
-0.9755
-0.0854
15.9600
-3.5000
-7.2800
430
372
349
264
456
-0.0732
-1.0214
-0.0366
24.5000
-44.1700
5.7400
430
352
321
243
455
-0.1322
-1.0189
-0.0717
-9.0300
-13.4400
0.7000
426
334
303
232
451
-0.1352
-1.0019
-0.0932
-2.4500
-13.0900
0.5600
419
325
295
225
445
-0.1420
-0.9726
-0.1044
4.6900
-10.3600
0.2800
414
323
289
221
440
-0.1498
-0.9780
-0.0595
2.3800
-3.5700
1.0500
411
327
291
222
431
-0.1513
-0.9594
-0.0483
-4.1300
-3.0100
1.5400
411
331
294
224
426
-0.1537
-0.9321
-0.0459
-24.9200
-6.3700
3.5700
411
333
296
227
423
-0.1420
-0.9565
-0.1118
0.0000
-0.6300
-1.8200
412
337
299
229
420
-0.1401
-0.9594
-0.0913
1.8900
-7.7700
0.2800
413
343
302
232
420
-0.1591
-0.9750
-0.0795
2.6600
-6.1600
-0.5600
413
347
304
233
420
-0.1537
-0.9692
-0.0600
-1.1900
-5.0400
-1.3300
414
347
304
234
420
-0.1459
-0.9775
-0.0878
1.9600
-4.0600
-2.3100
414
347
304
234
420
-0.1527
-0.9784
-0.0639
-3.6400
-3.0800
-3.7800
414
347
305
235
419
-0.1449
-0.9618
-0.0766
0.3500
-1.1200
-3.9900
414
348
306
236
420
-0.1430
-0.9775
-0.0542
-1.4700
-4.7600
-0.9800
414
348
306
236
417
-0.1493
-0.9653
-0.0825
0.4200
-4.4100
-2.8000
414
348
307
236
420
-0.1327
-0.9604
-0.0620
0.7700
-4.6200
-3.1500
413
348
307
237
420
-0.1405
-0.9848
-0.0703
-1.4700
-3.1500
-7.0000
413
348
307
237
421
-0.1371
-0.9853
-0.0776
5.3900
-2.1000
-5.2500
413
349
307
237
421
-0.1264
-1.0058
-0.0898
14.0700
-4.6200
-7.1400
414
350
308
237
418
-0.1249
-0.9960
-0.0459
5.6000
-5.3900
-4.2700
414
351
309
238
420
-0.1318
-0.9858
-0.0615
4.2000
-4.9000
-4.4800
415
351
309
239
420
-0.1279
-0.9975
-0.0571
6.3700
-4.2000
-4.8300
416
352
310
239
420
-0.1269
-0.9858
-0.0503
5.5300
-4.0600
-3.0800
416
352
310
239
420
-0.1298
-0.9838
-0.0542
1.9600
-4.6200
-3.2900
416
352
310
240
417
-0.1283
-0.9902
-0.0439
3.5700
-3.5700
-4.1300
416
353
311
240
419
-0.1371
-0.9872
-0.0542
4.1300
-3.0100
-3.5000
416
353
311
240
420
-0.1205
-0.9877
-0.0556
6.5800
-4.6200
-4.9700
416
353
312
240
419
-0.1318
-1.0024
-0.0346
4.9700
-3.4300
-2.1700
416
353
312
240
419
-0.1244
-0.9975
-0.0449
5.0400
-5.0400
-1.1200
415
353
312
240
420
-0.1532
-0.9945
-0.0351
-3.5700
-7.4900
-2.6600
414
354
312
240
420
-0.1381
-0.9775
-0.0410
-7.2800
-5.3200
-1.2600
412
358
315
243
421
-0.1357
-0.9658
-0.0605
-7.1400
-6.3000
-0.9800
410
364
324
247
421
-0.1283
-0.9887
-0.0761
-10.9900
-9.3100
-0.9100
407
367
340
258
420
-0.1405
-0.9823
-0.0913
-6.1600
-2.6600
0.7000
407
378
373
279
421
-0.1293
-0.9516
-0.0927
-9.7300
-1.1900
7.6300
408
405
417
313
422
-0.1630
-0.9599
-0.1430
-12.0400
-1.9600
6.4400
412
430
460
351
419
-0.2157
-0.9457
-0.1161
-8.8200
-0.3500
0.0000
414
440
474
366
420
-0.1771
-0.9145
-0.1484
-16.3800
-2.6600
1.0500
415
443
484
372
420
-0.1806
-0.9331
-0.1459
-16.7300
-1.3300
3.6400
417
457
501
390
419
-0.1889
-0.9370
-0.1742
-4.9000
-1.7500
5.6700
419
472
512
417
419
-0.1923
-0.9467
-0.1649
-0.9800
-2.3100
4.6900
421
478
517
433
418
-0.2094
-0.9287
-0.1815
49.9800
1.7500
-3.7100
422
483
522
449
417
-0.1889
-0.9667
-0.1288
-12.8100
-2.5200
-3.3600
422
487
524
456
413
-0.2006
-0.9555
-0.1654
5.0400
-1.4700
-0.9800
423
489
525
458
415
-0.1932
-0.9740
-0.1610
-2.7300
-1.5400
-2.8000
423
490
526
459
415
-0.2079
-0.9492
-0.1718
0.7000
0.8400
-5.0400
423
491
527
460
415
-0.1859
-0.9536
-0.1771
3.6400
-1.1200
-0.4900
423
492
527
460
415
-0.1942
-0.9658
-0.1913
3.9200
-0.5600
-1.8200
423
493
527
460
415
-0.2040
-0.9545
-0.1874
4.9700
-2.3800
-3.1500
423
494
528
460
415
-0.1981
-0.9579
-0.1752
9.5900
-1.9600
-5.3900
424
495
528
460
414
-0.1723
-0.9687
-0.1659
2.1700
-3.4300
-3.5700
424
495
528
460
414
-0.1825
-0.9618
-0.1674
-1.9600
-4.2000
-3.7100
425
495
528
460
414
-0.1806
-0.9545
-0.1752
2.7300
-3.0800
-3.0800
424
495
528
460
414
-0.1703
-0.9701
-0.1547
1.0500
-5.0400
-5.1100
424
495
528
460
414
-0.1762
-0.9575
-0.1713
3.0100
-4.7600
-2.8700
424
495
528
460
415
-0.1810
-0.9589
-0.1806
3.6400
-4.4100
-3.6400
424
495
528
459
415
-0.1698
-0.9648
-0.1571
3.2900
-4.4100
-5.1800
424
494
528
459
415
-0.1693
-0.9633
-0.1547
5.3900
-4.8300
-5.1800
424
494
528
459
415
-0.1713
-0.9740
-0.1698
-1.0500
-2.4500
-6.7900
425
493
527
458
415
-0.1586
-0.9536
-0.1791
1.6800
-3.2900
-5.1800
425
487
527
452
415
-0.1542
-0.9745
-0.1786
4.4100
-3.0800
-2.3100
425
480
526
440
416
-0.2098
-0.9789
-0.1606
2.1000
-4.6200
-4.2700
426
472
524
431
419
-0.1606
-0.9150
-0.1523
0.2100
-4.1300
-1.2600
427
469
518
421
419
-0.1484
-0.9228
-0.1825
9.0300
1.2600
-5.6000
428
462
489
400
420
-0.1313
-1.0360
-0.2040
9.8000
-11.4100
-9.4500
429
450
462
349
421
-0.1518
-0.9658
-0.2011
3.0800
-1.2600
-2.2400
430
420
440
305
426
-0.1571
-0.9511
-0.1640
-1.6100
-2.1700
-1.8200
430
398
392
271
434
-0.1459
-0.9404
-0.2245
11.2700
-13.4400
-1.9600
430
364
354
249
439
-0.1435
-0.9697
-0.1288
8.6800
-10.2900
-1.8900
428
343
322
231
446
-0.1464
-0.9604
-0.1625
-7.3500
-5.8800
-0.7700
424
334
294
220
449
-0.1649
-0.9633
-0.1020
9.2400
-8.5400
-1.2600
414
318
285
214
454
-0.1283
-0.9526
-0.1161
-0.8400
-9.2400
-0.5600
402
309
287
214
457
-0.1342
-0.9594
-0.1000
-19.8800
-23.9400
10.0800
386
303
288
211
459
-0.1786
-0.9945
-0.2157
6.6500
-3.2200
-5.8100
384
303
289
211
457
-0.1425
-0.9701
-0.1440
-2.4500
-3.1500
-4.0600
390
305
293
219
453
-0.1488
-0.9414
-0.1586
-4.2700
-2.0300
1.1200
397
312
295
241
452
-0.1537
-0.9482
-0.1249
-6.3000
-4.9000
-0.2800
401
316
296
242
446
-0.1937
-0.9428
-0.1523
-3.4300
2.0300
-0.9800
403
320
297
239
447
-0.1562
-0.9726
-0.1415
-30.8700
-6.6500
-2.5200
404
323
298
238
445
-0.1547
-0.9355
-0.2333
0.8400
-2.5200
-0.8400
405
324
301
240
446
-0.1484
-0.9687
-0.1523
-0.7700
-7.1400
-2.2400
405
325
301
241
444
-0.1771
-0.9492
-0.1923
-2.1700
-4.9700
-1.6800
405
325
302
242
446
-0.1659
-0.9433
-0.1898
1.1900
-4.2000
-0.3500
405
325
302
242
444
-0.1640
-0.9521
-0.1937
-1.1900
-3.0800
-1.1900
405
325
302
242
447
-0.1703
-0.9531
-0.1820
0.5600
-5.8100
-2.3800
405
325
303
242
444
-0.1571
-0.9501
-0.1679
-3.8500
-4.2000
-0.8400
406
326
303
243
447
-0.1630
-0.9579
-0.1796
0.2800
-3.8500
-0.4900
407
328
304
244
445
-0.1620
-0.9667
-0.1810
-0.6300
-3.8500
-1.4700
409
329
305
245
446
-0.1664
-0.9501
-0.1820
1.0500
-3.0800
-1.8200
409
329
305
245
446
-0.1771
-0.9575
-0.1552
-2.3100
-2.6600
-2.5200
410
330
305
246
446
-0.1576
-0.9511
-0.1776
-0.2800
-5.1800
-2.7300
410
331
306
246
444
-0.1815
-0.9755
-0.1786
-3.2200
-3.0800
-3.7800
410
331
306
247
446
-0.1684
-0.9609
-0.1874
3.5000
-2.6600
-1.9600
410
332
307
248
446
-0.1625
-0.9662
-0.1684
-0.1400
-4.6900
-2.3800
410
332
307
248
447
-0.1649
-0.9643
-0.1625
2.3100
-2.6600
-3.7100
409
332
308
248
447
-0.1459
-0.9667
-0.1601
0.2100
-4.2700
-2.7300
409
332
308
248
447
-0.1581
-0.9618
-0.1688
1.8900
-5.8800
-4.4100
410
332
308
248
447
-0.1474
-0.9667
-0.1615
6.5100
-6.7200
-4.2700
410
333
308
249
447
-0.1405
-0.9658
-0.1493
3.5000
-5.7400
-3.0800
410
333
308
249
447
-0.1566
-0.9697
-0.1601
-0.7000
-4.1300
-1.4700
410
333
309
249
446
-0.1586
-0.9633
-0.1752
2.7300
-3.6400
-1.6800
410
335
309
249
446
-0.1552
-0.9682
-0.1684
13.7200
-3.8500
-5.3200
411
338
311
250
446
-0.1503
-0.9775
-0.1283
7.1400
-4.1300
-2.2400
411
338
311
251
447
-0.1532
-0.9628
-0.1586
4.5500
-3.9200
-2.1000
409
339
311
251
447
-0.1459
-0.9731
-0.1401
-1.4700
-6.0900
-2.5900
405
341
315
253
447
-0.1640
-0.9658
-0.1566
4.3400
-7.7000
-3.0100
404
362
334
266
445
-0.1444
-0.9755
-0.1786
20.5800
0.0700
-5.3900
404
397
384
300
440
-0.1440
-0.9555
-0.1059
10.9900
-2.7300
2.5900
405
423
438
336
435
-0.1737
-0.9740
-0.1191
-5.9500
-5.7400
1.3300
410
443
471
362
433
-0.1864
-0.9467
-0.1396
-11.0600
-4.2700
3.3600
417
456
490
375
430
-0.1703
-0.9521
-0.1606
3.3600
-3.7800
4.9700
420
468
505
387
428
-0.2035
-0.9658
-0.1498
-1.8900
-5.3200
0.0000
421
477
514
406
427
-0.1737
-0.9272
-0.1484
-0.4900
-3.0800
-0.4200
422
483
519
424
426
-0.2020
-0.8886
-0.2011
-9.3800
-2.0300
-2.6600
422
488
523
435
425
-0.2064
-0.9384
-0.1518
-4.1300
-3.6400
-3.0100
422
490
525
442
424
-0.1996
-0.9326
-0.1713
2.0300
-1.4700
-2.4500
421
490
526
445
423
-0.2035
-0.9477
-0.1684
4.6200
-3.0100
-2.8000
422
491
527
448
420
-0.2142
-0.9589
-0.1669
0.4900
-2.2400
-2.6600
421
491
527
450
422
-0.1996
-0.9418
-0.1645
0.1400
-3.8500
-1.9600
421
491
527
450
421
-0.2098
-0.9462
-0.1601
0.4200
-4.3400
-2.8000
421
491
527
450
421
-0.2069
-0.9521
-0.1571
0.8400
-4.2000
-2.2400
421
491
527
450
421
-0.2040
-0.9516
-0.1547
0.8400
-4.1300
-2.0300
421
490
527
450
419
-0.2079
-0.9482
-0.1674
1.4700
-4.1300
-3.5000
421
490
527
450
421
-0.2020
-0.9511
-0.1601
2.4500
-4.0600
-3.5700
421
490
527
450
421
-0.2098
-0.9550
-0.1615
-0.7000
-3.9200
-4.0600
421
490
527
450
421
-0.2074
-0.9492
-0.1645
2.1700
-3.0800
-2.3100
421
490
527
450
421
-0.2025
-0.9623
-0.1669
0.2100
-3.3600
-3.8500
421
490
527
450
418
-0.2074
-0.9506
-0.1684
0.3500
-2.9400
-5.1800
421
490
527
449
420
-0.2054
-0.9555
-0.1742
-0.2100
-3.6400
-4.1300
421
490
527
449
421
-0.1957
-0.9453
-0.1659
-0.1400
-4.4100
-4.4100
421
489
527
449
421
-0.1996
-0.9496
-0.1669
-3.0100
-3.5700
-5.1800
421
489
526
447
421
-0.1962
-0.9374
-0.1684
-3.9200
-5.2500
-7.7700
421
487
525
437
421
-0.1625
-0.9677
-0.1825
-6.0200
-6.7900
-4.7600
421
484
522
424
422
-0.1884
-0.9306
-0.2006
4.9000
-7.6300
-4.4100
421
476
515
413
423
-0.2045
-0.9716
-0.1918
4.5500
-4.4800
-6.7200
422
461
499
403
427
-0.1874
-0.9618
-0.1767
1.3300
-5.0400
-9.3100
423
447
486
377
427
-0.1615
-0.9526
-0.1967
6.7200
-8.3300
0.9100
424
422
465
348
428
-0.1908
-1.0102
-0.2191
27.0200
-9.5900
-8.5400
424
394
447
319
436
-0.1571
-1.0141
-0.1464
18.9000
-11.2000
-3.4300
421
361
423
291
442
-0.1932
-1.0058
-0.1410
3.2900
-10.2200
0.2800
416
337
386
264
448
-0.1918
-0.9404
-0.1552
3.7800
-8.7500
1.2600
410
323
348
242
449
-0.1942
-0.9936
-0.1562
-7.4900
-4.6200
-4.3400
404
315
322
228
449
-0.1889
-0.9682
-0.1601
5.8800
-3.4300
-4.7600
402
314
303
219
447
-0.1869
-0.9633
-0.1918
15.8200
-1.6100
-4.2000
401
318
294
215
446
-0.1908
-0.9877
-0.1337
6.5100
-3.0100
-3.0800
400
317
294
215
443
-0.1874
-0.9584
-0.1591
9.2400
-3.3600
-3.6400
400
318
296
216
440
-0.1928
-0.9760
-0.1293
16.9400
-3.4300
-5.2500
401
318
298
217
439
-0.1708
-0.9740
-0.1259
2.5200
-6.7900
-3.0800
400
316
299
218
439
-0.1923
-0.9584
-0.1327
-3.0800
-3.9200
-2.3800
399
313
300
218
439
-0.1752
-0.9536
-0.1293
-6.5800
-5.2500
-1.6100
399
317
301
220
439
-0.1947
-0.9516
-0.1288
-0.4900
-4.7600
-1.6800
400
319
302
221
439
-0.1840
-0.9711
-0.1298
1.8200
-4.4100
-2.1700
401
320
303
222
438
-0.1898
-0.9667
-0.1303
-1.4700
-5.3200
-1.3300
403
322
304
223
438
-0.1923
-0.9638
-0.1391
5.4600
-3.0100
-7.9100
404
323
306
224
437
-0.1591
-0.9770
-0.1186
2.1000
-4.6900
-3.6400
406
324
308
225
435
-0.1723
-0.9672
-0.0010
4.6900
-3.2900
-1.9600
408
324
309
226
434
-0.1693
-0.9858
-0.1620
12.4600
1.3300
-3.2200
408
325
309
226
430
-0.1469
-0.9697
-0.1049
2.5200
-4.2700
-2.3800
409
326
310
227
431
-0.1850
-0.9711
-0.1357
4.9000
-1.4000
-3.9200
409
328
310
227
430
-0.1659
-0.9980
-0.1274
10.2200
-4.8300
-4.6900
411
329
311
227
428
-0.1688
-0.9838
-0.1249
9.7300
-5.0400
-3.7100
412
330
312
229
427
-0.1659
-0.9697
-0.1137
1.7500
-3.0100
-2.7300
412
330
312
229
427
-0.1645
-0.9609
-0.1108
3.7800
-1.6100
-2.0300
412
332
313
230
426
-0.1703
-0.9565
-0.1127
6.4400
-2.7300
-4.4100
413
333
313
230
423
-0.1693
-0.9755
-0.0947
7.8400
-0.3500
-6.3000
413
334
314
231
425
-0.1630
-0.9609
-0.0678
3.5700
0.1400
-1.8200
413
334
314
232
424
-0.1415
-0.9682
-0.0630
-6.5100
5.3900
9.8700
413
335
314
232
424
-0.2025
-0.9555
-0.1088
3.2200
-0.8400
0.2100
412
335
313
232
424
-0.1757
-0.9833
-0.0776
-1.7500
-2.4500
-0.4200
411
336
314
232
422
-0.1962
-0.9414
-0.0952
-3.4300
2.1700
-1.4000
410
336
314
232
424
-0.1684
-0.9526
-0.0903
-0.7000
-1.4700
-3.2200
410
336
314
232
424
-0.1801
-0.9555
-0.1054
-4.3400
-1.1900
-2.2400
410
337
313
232
424
-0.1893
-0.9677
-0.1078
5.6700
1.1200
-2.4500
410
337
314
233
424
-0.1859
-0.9960
-0.1000
9.8700
-2.1000
-2.3800
410
338
314
233
422
-0.1684
-0.9980
-0.0932
7.4900
1.1200
-6.0900
410
338
314
233
425
-0.1664
-0.9731
-0.0869
7.0000
-2.3800
-5.3200
409
338
314
233
425
-0.1488
-0.9804
-0.1035
5.8100
-6.3700
-4.3400
409
338
314
233
425
-0.1513
-0.9862
-0.0737
0.2800
-4.8300
-5.0400
408
338
315
233
425
-0.1688
-0.9828
-0.0815
3.6400
1.3300
-10.9200
408
338
314
233
426
-0.1523
-0.9565
-0.0576
-0.8400
-5.3900
-0.3500
408
338
315
234
426
-0.1625
-0.9789
-0.0820
1.0500
-4.6900
-3.0800
408
338
315
234
424
-0.1420
-0.9736
-0.0581
-0.2100
-7.3500
-2.7300
407
338
315
234
427
-0.1386
-0.9799
-0.0771
-10.5000
-9.3800
-4.0600
405
338
316
234
428
-0.1381
-0.9638
-0.1039
-0.1400
-9.5200
-6.3000
403
340
320
236
431
-0.1152
-1.0019
-0.1230
18.2700
-1.6800
4.4800
401
353
345
253
439
-0.1381
-0.9643
-0.0649
26.7400
-0.4200
6.3000
402
383
386
281
437
-0.1508
-0.8774
-0.0415
7.1400
-4.6900
3.0100
404
409
424
312
433
-0.1693
-0.9892
-0.0390
-2.8700
-9.8000
3.0100
406
423
458
346
431
-0.1835
-0.9916
-0.0376
-0.7000
-6.0200
-5.7400
408
430
472
366
430
-0.1322
-0.9950
-0.0786
-1.7500
-8.6800
0.2100
411
445
487
382
425
-0.1669
-1.0185
-0.0698
9.5900
-10.0100
-3.5700
415
463
503
402
423
-0.1771
-0.9999
-0.1025
-1.0500
-3.7800
-2.6600
417
474
511
419
422
-0.1893
-0.9853
-0.1318
0.7700
0.3500
-3.3600
418
481
516
429
420
-0.1996
-0.9789
-0.0644
-2.3100
-5.7400
-7.4900
419
487
520
438
419
-0.1908
-0.9579
-0.1479
-1.2600
-8.7500
-2.2400
418
489
522
444
419
-0.1864
-0.9828
-0.0927
9.6600
-3.2200
-9.3800
419
490
523
445
418
-0.1591
-1.0180
-0.0795
13.7200
-3.0100
-9.2400
419
490
523
445
418
-0.1810
-0.9760
-0.0976
5.4600
-5.9500
-6.8600
419
490
523
445
418
-0.1781
-0.9789
-0.1025
7.3500
-6.7200
-7.8400
419
489
523
445
418
-0.1649
-1.0014
-0.1083
3.5700
-3.7800
-9.0300
419
489
523
444
417
-0.1674
-0.9618
-0.0820
2.9400
-3.2900
-12.5300
419
489
523
443
417
-0.1137
-1.0019
-0.0825
-0.8400
-6.0900
-12.3200
420
489
523
443
414
-0.1357
-0.9604
-0.0927
3.3600
-7.5600
-10.7800
420
489
523
442
416
-0.1093
-0.9965
-0.0742
10.6400
-5.0400
-11.0600
420
489
523
442
413
-0.0752
-1.0004
-0.0234
3.9200
-2.8700
-7.7700
420
489
523
441
416
-0.0903
-0.9945
-0.0473
3.2200
-5.0400
-11.9700
420
489
523
440
416
-0.0630
-0.9931
-0.0410
5.6700
-7.7000
-4.2700
420
489
523
440
416
-0.0839
-1.0024
-0.0483
-0.1400
-1.4000
-2.3800
419
488
522
439
417
-0.0747
-0.9931
-0.0625
1.6100
-1.6800
-1.2600
419
488
522
439
414
-0.0654
-0.9955
-0.0429
4.2700
-5.2500
-4.9000
419
488
522
439
417
-0.0752
-1.0077
-0.0415
1.6800
-7.4900
-1.9600
419
488
523
439
418
-0.0815
-0.9867
-0.0556
2.3800
-6.0200
0.0700
419
488
523
439
418
-0.0805
-0.9970
-0.0400
2.2400
-2.3100
-0.5600
419
487
522
439
420
-0.0747
-0.9921
-0.0342
7.5600
-2.1700
-0.2100
419
487
522
439
420
-0.0795
-1.0111
-0.0415
0.7700
-6.5800
-1.0500
419
487
522
438
420
-0.0937
-0.9721
-0.0190
-2.9400
-7.0000
0.3500
419
486
522
438
421
-0.1405
-0.9902
-0.0268
-1.1900
0.1400
-7.4900
419
485
522
437
419
-0.0386
-0.9936
-0.0498
-2.5200
-2.5900
7.9800
419
485
522
437
421
-0.1215
-0.9921
-0.0874
0.9100
-5.3900
-3.7800
418
485
522
437
421
-0.1054
-0.9999
-0.0630
3.7100
-2.3800
-2.1000
418
485
522
437
421
-0.0947
-0.9731
-0.0517
2.0300
-5.1800
1.7500
418
484
522
437
421
-0.1059
-1.0072
-0.0908
0.6300
-2.0300
-1.5400
418
484
521
436
421
-0.1025
-1.0116
-0.0644
1.7500
-0.7000
-3.5000
418
484
521
436
421
-0.0869
-0.9931
-0.0849
-5.2500
-2.7300
-2.9400
418
484
521
436
421
-0.0942
-0.9789
-0.0956
3.1500
-2.9400
-3.5700
418
484
521
435
421
-0.1240
-0.9945
-0.0625
-5.8800
-3.5000
-1.6100
417
484
521
435
421
-0.0952
-0.9687
-0.0991
4.4800
-5.8800
-3.6400
417
483
521
435
421
-0.0966
-1.0009
-0.0903
9.1000
-5.2500
-2.9400
417
483
521
434
421
-0.1039
-1.0072
-0.0981
0.0000
-2.8000
-3.7800
417
483
521
434
422
-0.1103
-0.9726
-0.0874
4.3400
-3.4300
-2.8700
417
483
521
433
419
-0.0986
-0.9833
-0.0917
4.0600
-3.9900
-3.2200
417
483
521
433
422
-0.1088
-0.9770
-0.0956
4.8300
-5.3900
-4.8300
417
483
521
433
422
-0.1000
-0.9921
-0.0698
0.4200
-7.2100
-2.5200
417
482
520
433
422
-0.1088
-0.9858
-0.0883
3.0100
-3.7100
-3.9200
417
482
520
432
422
-0.0981
-0.9858
-0.0722
4.9700
-4.6200
-3.5000
417
482
520
432
422
-0.1015
-0.9926
-0.0834
2.5200
-4.8300
-3.0800
417
482
520
432
422
-0.1039
-0.9902
-0.0766
3.0800
-3.5700
-3.8500
417
482
520
432
422
-0.0947
-0.9950
-0.0747
1.4000
-3.8500
-3.0800
417
482
520
432
422
-0.0956
-0.9867
-0.0727
4.7600
-4.5500
-5.1100
417
481
520
431
422
-0.0937
-0.9970
-0.0688
6.2300
-5.1100
-4.2000
417
481
519
431
421
-0.0932
-0.9877
-0.0678
-1.4000
-3.9200
-4.5500
417
481
519
431
422
-0.0942
-0.9989
-0.0791
-0.9100
-0.2800
-5.8100
417
481
519
431
422
-0.1166
-0.9321
-0.0952
-2.7300
2.1000
-5.8800
417
481
519
431
420
-0.0805
-0.9862
-0.0644
4.9700
-4.9000
-10.0100
417
481
519
430
421
-0.0625
-0.9921
-0.0717
2.5900
-5.0400
-0.6300
417
481
519
429
420
-0.0752
-0.9789
-0.1005
-3.1500
-8.2600
-4.5500
417
481
519
429
419
-0.0815
-0.9980
-0.0752
3.3600
-3.5700
-3.7800
417
481
519
428
420
-0.0698
-0.9848
-0.0844
3.7100
-8.8900
-1.8200
417
481
519
428
420
-0.1039
-1.0048
-0.0669
11.2000
-1.6800
-3.9900
417
481
519
428
421
-0.0722
-1.0199
-0.0683
-3.5000
-0.0700
-6.3000
417
481
519
428
417
-0.0683
-0.9848
-0.1200
2.2400
-1.1200
-3.7800
417
481
518
427
419
-0.0761
-1.0126
-0.0761
2.7300
-3.6400
-4.9700
417
481
518
427
419
-0.0893
-0.9994
-0.0810
5.8800
-4.6200
-7.2800
417
481
518
426
419
-0.0825
-0.9955
-0.0678
1.6100
-4.4800
-4.5500
417
481
518
426
418
-0.0595
-0.9853
-0.0669
-4.5500
-1.5400
-1.1900
417
481
518
426
418
-0.0693
-0.9804
-0.0922
6.0200
-3.9200
-2.1000
417
481
518
425
418
-0.0952
-1.0014
-0.0595
-0.8400
-5.1100
1.6100
417
481
518
425
418
-0.0903
-0.9872
-0.0947
2.5900
-6.7900
-2.9400
417
481
518
425
419
-0.0771
-1.0019
-0.0956
6.9300
-4.4800
-2.1700
417
481
518
425
419
-0.0703
-0.9999
-0.0815
5.2500
-6.0200
-3.5700
417
481
518
425
419
-0.0795
-0.9750
-0.0917
1.9600
-5.6000
-2.3100
417
481
518
425
419
-0.0717
-0.9902
-0.0708
-0.5600
-6.0200
-0.0700
417
481
518
425
419
-0.0698
-0.9838
-0.0800
0.9800
-4.5500
-1.8900
417
481
518
424
417
-0.0830
-0.9838
-0.0859
4.8300
-2.9400
-1.1900
417
480
518
424
419
-0.0756
-0.9955
-0.0776
2.5200
-4.4100
-2.6600
417
480
518
424
420
-0.0844
-0.9780
-0.0839
5.8800
-3.1500
-3.2900
417
480
518
424
420
-0.0820
-1.0136
-0.0727
2.1700
-4.7600
-2.9400
417
480
518
424
420
-0.0898
-0.9809
-0.0722
2.0300
-3.8500
-2.3100
417
480
518
423
420
-0.0839
-0.9862
-0.0664
1.4700
-2.9400
-1.9600
417
480
518
423
420
-0.0776
-0.9833
-0.0795
2.8000
-5.1800
-1.2600
417
480
518
423
420
-0.0981
-0.9975
-0.0659
1.6800
-2.9400
-1.9600
417
480
518
422
420
-0.0854
-0.9838
-0.0727
3.8500
-4.2000
-2.3100
417
480
517
422
420
-0.0991
-1.0038
-0.0712
2.8000
-3.8500
-2.9400
417
480
518
422
420
-0.0805
-0.9887
-0.0703
1.4700
-5.3200
-2.7300
417
480
518
422
420
-0.0942
-0.9931
-0.0717
3.2200
-3.7100
-3.5700
417
480
517
421
420
-0.0830
-0.9838
-0.0708
2.2400
-5.2500
-2.9400
417
480
517
421
418
-0.0952
-0.9999
-0.0615
1.9600
-3.7800
-3.2900
417
480
517
421
420
-0.0903
-0.9848
-0.0688
1.8200
-3.8500
-1.9600
417
480
517
421
420
-0.0888
-0.9902
-0.0664
1.1900
-3.5000
-3.2900
417
480
517
421
420
-0.0781
-0.9804
-0.0727
2.9400
-4.4100
-1.6800
417
480
517
421
420