0.1352
-0.8974
0.4041
1.6800
17.9200
26.1800
400
474
507
421
499
0.0791
-0.9565
0.3777
6.2300
-0.7700
-12.2500
401
474
507
421
478
0.1493
-0.8725
0.4260
10.0800
4.9000
3.8500
401
474
507
421
457
0.0834
-0.9433
0.4368
3.7800
0.9800
-4.2000
401
474
507
421
457
0.1488
-0.8852
0.4270
1.0500
6.3700
3.0100
401
474
507
421
458
0.1313
-0.8804
0.4451
-0.8400
1.2600
8.8200
401
474
507
421
499
0.0464
-0.9321
0.4387
-3.8500
-24.4300
-34.6500
401
475
508
421
513
0.1620
-0.9116
0.4407
-5.9500
-63.5600
-51.1700
401
476
509
423
526
-0.1586
-0.9955
0.0322
5.1100
-4.4100
-7.2100
406
482
509
407
513
-0.1371
-0.9799
-0.0024
-2.0300
-5.9500
-3.7100
406
482
509
407
513
-0.1410
-0.9902
0.0107
5.7400
-4.4100
-3.2900
406
482
509
407
511
-0.1352
-0.9853
0.0142
2.1000
-5.6700
-2.7300
406
482
509
407
513
-0.1469
-0.9760
0.0361
-2.2400
-7.2800
-3.3600
406
482
509
408
513
-0.1386
-0.9897
0.0010
4.8300
-5.6000
-1.8200
406
482
509
409
513
-0.1508
-1.0024
0.0425
2.5900
-3.9200
-5.5300
406
482
509
409
513
-0.1298
-0.9731
0.0161
3.0800
-3.5700
-4.5500
406
482
509
410
510
-0.1220
-0.9980
0.0254
4.9700
-3.0800
-3.7800
406
482
509
410
512
-0.1269
-0.9770
0.0332
0.9100
-3.5700
-3.5000
406
482
509
410
512
-0.1298
-0.9701
0.0166
0.9800
-4.3400
-3.0100
406
482
509
410
512
-0.1298
-0.9926
0.0337
2.3800
-5.0400
-3.8500
406
482
509
410
512
-0.1318
-0.9823
0.0322
3.9900
-5.8800
-3.7100
406
482
509
410
509
-0.1391
-0.9916
0.0400
1.6800
-4.2700
-3.8500
406
481
509
410
512
-0.1347
-0.9745
0.0161
-0.3500
-3.8500
-3.2900
406
481
509
410
512
-0.1440
-0.9902
0.0264
-1.5400
-0.9100
-3.0100
406
481
509
410
509
-0.1293
-0.9677
0.0127
2.4500
-4.6200
-1.3300
406
481
509
410
512
-0.1362
-0.9941
0.0566
5.4600
-1.7500
-1.8900
406
481
507
410
510
-0.1274
-0.9906
0.0229
-3.2200
0.8400
1.4000
406
481
506
410
512
-0.1435
-0.9565
0.0059
5.3200
-4.5500
-0.6300
406
481
506
410
512
-0.1469
-1.0072
0.0400
6.0200
-0.3500
-3.0100
406
479
504
411
510
-0.1596
-0.9531
0.0239
-9.0300
-8.8900
4.0600
405
475
499
411
516
-0.1630
-0.9819
0.0444
5.3900
-7.4200
-0.9800
404
474
497
411
518
-0.1601
-1.0155
0.0376
2.0300
0.1400
-5.8100
404
474
496
409
521
-0.1571
-0.9745
0.0342
3.2200
0.9800
-3.9900
404
474
495
410
521
-0.1732
-0.9843
0.0044
1.5400
2.8000
-5.2500
404
474
496
410
519
-0.1376
-0.9653
0.0468
5.0400
0.5600
-2.8700
404
474
496
410
521
-0.1562
-0.9838
0.0234
0.9800
-1.8900
-3.0800
405
474
496
411
518
-0.1479
-0.9887
0.0283
-1.2600
-3.0100
-2.6600
406
474
496
411
518
-0.1542
-0.9814
0.0078
1.7500
-6.6500
-2.3100
406
474
496
412
521
-0.1620
-0.9736
0.0122
6.8600
-4.6900
-3.3600
406
474
497
414
519
-0.1640
-0.9902
0.0195
3.6400
-2.4500
-4.0600
407
474
497
416
521
-0.1527
-0.9794
0.0351
6.1600
-3.5000
-4.2700
407
474
497
416
520
-0.1513
-0.9843
0.0249
4.9000
-4.2700
-4.0600
407
474
497
416
517
-0.1459
-0.9848
0.0517
3.4300
-5.8100
-3.7800
407
474
497
416
519
-0.1552
-0.9858
0.0239
3.5700
-4.4100
-4.2000
407
474
497
416
519
-0.1576
-0.9584
0.0542
1.2600
-3.3600
-3.3600
407
474
494
415
516
-0.1386
-1.0048
0.0630
2.5900
-1.7500
-2.3800
407
472
487
413
518
-0.1698
-0.9892
0.0532
-8.5400
5.6700
-4.2700
404
461
465
402
516
-0.1981
-0.9409
-0.0307
-2.2400
5.3900
-2.3100
390
440
431
379
518
-0.1283
-0.9623
-0.0342
-3.4300
0.8400
3.3600
368
417
402
353
518
-0.1337
-0.9511
0.0063
6.0900
-3.9900
-2.7300
322
380
363
309
514
-0.1254
-1.0028
-0.0215
27.5800
-11.7600
-6.3700
266
331
315
265
514
-0.1664
-1.0019
-0.0107
2.3800
-7.3500
-1.9600
232
300
283
236
511
-0.1498
-0.9301
-0.0381
-1.7500
-15.7500
-0.9100
206
273
259
210
502
-0.1596
-0.9745
-0.0322
-17.9200
-22.2600
-2.2400
190
252
248
194
500
-0.1830
-1.0180
-0.0586
-1.5400
-23.0300
-6.1600
183
242
244
191
513
-0.1986
-0.9780
-0.0215
-2.8700
-9.5900
-3.3600
181
238
246
192
535
-0.1581
-0.9531
-0.0327
-6.7900
-3.5700
-3.7800
181
238
247
193
543
-0.1649
-0.9775
-0.0488
-17.5000
-2.9400
-3.0100
183
241
250
196
543
-0.1610
-0.9945
-0.0991
-7.1400
-3.3600
-4.2700
186
244
253
198
541
-0.1625
-0.9716
-0.1064
-12.5300
-5.4600
-1.3300
187
246
255
200
542
-0.1625
-1.0209
-0.1108
11.1300
11.0600
2.6600
187
246
256
201
549
-0.0878
-0.9916
-0.1259
115.2900
35.9100
26.3200
187
242
255
203
547
-0.2982
-0.7603
0.2411
98.3500
-11.9000
26.8800
187
242
257
204
555
-0.3401
-0.7779
0.3353
117.5300
-4.6900
17.6400
187
242
257
205
560
-0.3802
-0.7569
0.4792
130.2700
93.7300
10.7100
188
242
258
205
533
-0.3772
-0.6764
0.5212
118.4400
-49.4900
29.0500
188
246
258
207
529
-0.3992
-0.5388
0.8218
117.3900
-43.4700
38.8500
190
248
259
208
531
-0.3645
-0.3816
0.7710
136.5000
-13.7900
27.7200
191
250
260
209
533
-0.3826
-0.2313
0.8701
106.1900
-38.0800
26.0400
191
251
260
210
535
-0.3362
-0.0903
0.9462
65.9400
-6.5100
11.9000
192
252
261
211
534
-0.3709
0.0410
0.9560
55.0900
-14.9800
11.1300
193
254
261
212
532
-0.2948
0.1381
0.9823
9.3800
-8.9600
-0.0700
193
256
262
212
532
-0.3260
0.0781
0.9370
4.4800
-12.3200
-3.9900
194
256
263
213
534
-0.2733
0.1118
0.9399
1.9600
-4.8300
-5.5300
194
257
263
213
533
-0.3035
0.1259
0.9540
-2.6600
-5.1800
-18.8300
194
257
264
213
533
-0.2850
0.0595
0.9701
-43.1200
-5.2500
-28.1400
194
258
265
214
532
-0.2674
-0.0581
0.9575
-100.6600
-5.7400
-53.7600
195
258
265
213
520
-0.2616
-0.2582
0.9316
-200.7600
-15.8200
-52.2900
194
260
268
213
522
-0.3074
-0.6188
0.7823
-208.1100
-16.1700
-25.0600
195
262
269
212
529
-0.2806
-0.7364
0.4548
-144.9700
14.3500
1.2600
196
262
269
213
537
-0.1620
-0.8350
0.3143
-103.6000
-1.4700
3.4300
197
262
270
214
540
-0.1459
-0.9560
0.1713
-88.6200
12.8800
2.3100
197
262
270
215
545
-0.1547
-0.9228
0.0712
-61.6700
3.6400
-10.4300
197
258
270
216
547
-0.1171
-0.9365
0.0020
-23.0300
-14.7700
-6.5800
198
259
270
216
550
-0.1654
-0.9740
-0.0239
-12.8800
-6.9300
-0.8400
198
260
271
217
548
-0.1645
-0.9584
-0.0234
3.8500
-5.3900
-1.5400
198
260
271
217
548
-0.1537
-0.9721
-0.0059
-6.3700
-9.5900
-2.1000
199
261
272
217
545
-0.1581
-0.9638
-0.0420
-16.2400
-0.9800
-1.4700
199
261
272
218
544
-0.1625
-0.9682
-0.0254
-21.9100
-3.2900
-3.3600
199
261
272
218
547
-0.1474
-0.9780
-0.1000
-28.6300
-3.0800
-7.3500
199
258
273
218
549
-0.1479
-0.9994
-0.1488
-41.5100
-14.0700
-6.0200
199
257
273
219
550
-0.1215
-0.9575
-0.2225
-33.1100
-14.7000
-4.9700
199
257
273
220
549
-0.1552
-0.9521
-0.2572
-32.1300
-11.9000
-0.0700
199
258
274
221
545
-0.1571
-0.9126
-0.3309
-9.8700
-11.2000
-5.6000
200
259
274
222
546
-0.1762
-0.9418
-0.2952
10.4300
4.4100
-1.2600
200
259
275
222
546
-0.1000
-0.9838
-0.3235
54.6000
15.6800
-3.0100
200
258
274
223
547
-0.1420
-0.9887
-0.2694
74.5500
26.3200
-0.1400
201
258
274
223
545
-0.1303
-0.9496
-0.0927
115.5000
10.3600
11.7600
201
259
274
223
538
-0.1820
-0.9828
0.1181
96.1800
-1.1200
2.8700
201
259
274
223
534
-0.1645
-1.0185
0.1576
123.2000
11.7600
50.9600
201
260
275
223
529
-0.3304
-0.8394
0.3709
101.3600
-9.5200
-1.0500
199
261
275
222
534
-0.2952
-0.7842
0.4919
127.4700
-53.6900
11.7600
199
260
275
221
544
-0.3201
-0.7330
0.6281
67.4100
55.5800
16.1700
199
259
274
220
536
-0.2220
-0.6159
0.7422
95.0600
-2.8700
5.9500
199
258
274
220
535
-0.3309
-0.5002
0.7676
68.0400
-13.8600
5.7400
200
259
274
222
533
-0.3294
-0.4265
0.8194
72.5200
-4.2000
6.4400
200
259
274
222
534
-0.3577
-0.3328
0.8379
61.1100
-1.1900
11.9700
201
260
273
223
535
-0.3616
-0.2289
0.8867
96.7400
2.1000
21.4200
201
260
274
223
535
-0.3353
-0.0830
0.9335
72.5200
-14.0000
13.7900
201
261
274
224
529
-0.3567
0.0312
1.0019
38.5000
3.4300
-1.3300
202
265
274
225
530
-0.3753
0.0444
0.9409
3.7800
-1.8200
-10.2900
203
265
275
225
531
-0.3782
0.0239
0.9252
-7.7700
-6.2300
-8.5400
203
266
275
226
533
-0.3616
0.0054
0.9355
-21.2800
-8.8200
-14.2100
203
266
276
226
530
-0.3518
-0.0283
0.9560
-38.4300
-10.6400
-16.6600
203
266
276
226
529
-0.3411
-0.1435
0.9238
-69.9300
-24.6400
-22.8900
204
266
277
225
525
-0.3006
-0.2650
0.9199
-101.7100
-36.0500
-36.8900
203
266
278
224
524
-0.2557
-0.4524
0.8198
-135.0300
-41.9300
-36.4700
202
266
278
223
513
-0.1601
-0.6178
0.7252
-161.6300
-28.2100
-0.8400
202
266
279
223
520
-0.1918
-0.7618
0.5148
-169.0500
-15.2600
0.2100
203
267
280
224
529
-0.1161
-0.9292
0.2220
-157.7800
2.9400
22.8200
204
271
281
226
539
-0.0346
-1.0248
-0.0083
-147.5600
-14.9800
9.8700
205
272
282
228
544
-0.0805
-0.9882
-0.1981
-72.4500
-29.6100
-2.8000
205
273
282
229
545
-0.1542
-0.9262
-0.2840
-43.4700
-27.9300
8.7500
204
273
284
230
547
-0.1996
-0.9399
-0.3201
-17.9200
-23.3100
1.9600
204
271
285
231
550
-0.2460
-0.9677
-0.3445
-4.0600
-10.1500
-5.6000
204
272
285
231
553
-0.2401
-0.8789
-0.3406
7.2100
-4.8300
-2.9400
205
273
285
231
553
-0.2181
-0.9199
-0.3182
11.0600
-5.1800
-3.9900
205
273
285
232
552
-0.2377
-0.9204
-0.3089
2.1000
-4.4800
-4.9000
205
273
285
232
549
-0.2201
-0.9223
-0.3143
3.7800
-9.1700
-9.3800
205
274
285
232
551
-0.2274
-0.9340
-0.2987
2.0300
-2.3100
-2.7300
205
274
286
232
551
-0.2318
-0.9238
-0.3030
6.0200
4.1300
-1.6100
205
274
285
232
548
-0.2123
-0.9067
-0.2928
4.1300
0.9100
-4.4800
206
274
286
232
548
-0.1967
-0.9482
-0.2943
23.5200
8.4700
-7.0000
206
274
285
232
549
-0.1947
-0.9604
-0.2425
52.0800
15.7500
-12.2500
206
274
284
232
547
-0.1571
-0.9599
-0.2015
90.3700
32.1300
-15.2600
206
274
284
231
543
-0.1127
-1.0116
-0.0927
125.2300
15.3300
-9.4500
206
273
284
230
539
-0.1503
-0.9428
0.0620
132.3700
24.9900
1.4700
206
272
283
229
536
-0.1889
-0.9496
0.3533
136.6400
36.7500
8.4000
205
270
284
227
531
-0.1962
-0.8189
0.5187
147.0000
25.3400
-4.6200
205
270
283
226
529
-0.1932
-0.6149
0.7164
143.0100
28.3500
-3.7100
205
271
282
225
532
-0.1884
-0.4909
0.8228
135.1000
29.4000
13.3000
205
274
282
225
527
-0.2176
-0.2899
0.9262
76.1600
11.5500
17.0100
205
276
281
226
526
-0.3099
-0.1918
0.9038
77.9100
0.7000
11.9700
205
278
281
227
520
-0.3304
-0.0761
0.9584
61.8800
-6.1600
6.7900
205
279
282
228
524
-0.3421
-0.0083
0.9628
20.9300
-0.6300
-0.7000
205
280
282
228
525
-0.3201
0.0176
0.9477
15.5400
-3.5000
0.1400
204
280
282
228
525
-0.3245
0.0420
0.9545
-4.4800
-6.1600
-1.6100
205
281
283
228
525
-0.3328
0.0229
0.9672
-28.5600
-9.8700
-9.6600
205
281
283
229
523
-0.3138
-0.0415
0.9399
-37.5200
-10.6400
-14.8400
205
281
284
229
522
-0.3518
-0.1098
0.9482
-44.8000
-15.9600
-21.4900
205
281
284
229
519
-0.3060
-0.1537
0.9814
-83.4400
-24.7800
-32.3400
205
281
284
229
512
-0.2674
-0.3026
0.9243
-105.7000
-15.8200
-30.2400
206
281
285
229
509
-0.2460
-0.4577
0.8125
-159.3200
-14.4200
-15.7500
207
281
286
228
503
-0.1039
-0.6861
0.6305
-193.9000
-39.2700
-16.7300
208
281
288
228
514
0.0317
-0.9345
0.3709
-199.8500
-24.4300
-13.3000
210
283
290
231
521
0.0142
-0.9731
0.1142
-117.3900
-9.3100
-1.0500
210
282
291
233
526
-0.0054
-0.9667
-0.0063
-80.8500
-10.8500
6.7200
211
281
292
235
530
-0.0356
-1.0106
-0.1879
-72.2400
3.3600
-3.6400
212
280
292
237
531
-0.0449
-0.9711
-0.2777
-43.3300
16.0300
0.3500
213
278
292
238
533
-0.0264
-0.9306
-0.3274
-0.9100
3.9900
3.0100
213
276
292
239
535
-0.0634
-0.9828
-0.3167
5.8800
1.6800
-2.8700
213
277
292
239
533
-0.0630
-0.9775
-0.2996
0.3500
3.7100
-0.2100
213
276
292
240
534
-0.0859
-0.9701
-0.2938
5.3900
-0.4900
-3.5700
213
276
293
240
537
-0.0688
-0.9555
-0.2884
8.5400
-6.4400
-5.1800
213
277
293
240
535
-0.0747
-0.9633
-0.2621
8.1200
-2.8700
-2.5200
213
277
293
241
538
-0.0869
-0.9736
-0.2694
9.4500
3.2900
-0.4200
213
277
293
241
535
-0.0620
-0.9819
-0.2699
21.4200
13.1600
4.4800
213
275
293
241
534
-0.0810
-0.9428
-0.2054
35.3500
12.9500
2.3800
213
273
292
241
535
-0.0844
-0.9692
-0.1440
33.8800
7.2800
0.2100
213
272
291
241
534
-0.0932
-0.9516
-0.1240
55.7200
-0.4200
6.1600
213
271
291
241
529
-0.1098
-0.9799
0.0371
68.0400
6.6500
8.3300
213
271
291
240
529
-0.0991
-0.9848
0.1186
99.3300
6.9300
0.7000
213
271
291
239
526
-0.1269
-0.9711
0.2250
141.5400
28.6300
17.7800
214
274
293
238
516
-0.1630
-0.8311
0.5070
126.2100
26.6000
8.4000
213
275
294
237
507
-0.1645
-0.7291
0.6490
75.8800
10.7100
4.8300
211
274
293
235
506
-0.2191
-0.6173
0.7335
96.7400
17.4300
3.5700
210
274
293
235
501
-0.2303
-0.5466
0.7901
65.3800
7.0700
0.7000
209
275
293
235
498
-0.2172
-0.3958
0.8320
110.6700
13.0200
15.6100
208
276
292
234
497
-0.2811
-0.2508
0.9204
76.3000
1.9600
17.9200
208
278
292
234
500
-0.3104
-0.1610
0.9409
64.0500
-8.2600
19.8800
208
278
293
233
501
-0.3148
-0.0556
0.9575
49.4200
-6.0200
13.2300
207
281
294
233
503
-0.3070
-0.0093
0.9218
51.5900
-9.5900
17.5700
207
286
294
233
507
-0.3240
0.1088
0.9501
30.7300
-11.7600
19.0400
208
288
294
233
508
-0.3128
0.1474
0.9560
18.9700
-7.0700
7.9100
208
290
294
232
512
-0.2996
0.1566
0.9355
9.1700
-4.4800
1.0500
208
290
294
233
511
-0.3030
0.1693
0.9409
-2.1000
-4.3400
-3.8500
208
290
294
233
507
-0.2962
0.1571
0.9316
2.6600
-4.4800
-3.7800
209
291
294
234
509
-0.2962
0.1654
0.9384
-3.2900
-2.9400
-3.5700
209
291
295
234
505
-0.3128
0.1469
0.9433
-20.3000
-1.1200
-8.9600
209
290
295
234
506
-0.2957
0.1020
0.9492
-32.2700
-4.2000
-9.2400
209
290
295
234
502
-0.2782
0.0327
0.9438
-52.5700
-14.0700
-8.2600
208
287
296
234
495
-0.3099
-0.0229
0.9848
-112.7000
-33.5300
-34.3000
208
285
296
235
487
-0.2479
-0.1571
0.9540
-157.2900
-21.2100
-39.1300
209
286
298
235
484
-0.1884
-0.2503
0.7642
-182.0700
-1.1900
10.7100
211
289
300
237
480
-0.2333
-0.6173
0.6734
-188.0900
-35.3500
-1.8900
214
289
302
241
488
-0.1078
-0.8457
0.3440
-175.8400
-7.0000
-5.1800
215
290
302
242
493
-0.0220
-0.9048
0.1693
-126.3500
-1.0500
-8.5400
215
291
302
244
500
-0.0259
-0.9999
-0.0117
-67.2700
-4.0600
-6.6500
215
291
302
245
503
-0.0161
-0.9770
-0.1288
-54.9500
-5.3900
-2.6600
215
292
303
246
505
0.0049
-1.0194
-0.2181
-32.3400
-16.2400
-2.2400
215
292
303
247
505
-0.1332
-1.0404
-0.2616
-5.6700
-2.4500
-11.6900
215
291
303
247
507
-0.0698
-1.0150
-0.1957
-1.6800
3.9900
-9.5200
215
291
303
248
507
-0.0669
-0.9916
-0.2313
-3.0800
-7.0700
-7.1400
215
291
304
248
505
-0.1327
-0.9745
-0.2313
2.0300
-2.1000
-10.6400
215
290
304
248
508
-0.0830
-0.9521
-0.2347
-9.8000
-6.7200
-5.7400
215
290
303
248
509
-0.1093
-0.9804
-0.2401
3.5000
-2.0300
-7.2100
216
290
303
248
506
-0.1005
-0.9599
-0.2479
10.7100
-4.7600
-7.0700
216
290
303
248
510
-0.0903
-0.9867
-0.1996
5.6000
-2.5900
-5.3900
216
290
303
248
511
-0.0864
-0.9501
-0.2191
5.8100
-3.1500
-4.1300
216
290
303
248
509
-0.0932
-0.9775
-0.1932
14.4900
0.3500
-2.5900
216
290
303
248
511
-0.0815
-0.9809
-0.1732
14.4900
1.4700
-3.9200
216
289
303
248
511
-0.0722
-0.9784
-0.1742
13.3700
-0.0700
-3.2900
216
289
303
248
510
-0.0869
-0.9862
-0.1571
10.6400
1.8200
-2.4500
216
289
303
248
512
-0.0756
-0.9662
-0.1488
12.9500
2.1700
-1.2600
217
289
302
248
512
-0.0996
-0.9843
-0.1298
21.0700
2.4500
-0.2100
217
289
302
248
510
-0.1010
-0.9740
-0.0654
24.2900
4.9000
2.5900
217
288
303
248
513
-0.0820
-0.9828
-0.0459
58.4500
15.8900
0.7700
216
286
302
247
512
-0.1113
-0.9823
0.0556
107.3100
11.8300
5.3200
216
284
302
245
516
-0.1459
-0.9277
0.2401
69.6500
-2.7300
2.4500
213
282
301
241
533
-0.1318
-0.9004
0.3372
90.0200
4.1300
4.3400
211
279
299
238
539
-0.1464
-0.8350
0.4699
90.4400
-0.7700
4.0600
210
278
299
237
539
-0.1581
-0.8608
0.5475
91.7700
10.4300
0.3500
208
277
299
236
537
-0.2074
-0.6783
0.7071
89.2500
9.8700
-1.8900
207
277
298
235
534
-0.2128
-0.5958
0.7603
62.9300
-21.8400
15.4000
207
279
298
234
537
-0.2440
-0.5475
0.8208
73.2900
-12.5300
10.5000
208
281
299
234
531
-0.2464
-0.4046
0.8652
63.8400
-5.2500
12.3900
210
283
299
234
529
-0.1898
-0.3128
0.8960
82.5300
5.3900
11.5500
210
285
298
234
522
-0.2494
-0.1679
0.9360
98.8400
5.9500
7.0000
211
287
297
234
518
-0.2772
-0.0615
0.9618
49.2800
-1.5400
1.4000
212
288
297
234
515
-0.2733
0.0117
0.9521
44.6600
-3.5000
4.7600
212
290
296
233
518
-0.2640
0.0976
0.9799
24.3600
-9.4500
2.6600
212
291
297
234
518
-0.2782
0.0976
0.9599
4.4100
-4.6200
-2.2400
212
292
297
234
515
-0.2582
0.1064
0.9555
1.6100
-7.1400
1.2600
212
292
297
234
517
-0.2713
0.1176
0.9614
-3.7100
-4.9700
-2.1000
212
292
297
235
517
-0.2811
0.0922
0.9423
-3.5000
-3.0800
-6.7200
212
292
298
235
514
-0.2591
0.0961
0.9550
2.1700
-3.2200
-3.2200
212
293
298
235
516
-0.2708
0.0849
0.9609
0.8400
-1.6800
-4.4100
212
293
298
235
514
-0.2601
0.0756
0.9423
-0.1400
-0.9800
-4.4800
213
293
298
236
516
-0.3026
0.0683
1.0111
-43.3300
2.5200
-25.7600
212
292
299
236
514
-0.2606
-0.0210
0.9609
-87.6400
-13.8600
-25.3400
213
292
300
236
508
-0.2718
-0.1796
0.9516
-114.8700
-50.1900
-24.8500
213
292
301
236
497
-0.2372
-0.2606
0.9965
-135.2400
-37.4500
-26.8100
214
293
303
237
489
-0.1601
-0.4616
0.8013
-155.6100
-11.1300
-23.8000
214
292
303
238
491
-0.1357
-0.7022
0.6134
-180.1800
-21.8400
-9.5200
216
291
303
241
495
-0.0595
-0.8642
0.3816
-121.4500
-24.9900
-4.2000
217
291
304
243
498
-0.0630
-0.9409
0.2333
-99.4700
-21.1400
-1.6100
218
292
305
244
504
-0.0366
-0.9711
0.0620
-75.3900
-24.2900
-0.8400
219
293
306
247
505
-0.0590
-0.9892
-0.0415
-50.3300
-13.4400
1.1200
220
294
306
248
509
-0.0532
-0.9687
-0.0747
-33.8800
-17.4300
4.0600
220
294
306
249
510
-0.0649
-0.9692
-0.1337
-13.5800
-18.5500
2.9400
220
294
307
249
512
-0.0898
-0.9775
-0.1435
-3.6400
-9.5200
-0.3500
220
294
307
249
510
-0.1035
-0.9945
-0.1430
0.8400
-0.6300
-2.1000
221
294
307
249
511
-0.0795
-0.9560
-0.1332
4.8300
-6.2300
-0.8400
221
295
307
250
511
-0.0874
-0.9770
-0.1191
5.9500
-8.1900
-6.3000
221
294
307
250
511
-0.0712
-0.9872
-0.0820
8.8900
-2.3800
-5.8100
221
294
307
250
510
-0.0503
-0.9872
-0.0893
3.9900
-4.1300
-2.8700
221
294
307
250
508
-0.0605
-0.9697
-0.0766
3.6400
-5.4600
-1.5400
221
294
307
250
510
-0.0742
-0.9984
-0.0654
5.1100
-4.0600
-4.4800
221
295
307
250
510
-0.0659
-0.9838
-0.0888
5.3900
-4.0600
-4.8300
221
294
307
250
507
-0.0683
-0.9955
-0.0781
6.3700
-3.6400
-4.5500
222
295
307
250
509
-0.0722
-1.0111
-0.0727
3.4300
-0.6300
-1.2600
222
294
307
250
509
-0.0717
-0.9999
-0.0776
18.6900
5.7400
0.0000
222
294
307
250
508
-0.0776
-1.0092
-0.0317
29.7500
4.4100
3.2200
221
292
307
249
507
-0.0952
-0.9716
0.0078
67.4100
17.5700
1.6800
220
291
307
248
505
-0.0952
-0.9960
0.1098
88.2000
14.2100
-3.5700
220
290
307
247
505
-0.1054
-0.9814
0.2489
124.1100
32.2700
-1.0500
219
287
306
246
506
-0.1313
-0.8316
0.3772
157.8500
22.1200
6.7900
214
283
304
242
506
-0.1620
-0.6910
0.6930
129.3600
13.5800
2.8700
213
283
302
240
505
-0.2035
-0.5505
0.8145
107.1700
3.1500
3.4300
212
283
302
239
505
-0.2211
-0.4519
0.8633
95.4100
6.0900
-2.3100
211
283
300
239
500
-0.2328
-0.3289
0.9057
63.0000
-4.6900
9.1000
211
285
300
239
497
-0.2386
-0.2440
0.9194
70.5600
4.6200
13.7900
212
287
300
239
496
-0.2533
-0.1332
0.9428
46.3400
-3.5000
14.3500
212
289
300
239
495
-0.2962
-0.0337
0.9877
27.6500
-2.3100
4.0600
212
290
300
240
493
-0.2899
-0.0200
0.9599
3.3600
-3.5700
-3.7100
213
291
300
240
495
-0.2923
-0.0376
0.9370
3.8500
-6.5100
-0.2800
213
292
300
240
493
-0.2757
-0.0205
0.9492
3.7800
-6.0900
0.0700
213
292
301
241
495
-0.2996
-0.0181
0.9472
4.1300
-7.5600
-1.6800
213
292
301
241
493
-0.2913
-0.0171
0.9457
2.5200
-6.5100
-0.4200
213
292
301
241
495
-0.2889
-0.0185
0.9433
7.2100
-8.1900
2.0300
213
292
301
241
494
-0.2943
0.0063
0.9687
0.4900
-6.6500
-1.7500
213
293
302
241
494
-0.2830
-0.0015
0.9643
-8.4000
-5.0400
-4.4100
214
293
302
241
493
-0.2655
-0.0161
0.9496
-10.2200
-5.3200
-2.3800
214
293
302
241
491
-0.2679
-0.0361
0.9423
7.2100
-4.6900
1.1900
213
293
302
241
494
-0.2879
-0.0132
0.9570
7.9100
-3.0800
-2.6600
214
293
303
242
492
-0.2713
-0.0122
0.9692
-5.9500
-6.8600
-4.4800
214
293
303
242
493
-0.2830
-0.0259
0.9755
-34.5800
-9.3100
-13.1600
214
293
303
242
487
-0.2606
-0.1108
0.9843
-101.3600
-20.7900
-28.6300
215
294
305
243
473
-0.2211
-0.3128
0.9257
-177.8700
-6.9300
-24.4300
217
296
309
246
465
-0.1527
-0.5739
0.7530
-161.2100
-17.0800
-12.8100
218
296
310
246
476
-0.1293
-0.7974
0.5392
-147.9800
-39.9000
-10.2900
220
295
310
248
485
-0.1659
-0.8779
0.3655
-120.3300
-43.2600
3.5000
222
295
310
250
491
-0.1557
-0.9906
0.1801
-92.9600
-31.9900
0.0000
223
296
310
251
494
-0.1825
-0.9701
0.0610
-64.8200
-16.7300
0.2100
223
297
310
252
497
-0.1132
-0.9697
-0.0224
-49.7000
-12.6700
-2.2400
223
298
310
254
497
-0.0956
-0.9736
-0.0922
-34.6500
-15.5400
3.9900
223
298
310
254
498
-0.1244
-0.9423
-0.1078
-21.7700
-10.1500
3.7100
223
298
311
254
496
-0.1044
-0.9453
-0.1425
-1.1900
-11.4800
-0.4900
223
298
311
254
499
-0.0844
-0.9721
-0.1498
7.5600
-8.4000
-6.1600
223
298
311
254
499
-0.0898
-0.9760
-0.1469
4.6200
-9.3800
-6.8600
223
298
311
254
497
-0.0932
-0.9819
-0.1571
8.5400
-6.7200
-7.9800
224
298
311
254
500
-0.0673
-0.9989
-0.1166
2.2400
-6.5100
-6.7900
224
298
311
255
498
-0.0869
-0.9755
-0.1610
1.4700
-3.7100
-5.8100
223
297
311
254
501
-0.0737
-0.9965
-0.1264
-0.2100
-3.2200
-6.7900
224
297
311
254
500
-0.0625
-0.9858
-0.1630
1.3300
-2.3100
-2.7300
224
297
311
255
497
-0.0756
-0.9794
-0.1542
10.0100
-1.6800
-2.7300
224
297
311
254
500
-0.0766
-0.9882
-0.1366
11.7600
-0.7000
-3.4300
224
297
311
254
500
-0.0781
-0.9941
-0.1005
13.7900
-2.8000
-4.1300
224
297
311
255
498
-0.0766
-0.9926
-0.0903
11.5500
-0.5600
-3.9900
224
297
311
255
500
-0.0752
-0.9994
-0.0834
14.0700
1.2600
-3.0100
224
296
310
255
500
-0.0610
-1.0087
-0.0610
16.3800
-4.9700
-2.1700
224
295
310
254
496
-0.1000
-0.9628
-0.0146
40.6000
14.3500
2.5200
223
295
311
253
498
-0.0932
-0.9828
0.0712
54.6000
7.1400
-0.2800
222
294
311
253
495
-0.0737
-0.9975
0.1293
60.6900
13.7200
-2.7300
220
293
311
252
498
-0.0956
-0.9823
0.2015
80.3600
12.6000
-1.6800
219
290
310
251
499
-0.1464
-0.8999
0.3675
83.6500
12.2500
2.7300
217
288
309
249
499
-0.1449
-0.7920
0.5075
105.7700
-10.7100
2.2400
214
287
309
246
499
-0.1771
-0.7681
0.6393
105.9800
0.7000
-2.5900
213
286
309
244
504
-0.1440
-0.6725
0.6852
92.4700
0.6300
-2.1000
212
285
308
242
502
-0.1562
-0.5236
0.8096
104.9300
-4.8300
7.4900
211
286
307
240
499
-0.1796
-0.3743
0.9448
88.7600
-1.1200
9.1000
211
288
306
239
503
-0.1923
-0.2704
0.9052
85.8900
8.8900
7.0000
212
291
305
238
502
-0.2245
-0.1308
0.9926
66.7800
-0.7700
9.5200
213
293
305
238
502
-0.2274
-0.0410
0.9975
29.4000
-8.6800
8.1200
213
295
304
238
503
-0.2479
-0.0176
0.9609
29.3300
-4.5500
4.2000
213
295
304
238
500
-0.2362
0.0298
0.9994
5.3200
-9.5200
1.9600
214
295
305
239
503
-0.2377
0.0059
0.9662
2.3800
-5.9500
0.5600
214
296
305
239
501
-0.2264
0.0376
0.9638
4.6200
-5.8800
0.4900
214
296
305
239
503
-0.2289
0.0415
0.9740
2.5900
-5.3200
-0.8400
214
296
306
240
504
-0.2274
0.0303
0.9667
-1.0500
-3.7100
-3.5000
214
296
306
240
504
-0.2196
0.0337
0.9648
0.5600
-2.5200
-3.2900
214
296
306
240
504
-0.2186
0.0464
0.9775
-0.4200
-4.1300
-1.9600
214
297
307
240
502
-0.2298
0.0249
0.9731
-5.6000
-3.7800
-2.3800
214
297
307
240
504
-0.2147
0.0166
0.9736
-4.6900
-4.6900
-1.1200
214
297
307
241
501
-0.2054
0.0146
0.9648
-1.0500
-5.3900
-1.5400
214
297
307
241
503
-0.2206
0.0127
0.9648
1.0500
-3.9200
-3.5000
214
297
307
241
503
-0.2113
0.0215
0.9755
1.5400
-4.6900
-2.6600
215
297
307
241
503
-0.2284
0.0166
0.9814
-7.0700
-5.6000
-6.0900
214
297
307
241
503
-0.2074
-0.0054
0.9770
-15.1200
-5.8800
-3.8500
214
297
307
241
499
-0.2137
-0.0215
0.9750
-9.0300
-6.3700
-4.4800
215
297
307
241
499
-0.2303
-0.0673
0.9823
-29.7500
-3.9900
-17.5000
214
297
307
241
493
-0.1967
-0.1381
0.9560
-80.9200
6.8600
-29.7500
214
296
307
242
486
-0.1610
-0.3206
0.9213
-133.9800
12.6700
-31.2900
215
296
308
243
478
-0.1474
-0.5256
0.7549
-145.3200
-3.9900
-22.4000
216
296
308
245
483
-0.0844
-0.7657
0.5632
-133.0700
-28.2800
-18.5500
218
295
308
248
487
-0.0273
-0.8916
0.4382
-108.0100
-32.5500
-18.7600
219
295
309
250
490
-0.0874
-0.9223
0.2894
-84.0000
-27.5800
-2.1700
220
296
309
253
492
-0.0732
-0.9975
0.1884
-50.1200
-28.2800
-3.5000
221
296
310
254
497
-0.1025
-1.0292
0.1074
-42.9100
-24.7100
-5.1100
221
297
310
255
499
-0.1113
-1.0219
0.0185
-41.1600
-17.0800
-4.7600
221
298
310
255
498
-0.0883
-1.0370
-0.0581
-2.6600
-4.8300
-8.1200
221
298
310
256
497
-0.0625
-1.0409
-0.0737
0.3500
-4.2000
-9.4500
221
298
311
256
499
-0.0537
-1.0204
-0.0727
-11.3400
-10.0800
-7.7700
221
298
310
256
499
-0.0800
-1.0019
-0.0913
3.1500
-1.4000
-6.3700
221
298
310
256
497
-0.0649
-0.9980
-0.0673
5.7400
-2.8000
-4.2000
222
298
311
256
499
-0.0830
-0.9911
-0.0664
3.2900
-4.0600
-3.4300
222
298
311
256
497
-0.0795
-0.9858
-0.0381
4.4800
-3.4300
-3.3600
222
298
311
256
499
-0.0688
-0.9902
-0.0595
2.8700
-6.4400
-1.4000
222
298
311
256
498
-0.0825
-0.9906
-0.0551
1.5400
-3.9900
-1.5400
221
298
311
256
499
-0.0859
-0.9809
-0.0649
11.4800
-2.1700
-2.9400
221
297
311
256
498
-0.0898
-0.9941
-0.0346
2.5200
-1.3300
-4.2700
221
297
311
256
496
-0.0791
-0.9955
-0.0346
6.8600
-3.6400
-5.8800
220
297
311
256
498
-0.0771
-1.0019
-0.0410
4.6200
-3.1500
-3.8500
220
297
311
256
498
-0.0820
-1.0146
-0.0366
3.7100
-2.7300
-4.8300
220
296
311
256
496
-0.0766
-0.9867
-0.0717
16.7300
-1.6800
-1.8200
219
295
311
256
498
-0.0742
-1.0048
0.0083
44.8700
6.5800
0.0700
219
295
311
255
496
-0.0864
-0.9955
0.1196
74.5500
19.7400
7.3500
219
293
311
254
499
-0.1440
-0.8682
0.3030
71.6800
4.7600
1.4000
218
293
312
253
504
-0.1152
-0.9038
0.4953
106.6800
-9.4500
-9.1000
218
292
312
252
503
-0.0947
-0.9970
0.4621
83.3000
2.2400
-1.8200
217
291
312
250
504
-0.1127
-0.7769
0.5929
87.2200
4.1300
-2.0300
217
291
312
248
501
-0.1161
-0.6959
0.7144
71.3300
-4.2000
-1.0500
217
291
312
247
495
-0.1127
-0.6276
0.7559
81.3400
-1.0500
8.3300
217
292
311
247
495
-0.1098
-0.5417
0.8194
76.5800
2.5900
1.1900
217
293
311
247
495
-0.1293
-0.4163
0.8613
111.0900
-3.6400
7.8400
217
296
312
245
497
-0.1122
-0.2674
0.9667
77.0700
0.7000
4.9700
218
301
312
244
501
-0.1718
-0.1557
0.9902
56.4900
-9.2400
-0.4900
219
305
312
243
500
-0.1322
-0.0952
0.9911
48.8600
-6.6500
6.0200
220
308
313
242
506
-0.1327
-0.0176
0.9970
41.1600
-2.1000
6.1600
221
309
313
242
508
-0.1322
0.0332
1.0155
19.5300
-7.0000
-0.1400
222
309
313
242
506
-0.1244
0.0498
0.9902
9.3800
-6.9300
-2.8000
222
309
313
242
509
-0.1264
0.0669
0.9897
3.5000
-6.8600
-2.1000
222
310
313
243
506
-0.1181
0.0708
1.0063
3.5000
-4.1300
-2.4500
222
309
312
243
508
-0.1279
0.0605
0.9833
3.7100
-2.4500
-2.8700
222
310
313
244
508
-0.1196
0.0678
0.9941
3.0100
-2.2400
-1.5400
222
310
313
244
505
-0.1303
0.0708
0.9867
3.0100
-3.4300
-2.8000
222
310
313
244
507
-0.1298
0.0810
1.0028
-1.1200
-3.9200
-2.9400
222
309
313
244
504
-0.1259
0.0600
0.9921
-8.6100
-3.5700
-1.8200
223
310
313
244
505
-0.1220
0.0488
1.0004
-17.0100
-0.1400
-4.9000
222
310
313
244
504
-0.1337
-0.0073
0.9975
-42.7700
1.0500
-9.1000
222
310
313
244
497
-0.1352
-0.0932
0.9740
-64.6800
-0.5600
-14.5600
222
310
314
244
495
-0.1283
-0.1913
0.9740
-86.4500
5.6000
-20.4400
221
308
314
244
491
-0.1420
-0.3235
0.9111
-92.9600
8.3300
-15.6800
220
306
314
243
486
-0.1078
-0.4089
0.7745
-95.4100
-6.2300
-2.5900
220
307
315
244
490
-0.1293
-0.5836
0.7979
-87.2900
-5.7400
-2.5900
220
306
316
245
491
-0.1230
-0.6666
0.6964
-115.8500
9.8000
7.0700
221
306
315
245
494
-0.0888
-0.8101
0.4992
-111.5800
-13.2300
5.6700
222
305
315
248
501
-0.0971
-0.8896
0.3489
-89.3200
-5.5300
3.0100
222
306
315
249
505
-0.0625
-0.9179
0.2596
-84.9800
1.2600
6.3700
222
306
315
250
505
-0.0834
-0.9438
0.1845
-66.5000
-2.1000
-0.3500
223
307
316
251
510
-0.0620
-0.9584
0.0922
-34.3700
-8.4000
-4.7600
223
307
316
252
511
-0.0844
-0.9862
0.0825
-23.0300
-6.3700
-2.5200
223
307
316
252
510
-0.0756
-0.9457
0.0493
-4.9700
-5.1800
2.1000
223
307
316
252
512
-0.0630
-0.9443
0.0459
-3.9200
-7.9100
6.5800
223
307
316
252
513
-0.0922
-0.9945
0.0742
-23.5900
-10.0800
10.9900
223
307
317
253
511
-0.0908
-0.9584
0.0176
-12.8100
-2.5900
3.5000
223
307
317
253
516
-0.0991
-0.9975
-0.0249
-21.9800
5.3200
-2.5200
223
307
317
253
518
-0.0908
-0.9604
-0.0346
0.7700
7.2100
-3.5000
222
305
316
254
519
-0.0673
-0.9828
-0.0356
2.4500
2.7300
-1.0500
221
304
316
255
521
-0.0898
-1.0160
-0.0595
6.9300
4.0600
-0.7700
221
303
316
256
521
-0.0547
-1.0097
-0.0361
10.5000
5.8100
-0.7700
221
301
316
257
518
-0.0498
-1.0053
-0.0312
10.6400
6.5100
-7.9800
221
299
315
257
518
-0.1147
-0.9770
-0.0059
20.9300
6.6500
2.1000
221
297
315
257
516
-0.0571
-0.9848
0.0220
19.8100
-2.1000
-0.6300
221
297
315
258
513
-0.0590
-1.0067
0.0605
5.9500
-6.0900
-2.7300
221
297
315
258
515
-0.0722
-1.0033
0.0542
32.8300
1.1900
1.6800
220
296
315
257
512
-0.0366
-0.8960
0.1503
115.1500
8.9600
2.9400
221
295
316
257
502
-0.1610
-0.8633
0.4124
133.2100
3.1500
2.5900
222
295
317
256
497
-0.1386
-0.7901
0.5636
96.6700
3.2900
1.2600
221
295
317
255
495
-0.1322
-0.7110
0.6422
126.8400
0.1400
2.2400
220
294
317
251
495
-0.2069
-0.5588
0.8101
88.1300
-20.8600
9.0300
219
295
316
250
497
-0.2333
-0.4602
0.8965
74.5500
-15.4700
7.5600
218
296
315
249
498
-0.1923
-0.3167
0.9331
71.8900
-17.7800
13.2300
218
299
315
248
495
-0.1937
-0.2191
1.0097
30.8700
-10.1500
6.5800
219
301
315
248
500
-0.1845
-0.2128
0.9321
38.3600
-2.7300
4.4800
218
305
315
247
501
-0.1864
-0.1396
0.9697
30.5200
-5.0400
2.8000
219
307
315
247
499
-0.1972
-0.0854
1.0063
3.8500
-7.2800
0.0000
220
308
316
247
503
-0.1937
-0.0952
0.9545
16.6600
-5.4600
1.5400
220
308
316
247
501
-0.1801
-0.0664
0.9858
15.9600
-7.7000
2.9400
220
308
316
248
503
-0.1991
-0.0508
0.9780
6.7200
-4.6900
-1.0500
220
308
316
248
502
-0.1810
-0.0522
0.9701
4.1300
-5.4600
-1.5400
220
308
316
248
502
-0.1854
-0.0493
0.9697
6.1600
-1.8200
-4.1300
220
309
316
248
501
-0.1815
-0.0434
0.9745
4.2700
-3.9200
-1.2600
220
308
316
248
499
-0.1937
-0.0390
0.9867
0.2100
-3.0800
-3.5700
220
308
316
249
501
-0.1771
-0.0517
0.9648
1.1200
-3.9200
-0.9100
221
309
316
249
498
-0.1903
-0.0390
0.9892
-1.1200
-4.1300
-2.6600
221
309
316
249
500
-0.1889
-0.0444
0.9711
0.7700
-4.1300
-3.2200
221
309
317
249
500
-0.1840
-0.0522
0.9882
-1.4700
-4.1300
-2.5200
221
309
317
249
498
-0.1859
-0.0605
0.9692
0.5600
-3.7100
-2.1000
221
309
317
249
500
-0.1825
-0.0488
0.9740
2.3100
-3.1500
-1.8200
221
309
317
249
498
-0.1893
-0.0590
0.9770
1.0500
-2.6600
-3.9900
221
309
317
250
500
-0.1767
-0.0512
0.9858
-0.3500
-4.4800
-3.2200
221
309
317
249
500
-0.1884
-0.0610
0.9736
-6.3700
-4.3400
0.4900
221
309
317
250
500
-0.1850
-0.0644
0.9902
-9.8000
-0.1400
-2.6600
221
309
317
250
499
-0.2103
-0.1108
0.9804
-41.3700
-0.1400
-16.1700
222
309
317
250
495
-0.1893
-0.2079
0.9521
-66.5000
-1.1900
-13.7200
222
309
317
250
489
-0.1640
-0.2884
0.9292
-90.6500
-16.5200
-15.0500
221
308
317
250
486
-0.1391
-0.4338
0.8652
-114.8700
7.6300
-21.5600
221
307
318
251
486
-0.1649
-0.5793
0.7486
-113.1900
4.2700
-5.5300
223
307
319
252
493
-0.2596
-0.7320
0.6505
-112.3500
-19.4600
3.3600
225
308
320
254
497
-0.2118
-0.7749
0.4895
-120.1200
-29.0500
3.5700
225
308
320
255
503
-0.1440
-0.9126
0.3118
-101.9900
-13.6500
5.4600
225
309
319
257
507
-0.1401
-0.9301
0.1957
-62.3700
-12.5300
7.9100
225
310
319
258
509
-0.1171
-0.9301
0.1601
-33.6700
-16.5200
6.5100
225
310
320
258
508
-0.1142
-0.9575
0.1171
-36.6100
-16.9400
4.0600
225
311
320
259
511
-0.1293
-0.9501
0.0732
-18.3400
-9.3800
3.8500
225
311
320
260
513
-0.1288
-0.9911
0.0268
-10.7100
-6.9300
-0.8400
226
311
321
260
511
-0.1352
-0.9794
0.0044
-1.3300
-11.0600
-3.1500
226
311
321
260
513
-0.1396
-0.9819
0.0508
2.7300
-9.3100
-3.0100
226
311
321
260
515
-0.1200
-0.9755
-0.0122
-0.8400
-5.0400
-6.0900
226
311
321
261
512
-0.1098
-0.9833
0.0039
3.4300
-6.2300
-4.7600
226
311
321
260
514
-0.1030
-0.9872
0.0034
7.7700
-4.8300
-6.0900
226
310
321
260
514
-0.1025
-0.9823
0.0127
0.7700
-5.1800
-3.6400
227
311
321
261
511
-0.1044
-0.9936
0.0176
0.8400
-4.7600
-5.0400
227
310
321
261
513
-0.0971
-0.9916
0.0264
-0.4900
-0.1400
-4.5500
227
310
321
261
511
-0.1054
-0.9721
0.0000
15.0500
2.7300
-4.6900
227
310
321
261
513
-0.1020
-0.9984
0.0376
14.0700
3.2200
-4.9700
227
309
321
261
511
-0.0927
-1.0004
0.0415
13.1600
1.5400
-4.0600
227
309
321
261
509
-0.1005
-0.9989
0.0439
12.2500
-0.5600
-4.7600
227
309
321
261
511
-0.0859
-0.9828
0.0883
13.0900
-1.5400
-2.9400
227
309
321
261
511
-0.0708
-0.9906
0.1069
17.7800
-2.0300
-3.6400
227
308
321
261
507
-0.0805
-0.9867
0.1181
21.3500
0.2800
-4.6200
226
308
321
260
509
-0.0952
-0.9653
0.1747
41.5100
3.5700
-3.7800
226
306
321
260
507
-0.0883
-0.9828
0.2259
45.6400
10.2900
-6.3700
225
304
320
260
504
-0.0678
-0.9126
0.2767
49.7000
8.8200
-6.9300
225
304
320
259
505
-0.0722
-0.9257
0.4109
42.9100
4.4800
-4.4100
225
303
320
258
504
-0.0615
-0.8862
0.4202
48.7900
5.8100
2.8000
224
302
319
258
503
-0.0917
-0.8701
0.4836
67.5500
3.6400
2.5900
223
301
320
256
502
-0.0942
-0.7984
0.5949
73.0800
1.2600
1.5400
222
301
320
254
501
-0.1035
-0.7335
0.6730
64.9600
2.7300
-0.2100
222
300
320
253
502
-0.1186
-0.6481
0.7364
69.4400
4.6900
-5.6000
222
300
320
251
501
-0.1147
-0.5841
0.7984
57.4700
2.1700
-8.8900
221
300
319
250
499
-0.1181
-0.4968
0.8467
58.5900
-6.2300
-2.9400
221
300
318
250
501
-0.1259
-0.4187
0.9155
50.5400
-1.4000
0.9800
221
301
318
250
500
-0.1171
-0.3684
0.9296
24.3600
-3.7100
1.7500
221
302
318
250
499
-0.1088
-0.3265
0.9301
15.1900
-2.0300
-0.2800
221
302
318
250
499
-0.1230
-0.2957
0.9428
19.6700
0.0000
-1.6800
221
303
318
250
497
-0.1293
-0.2743
0.9467
15.6100
-4.4800
-1.8900
221
303
317
250
498
-0.1420
-0.2577
0.9594
20.4400
-9.5900
2.9400
221
303
317
250
498
-0.1196
-0.2245
0.9711
30.7300
-8.2600
5.4600
220
303
317
250
495
-0.1118
-0.1801
0.9809
25.5500
-4.5500
3.2900
220
303
317
250
497
-0.1288
-0.1488
1.0019
8.1200
-4.3400
-2.0300
221
304
317
250
494
-0.2489
-0.1581
0.9682
5.2500
-4.4800
-2.8700
220
304
317
250
496
-0.1113
-0.1259
0.9950
7.9800
-4.2000
-1.8200
221
304
317
250
496
-0.1074
-0.1259
0.9731
10.0800
-4.6200
-0.4900
221
304
317
250
493
-0.1220
-0.1210
0.9843
16.1000
-2.8700
-0.4900
221
305
317
251
495
-0.1230
-0.0971
0.9936
11.2000
-4.5500
-1.4700
221
305
317
250
493
-0.1186
-0.0888
0.9936
4.6200
-5.7400
-2.2400
221
305
317
251
495
-0.1152
-0.0917
0.9843
3.5000
-4.2000
-2.1000
221
305
317
251
495
-0.1147
-0.0820
0.9950
2.3100
-2.8700
-2.5900
221
306
317
251
495
-0.1176
-0.0937
0.9892
-1.8200
-3.6400
-2.0300
221
306
318
251
495
-0.1166
-0.0805
0.9887
6.5100
-2.9400
-2.3800
221
306
318
251
493
-0.1098
-0.0566
1.0067
1.7500
-4.5500
-2.8700
221
306
318
251
495
-0.1254
-0.0722
0.9921
-0.5600
-5.3900
-3.0100
221
306
318
251
492
-0.1269
-0.0844
1.0004
-11.7600
-7.4200
-2.4500
222
306
318
251
494
-0.1098
-0.1054
1.0126
-35.7000
-9.7300
-3.2200
222
307
319
252
493
-0.1230
-0.1825
0.9950
-77.7000
-8.1200
-8.4700
222
307
320
252
487
-0.1015
-0.3231
0.9238
-69.0900
-20.7200
-5.0400
222
307
320
253
482
-0.0493
-0.4080
0.9228
-90.6500
-0.9800
-11.2700
222
305
321
254
481
-0.0181
-0.5402
0.8330
-140.4200
23.8000
-9.8000
223
305
321
255
486
-0.0654
-0.7281
0.5885
-130.2000
6.5800
3.8500
225
305
321
257
492
-0.0922
-0.8394
0.4294
-110.1100
-26.1800
8.6100
226
306
323
260
501
-0.1269
-0.9462
0.2796
-94.5000
-31.2900
3.2200
226
307
323
261
505
-0.1381
-0.9984
0.1508
-50.6800
-23.1000
-3.8500
226
307
323
263
505
-0.1166
-1.0028
0.0942
-23.3100
-18.7600
-4.6200
226
308
323
263
505
-0.1113
-0.9789
0.0532
0.0000
-13.1600
-2.1700
227
308
324
263
507
-0.1088
-1.0185
0.0630
4.5500
-10.5700
-7.3500
227
308
324
263
505
-0.0927
-1.0185
0.0586
-0.9100
-5.0400
-2.3800
227
308
324
264
507
-0.1078
-0.9965
0.0473
-0.4200
-6.3700
-0.9100
227
308
324
264
508
-0.1225
-1.0063
0.0376
-0.8400
-4.2000
-3.7800
227
308
324
264
507
-0.1147
-1.0150
0.0220
-0.8400
-4.1300
-6.7900
227
308
324
264
509
-0.1161
-0.9911
0.0151
0.3500
-2.2400
-5.3900
227
308
325
264
509
-0.0986
-0.9916
0.0185
2.7300
-3.8500
-6.3700
227
308
324
264
508
-0.0937
-0.9853
0.0420
4.4800
-3.7800
-4.2700
227
308
325
264
510
-0.1030
-0.9858
0.0459
3.8500
-0.9800
0.3500
227
308
325
264
507
-0.1161
-0.9701
0.0137
4.0600
-2.8000
1.3300
227
308
325
264
510
-0.1157
-0.9960
0.0356
-0.2800
-4.4800
-3.1500
227
308
325
264
510
-0.1054
-0.9750
0.0366
-0.6300
-2.3100
-4.5500
227
308
325
264
510
-0.1186
-0.9911
0.0488
4.2700
-1.0500
-4.6200
227
308
325
264
509
-0.1171
-1.0087
0.0312
16.0300
14.4200
-8.9600
226
307
324
264
505
-0.0834
-1.0102
0.0595
53.3400
20.3000
-7.6300
225
305
324
264
505
-0.0942
-0.9701
0.1566
143.2200
26.2500
-8.4000
225
302
324
263
500
-0.0927
-0.8599
0.3753
197.1900
32.2000
3.2200
226
302
324
261
491
-0.1586
-0.6037
0.7169
155.4000
13.7200
7.6300
226
304
324
259
484
-0.2201
-0.5388
0.8808
98.2100
-1.3300
3.0100
226
305
324
257
489
-0.1825
-0.4202
0.8833
41.7900
-8.8200
1.8900
224
305
323
254
498
-0.2079
-0.3748
0.8930
38.1500
-11.2700
3.8500
223
305
322
252
503
-0.2064
-0.3138
0.9170
43.3300
-9.9400
6.7900
222
306
322
251
503
-0.2211
-0.2484
0.9526
37.5900
-17.5700
6.1600
221
309
322
250
502
-0.2035
-0.2030
0.9511
34.5100
-19.7400
7.4900
221
313
322
248
505
-0.1806
-0.1308
0.9775
39.7600
-12.0400
3.9200
222
316
322
247
510
-0.1508
-0.0693
0.9970
24.0100
-12.8800
0.2800
222
318
322
247
513
-0.1488
-0.0429
0.9906
24.1500
-8.6800
0.5600
222
318
322
247
511
-0.1410
-0.0083
0.9989
15.9600
-3.5700
16.5900
223
318
323
248
513
-0.1293
-0.0029
0.9770
8.5400
-3.7800
-0.7000
223
318
323
248
512
-0.1415
0.0034
0.9911
10.0100
-5.1800
0.4900
223
318
323
248
510
-0.1391
0.0249
0.9882
8.6100
-2.6600
-2.4500
223
318
323
248
511
-0.1415
0.0278
0.9760
5.7400
-4.0600
-1.2600
224
319
323
249
509
-0.1484
0.0464
1.0043
5.2500
-3.2200
-2.5200
224
319
323
249
510
-0.1444
0.0473
0.9833
2.8000
-4.2000
-1.8200
224
319
323
249
509
-0.1464
0.0503
0.9970
-1.8900
-4.9000
-3.2900
224
319
323
249
508
-0.1435
0.0420
0.9853
-1.1900
-3.5700
-2.2400
224
319
323
249
508
-0.1386
0.0234
0.9682
8.8900
-2.6600
-1.3300
224
319
323
249
506
-0.1518
0.0630
0.9984
8.1900
-2.8000
-2.5900
224
319
323
249
508
-0.1488
0.0547
0.9736
3.0100
-5.7400
-2.4500
224
319
323
249
506
-0.1469
0.0625
0.9955
0.8400
-5.7400
-2.1000
224
319
323
249
508
-0.1479
0.0542
0.9950
-11.7600
-7.8400
-5.3900
224
319
323
250
505
-0.1391
0.0249
0.9980
-18.2700
-5.3900
-7.2100
225
318
324
250
499
-0.1264
-0.0039
1.0033
-34.7200
-4.2000
-9.7300
225
317
323
251
499
-0.1215
-0.0239
1.0350
-67.6900
32.8300
-35.0000
224
316
323
250
494
-0.2040
-0.2108
0.9418
-71.5400
13.6500
-31.7800
223
316
323
250
491
-0.1620
-0.3514
0.8857
-59.5000
-12.3900
-19.7400
223
314
324
251
487
-0.1484
-0.4368
0.8828
-72.3100
-2.7300
-10.5700
222
312
324
253
484
-0.1532
-0.5436
0.7749
-83.0200
-27.3000
0.1400
223
310
325
255
488
-0.1620
-0.6876
0.7252
-99.6100
-32.6200
-6.4400
224
308
326
257
494
-0.1205
-0.8042
0.5636
-135.5900
-24.8500
-13.0900
221
304
326
259
501
-0.0786
-0.9931
0.3128
-86.0300
-23.5200
-2.8700
220
300
326
261
507
-0.0800
-0.9638
0.2298
-72.7300
-20.6500
0.4900
221
301
327
264
508
-0.0712
-1.0092
0.1244
-64.8900
-12.6000
6.7200
221
301
327
267
508
-0.0913
-1.0063
0.0181
-55.5800
-14.9800
4.4100
222
302
327
269
507
-0.0903
-0.9843
-0.0400
-45.9200
-13.3700
-5.1100
222
298
328
271
510
-0.0683
-1.0185
-0.1503
-39.2700
-16.8700
-4.9700
222
290
327
272
512
-0.0756
-0.9638
-0.2020
-11.4100
-11.2000
-2.6600
222
289
327
273
512
-0.0839
-0.9633
-0.1893
-2.5900
-10.4300
1.4000
222
290
328
273
510
-0.0908
-0.9770
-0.1850
-0.4200
-6.4400
0.9800
223
291
328
274
513
-0.0908
-0.9755
-0.1898
-1.7500
-3.9200
3.6400
223
292
328
274
513
-0.1020
-0.9887
-0.2152
-3.5000
-8.3300
0.9800
223
293
329
274
511
-0.1108
-0.9726
-0.2162
-2.3100
-5.3900
-3.2900
223
294
329
275
512
-0.0986
-0.9462
-0.2357
-1.1900
-2.6600
-0.9100
223
295
329
275
512
-0.0654
-0.9360
-0.2279
-13.2300
-16.9400
2.1000
223
295
329
275
512
-0.0888
-0.9531
-0.2420
-12.6000
-21.4200
2.6600
223
296
330
275
512
-0.1825
-0.9496
-0.2874
-21.1400
-3.8500
-2.5900
223
296
330
276
512
-0.1649
-0.9130
-0.3045
-22.0500
-0.3500
-3.9200
223
296
330
276
512
-0.1606
-0.9311
-0.3001
-18.1300
-3.4300
-4.6900
223
296
330
277
509
-0.1444
-0.9311
-0.3894
-11.0600
2.3800
-8.6100
223
294
330
278
511
-0.1132
-0.9179
-0.3592
16.1000
8.3300
-1.1900
224
293
329
278
511
-0.0947
-0.9272
-0.3314
29.2600
23.5900
-0.5600
225
287
327
277
511
-0.1049
-0.9111
-0.2425
112.7000
27.9300
13.0900
226
282
328
275
507
-0.1410
-0.9428
-0.0181
126.2100
5.3900
8.6800
226
282
328
273
503
-0.1557
-1.0043
0.1196
126.2800
19.5300
3.6400
226
281
328
272
498
-0.2186
-0.8955
0.3128
124.6700
4.5500
3.2900
226
279
325
267
495
-0.1576
-0.8350
0.4543
99.6100
-22.9600
5.8100
222
281
319
259
505
-0.1688
-0.7930
0.5812
70.9100
-8.0500
1.2600
219
281
316
255
512
-0.1513
-0.7056
0.6593
108.8500
-4.9000
7.8400
217
281
313
251
510
-0.2152
-0.5729
0.7920
97.1600
-16.3100
7.0000
217
286
313
248
504
-0.1923
-0.4782
0.8960
62.6500
-6.6500
0.6300
217
289
314
247
511
-0.1654
-0.4080
0.8769
61.8100
-5.3200
5.6000
218
291
314
247
509
-0.1752
-0.3274
0.9082
77.5600
-10.0100
8.2600
218
295
315
247
504
-0.1762
-0.2420
0.9545
34.3000
-24.7800
2.9400
219
297
316
247
506
-0.1357
-0.1757
0.9662
29.0500
-8.7500
6.5100
219
298
316
248
506
-0.1464
-0.1376
0.9648
37.3800
-7.2100
5.8800
219
299
316
248
504
-0.1381
-0.0820
0.9941
22.6100
-0.0700
2.3800
220
300
316
248
505
-0.1440
-0.0498
0.9853
25.4800
-3.4300
2.5900
220
301
316
248
503
-0.1508
-0.0137
0.9965
16.5200
-1.4700
0.2100
220
302
316
248
504
-0.1571
0.0015
0.9809
13.5800
-2.3100
0.0700
220
302
316
248
504
-0.1532
0.0093
0.9745
21.4200
-5.0400
2.1000
220
302
316
248
501
-0.1586
0.0517
1.0111
8.5400
-0.7000
-1.1200
220
303
316
249
503
-0.1581
0.0449
0.9604
8.3300
-2.1700
-0.5600
220
303
316
249
501
-0.1620
0.0551
0.9916
4.9700
-3.7800
-2.3800
220
303
316
249
503
-0.1610
0.0547
0.9770
5.8800
-3.7800
-1.8900
220
303
316
249
503
-0.1659
0.0683
0.9965
-0.1400
-5.0400
-2.5900
221
304
317
249
502
-0.1630
0.0639
1.0131
-21.5600
-2.3100
-9.5900
220
303
317
250
500
-0.1840
-0.0020
0.9799
-36.8200
4.1300
-10.1500
221
304
317
250
494
-0.1591
-0.0522
0.9853
-51.1000
-2.4500
-13.8600
221
303
318
250
492
-0.1606
-0.1713
0.9814
-98.7700
1.4000
-29.4000
221
301
319
251
484
-0.1459
-0.3782
0.8208
-146.3700
-11.0600
-22.5400
221
300
321
254
477
-0.0825
-0.5832
0.8433
-156.3800
10.0800
-18.0600
224
301
323
256
479
-0.0020
-0.7935
0.5475
-175.7000
-24.2900
-16.8700
225
301
324
259
488
0.0400
-0.9692
0.3431
-136.1500
-18.3400
-11.8300
227
302
324
262
492
-0.0371
-1.0199
0.1088
-120.6800
-34.5800
-3.0100
228
305
325
265
489
-0.0888
-1.0004
-0.0722
-72.6600
-27.0200
4.0600
229
307
326
270
490
-0.0937
-1.0067
-0.1488
-58.3100
-23.9400
1.8200
230
308
330
276
487
-0.0942
-0.9809
-0.2401
-52.2900
-16.1700
1.4700
230
306
331
278
491
-0.1215
-0.9292
-0.3318
-32.9000
-10.2200
2.3100
229
305
331
278
491
-0.1274
-0.9184
-0.3475
-19.8800
-9.8000
0.9800
229
304
331
279
490
-0.1552
-0.8706
-0.3431
3.6400
-5.4600
-1.5400
230
304
331
279
493
-0.1357
-0.9633
-0.3294
-3.0800
-1.6800
-2.6600
230
304
331
279
492
-0.1576
-0.9301
-0.3499
1.6100
-3.7100
-5.1100
230
304
331
279
490
-0.1537
-0.9238
-0.3606
3.7100
-0.4900
-5.2500
230
303
331
279
493
-0.1376
-0.9213
-0.3626
4.7600
-0.0700
-4.2000
230
303
331
279
493
-0.1371
-0.9243
-0.3762
17.1500
5.8100
-6.2300
230
303
331
279
494
-0.1283
-0.9384
-0.3367
11.0600
1.6100
-5.6000
230
302
331
278
495
-0.1259
-0.9213
-0.3006
4.6900
-0.2800
-5.7400
230
301
330
278
494
-0.1259
-0.9282
-0.3289
11.2700
-0.7700
-1.9600
230
301
330
278
496
-0.1103
-1.0355
-0.2777
30.9400
13.6500
-4.4800
231
298
328
277
496
-0.1103
-0.9487
-0.2655
48.9300
24.1500
-5.5300
230
293
327
275
494
-0.0756
-0.9565
-0.2108
52.4300
22.7500
0.7000
223
282
322
272
501
-0.0844
-0.9892
-0.1059
79.5900
6.4400
-3.7100
217
269
313
267
505
-0.0903
-0.9775
0.0312
115.9900
3.5000
-1.0500
214
261
308
264
503
-0.1186
-0.9106
0.2391
127.4000
-2.1000
-1.8200
213
261
309
262
501
-0.1054
-0.8926
0.3904
124.3900
5.9500
-1.4700
212
262
308
261
500
-0.1552
-0.7964
0.4548
181.5800
-1.1900
15.4700
212
267
309
259
495
-0.2079
-0.6320
0.7310
116.5500
-7.8400
18.9000
214
272
310
256
494
-0.2445
-0.5856
0.7422
78.9600
2.5900
15.8200
215
277
310
252
499
-0.2420
-0.4577
0.8613
83.4400
-8.8900
22.6800
217
283
311
251
498
-0.2835
-0.3133
0.9443
56.4200
-0.8400
18.9000
218
287
311
252
494
-0.2884
-0.2474
0.9331
37.0300
-3.5000
3.4300
219
289
311
252
495
-0.2943
-0.2372
0.8930
14.2800
-4.6200
2.3800
220
289
312
253
495
-0.2879
-0.1918
0.9199
24.7100
-0.0700
5.2500
220
290
312
253
492
-0.2933
-0.1566
0.9384
20.5100
-2.5900
-0.3500
220
290
312
253
494
-0.2913
-0.1649
0.9135
6.5100
-1.7500
-4.4800
220
290
312
254
492
-0.2933
-0.1342
0.9340
4.8300
-5.8100
-1.7500
220
290
312
254
494
-0.2865
-0.1371
0.9194
12.4600
-4.5500
2.1000
220
291
312
254
494
-0.3089
-0.1225
0.9555
1.6800
-4.4800
-2.5200
220
291
313
254
491
-0.2938
-0.1166
0.9374
2.8700
-4.0600
-2.0300
220
291
313
254
494
-0.2923
-0.1269
0.9365
4.6200
-4.5500
-0.4200
220
291
313
254
491
-0.2874
-0.1103
0.9331
1.2600
-3.2900
-3.1500
220
291
313
255
493
-0.2840
-0.1088
0.9321
3.3600
-4.9700
-1.1200
220
291
313
255
491
-0.2923
-0.1044
0.9536
3.4300
-3.9200
-2.6600
220
291
313
255
493
-0.2952
-0.1078
0.9311
5.7400
-1.7500
-2.8700
220
291
313
255
493
-0.2894
-0.1015
0.9433
3.3600
-2.0300
-4.6900
220
291
313
255
493
-0.2704
-0.0874
0.9521
0.9100
-3.9900
-2.9400
220
291
313
255
493
-0.2884
-0.1078
0.9555
-3.0100
-3.2200
-6.0900
220
291
313
255
489
-0.2928
-0.1283
0.9658
-40.6000
-5.9500
-23.9400
219
289
314
256
487
-0.2913
-0.2089
0.9287
-84.9100
-4.0600
-35.4900
219
288
315
257
476
-0.2294
-0.3953
0.8535
-102.8300
-21.6300
-24.2900
220
286
316
259
466
-0.1566
-0.5524
0.7891
-134.0500
-19.3200
-17.9200
221
287
319
262
460
-0.1127
-0.7618
0.5778
-126.9800
-23.3100
-2.8000
223
287
320
261
471
-0.1493
-0.9165
0.3582
-99.6800
-39.1300
-3.7100
224
287
321
262
480
-0.0922
-0.9618
0.2489
-96.3900
-36.4700
-6.3000
225
288
321
264
484
-0.0942
-0.9897
0.0922
-115.3600
-17.2200
-10.0100
226
289
322
265
490
-0.1083
-0.9765
-0.0459
-102.8300
-20.2300
-2.6600
227
290
322
268
497
-0.1493
-0.9243
-0.1923
-51.3800
-7.2800
-8.7500
227
289
322
270
500
-0.1069
-0.9526
-0.2577
-33.8800
-14.7700
-2.8000
226
289
322
271
503
-0.1240
-0.9609
-0.3011
-33.4600
-17.0800
7.0000
226
289
323
272
503
-0.1557
-0.8838
-0.4143
-31.8500
-13.5100
-1.4000
226
290
323
273
506
-0.1425
-0.9111
-0.4421
7.7700
-0.2800
-10.0800
226
289
323
273
506
-0.1127
-0.9111
-0.3841
3.9200
-4.2700
-9.3800
226
289
323
273
504
-0.1342
-0.8960
-0.3943
4.2700
-6.3000
-8.8200
227
289
323
273
506
-0.1454
-0.8930
-0.3665
2.8700
-4.3400
-5.2500
227
289
324
273
506
-0.1444
-0.9057
-0.3650
0.0000
-4.4100
-3.1500
228
289
324
273
503
-0.1342
-0.9043
-0.3782
2.8700
-2.1000
-5.3200
227
289
324
273
506
-0.1342
-0.9038
-0.3836
5.9500
-3.1500
-5.3200
227
288
323
273
506
-0.1215
-0.9077
-0.3767
8.1200
-4.7600
-4.3400
228
289
323
273
504
-0.1293
-0.9194
-0.3689
5.3200
-3.4300
-4.3400
228
289
324
274
506
-0.1293
-0.9228
-0.3616
2.1000
-4.4100
-5.8100
228
288
323
273
504
-0.1283
-0.9096
-0.3626
6.4400
-6.0900
-3.2900
228
289
324
273
506
-0.1313
-0.9243
-0.3392
3.3600
-3.2200
-4.1300
228
289
324
273
506
-0.1186
-0.9248
-0.3484
6.0200
0.0700
-1.9600
228
288
324
273
504
-0.1103
-0.9233
-0.3431
8.2600
-2.0300
-3.2200
228
288
324
273
506
-0.1352
-0.9457
-0.3680
29.6100
6.3700
-3.6400
227
287
324
273
506
-0.1015
-0.9706
-0.3436
44.0300
15.8900
-3.2900
226
285
323
271
509
-0.0932
-0.9658
-0.2987
66.9200
11.8300
-2.6600
225
284
322
269
516
-0.0874
-1.0155
-0.1425
98.0000
22.6800
0.2800
221
280
318
265
523
-0.0932
-1.0136
-0.0044
119.7000
24.1500
-2.1700
219
278
317
262
523
-0.1088
-0.9887
0.1942
136.0100
26.9500
-4.6200
218
278
317
261
513
-0.0761
-0.9091
0.3645
122.9900
7.4200
13.4400
219
279
318
260
505
-0.1210
-0.8179
0.5773
127.6100
13.7900
8.8200
219
281
318
258
500
-0.1625
-0.6647
0.7213
104.5100
12.0400
8.4000
220
284
318
257
494
-0.1864
-0.5846
0.7910
56.7000
3.1500
7.9100
220
286
318
257
490
-0.2250
-0.5017
0.8320
63.0700
3.7100
-1.9600
221
287
318
256
494
-0.2318
-0.4299
0.8369
65.1000
6.1600
1.4700
221
290
318
256
491
-0.2191
-0.3533
0.9077
51.3100
-0.3500
5.0400
221
292
318
255
494
-0.2406
-0.2869
0.8930
46.6200
0.4200
7.8400
221
294
319
255
494
-0.2567
-0.1918
0.9545
40.7400
-1.3300
2.9400
221
296
318
255
492
-0.2684
-0.1698
0.9404
9.3800
-3.0100
-3.2200
222
297
319
255
494
-0.2616
-0.1806
0.9311
11.9000
-2.3100
-1.0500
222
298
319
256
490
-0.2611
-0.1547
0.9565
2.0300
-6.9300
-0.1400
222
298
320
256
493
-0.2611
-0.1679
0.9472
1.1200
-4.6900
-2.5900
223
298
320
256
492
-0.2689
-0.1654
0.9536
-7.1400
-4.7600
-2.3100
223
298
320
256
491
-0.2689
-0.1786
0.9296
3.1500
-4.9700
-3.0100
223
298
320
256
493
-0.2596
-0.1571
0.9536
2.8700
-6.0900
-3.4300
223
298
320
257
490
-0.2650
-0.1776
0.9418
0.7700
-6.0200
-2.3100
223
298
320
257
492
-0.2640
-0.1635
0.9545
1.6800
-3.6400
-4.1300
223
298
320
257
489
-0.2664
-0.1810
0.9277
0.8400
-1.8200
-4.3400
223
298
320
257
491
-0.2777
-0.1869
0.9204
-3.2900
2.5200
-5.6700
223
298
320
257
491
-0.2489
-0.1913
0.9306
12.3900
-7.1400
1.8900
223
298
320
257
491
-0.2757
-0.1664
0.9506
-4.2700
-3.7800
-3.9900
223
299
321
257
491
-0.2596
-0.1781
0.9457
-3.7100
-3.1500
-1.9600
223
298
320
257
488
-0.2723
-0.1771
0.9584
-17.3600
-1.6100
-7.3500
223
298
320
257
489
-0.2840
-0.2386
0.9609
-40.7400
-0.1400
-27.0900
222
297
321
258
487
-0.2860
-0.3416
0.8721
-58.3800
-8.3300
-30.0300
222
296
321
258
482
-0.2469
-0.4455
0.8428
-87.0800
-13.5100
-36.5400
222
295
322
259
479
-0.2191
-0.6080
0.7169
-116.4100
-16.5200
-32.4800
223
295
323
260
476
-0.1157
-0.7788
0.5793
-129.9200
-15.4000
-18.3400
226
297
326
261
476
-0.1527
-0.8057
0.4543
-210.8400
-36.4000
-7.3500
228
297
327
263
503
-0.0986
-1.0160
-0.0459
-125.7200
-32.2700
-12.9500
229
296
328
266
511
-0.0917
-1.0043
-0.1161
-67.3400
-16.1700
-3.8500
230
297
328
269
508
-0.0693
-0.9819
-0.1527
-59.6400
-20.6500
0.7700
230
298
329
272
511
-0.1171
-0.9145
-0.3182
-45.7100
-23.4500
4.2000
228
298
329
274
515
-0.1283
-0.9160
-0.3162
-33.3200
-10.2200
2.2400
228
297
330
274
517
-0.1088
-0.9008
-0.3650
-29.5400
-8.8900
1.2600
227
294
330
275
515
-0.0956
-0.8745
-0.4006
2.2400
-4.2700
-2.8000
228
293
330
275
515
-0.1039
-0.8833
-0.4011
3.9900
-3.8500
-2.7300
229
293
330
275
517
-0.1015
-0.9145
-0.3987
7.8400
-3.9200
-5.3200
229
293
330
275
517
-0.1015
-0.9209
-0.3948
4.0600
-3.2200
-4.0600
229
292
330
275
515
-0.1015
-0.9013
-0.3914
6.4400
-3.9900
-5.2500
229
293
330
275
518
-0.0893
-0.9257
-0.3782
2.9400
-3.9900
-4.7600
230
293
330
275
517
-0.0966
-0.9301
-0.3719
4.3400
-0.9800
-4.8300
230
292
330
275
514
-0.0917
-0.9223
-0.3816
0.5600
-3.9900
-5.2500
230
292
330
275
517
-0.0922
-0.9243
-0.3733
5.8100
-1.7500
-3.0800
230
292
330
275
516
-0.0786
-0.9194
-0.3772
7.7700
-2.9400
-4.3400
230
291
330
274
514
-0.0864
-0.9257
-0.3787
20.5100
0.2100
-4.9000
230
291
330
274
515
-0.0756
-0.9614
-0.3362
50.7500
15.1200
2.8000
230
289
329
273
514
-0.0727
-0.9828
-0.2025
106.9600
17.0100
-1.4700
226
283
326
270
516
-0.0644
-1.0131
-0.0825
105.9100
23.8700
-7.3500
223
277
320
267
516
-0.0717
-0.9789
0.0996
120.7500
20.5800
-5.1100
221
274
318
264
517
-0.0464
-0.9648
0.2699
104.7200
15.7500
-4.2700
221
273
317
263
516
-0.0786
-0.9355
0.3650
120.1900
22.1900
-3.7800
220
274
317
261
508
-0.1479
-0.7886
0.5568
113.1200
3.7100
10.0100
220
277
318
258
500
-0.1630
-0.6617
0.7232
93.2400
3.9200
7.0000
222
282
320
256
497
-0.1420
-0.5588
0.8272
73.7800
-3.8500
1.1200
223
285
320
256
495
-0.1806
-0.5256
0.8198
35.2100
-1.3300
0.8400
223
287
320
256
493
-0.1581
-0.5022
0.8472
46.3400
0.8400
8.7500
223
288
320
256
494
-0.1781
-0.4138
0.8823
39.9000
-0.3500
10.7800
224
290
320
256
492
-0.2206
-0.3416
0.9145
48.0200
0.4200
11.3400
224
292
320
256
489
-0.2313
-0.2772
0.9404
24.7100
-0.4200
3.4300
225
294
320
256
490
-0.2342
-0.2635
0.9418
11.9000
-4.3400
-1.0500
225
294
320
256
488
-0.2196
-0.2411
0.9350
2.1000
-4.6900
-2.1000
225
294
320
256
490
-0.2245
-0.2542
0.9272
7.1400
-4.7600
0.7700
225
295
321
256
490
-0.2381
-0.2362
0.9472
7.9100
-4.9700
-0.0700
225
295
321
257
490
-0.2294
-0.2289
0.9345
3.5700
-1.7500
-0.2800
225
295
321
257
490
-0.2255
-0.2176
0.9340
11.4100
-1.8900
1.4700
225
295
321
256
488
-0.2147
-0.2064
0.9379
9.3100
-4.2000
2.9400
225
296
321
257
491
-0.2274
-0.1947
0.9477
2.1000
-1.1900
-4.0600
225
296
321
257
489
-0.2259
-0.1869
0.9501
4.0600
-3.4300
-1.6100
225
296
321
257
490
-0.2211
-0.1947
0.9199
20.3700
-2.1700
4.9700
225
296
321
257
491
-0.2557
-0.1537
0.9745
9.3800
-3.0100
-2.9400
225
296
321
257
491
-0.2396
-0.1566
0.9355
5.3200
-3.0100
-2.4500
225
296
321
257
490
-0.2386
-0.1410
0.9594
2.5200
-3.5700
-2.5200
225
296
321
257
490
-0.2333
-0.1557
0.9472
5.9500
-5.0400
-1.6800
225
297
321
257
490
-0.2372
-0.1498
0.9360
8.5400
-0.9800
-0.7700
225
297
321
257
488
-0.2318
-0.1327
0.9579
4.1300
-3.5700
-1.8900
225
297
321
257
490
-0.2450
-0.1430
0.9531
4.1300
-2.0300
-3.1500
225
297
321
258
488
-0.2318
-0.1357
0.9399
10.5000
-3.1500
1.6100
225
297
321
258
491
-0.2552
-0.1293
0.9609
2.8000
-3.0800
-4.4800
225
297
321
257
491
-0.2401
-0.1230
0.9672
-0.8400
-6.8600
-3.8500
225
297
321
257
490
-0.2420
-0.1327
0.9628
-8.2600
-3.0800
-8.5400
225
297
321
258
488
-0.2552
-0.1684
0.9531
-27.0200
2.5900
-23.5900
224
295
320
259
483
-0.2523
-0.2333
0.9423
-111.1600
0.5600
-40.5300
223
295
321
259
482
-0.2133
-0.4914
0.7720
-153.4400
-2.7300
-18.0600
223
294
323
260
481
-0.1249
-0.6339
0.6168
-182.4200
-18.4800
-23.5900
224
294
325
261
489
-0.0249
-0.8618
0.3231
-169.2600
-25.2700
-9.7300
226
294
326
264
499
-0.0966
-1.0058
0.2069
-135.1000
-30.8700
-4.0600
227
297
328
267
498
-0.1601
-1.0228
-0.0332
-88.2700
-24.9200
2.3100
227
299
329
269
509
-0.1288
-0.9784
-0.1557
-63.4900
-17.5700
6.0900
227
299
328
271
514
-0.1484
-0.9516
-0.2450
-19.8800
-27.6500
13.9300
227
297
329
272
517
-0.2318
-0.9584
-0.2972
-24.2900
-8.1200
5.3900
228
297
329
273
518
-0.2054
-0.9404
-0.3279
-2.5200
-0.0700
0.8400
228
296
330
274
516
-0.2235
-0.9916
-0.3245
6.7900
0.8400
-6.3700
228
296
329
274
517
-0.2006
-0.9838
-0.3001
-2.6600
-2.1000
-8.7500
229
293
330
275
516
-0.2338
-0.9140
-0.3460
2.3800
-3.5700
-7.6300
229
293
330
275
516
-0.2201
-0.9160
-0.2928
0.4200
-4.9000
-9.5900
229
292
329
275
517
-0.2206
-0.9077
-0.3113
-0.0700
-5.2500
-7.0700
229
292
330
275
515
-0.2225
-0.9096
-0.3113
0.9800
-2.6600
-6.6500
229
292
329
275
516
-0.2064
-0.9243
-0.3240
-3.2900
-2.0300
-6.3000
230
291
330
275
516
-0.2025
-0.9174
-0.3392
6.0200
-5.1800
-5.6000
230
291
330
275
513
-0.1942
-0.9282
-0.3192
5.1800
-4.2000
-4.4100
230
291
329
275
516
-0.1869
-0.9228
-0.3318
1.3300
0.5600
-4.6900
230
291
330
275
515
-0.1815
-0.9321
-0.3211
0.9100
-2.7300
-4.5500
230
290
329
275
513
-0.1806
-0.9311
-0.3118
1.7500
-3.6400
-6.0200
230
290
329
275
515
-0.1893
-0.9155
-0.3367
5.1800
-2.2400
-4.0600
230
290
329
275
515
-0.1708
-0.9282
-0.3270
1.1900
-1.6800
-5.2500
231
290
329
275
512
-0.1640
-0.9213
-0.3201
1.6100
-2.8700
-3.7100
231
290
329
276
513
-0.1713
-0.9272
-0.3318
4.3400
1.1200
-3.1500
231
292
330
275
513
-0.1742
-0.9467
-0.3279
13.7900
10.5700
-9.0300
233
293
331
276
509
-0.1293
-0.9296
-0.2977
2.5900
-1.9600
-4.2000
234
294
331
276
511
-0.1488
-0.9204
-0.3279
15.1200
-2.9400
-3.0100
234
294
331
276
511
-0.1664
-0.9394
-0.3045
6.0900
-2.0300
-3.5700
234
294
331
276
508
-0.1488
-0.9545
-0.2918
5.8100
-5.3900
-9.4500
237
296
333
277
506
-0.1415
-0.9570
-0.2835
8.2600
6.4400
-8.8200
245
304
339
280
501
-0.1293
-0.9296
-0.2908
-3.5700
3.3600
-8.2600
260
315
352
290
496
-0.1035
-0.9555
-0.3396
26.7400
16.3100
-6.5800
319
374
412
341
483
-0.0498
-0.9682
-0.2294
9.7300
-1.1900
-10.3600
373
442
457
376
474
-0.0917
-0.9457
-0.2045
19.8800
2.3100
-2.0300
404
469
483
395
469
-0.1000
-0.9740
-0.2118
0.0000
-5.1100
1.3300
413
478
490
404
467
-0.1147
-0.9770
-0.2352
-1.6100
-2.2400
-0.6300
421
486
502
420
466
-0.0888
-0.9648
-0.2176
7.9100
-0.7700
-7.9100
430
494
515
440
457
-0.0834
-0.9838
-0.2245
7.5600
-1.2600
-3.2900
434
499
522
454
449
-0.1000
-0.9794
-0.2025
12.1800
-1.4000
-6.9300
435
502
525
461
443
-0.0942
-0.9682
-0.1845
2.8000
-6.1600
-7.4900
435
504
527
463
433
-0.0913
-0.9540
-0.1928
0.7700
-5.9500
-6.8600
436
504
528
464
427
-0.0976
-0.9706
-0.1859
4.6200
-4.5500
-3.9900
436
505
528
465
425
-0.0947
-0.9570
-0.2074
6.6500
-1.2600
-1.6100
436
505
529
466
420
-0.0971
-0.9760
-0.1806
7.8400
-2.8000
-2.6600
436
505
529
466
422
-0.1059
-0.9662
-0.1859
5.6700
-4.0600
-4.5500
436
505
529
466
422
-0.0961
-0.9833
-0.1820
2.9400
-2.8000
-0.6300
436
505
529
466
422
-0.1015
-0.9745
-0.1747
2.5200
-4.2700
-3.9900
435
505
529
466
422
-0.1010
-0.9814
-0.1762
1.7500
-5.0400
-4.4100
435
506
529
466
422
-0.0922
-0.9760
-0.1781
3.1500
-5.5300
-3.3600
435
505
529
466
422
-0.1015
-0.9662
-0.1874
2.1700
-4.6200
-2.8000
435
506
529
466
422
-0.1074
-0.9697
-0.1767
0.5600
-3.7800
-3.1500
434
505
529
466
423
-0.1113
-0.9721
-0.1962
3.5700
-1.3300
-1.8900
434
505
529
466
423
-0.1044
-0.9770
-0.1757
6.3000
-1.8900
-1.1200
434
505
529
466
421
-0.0893
-0.9726
-0.1776
0.8400
-4.3400
-2.0300
434
505
529
466
424
-0.0991
-0.9594
-0.1976
0.9800
-9.3100
-1.6100
433
505
529
465
425
-0.1137
-0.9701
-0.1659
-2.1700
-11.6200
-0.4200
432
504
529
464
427
-0.1264
-0.9667
-0.1942
4.4100
-7.0700
-2.1000
432
503
529
464
427
-0.1147
-0.9936
-0.1654
1.8900
-4.4100
-5.3200
432
503
529
463
427
-0.1122
-0.9697
-0.1820
2.2400
-4.2700
-3.9900
431
503
529
463
427
-0.1054
-0.9760
-0.1806
6.0200
-6.3000
-3.2900
431
503
529
463
425
-0.1127
-0.9799
-0.1596
-1.1900
-5.1100
-1.1200
431
503
528
463
427
-0.1191
-0.9711
-0.1776
-0.1400
-4.6200
-5.1800
431
503
528
463
428
-0.0971
-0.9570
-0.1801
4.3400
-3.8500
-2.0300
430
503
528
462
428
-0.1157
-0.9853
-0.1786
3.6400
-3.6400
-4.0600
430
502
528
462
428
-0.1161
-0.9804
-0.1698
1.2600
-3.9900
-3.7800
429
502
528
462
428
-0.1064
-0.9687
-0.1786
2.2400
-4.9700
-3.5000
429
502
528
461
428
-0.1078
-0.9721
-0.1654
1.7500
-6.9300
-3.6400
429
501
528
461
426
-0.1083
-0.9740
-0.1645
2.2400
-5.6700
-3.4300
429
501
528
460
429
-0.1152
-0.9755
-0.1947
2.3800
-3.0800
-3.2200
428
501
528
460
429
-0.1098
-0.9697
-0.1645
0.7000
-4.8300
-3.5700
428
501
528
459
429
-0.1044
-0.9672
-0.1737
4.6200
-5.4600
-3.4300
428
501
527
458
428
-0.1093
-0.9843
-0.1566
1.8200
-3.6400
-3.9900
428
500
527
458
429
-0.1044
-0.9731
-0.1747
2.2400
-4.7600
-1.5400
427
500
527
457
430
-0.1132
-0.9789
-0.1674
-3.6400
-5.0400
-3.1500
427
500
527
455
429
-0.1005
-0.9658
-0.1825
-0.4900
-5.3900
-3.3600
426
499
527
455
432
-0.1083
-0.9740
-0.1786
3.2200
-4.9000
-2.7300
426
499
527
454
432
-0.1157
-0.9711
-0.1796
4.1300
-3.2200
-2.8700
426
499
527
455
432
-0.1113
-0.9672
-0.1713
3.5700
-3.7100
-2.8700
426
499
527
455
432
-0.1113
-0.9760
-0.1664
3.5700
-4.7600
-2.3100
426
499
527
456
432
-0.1157
-0.9780
-0.1771
5.8100
-3.3600
-3.0800
426
500
527
457
431
-0.1147
-0.9755
-0.1654
1.6100
-4.2700
-1.4000
426
500
527
457
429
-0.1191
-0.9697
-0.1640
3.9200
-2.9400
-4.3400
426
499
527
457
431
-0.1074
-0.9711
-0.1508
1.2600
-2.1000
-3.1500
426
499
527
457
431
-0.1220
-0.9819
-0.1586
3.6400
-1.4700
-7.3500
426
499
527
457
431
-0.0986
-0.9936
-0.1479
6.3700
-0.4200
-11.2000
426
499
526
457
431
-0.0854
-0.9897
-0.1142
3.9900
-2.5900
-8.8900
426
500
526
457
431
-0.0698
-0.9589
-0.1845
7.1400
-0.2100
-4.8300
426
500
527
457
431
-0.0742
-0.9804
-0.1420
6.1600
-4.5500
-3.1500
426
500
527
456
431
-0.0732
-0.9804
-0.1449
2.7300
-7.2100
-0.9100
426
499
526
454
431
-0.0903
-0.9999
-0.1244
1.3300
-6.5100
-5.1800
425
499
526
454
429
-0.0830
-0.9955
-0.1249
1.8200
-5.2500
-4.9000
425
499
526
454
431
-0.0698
-0.9599
-0.1215
4.6200
-6.7200
-2.4500
425
499
526
454
431
-0.0810
-0.9936
-0.1074
7.4900
-4.6200
-3.4300
425
499
526
453
430
-0.0815
-0.9823
-0.1230
-2.9400
-5.1100
-2.9400
425
499
526
453
431
-0.0756
-0.9809
-0.1161
3.9200
-5.3200
-4.3400
425
498
526
452
431
-0.0771
-0.9872
-0.1025
1.1900
-5.6700
-4.2000
425
498
526
452
431
-0.0869
-0.9809
-0.1137
0.8400
-4.2700
-3.7800
424
498
526
451
429
-0.0820
-0.9877
-0.1049
1.4000
-4.0600
-3.6400
424
498
525
451
431
-0.0673
-0.9862
-0.1113
2.3100
-4.1300
-2.8700
424
498
526
451
431
-0.0742
-0.9843
-0.1025
0.9100
-5.0400
-1.8200
424
497
525
450
432
-0.0722
-0.9916
-0.1039
4.1300
-5.6000
-4.1300
424
497
525
450
431
-0.0654
-0.9887
-0.1030
5.0400
-5.8800
-4.0600
424
497
525
450
429
-0.0727
-0.9926
-0.0961
3.5700
-3.8500
-3.4300
423
497
525
450
432
-0.0727
-0.9858
-0.0937
3.5700
-3.5700
-3.6400
423
497
525
450
432
-0.0654
-0.9858
-0.1035
2.7300
-4.6200
-2.3800
423
497
525
450
432
-0.0717
-0.9950
-0.0947
2.8700
-4.9700
-2.6600
423
497
525
450
432
-0.0703
-0.9882
-0.0991
2.1000
-4.2700
-3.2900
423
496
525
450
432
-0.0747
-0.9862
-0.0961
1.8900
-4.0600
-2.6600
423
496
525
450
432
-0.0669
-0.9858
-0.1000
4.9000
-5.9500
-1.5400
423
496
525
450
429
-0.0703
-0.9955
-0.0849
3.5000
-5.4600
-2.8000
423
496
525
450
432
-0.0795
-0.9984
-0.0791
-1.5400
-3.9900
-2.8700
423
496
525
450
432
-0.0732
-0.9677
-0.1049
5.4600
-4.9700
-2.3100
422
496
525
449
432
-0.0708
-1.0067
-0.0732
4.1300
-5.5300
-1.5400
422
496
525
449
432
-0.0722
-0.9906
-0.0776
3.4300
-5.3200
-2.9400
422
496
525
449
432
-0.0727
-0.9862
-0.0752
4.6900
-5.1100
-1.8900
422
495
524
449
432
-0.0786
-0.9955
-0.0708
0.7700
-3.0800
-3.0800
422
495
524
449
432
-0.0727
-0.9926
-0.0766
1.4000
-4.4800
-3.9900
422
495
524
449
433
-0.0595
-0.9760
-0.0903
5.4600
-5.3200
-0.7700
421
495
524
449
433
-0.0830
-1.0024
-0.0576
3.7100
2.7300
-1.3300
421
495
524
449
433
-0.0693
-0.9911
-0.1020
-1.4000
-0.6300
-3.8500
421
495
524
449
433
-0.0464
-0.9848
-0.0590
9.0300
-4.4800
-3.4300
421
495
524
448
430
-0.0654
-0.9862
-0.0571
3.9200
-5.6700
-2.2400
421
495
524
448
433
-0.0683
-0.9579
-0.0805
14.2100
-4.2000
0.3500
421
495
524
448
434
-0.0776
-1.0067
-0.0283
9.0300
-4.3400
-1.9600
421
494
524
448
434
-0.0717
-0.9902
-0.0220
3.7100
-1.7500
-1.8900
421
494
524
448
434
-0.0498
-0.9926
-0.0142
9.1700
-4.7600
-0.2100
420
494
524
448
435