-0.1918
-0.9814
0.0234
-3.9900
-4.5500
-3.2200
422
446
498
384
465
-0.1688
-0.9731
0.0127
-1.6100
-6.7900
-0.4200
422
445
498
383
469
-0.1918
-0.9892
0.0181
-2.7300
-5.3200
-1.1900
422
445
497
382
469
-0.1942
-0.9775
0.0000
-2.8700
-2.5900
-2.8700
422
446
497
382
472
-0.1810
-0.9760
-0.0020
-4.2700
-1.8900
-1.4000
423
446
497
381
470
-0.1840
-0.9799
-0.0205
-4.6900
-3.0100
-3.3600
423
447
495
381
472
-0.1928
-0.9716
-0.0366
-0.7700
-3.7800
-2.3100
424
447
495
381
470
-0.1918
-0.9706
-0.0327
2.5900
-3.1500
-3.0100
424
447
495
381
472
-0.1830
-0.9789
-0.0293
1.7500
-5.4600
-2.2400
424
447
495
381
472
-0.1889
-0.9755
-0.0278
1.8900
-4.6200
-3.1500
424
447
495
381
472
-0.1884
-0.9775
-0.0200
0.7700
-2.9400
-2.7300
424
447
495
381
471
-0.1820
-0.9726
-0.0322
0.4900
-3.9900
-2.5900
424
447
495
381
472
-0.1962
-0.9687
-0.0351
-2.9400
-1.6100
-5.8800
424
446
494
380
472
-0.1806
-0.9658
-0.0034
-8.8900
-3.5000
-1.9600
425
437
492
375
469
-0.1991
-0.9804
-0.0610
-8.7500
0.8400
-2.7300
426
434
486
359
474
-0.1771
-0.9618
-0.0634
-5.7400
-3.8500
-4.9000
427
413
472
334
480
-0.1493
-0.9882
-0.0815
2.8700
-2.0300
7.2800
427
381
448
295
492
-0.2264
-0.9492
-0.0839
0.4900
1.8900
-3.7800
426
358
425
270
497
-0.1732
-0.9570
-0.0776
-4.9000
-3.5700
-2.5200
426
339
408
259
505
-0.1479
-1.0082
-0.1493
5.4600
-5.1100
10.3600
426
338
394
257
508
-0.2489
-0.9316
-0.0503
3.2200
1.4000
-4.8300
425
329
368
256
508
-0.2338
-0.9609
-0.0834
-6.3700
6.5100
-6.8600
422
319
333
239
512
-0.1972
-0.9614
-0.0854
-8.1900
-1.6800
-10.1500
415
309
294
222
517
-0.2294
-0.9662
-0.1401
-4.2700
-4.9000
-4.6200
409
305
283
219
543
-0.2025
-0.9706
-0.1318
13.1600
14.0700
-13.3000
410
309
286
221
584
-0.1747
-0.9833
-0.0952
7.7700
12.2500
-9.3800
411
312
290
224
593
-0.1176
-0.9243
-0.0727
9.5200
1.5400
-4.6900
412
313
292
225
603
-0.1142
-0.9604
-0.0678
12.9500
-9.8000
20.2300
413
314
293
226
630
-0.0449
-0.7383
0.1391
-12.2500
-66.2200
35.0700
414
315
296
227
659
-0.2328
-0.8125
0.1064
-4.4800
-66.7800
38.9200
416
316
299
229
675
-0.3948
-0.7554
0.1088
-7.5600
-80.4300
22.0500
416
317
301
232
676
-0.3523
-0.9277
0.0820
36.8200
-57.0500
37.7300
417
316
303
234
672
-0.5183
-0.9106
0.0947
-0.4200
18.8300
-32.6900
418
317
305
235
652
-0.5456
-0.9155
0.1610
85.7500
98.7000
-94.6400
419
323
306
235
635
-0.3065
-0.8911
0.2176
63.7000
70.9100
-64.4000
418
326
307
234
625
-0.2298
-0.9453
0.2142
50.0500
49.7700
-51.8000
416
328
307
233
622
-0.2377
-0.9765
0.2591
139.3700
60.6900
-36.5400
415
328
307
232
585
-0.1366
-0.7896
0.4768
91.7000
2.4500
2.2400
415
329
310
234
581
-0.2294
-0.7784
0.6744
31.1500
-25.7600
22.1900
416
330
310
235
582
-0.2528
-0.6939
0.6349
-26.2500
-56.0000
44.6600
416
330
311
236
585
-0.2918
-0.8179
0.5339
-10.7100
-83.0200
49.0700
416
327
313
237
588
-0.0400
-0.5285
0.5900
-9.8000
-87.5700
44.5200
417
324
314
238
597
-0.2625
-0.7300
0.6754
-34.2300
-77.7700
73.9200
418
320
314
239
605
-0.2655
-0.7130
0.5978
-14.9100
-72.5200
91.0700
421
319
314
240
607
-0.3318
-0.6573
0.6881
-26.3200
-53.9000
47.8100
423
317
316
243
613
-0.2987
-0.6881
0.6534
-13.5100
-13.3000
6.6500
424
316
316
245
612
-0.3841
-0.6695
0.6144
5.7400
3.0800
-3.8500
424
317
316
246
607
-0.3514
-0.6734
0.6456
3.9200
-1.4000
-3.1500
424
318
316
246
602
-0.3645
-0.6861
0.6407
-13.6500
10.4300
-7.2800
423
320
316
246
582
-0.3645
-0.6930
0.6071
-40.3200
36.6800
-13.1600
421
326
321
249
539
-0.3958
-0.7462
0.4494
-62.5800
65.3800
-33.8100
418
352
357
271
497
-0.3870
-0.8359
0.3548
-34.5100
61.1800
-20.5100
420
382
396
298
477
-0.4348
-0.8545
0.2572
-50.2600
64.8200
-25.1300
422
405
419
313
471
-0.4490
-0.8618
0.1357
-78.3300
47.5300
-30.2400
423
414
427
318
469
-0.3562
-0.9140
-0.0600
-59.3600
33.1800
-24.4300
422
419
437
325
471
-0.3026
-0.9238
-0.1645
-18.5500
26.2500
-32.6200
422
425
448
336
470
-0.2386
-0.9799
-0.1801
-19.0400
40.9500
-27.6500
422
441
465
355
469
-0.2006
-0.9082
-0.1713
-6.7200
30.4500
-14.7000
422
458
488
372
472
-0.1157
-0.9043
-0.1869
28.4200
23.3800
-0.7000
418
477
511
406
472
-0.1410
-0.9858
-0.2591
-8.3300
3.3600
-0.7000
419
486
517
426
468
-0.1332
-0.9252
-0.2372
-0.9100
2.3100
-2.8000
419
490
520
436
468
-0.1474
-0.9623
-0.2489
-2.2400
1.7500
-2.1000
420
494
522
439
465
-0.1566
-0.9448
-0.2689
0.9800
1.4700
-4.2000
421
495
523
440
467
-0.1562
-0.9594
-0.2684
2.3800
1.0500
-0.3500
422
496
523
440
465
-0.1405
-0.9462
-0.2625
-2.9400
-4.4100
-0.9100
422
496
523
439
468
-0.1469
-0.9575
-0.3094
4.8300
-0.1400
-1.2600
422
496
523
438
466
-0.1405
-0.9457
-0.2625
2.3100
1.0500
-0.8400
422
495
522
437
469
-0.1279
-0.8994
-0.2596
10.8500
-8.8900
7.2100
422
495
522
437
473
-0.1693
-0.9701
-0.2577
9.6600
-3.9200
5.4600
422
494
522
436
477
-0.1718
-0.9858
-0.2030
-2.3800
2.3100
-1.4000
423
490
521
434
482
-0.1801
-1.0502
-0.1674
10.0800
0.7700
-10.6400
423
489
521
432
479
-0.1459
-0.9414
-0.2455
9.9400
-7.8400
-3.3600
423
489
521
431
483
-0.1591
-0.9814
-0.2362
10.3600
-7.3500
-3.9900
423
488
521
430
483
-0.1752
-0.9570
-0.1923
4.8300
-4.0600
-3.3600
423
488
521
429
486
-0.1674
-0.9609
-0.1889
4.0600
-8.3300
-5.3200
423
487
520
426
489
-0.1596
-0.9701
-0.2176
-1.6100
-4.4800
-4.4800
423
485
519
423
489
-0.1625
-0.9643
-0.2162
1.6100
-0.3500
-6.0200
423
482
518
419
492
-0.1459
-0.9443
-0.2069
-5.0400
-0.7000
-4.7600
423
474
514
413
492
-0.1503
-0.9331
-0.2420
-6.0200
-5.1100
-2.0300
423
455
500
408
497
-0.1542
-0.9555
-0.2357
3.0800
-4.6900
-7.0000
422
425
465
396
497
-0.1601
-1.0028
-0.1742
32.9700
3.7100
-10.7100
424
394
430
364
488
-0.1401
-0.9814
-0.2313
31.3600
-3.9200
-1.2600
425
358
393
333
478
-0.1391
-0.9262
-0.1654
22.3300
-0.9800
-5.4600
426
336
354
293
470
-0.1464
-1.0360
-0.0678
-6.7900
-15.0500
-3.8500
423
317
301
253
466
-0.1708
-0.9565
-0.2142
8.7500
-13.5800
-3.2200
417
303
282
234
468
-0.1425
-0.9770
-0.1484
3.8500
-2.6600
4.8300
409
297
276
225
475
-0.1440
-0.9711
-0.1147
15.2600
1.8200
-10.4300
408
302
277
226
517
-0.1484
-0.9521
-0.0986
-2.5900
5.4600
-9.4500
409
302
282
229
557
-0.1166
-0.9745
-0.1376
21.2100
-1.1900
-5.9500
410
303
285
231
589
-0.0981
-0.9848
-0.0737
33.6700
-9.0300
4.9000
411
301
288
232
616
-0.0615
-0.9941
-0.0288
0.3500
-48.4400
1.6800
411
298
292
232
638
-0.0483
-0.9618
-0.0161
0.0700
-58.2400
59.0100
412
299
295
234
636
-0.2469
-0.9975
-0.0024
49.9800
-119.1400
49.0000
412
299
298
235
631
-0.2855
-1.0219
0.1610
46.3400
-96.7400
51.3100
414
303
301
237
634
-0.2591
-0.9794
0.1669
25.7600
-119.3500
95.2700
416
304
303
239
629
-0.3245
-0.9130
0.3592
41.5100
-66.7100
14.4200
418
304
305
242
624
-0.3914
-0.8882
0.4070
18.8300
32.6900
-16.6600
419
306
307
243
607
-0.3860
-0.8252
0.3660
45.2200
88.9700
-91.9800
419
307
308
244
595
-0.2938
-0.7930
0.4314
71.6800
102.0600
-114.9400
418
313
308
244
582
-0.1850
-0.8130
0.5246
81.7600
80.9200
-86.4500
415
318
309
243
581
-0.1806
-0.7642
0.5368
95.4100
45.0100
-56.2800
411
322
310
241
579
-0.2328
-0.7574
0.6139
111.2300
24.1500
-42.8400
409
325
312
240
573
-0.2347
-0.6320
0.7066
130.1300
23.7300
-8.5400
404
324
312
239
564
-0.2303
-0.4226
0.9599
44.5200
-21.6300
22.4000
405
327
314
241
562
-0.2094
-0.4431
0.8926
-53.7600
-37.8700
70.7700
403
327
314
243
566
-0.2377
-0.4939
0.7720
-31.8500
-69.7900
61.5300
405
327
315
244
569
-0.1796
-0.5417
0.8072
-31.8500
-35.4200
62.5800
406
327
315
246
577
-0.2137
-0.6222
0.7159
-30.1000
-50.0500
84.9800
408
325
315
246
582
-0.2338
-0.5768
0.7701
-28.6300
-55.0900
84.5600
412
322
317
248
587
-0.2450
-0.6124
0.7325
6.7200
-71.0500
100.4500
417
319
318
251
582
-0.2255
-0.5427
0.8267
10.4300
-45.7100
44.3100
421
318
320
254
590
-0.2840
-0.5397
0.8301
6.6500
-27.6500
15.3300
422
318
320
255
596
-0.2357
-0.5144
0.8101
1.5400
-3.5700
0.5600
422
318
321
256
601
-0.2011
-0.5324
0.8237
1.7500
0.9800
-1.5400
422
318
322
256
601
-0.2050
-0.5104
0.8306
-7.1400
8.6100
-16.5900
422
319
322
256
593
-0.2367
-0.5456
0.8057
-6.5100
16.3800
-27.9300
420
321
323
256
585
-0.2333
-0.5710
0.8052
-34.4400
46.5500
-50.6800
416
327
330
258
540
-0.2669
-0.6822
0.7139
-41.5800
68.0400
-55.1600
413
351
356
273
488
-0.2333
-0.6871
0.6217
-28.5600
73.6400
-52.9200
414
391
400
301
471
-0.2699
-0.7784
0.5456
-40.3200
52.4300
-39.5500
414
407
422
318
463
-0.2377
-0.8203
0.4475
-51.0300
45.0800
-41.0200
413
408
434
326
458
-0.2250
-0.8760
0.2991
-44.3800
41.3700
-28.9100
413
409
447
335
455
-0.2118
-0.8896
0.2586
-8.7500
31.4300
-18.2000
411
416
458
344
457
-0.2118
-0.9082
0.2528
-10.9200
20.3000
-22.4700
412
426
468
351
461
-0.2333
-0.9228
0.2420
-32.2000
14.7700
-31.2200
413
434
472
361
466
-0.1820
-0.9775
0.1557
-21.7000
23.4500
-30.8000
413
440
478
367
481
-0.1440
-0.9862
0.0698
-13.4400
23.6600
-17.0800
413
449
487
384
487
-0.1132
-0.8472
0.0610
-52.0100
4.2000
-13.4400
412
458
494
396
488
-0.2255
-0.7403
-0.0293
-37.2400
3.8500
-5.6700
410
467
501
410
493
-0.0981
-0.9848
-0.0410
-37.5200
1.0500
-6.8600
410
474
504
420
495
-0.0883
-0.9716
-0.0786
-10.0100
2.7300
-2.4500
412
478
507
425
493
-0.0937
-0.9784
-0.0888
-0.3500
3.0800
-3.2200
414
480
510
428
495
-0.1005
-0.9721
-0.0864
1.3300
2.4500
-5.1800
416
481
511
429
493
-0.0820
-0.9667
-0.1025
1.1900
-1.3300
-3.0100
417
484
513
432
495
-0.0996
-0.9945
-0.0903
-0.4200
-2.1700
-0.7000
419
487
515
434
496
-0.0991
-0.9780
-0.1078
5.6700
-3.2200
-3.1500
419
488
516
436
494
-0.0732
-0.9770
-0.0932
3.9200
-3.4300
-1.9600
419
488
516
436
497
-0.0913
-0.9887
-0.0956
4.6200
-3.5000
-2.5900
419
488
516
436
495
-0.0956
-0.9975
-0.0805
0.7000
-4.3400
-3.5000
420
488
516
436
497
-0.0996
-0.9862
-0.0864
2.3800
-3.2200
-2.8000
420
488
516
436
497
-0.0908
-0.9975
-0.0820
4.6200
-2.7300
-6.0900
419
486
516
435
498
-0.0766
-0.9799
-0.0947
5.1100
-2.8000
-1.4000
419
484
516
434
498
-0.0878
-0.9950
-0.0815
10.6400
-4.5500
-4.9000
419
480
515
431
496
-0.0991
-0.9960
-0.0303
-1.4000
-4.5500
-0.9800
419
454
501
422
500
-0.0849
-0.9897
-0.0693
21.7700
0.7700
-2.4500
421
421
475
413
499
-0.1054
-0.9877
0.0439
45.1500
13.9300
-7.4900
424
396
451
392
493
-0.0693
-0.9736
0.0107
22.8200
-2.6600
-1.2600
425
371
419
359
496
-0.0864
-0.9775
0.0766
20.3000
1.8200
-3.5000
426
351
377
299
495
-0.1230
-0.9457
0.0610
10.0800
-12.1100
-11.4100
426
327
324
257
487
-0.0825
-1.0111
0.0991
-14.0000
-24.0800
2.5900
426
309
304
233
473
-0.1113
-0.9872
0.1366
-27.3700
-11.1300
-0.3500
424
300
296
222
466
-0.1059
-0.9570
0.0625
-11.9700
-6.2300
4.0600
419
296
290
215
474
-0.0864
-0.9887
0.0532
-11.6900
-13.8600
3.0100
411
295
288
214
507
-0.1254
-0.9784
0.0029
9.4500
-10.1500
4.2700
409
297
289
215
530
-0.1230
-0.9809
0.0791
13.3700
-13.5800
0.2100
408
299
290
218
580
-0.1303
-0.9877
0.0420
9.3100
-7.4900
-5.8800
409
299
294
220
633
-0.1381
-0.9536
0.0839
9.0300
-3.7100
-3.5000
410
300
299
221
653
-0.1322
-0.9892
0.0581
1.1900
-2.3800
-2.9400
410
300
300
221
643
-0.1391
-0.9653
0.0634
20.5100
-8.6100
5.8100
410
301
301
222
634
-0.1274
-1.0072
0.1196
44.3100
-28.3500
12.8100
409
303
301
223
618
-0.1449
-1.0097
0.2118
43.4700
-27.5800
26.8800
409
306
302
224
604
-0.0639
-0.9126
0.2118
47.1800
-69.8600
40.8800
409
307
303
225
586
-0.3919
-0.9755
0.2991
59.5000
-93.2400
65.4500
411
309
303
227
584
-0.2499
-0.8418
0.4553
47.7400
-108.8500
101.6400
413
312
307
229
588
-0.3436
-0.8028
0.5817
46.5500
-113.9600
67.4800
415
314
309
232
600
-0.2176
-0.7105
0.6651
25.2700
-58.6600
17.7800
414
314
311
233
606
-0.3133
-0.6822
0.7091
2.2400
42.2100
-30.9400
414
315
312
234
577
-0.3738
-0.7110
0.6486
-30.5900
197.8200
-199.7100
413
322
316
234
540
-0.2538
-0.7652
0.4421
72.9400
175.1400
-111.0900
411
325
317
232
520
-0.0195
-0.7169
0.5041
116.9000
67.5500
-34.6500
409
322
318
231
511
-0.1957
-0.7081
0.6466
139.8600
35.9100
-19.4600
409
325
322
232
505
-0.2552
-0.5119
0.8608
81.4800
28.2800
-5.7400
407
324
327
232
502
-0.2455
-0.3855
0.9018
41.7200
-16.3100
16.8700
407
327
330
233
503
-0.2591
-0.3704
0.9184
-40.9500
-37.2400
63.1400
407
327
330
235
505
-0.2538
-0.3924
0.8311
-50.1900
-63.7700
75.8100
407
330
329
236
511
-0.3070
-0.4748
0.8189
19.6000
-43.1200
58.5900
407
332
329
238
520
-0.1850
-0.3972
0.8940
21.9800
-25.1300
41.5800
409
334
331
241
511
-0.1932
-0.3606
0.8545
19.6000
-25.4100
94.5000
412
336
333
244
503
-0.2972
-0.3152
0.8852
36.9600
-72.3100
68.3900
413
339
337
247
515
-0.3392
-0.2069
0.9521
25.7600
-13.2300
21.9100
415
340
338
249
521
-0.2718
-0.1801
0.9433
6.5100
14.1400
-7.9800
417
341
338
249
522
-0.2621
-0.1957
0.9194
2.3100
-4.2700
-6.0900
417
341
338
249
523
-0.3006
-0.1908
0.9360
-8.3300
-3.1500
-7.6300
418
341
339
250
520
-0.3094
-0.2152
0.9057
0.9800
-3.3600
-5.1800
418
341
339
250
521
-0.2948
-0.2142
0.9287
-3.6400
-0.4200
-5.6700
418
341
339
250
519
-0.3128
-0.2030
0.9516
-21.0000
9.6600
-23.1700
417
342
341
251
506
-0.3201
-0.2782
0.9277
-44.5200
27.3700
-65.5900
411
352
354
259
481
-0.2967
-0.3772
0.8574
-47.5300
66.5000
-100.8700
410
393
401
289
451
-0.2938
-0.5383
0.7832
-67.5500
50.4000
-93.0300
413
419
441
324
433
-0.2625
-0.6754
0.6124
-58.6600
37.9400
-13.4400
417
435
476
367
422
-0.3099
-0.7091
0.5622
-38.8500
5.5300
-29.9600
419
444
488
387
420
-0.3367
-0.7530
0.5344
-81.6200
9.4500
-28.6300
419
452
493
396
419
-0.2464
-0.8589
0.4455
-59.4300
17.9200
-25.3400
418
457
497
402
416
-0.2308
-0.9204
0.2855
-110.1100
-0.2100
-48.7900
417
464
503
412
430
-0.2035
-0.9570
0.0805
-104.0200
10.8500
-32.6900
414
468
506
421
440
-0.1713
-0.9701
-0.2572
67.6200
-12.6700
-16.0300
412
473
511
426
442
-0.0952
-0.9726
-0.0922
-65.8700
3.5000
-3.9900
413
476
513
430
443
-0.0976
-0.9516
-0.2059
-42.4200
3.9900
-8.7500
413
480
514
435
445
-0.0893
-0.9604
-0.2596
-8.5400
0.0000
-12.2500
412
481
514
436
446
-0.0839
-0.9643
-0.2704
6.5100
-1.2600
-6.0900
412
483
515
436
446
-0.0878
-0.9711
-0.2464
-4.4100
-1.9600
-5.3200
413
483
515
436
447
-0.0600
-0.9599
-0.2645
-3.8500
-1.4000
-4.6200
414
483
515
436
447
-0.0576
-0.9540
-0.2718
10.1500
-3.4300
-3.5700
416
483
515
436
447
-0.0766
-0.9716
-0.2542
-0.0700
-3.6400
-6.3700
416
483
515
435
447
-0.0688
-0.9589
-0.2562
-1.3300
-2.9400
-4.6900
416
483
515
435
447
-0.0576
-0.9594
-0.2557
3.1500
-3.6400
-3.5700
416
483
515
435
447
-0.0615
-0.9760
-0.2616
3.2200
-1.7500
-3.3600
416
483
515
434
448
-0.0571
-0.9584
-0.2611
4.8300
-3.8500
-3.8500
416
483
515
434
449
-0.0556
-0.9711
-0.2645
12.3900
-3.0100
-3.5700
416
483
515
433
449
-0.0556
-0.9780
-0.2538
18.7600
-1.9600
-0.7000
417
482
515
430
449
-0.0366
-0.9926
-0.2133
52.9900
10.9200
9.0300
421
480
514
422
449
-0.0473
-1.0375
-0.0961
125.1600
19.8100
5.4600
424
456
501
406
446
-0.0034
-0.9736
1.1112
54.3900
-7.8400
-3.0100
426
402
464
368
430
-0.0903
-0.9858
0.1337
78.6100
-14.2100
-0.7700
427
353
435
332
426
-0.0805
-0.9204
0.2025
47.7400
-21.7700
13.0200
427
324
404
291
431
-0.1645
-0.7427
0.3626
42.3500
-19.0400
36.7500
418
310
382
263
453
-0.3294
-0.7998
0.4075
38.0800
-30.8700
19.1100
413
300
352
243
470
-0.2133
-0.9331
0.4538
68.7400
-11.8300
21.5600
411
297
340
234
475
-0.2645
-0.7374
0.6022
17.5000
-35.4200
70.7700
411
297
328
227
476
-0.2079
-0.7681
0.5344
34.9300
-61.3200
80.6400
411
299
325
227
479
-0.2772
-0.6881
0.6891
39.3400
-42.8400
59.5700
414
304
323
229
473
-0.3621
-0.6110
0.6754
7.4900
-44.5200
83.6500
416
306
325
232
480
-0.3753
-0.5778
0.7164
9.1700
-39.2700
43.4700
418
308
326
235
496
-0.5202
-0.5300
0.7340
23.0300
-7.4200
1.8900
419
309
328
237
510
-0.5017
-0.6227
0.7183
31.4300
29.8900
-47.8800
420
309
330
239
521
-0.4416
-0.4758
0.6988
57.6100
37.0300
-73.7100
420
311
331
240
511
-0.4675
-0.4895
0.7183
75.6700
16.8700
-50.3300
418
314
334
240
501
-0.4543
-0.4094
0.8023
46.9000
18.3400
-85.4700
414
317
336
240
489
-0.4885
-0.4172
0.7730
89.7400
23.1000
-101.0100
410
321
338
240
471
-0.3279
-0.3880
0.7623
54.3200
-0.5600
-56.7700
409
324
341
240
467
-0.4011
-0.3762
0.8076
80.5000
6.0200
-53.4800
404
324
342
238
462
-0.3128
-0.2816
0.9091
78.3300
5.3200
10.0800
402
321
342
238
462
-0.3338
-0.0971
1.0131
17.5700
-23.6600
30.3800
403
325
344
240
465
-0.3353
-0.1571
0.9360
-41.0900
-29.2600
57.0500
404
326
344
242
469
-0.3733
-0.1918
0.8574
-9.7300
-45.0800
72.7300
406
326
344
244
481
-0.3431
-0.1815
0.9199
-18.0600
-25.2000
89.3900
407
327
345
245
488
-0.3026
-0.1645
0.9223
-33.1800
6.6500
104.8600
410
328
345
246
491
-0.2123
-0.1576
0.9204
-29.8200
-13.3000
88.2700
414
329
345
249
495
-0.2630
-0.1508
0.9487
-17.5000
-75.3200
83.1600
416
329
344
252
522
-0.2162
-0.1591
0.9701
-4.2000
-55.0200
56.5600
418
329
345
253
539
-0.1781
-0.1279
1.0053
0.0700
-6.5800
10.3600
419
329
345
254
540
-0.1444
-0.1366
0.9775
-10.1500
1.3300
-4.8300
419
329
345
255
536
-0.1449
-0.1596
0.9838
-8.3300
9.1000
-14.0700
419
329
346
256
531
-0.1723
-0.1830
0.9809
-22.7500
17.5000
-14.6300
418
330
346
255
526
-0.1874
-0.2084
0.9760
-41.4400
34.7200
-37.8700
417
334
354
260
509
-0.2513
-0.2933
0.9477
-68.1100
48.5800
-64.1900
415
352
384
278
487
-0.2923
-0.3826
0.8682
-52.3600
45.2200
-68.2500
414
362
405
292
472
-0.2791
-0.4934
0.7486
-72.1700
56.9100
-74.8300
416
388
427
312
463
-0.2718
-0.6773
0.5968
-75.5300
95.1300
-34.5100
421
416
448
338
450
-0.3509
-0.7974
0.4939
-53.9700
33.8800
-16.3100
423
426
460
359
441
-0.2884
-0.8062
0.4016
-51.3100
1.3300
-30.3100
425
435
471
373
441
-0.3597
-0.8979
0.2928
-63.5600
18.9700
-33.7400
424
445
478
386
445
-0.3377
-0.8828
0.2079
-50.0500
15.1200
-25.9700
423
450
483
394
446
-0.2645
-0.8965
0.2406
-69.2300
16.3800
-40.1100
421
458
492
405
452
-0.1962
-0.9477
0.0044
-29.4700
20.3700
-10.1500
419
467
500
415
453
-0.1679
-0.7623
0.0508
0.0000
14.5600
-17.1500
415
473
505
420
455
-0.1484
-0.9760
0.0044
-26.2500
0.9800
-9.6600
414
478
507
424
456
-0.1420
-0.9594
-0.0195
2.6600
9.6600
-16.1000
414
479
508
425
457
-0.0932
-0.9716
-0.0024
6.7900
-8.1900
-4.9000
415
480
508
425
457
-0.1454
-0.9794
-0.0259
4.7600
-7.7700
-3.7800
415
480
508
424
457
-0.1454
-0.9882
-0.0112
6.7200
1.5400
-5.6700
415
480
509
423
457
-0.1118
-1.0072
-0.0142
10.0100
-4.6900
-1.7500
415
480
508
423
457
-0.1249
-1.0048
0.0171
18.4100
2.3800
4.2700
416
480
509
424
457
-0.1615
-0.9823
0.0581
-0.7700
-1.1200
-1.1200
416
480
509
423
457
-0.1523
-0.9609
0.0117
7.4900
-3.2200
-7.3500
416
477
508
421
458
-0.1391
-0.9780
0.0146
9.3800
0.6300
-4.6900
417
476
509
420
459
-0.1347
-0.9926
0.0351
3.6400
-1.1900
-3.7800
417
476
509
419
459
-0.1366
-0.9794
0.0303
4.4100
0.2100
-4.6200
417
475
509
419
460
-0.1147
-0.9799
0.0547
10.9900
-1.6100
-2.8000
417
474
509
418
461
-0.1200
-0.9911
0.0830
11.3400
2.9400
-4.4100
418
472
507
415
462
-0.1059
-0.9853
0.0864
11.7600
6.5100
-5.7400
417
466
503
406
465
-0.0991
-0.9697
0.1069
17.9900
5.3900
-6.4400
418
441
492
386
475
-0.1200
-0.9501
0.1503
40.9500
2.1700
-0.4900
418
400
448
345
491
-0.0937
-1.1195
0.2142
53.6200
-15.7500
11.6200
421
360
402
306
500
-0.1488
-0.8969
0.2826
2.3800
-21.1400
43.6100
424
330
372
276
514
-0.1840
-0.9116
0.2894
15.4700
-41.7200
66.9200
425
322
364
259
504
-0.3109
-0.9726
0.3367
3.1500
-54.7400
41.2300
425
314
361
248
502
-0.3455
-0.9287
0.3611
4.0600
-42.7700
56.0700
424
309
355
241
512
-0.3216
-0.8764
0.4143
-12.1800
-55.6500
73.7100
423
308
346
235
511
-0.3650
-0.8633
0.3494
-15.4000
-57.0500
97.5800
423
310
341
237
522
-0.4128
-0.8516
0.3967
-16.8000
-85.8200
81.6900
425
310
344
239
544
-0.5314
-0.7584
0.4836
-18.9700
-52.8500
33.4600
428
311
348
242
551
-0.6110
-0.7247
0.4319
-4.4100
-10.7800
-10.7100
428
314
351
244
541
-0.5895
-0.7178
0.4304
70.7700
19.8800
-64.1900
429
313
349
245
537
-0.4860
-0.7296
0.4797
164.5000
31.0800
-28.7000
429
313
344
249
531
-0.4470
-0.7266
0.6583
136.2200
55.0200
-43.7500
429
316
345
252
530
-0.3470
-0.4973
0.7437
80.1500
47.9500
-94.6400
428
317
346
252
534
-0.3421
-0.4031
0.7998
82.3200
30.0300
-80.9200
425
314
346
250
540
-0.2991
-0.3567
0.8960
123.2700
22.5400
-54.1100
420
305
330
246
515
-0.2464
-0.2279
0.9760
70.1400
-2.5200
2.0300
418
307
327
247
509
-0.2420
-0.1142
1.0141
4.7600
-26.1800
32.6900
418
312
330
249
507
-0.1581
-0.1274
0.9516
-46.6200
-44.5200
94.2900
419
316
335
251
506
-0.2118
-0.1405
0.9862
1.7500
-50.4000
54.2500
420
327
343
253
507
-0.1713
-0.1396
1.0175
-43.8900
-31.5700
82.1100
421
330
342
252
519
-0.0649
-0.0805
0.9428
-46.7600
-40.3200
88.8300
423
331
339
252
523
-0.0029
-0.2128
0.9409
-28.7700
-57.7500
81.0600
424
333
341
254
521
-0.0927
-0.2103
1.0175
-61.9500
-37.9400
56.4900
425
333
340
255
526
-0.0551
-0.2616
0.9575
-51.4500
-53.7600
28.6300
426
331
339
256
531
-0.0117
-0.3231
0.9560
-5.9500
-3.7100
2.7300
427
331
340
257
531
-0.0351
-0.3348
0.9575
-12.7400
-3.0800
17.5700
427
332
340
257
531
-0.0254
-0.3367
0.9228
-7.7700
-4.2000
-6.5100
427
333
341
258
526
0.0083
-0.3235
0.9555
1.6100
-3.0800
-1.9600
427
334
341
259
527
-0.0161
-0.3484
0.9355
3.2200
-3.4300
-2.1000
427
334
341
259
526
-0.0151
-0.3421
0.9287
3.9900
-3.0100
-3.5700
427
334
342
259
523
-0.0181
-0.3494
0.9145
7.4900
-6.7200
-3.9900
427
334
342
259
525
-0.0239
-0.3401
0.9526
0.3500
-1.8900
-2.5200
427
334
342
259
523
-0.0107
-0.3484
0.9335
5.8100
0.3500
-3.4300
427
334
342
259
524
-0.0181
-0.3396
0.9360
-4.0600
5.0400
-7.2800
427
336
344
260
523
-0.0356
-0.3606
0.9570
-10.7100
19.3200
-17.1500
426
340
349
264
514
-0.0756
-0.3841
0.9409
-27.4400
48.6500
-36.5400
424
352
366
270
492
-0.1088
-0.4085
0.8960
-30.8700
72.3800
-78.0500
419
374
397
281
476
-0.1864
-0.5524
0.8130
-43.4700
52.7100
-82.5300
417
389
418
295
457
-0.1601
-0.6134
0.7623
-49.4900
73.9900
-70.3500
416
396
435
305
451
-0.2059
-0.7110
0.6320
-63.3500
52.6400
-60.0600
412
403
447
320
456
-0.1786
-0.7706
0.5388
-122.2900
38.2900
-35.1400
416
410
453
332
464
-0.2157
-0.8755
0.3123
-68.8100
25.6200
-24.9900
418
425
463
347
479
-0.1874
-0.8857
0.2455
-19.0400
15.8900
-24.4300
418
442
476
375
473
-0.1742
-0.8774
0.1889
-8.8900
3.5000
-13.2300
416
457
492
395
474
-0.1508
-0.9819
0.1869
-38.5700
4.1300
-17.7800
415
471
502
413
474
-0.1186
-0.9892
0.1308
-29.6100
3.2200
-15.8900
413
482
510
428
475
-0.1166
-0.9736
0.0698
-21.2800
-0.4900
-6.0900
416
487
517
435
480
-0.1137
-0.9989
0.0547
-8.7500
-1.3300
-8.0500
416
488
519
438
480
-0.0991
-0.9819
0.0449
-7.8400
-2.3100
-7.4200
417
488
520
440
483
-0.0791
-0.9794
0.0229
-4.3400
-7.1400
-4.4100
417
488
520
440
485
-0.1054
-1.0092
0.0098
-9.6600
-1.6800
-2.2400
418
488
520
440
486
-0.0922
-0.9701
0.0010
-7.2800
-2.7300
0.9800
418
488
520
440
487
-0.0927
-0.9721
-0.0073
1.5400
-7.5600
-2.6600
418
488
520
440
489
-0.0825
-0.9950
-0.0190
-12.0400
-8.5400
-2.3100
417
487
520
438
493
-0.1088
-0.9941
-0.0517
4.7600
-0.9800
-5.1800
418
487
520
437
491
-0.0947
-0.9823
-0.0205
4.6200
-3.2900
-4.2000
418
488
520
438
493
-0.1020
-0.9950
-0.0346
-1.6100
-1.8200
-2.2400
418
488
521
438
492
-0.0898
-0.9819
-0.0356
7.4200
-3.6400
-3.2900
418
488
521
438
493
-0.0956
-0.9989
-0.0078
9.9400
-3.0800
-2.7300
418
484
521
437
492
-0.1069
-0.9945
-0.0249
29.1900
-3.6400
-7.6300
419
474
520
431
489
-0.1059
-0.9736
0.0415
5.9500
-3.2200
-10.7800
420
435
509
419
491
-0.0932
-0.9931
-0.0020
72.0300
27.6500
-5.1100
422
372
468
380
490
-0.0517
-0.9672
0.0630
8.5400
-7.2100
1.9600
424
344
423
335
487
-0.0893
-1.0380
0.1088
46.8300
-24.1500
2.2400
424
305
387
299
488
-0.0898
-0.9609
0.2011
31.3600
-21.1400
-2.4500
423
292
366
273
487
-0.1601
-0.9170
0.2318
19.1100
-10.5000
5.0400
421
283
349
256
486
-0.1137
-0.9052
0.2479
23.7300
-7.9100
-1.1200
418
278
342
248
488
-0.0761
-0.9130
0.2630
-1.5400
-4.4100
-0.0700
417
279
338
245
488
-0.0654
-0.8940
0.2547
1.4700
-30.2400
7.6300
416
280
338
244
491
-0.1074
-0.9457
0.2538
-8.4000
-56.1400
17.5700
415
282
337
243
491
-0.0854
-0.9057
0.2767
10.9900
-74.1300
27.2300
415
283
340
242
490
-0.0576
-0.9179
0.3143
11.2000
-51.6600
55.6500
414
284
349
244
495
-0.2865
-0.9775
0.2850
-3.0800
-63.7000
52.7100
413
283
350
243
499
-0.4324
-0.8823
0.2235
-1.7500
-71.1900
81.6200
414
303
352
245
490
-0.4192
-0.8086
0.3884
25.1300
-41.7900
20.7900
415
306
354
248
479
-0.5646
-0.7876
0.4329
23.4500
5.5300
-28.5600
416
306
355
250
477
-0.4885
-0.8237
0.3924
24.5000
53.7600
-100.5900
416
307
356
251
473
-0.4738
-0.7603
0.4621
27.6500
39.6200
-125.0900
416
309
358
251
468
-0.2962
-0.7886
0.4416
42.4200
33.2500
-91.8400
416
308
359
251
471
-0.1840
-0.8618
0.3967
21.0700
53.6200
-110.6000
414
308
360
252
476
-0.0468
-0.7335
0.4656
95.3400
50.7500
-35.0000
414
294
354
255
476
-0.1054
-0.7330
0.5797
96.4600
18.6900
-22.2600
414
292
352
257
470
-0.1498
-0.7008
0.7627
93.6600
24.5000
-12.3900
416
291
351
260
465
-0.0834
-0.6315
0.8203
61.2500
-4.3400
4.6900
417
296
355
264
460
-0.0800
-0.5270
0.8896
-14.7700
-49.2100
32.6200
414
297
354
263
467
-0.0644
-0.6154
0.7979
-13.9300
-32.2000
38.2900
413
306
359
260
470
-0.0351
-0.5607
0.7505
4.4800
-69.4400
29.8900
413
310
362
261
471
0.0610
-0.5758
0.8281
-1.1900
-68.0400
92.0500
411
316
365
260
477
-0.0161
-0.6681
0.7520
6.3000
-83.9300
55.2300
411
317
366
260
484
0.0595
-0.5949
0.7920
4.6200
-64.3300
55.2300
411
319
366
260
485
0.0942
-0.6651
0.7588
10.5700
-64.4000
72.2400
412
319
366
261
492
0.1327
-0.5871
0.8496
47.8800
-50.3300
79.3800
413
320
368
262
493
0.0278
-0.5095
0.9565
32.9000
-23.4500
23.9400
414
322
374
262
470
0.0366
-0.5846
0.8779
-11.4100
-6.9300
-2.0300
415
321
374
261
472
0.0913
-0.5436
0.8086
-4.9700
-7.9800
-4.2000
415
321
374
262
469
0.1020
-0.5417
0.8359
3.3600
-3.4300
-3.0800
415
322
374
263
470
0.0795
-0.5553
0.8345
2.4500
-1.8900
-4.4800
415
323
375
263
467
0.0893
-0.5353
0.8345
-1.6800
-1.6800
-3.1500
415
323
375
264
468
0.0908
-0.5212
0.8452
-2.5900
-1.5400
-1.3300
415
323
375
264
464
0.0742
-0.5266
0.8940
-16.9400
25.9000
-3.5700
415
325
377
267
457
0.0361
-0.5661
0.8447
-37.8000
68.8800
-17.5700
413
334
395
279
450
-0.0454
-0.5841
0.7549
-52.7800
63.8400
-63.4200
411
352
419
294
444
-0.0820
-0.7047
0.6895
-60.8300
85.1200
-37.5200
412
382
436
309
443
-0.1122
-0.8428
0.5470
-26.8800
43.9600
-56.9100
412
414
447
324
441
-0.0483
-0.8159
0.5236
-76.9300
67.0600
-11.8300
414
429
458
341
439
-0.0249
-0.9423
0.4104
-65.9400
65.0300
-21.3500
416
440
468
358
440
-0.0151
-0.9048
0.2772
-15.4700
69.1600
1.4000
418
452
484
379
441
-0.1186
-0.8686
0.2367
-54.5300
46.9000
-10.9200
419
464
500
403
450
-0.1137
-0.9804
0.2342
-70.3500
14.0700
-4.6200
418
483
512
423
446
-0.1044
-1.0102
0.0727
-49.7700
10.1500
-4.2700
418
494
519
433
445
-0.0874
-0.9658
-0.0063
-26.2500
6.2300
-2.1000
419
497
521
440
445
-0.0932
-0.9858
-0.0234
-13.4400
1.2600
0.2800
420
498
523
444
445
-0.1088
-0.9872
-0.0400
-9.8000
0.6300
-3.4300
420
498
523
446
446
-0.1000
-0.9882
-0.0732
11.1300
-5.8800
-4.4800
421
498
524
446
446
-0.1122
-1.0106
-0.0278
0.6300
-2.8000
-5.0400
421
498
524
446
446
-0.1074
-0.9965
-0.0459
-1.5400
-2.2400
-6.5800
421
498
524
446
446
-0.0947
-0.9794
-0.0420
0.9100
-0.7000
-2.2400
421
498
524
445
446
-0.0986
-0.9770
-0.0449
1.3300
-1.4700
-1.6800
421
498
524
445
446
-0.1044
-0.9770
-0.0576
-0.8400
-2.8700
-4.5500
421
498
524
445
446
-0.0952
-0.9916
-0.0644
-1.0500
-3.8500
-4.7600
421
498
524
446
446
-0.0932
-0.9862
-0.0551
0.9100
-4.2700
-2.5900
421
499
524
446
444
-0.0971
-0.9819
-0.0639
2.8700
-2.3100
-4.4800
421
499
524
446
446
-0.0932
-0.9936
-0.0464
4.9700
-1.5400
-3.5000
421
498
524
446
444
-0.0874
-0.9921
-0.0595
3.9900
-1.3300
-1.4700
421
498
524
446
446
-0.0981
-0.9887
-0.0268
2.4500
-1.7500
-2.2400
421
498
525
446
446
-0.0771
-0.9882
-0.0361
4.4100
-4.6900
-4.4800
420
496
524
445
447
-0.0698
-0.9906
-0.0195
18.3400
-3.5700
-2.0300
420
493
524
438
449
-0.0737
-0.9892
0.0239
37.1000
-0.2100
1.9600
421
486
518
421
452
-0.0722
-0.9843
0.0312
52.2900
-22.9600
13.3700
424
464
493
387
452
-0.0834
-0.9501
0.1513
23.1700
-16.7300
8.1200
427
417
458
352
458
-0.0952
-0.9882
0.0991
35.7700
-16.5900
30.3100
430
358
418
319
460
-0.1010
-0.9516
0.2918
33.3200
-44.4500
30.4500
430
322
402
288
469
-0.1191
-0.9565
0.2850
23.1700
-30.0300
46.7600
427
307
388
266
473
-0.1591
-1.0048
0.4202
35.8400
-53.9000
82.1100
424
296
371
253
476
-0.2782
-0.8535
0.4612
12.3200
-124.5300
98.3500
421
291
358
247
481
-0.3855
-0.8364
0.6163
1.3300
-89.3200
81.0600
422
290
352
245
483
-0.3401
-0.7623
0.5768
24.1500
-80.0800
83.0200
422
289
351
248
483
-0.0737
-0.4607
0.6051
35.3500
-75.0400
33.3200
423
292
355
253
470
-0.3748
-0.6105
0.7413
8.6100
-6.7900
-9.5900
424
297
363
258
465
-0.3694
-0.6105
0.7149
-6.5100
49.2800
-70.8400
423
298
363
259
459
-0.2855
-0.5900
0.5910
32.4800
83.0900
-100.8000
421
299
362
260
453
-0.1840
-0.6866
0.5070
52.9200
100.2400
-102.3400
419
313
362
260
453
-0.2225
-0.7105
0.6564
95.6900
55.0900
-106.0500
416
317
373
262
441
-0.0083
-0.6315
0.7823
65.4500
18.0600
-57.0500
416
319
370
262
436
-0.0561
-0.5344
0.8311
54.4600
14.2100
-34.1600
414
319
367
261
434
-0.0834
-0.5285
0.8457
76.8600
17.7800
-34.5100
413
319
362
259
426
-0.0449
-0.3548
0.9579
51.5200
7.5600
-9.5200
414
321
361
261
426
-0.0420
-0.2972
1.0165
14.0000
-16.5200
11.7600
414
321
362
262
425
-0.0420
-0.3192
0.9648
-30.4500
-28.7000
44.2400
416
322
366
264
428
-0.0283
-0.3826
0.8730
-23.1700
-37.3800
49.5600
418
326
371
267
428
-0.0220
-0.3479
0.8764
9.4500
-78.0500
49.1400
418
324
372
268
433
0.0464
-0.2913
0.8530
-54.7400
-28.2100
67.4800
416
324
373
266
443
0.0063
-0.4451
0.9306
-40.1100
-61.1100
113.8200
416
336
370
264
450
-0.0078
-0.4124
0.9111
-29.6800
-42.4900
103.3200
417
335
367
264
457
0.0288
-0.4231
0.8589
-16.0300
-51.5900
79.0300
419
334
368
265
448
-0.0508
-0.4553
0.8667
0.9800
-18.3400
27.3700
420
334
370
267
444
-0.0717
-0.4851
0.9013
0.1400
-2.8000
6.7200
421
333
369
267
444
-0.0185
-0.4909
0.8530
-1.8900
-5.1100
5.7400
421
333
369
267
444
-0.0288
-0.4763
0.8789
3.3600
-2.4500
0.7700
421
333
369
267
442
-0.0185
-0.4758
0.8804
0.7700
-0.1400
0.6300
421
333
370
267
445
-0.0166
-0.4836
0.8813
2.8700
5.0400
0.7000
421
333
370
267
445
-0.0195
-0.4807
0.9174
-21.2800
14.8400
2.8700
420
335
371
269
444
-0.0551
-0.5056
0.8828
-52.0100
44.3100
-2.9400
417
346
388
279
441
-0.1132
-0.6129
0.8286
-82.1100
71.8200
-21.7700
415
370
420
301
431
-0.1884
-0.7442
0.6134
-100.8000
145.1800
-37.0300
417
396
443
325
436
-0.2840
-0.8057
0.4065
-107.2400
117.4600
-37.3800
420
418
458
347
439
-0.2523
-0.8672
0.1654
-120.2600
83.5800
-27.5800
422
426
463
361
451
-0.2176
-0.9384
-0.0288
-52.5000
41.7200
-18.4800
422
431
465
370
456
-0.1952
-0.9906
-0.0996
-7.3500
19.9500
-2.9400
420
448
481
389
451
-0.1810
-0.9628
-0.1200
-31.7800
14.0700
-2.1000
418
464
498
404
452
-0.2054
-0.9487
-0.1523
-26.6700
6.1600
-10.7800
416
469
504
412
452
-0.2006
-0.9404
-0.1786
4.0600
-1.7500
-4.6900
416
470
505
415
451
-0.2035
-0.9462
-0.1698
6.0200
-2.0300
-2.6600
416
472
507
419
450
-0.2133
-0.9760
-0.1908
11.0600
-1.2600
-0.8400
417
481
512
425
449
-0.2137
-0.9682
-0.1703
8.7500
1.3300
-7.2800
417
488
515
433
447
-0.2196
-0.9575
-0.1801
0.0700
-2.1700
-5.8100
417
491
518
438
447
-0.2216
-0.9687
-0.2020
3.5700
-0.7700
-3.9900
417
493
520
441
446
-0.2098
-0.9726
-0.1679
4.2000
2.5200
-5.3900
417
494
522
444
445
-0.1937
-0.9609
-0.2186
14.0000
-1.8900
-2.9400
418
495
523
447
444
-0.2245
-0.9540
-0.1693
3.3600
2.6600
-7.4200
418
496
523
450
443
-0.1776
-0.9389
-0.1571
4.5500
-2.5900
-4.5500
419
496
524
451
440
-0.1801
-0.9623
-0.1698
-3.5700
-6.2300
-4.6900
419
496
524
451
442
-0.1903
-0.9589
-0.1566
6.2300
-5.1100
-7.2800
419
496
523
450
440
-0.1767
-0.9550
-0.1659
1.3300
-6.5100
-4.2000
419
495
523
448
443
-0.1815
-0.9579
-0.1571
5.0400
-3.3600
-6.7900
419
495
523
446
443
-0.1786
-0.9599
-0.1240
13.2300
-2.8000
-13.8600
419
482
520
435
446
-0.1474
-0.9804
-0.1274
4.8300
-5.0400
-13.8600
420
452
510
401
446
-0.1415
-0.9765
-0.1342
16.1700
1.6800
-11.6200
421
424
489
374
449
-0.1259
-0.9750
-0.0917
6.1600
0.5600
-4.5500
423
414
466
342
447
-0.1225
-0.9536
-0.0986
20.0200
-2.7300
-10.7100
424
394
419
298
450
-0.1025
-0.9540
-0.0634
31.2200
-1.1200
-13.3700
425
364
365
267
452
-0.0771
-0.9838
0.0112
50.4000
-2.3800
-8.2600
425
335
337
251
454
-0.1000
-0.9350
0.1108
30.8700
2.4500
-1.0500
425
313
322
237
458
-0.0903
-1.0019
0.1049
15.2600
-11.6900
-8.2600
425
303
312
230
459
-0.0659
-0.9906
0.1210
22.4000
-3.2900
-8.1200
424
299
307
227
461
-0.0839
-0.9726
0.1503
22.1900
-3.8500
-6.5800
423
296
309
225
463
-0.0625
-0.9775
0.2050
20.3700
1.5400
-0.0700
422
292
307
223
469
-0.0400
-0.9443
0.2133
38.2200
-14.3500
24.9200
422
293
310
225
471
-0.1196
-0.8965
0.3792
48.3700
-34.5100
27.3700
422
292
314
225
476
-0.0425
-0.8169
0.3928
62.7900
-42.2100
17.8500
421
292
317
225
482
-0.0898
-0.8374
0.4592
44.8700
-59.0800
45.3600
421
295
320
225
500
-0.1000
-0.8418
0.5856
63.5600
-61.5300
52.5000
423
298
324
225
509
-0.1537
-0.7662
0.6339
43.4000
-50.1200
76.0200
423
301
324
226
519
-0.1410
-0.5993
0.6983
105.9100
-25.9700
110.8100
425
304
331
230
513
-0.2342
-0.6115
0.9565
16.1000
-59.7100
86.5900
429
314
337
233
509
-0.2450
-0.4055
0.8808
13.3700
-39.9000
38.7800
431
319
348
238
508
-0.3123
-0.3855
0.9155
-3.3600
0.2800
-10.1500
431
320
349
239
500
-0.3143
-0.4148
0.8857
4.4800
43.4000
-51.3100
431
321
349
239
494
-0.3221
-0.4119
0.8311
2.1700
45.9200
-87.2200
429
320
349
237
487
-0.3289
-0.4348
0.7588
37.8000
42.8400
-140.1400
427
321
348
236
480
-0.2874
-0.4577
0.8642
2.0300
4.6900
-126.7700
424
321
347
235
485
-0.1366
-0.5646
0.8237
36.6100
-14.4900
-143.2900
420
323
349
235
481
-0.0556
-0.5168
0.8550
83.7200
22.9600
-84.7700
415
327
350
235
475
-0.0346
-0.3850
0.9321
68.4600
1.0500
-51.5900
411
331
350
236
470
-0.0390
-0.3548
0.9453
46.6200
6.5100
-21.5600
408
330
347
236
473
-0.0259
-0.2923
0.9726
13.3000
10.9900
-5.4600
408
331
347
238
472
-0.0210
-0.2357
0.9848
-5.2500
-32.4100
33.1100
410
331
348
238
473
-0.0468
-0.3045
0.8965
-24.5000
-50.1900
85.9600
412
330
350
237
470
-0.0956
-0.3323
0.9565
-28.7700
-52.5000
82.3200
415
332
351
237
466
-0.0215
-0.3548
0.9618
0.4200
-31.2200
83.2300
417
332
352
238
467
0.0566
-0.3309
0.9316
3.7800
-36.3300
106.8200
419
333
352
240
463
-0.0259
-0.3465
0.9209
7.7000
-42.7700
105.7700
420
333
353
242
458
-0.0156
-0.3284
0.9492
-5.5300
-48.8600
78.5400
421
331
354
242
462
0.0020
-0.3172
0.9658
-5.5300
-40.9500
44.9400
422
328
355
242
463
0.0322
-0.3504
0.9740
-5.3900
-8.1900
12.0400
422
328
355
244
461
-0.0073
-0.3455
0.9223
3.7100
3.5700
-3.4300
422
328
356
244
461
0.0434
-0.3836
0.9140
7.7700
-1.8200
-1.9600
422
329
356
244
461
0.0361
-0.3728
0.9311
4.7600
-3.9900
-3.3600
422
329
356
245
460
0.0429
-0.3738
0.9111
5.9500
-3.7100
-1.6100
422
329
356
245
460
0.0434
-0.3597
0.9350
5.3200
-4.1300
-3.2900
422
329
357
245
457
0.0283
-0.3640
0.9628
-4.7600
4.7600
-7.4900
422
330
357
246
458
0.0093
-0.3860
0.9350
-14.9100
16.3800
-19.6700
421
331
357
247
456
0.0054
-0.4172
0.9135
-36.9600
41.4400
-29.4700
419
333
362
250
446
-0.0600
-0.4563
0.8867
-32.9700
30.1000
-37.9400
418
354
395
269
433
-0.0166
-0.5261
0.8594
-70.9800
91.9100
-28.6300
420
401
428
299
425
-0.1449
-0.6271
0.7452
-99.4700
98.2800
-29.3300
421
418
440
312
427
-0.2250
-0.7403
0.5334
-112.3500
101.6400
-29.0500
419
408
439
310
433
-0.2445
-0.8799
0.2660
-98.3500
69.7200
-43.8200
419
410
442
314
436
-0.2377
-0.9223
0.2035
-40.2500
50.3300
-43.7500
424
421
450
340
442
-0.2201
-0.9111
-0.0117
-49.7000
6.5800
-31.5700
426
444
462
361
444
-0.2059
-0.9399
0.0874
-6.0900
17.1500
-31.5000
427
464
481
383
443
-0.1254
-0.9472
0.2528
4.8300
-4.1300
-11.2000
427
475
499
407
440
-0.1088
-0.9843
0.0791
-0.5600
1.6800
-7.1400
427
484
508
423
438
-0.0966
-0.9579
0.0986
47.8800
40.2500
-0.3500
424
496
515
431
437
-0.0952
-0.9653
0.0561
10.0800
-1.2600
-5.6700
424
499
517
436
437
-0.1220
-0.9941
0.1166
7.4900
-0.7000
-4.4100
425
500
518
438
435
-0.1039
-0.9984
0.1166
1.8900
-0.7000
-5.8100
425
500
518
437
437
-0.1078
-0.9994
0.0810
3.1500
1.8900
-7.5600
425
500
518
435
438
-0.1205
-0.9794
0.1054
8.8200
3.7100
-7.3500
426
499
517
433
440
-0.0649
-0.9848
0.1137
25.8300
-5.7400
-9.6600
426
496
516
431
441
-0.0839
-1.0146
0.1440
32.0600
-9.3100
-12.8800
427
490
512
426
441
-0.0600
-0.9736
-0.5236
40.5300
-11.3400
4.6200
430
462
488
402
442
-0.0630
-0.9301
0.3348
33.9500
10.0800
45.7800
434
430
466
372
443
-0.0781
-0.9540
0.3631
42.3500
-21.2800
31.5700
435
392
449
341
444
-0.1093
-0.9135
0.3499
7.6300
-22.3300
29.6100
435
368
421
307
448
-0.1108
-0.9204
0.3899
3.9900
-40.8800
67.4100
435
352
406
287
451
-0.2098
-0.8799
0.4368
-1.1200
-83.9300
110.9500
434
348
401
278
448
-0.3719
-0.7935
0.5427
-29.1200
-86.1700
73.9900
434
342
387
269
442
-0.3328
-0.8125
0.4553
-16.3100
-52.5700
70.3500
433
340
381
267
439
-0.3753
-0.8018
0.5026
-13.3700
-41.7200
27.7200
433
343
378
266
441
-0.3880
-0.7505
0.5231
-1.6100
8.1200
-24.4300
434
345
381
269
439
-0.3865
-0.8003
0.4695
25.8300
60.9000
-128.8700
433
348
375
269
428
-0.1474
-0.7437
0.5280
107.5900
98.7000
-67.0600
432
351
373
273
423
-0.0932
-0.6647
0.7091
82.5300
45.1500
-52.5000
429
349
369
275
422
-0.0556
-0.6061
0.7584
64.4000
41.7200
-53.9000
425
353
376
281
425
-0.0727
-0.5563
0.8135
56.6300
43.5400
-65.3100
423
356
374
281
425
-0.0517
-0.4616
0.8442
73.7800
32.9700
-41.1600
422
355
365
278
422
-0.0171
-0.4285
0.9033
81.8300
2.2400
-19.4600
422
360
365
280
417
-0.1161
-0.3416
0.9950
39.5500
3.0100
-8.7500
423
363
366
281
413
-0.1166
-0.2869
0.9653
10.9200
-12.3200
6.0900
423
363
366
281
409
-0.0991
-0.2835
0.9409
-5.1800
-35.7700
38.2200
424
363
371
281
413
-0.1093
-0.3079
0.9096
37.5200
-42.8400
41.5100
425
363
375
282
410
-0.1298
-0.2630
1.0297
24.2200
-40.5300
52.0100
425
363
376
283
414
-0.0395
-0.2137
0.9511
18.5500
-30.1700
46.6200
425
360
376
282
421
0.0024
-0.2094
0.9789
-25.2000
-11.2700
50.2600
425
357
377
282
435
-0.0371
-0.1840
0.9687
0.5600
-25.6200
43.1200
425
356
378
284
436
-0.0605
-0.1962
0.9945
-4.5500
-8.9600
49.6300
425
353
379
279
437
-0.0254
-0.1479
0.9799
11.4100
-3.7800
27.5100
425
355
377
276
446
-0.1054
-0.1884
0.9745
10.8500
-6.3000
47.0400
425
354
375
276
452
-0.1205
-0.1362
0.9823
8.6800
-0.4900
59.5000
426
350
373
276
454
-0.0644
-0.0917
0.9862
2.5900
-24.9900
24.8500
427
347
373
275
452
-0.1220
-0.1293
0.9965
-6.7200
-15.9600
-4.3400
427
347
374
275
448
-0.0820
-0.1376
0.9819
-2.3100
-4.2000
-2.8700
428
348
374
275
446
-0.0390
-0.1337
1.0063
3.8500
-2.3100
-4.3400
428
349
374
275
445
-0.0625
-0.1430
0.9653
-2.2400
-5.9500
-3.3600
427
350
375
275
444
-0.0712
-0.1566
0.9877
-4.2000
-6.0900
-5.5300
427
351
375
276
443
-0.0590
-0.1444
0.9960
-0.7000
-4.4800
-8.2600
427
351
376
277
442
-0.0844
-0.1454
1.0111
-12.6700
0.0000
-19.4600
424
357
379
280
438
-0.0786
-0.1898
1.0048
-51.0300
26.8800
-34.3700
420
376
398
288
431
-0.0903
-0.3294
0.9292
-125.0900
26.9500
-50.8900
420
415
435
314
419
-0.0913
-0.4870
0.8257
-134.7500
64.6100
-69.3000
426
445
461
342
419
-0.1742
-0.7881
0.6163
-180.1800
78.3300
-49.9100
428
465
474
365
424
-0.1693
-0.8911
0.3172
-139.2300
56.7000
-21.8400
428
477
482
380
431
-0.0810
-0.9292
0.0942
-70.4200
47.3200
-2.8700
426
481
485
389
437
-0.1088
-1.7470
0.0478
64.8900
-7.0000
-0.1400
422
461
487
395
445
-0.1601
-1.0238
0.0190
-59.4300
22.1900
-9.1700
421
470
492
400
447
-0.1122
-0.9941
0.0205
0.0700
16.8700
-7.0000
421
473
496
404
447
-0.1205
-0.9809
0.0229
-7.4900
8.4000
2.7300
421
478
510
421
449
-0.1649
-0.9906
-0.0166
12.6700
4.3400
-5.3900
421
481
515
426
449
-0.1508
-0.9970
-0.0102
17.2200
8.7500
-2.1700
422
482
516
430
448
-0.1488
-0.9716
0.0181
15.7500
-1.2600
-1.4000
422
482
516
430
449
-0.1283
-0.9828
0.0815
22.1900
-5.3900
0.4200
422
482
516
430
450
-0.1615
-0.9950
0.0727
9.2400
3.9900
-1.6100
423
482
516
429
451
-0.1640
-0.9443
0.0429
9.6600
4.2000
-8.8900
424
481
516
426
453
-0.1498
-1.0058
0.0976
34.7900
6.7900
-9.5900
424
481
516
426
451
-0.1303
-0.9843
0.1532
29.9600
-1.8200
-9.6600
425
473
514
420
455
-0.1337
-0.9931
0.1630
29.3300
-3.5700
-7.3500
426
436
513
404
458
-0.0766
-0.9736
0.1781
29.4000
-18.1300
-4.1300
428
401
501
371
458
-0.1288
-1.0155
0.1903
91.7700
-56.0700
-15.5400
430
382
490
350
457
-0.0698
-0.8462
0.4426
50.7500
-44.5200
1.5400
431
362
481
323
459
-0.0844
-0.8599
0.5100
-8.6800
-48.1600
22.6100
430
339
467
298
474
-0.1030
-0.8198
0.4665
-49.7700
-71.1200
57.5400
428
319
458
275
489
-0.1747
-0.9013
0.3416
-9.3800
-75.9500
28.8400
427
313
453
272
481
-0.1757
-0.8799
0.3192
58.3800
-56.0000
55.7200
426
317
453
273
473
-0.2079
-0.8389
0.4870
24.2900
-55.8600
69.0200
427
314
452
274
473
-0.3221
-0.8296
0.4787
-21.0000
-53.4800
53.9700
428
312
452
275
471
-0.3426
-0.7232
0.5436
-16.2400
-46.2000
46.7600
430
316
453
278
468
-0.4046
-0.7247
0.4997
-2.8700
-31.6400
13.4400
430
318
454
280
461
-0.4573
-0.6944
0.5754
6.7200
7.7700
-23.5200
431
320
455
282
454
-0.4465
-0.7120
0.5412
4.6900
18.8300
-53.7600
429
321
455
283
458
-0.3026
-0.7037
0.4890
43.5400
6.5100
-57.1200
427
321
455
284
460
-0.2269
-0.7564
0.5861
54.7400
3.0100
-65.8700
426
321
455
283
462
-0.1767
-0.7232
0.5963
31.0100
12.2500
-60.0600
425
321
455
283
468
-0.1420
-0.7584
0.7008
32.5500
6.0200
-74.8300
424
322
455
281
468
0.0220
-0.7003
0.6676
55.8600
32.9700
-57.8200
422
323
456
281
471
0.0039
-0.6456
0.7340
55.1600
35.9800
-56.9800
416
325
456
280
473
0.0293
-0.5807
0.8374
73.9900
30.7300
-56.8400
413
326
455
277
467
0.0761
-0.4978
0.8735
22.3300
50.6100
-31.5700
411
326
454
278
469
-0.0088
-0.5046
0.8423
67.4800
24.1500
-24.6400
411
327
454
277
466
0.0664
-0.3845
0.9721
12.6000
-25.2700
21.2800
412
327
455
278
464
0.1196
-0.3831
0.9194
-7.4900
-40.8800
74.6900
412
328
456
280
467
-0.0654
-0.4109
0.9506
15.9600
-27.9300
33.7400
414
327
457
283
470
0.0015
-0.3831
0.9023
-12.1100
-29.5400
48.7200
415
326
457
283
473
0.0410
-0.3841
0.9189
-32.2700
-35.0000
101.7800
417
327
455
282
472
-0.0312
-0.5046
0.8833
-11.6200
-42.4200
40.3200
418
325
455
284
473
0.0395
-0.4973
0.8501
-2.1000
-34.3700
36.7500
418
322
452
283
460
0.1113
-0.4480
0.9028
-4.8300
-37.9400
64.1900
419
323
452
283
455
-0.0107
-0.4968
0.8423
10.9200
-23.4500
15.6100
419
322
451
283
449
-0.0590
-0.5017
0.8823
-2.5900
-2.4500
-9.6600
419
322
451
284
450
0.0600
-0.4992
0.8613
-2.8000
-5.3200
-5.1800
419
323
451
284
448
0.0771
-0.4948
0.8652
1.5400
3.6400
-8.3300
419
325
452
285
450
0.0425
-0.5085
0.8926
-17.9900
17.7100
-21.5600
418
331
453
290
445
0.0346
-0.5427
0.8633
-32.5500
26.2500
-25.3400
418
342
456
297
443
0.0454
-0.5822
0.8032
-71.8900
56.7000
-24.7800
420
377
463
311
437
-0.0376
-0.6759
0.6637
-90.7900
59.5700
-17.9900
424
418
469
340
436
-0.0654
-0.8262
0.5500
-54.5300
69.0900
-17.9900
426
435
474
361
438
-0.1259
-0.8642
0.4485
-65.1700
56.0700
-20.3700
426
444
477
373
437
-0.1010
-1.0419
0.2601
31.7800
73.0100
-17.5700
426
439
482
384
442
-0.1752
-0.8847
0.3265
-37.0300
28.2100
-17.8500
425
446
489
395
442
-0.1986
-1.1307
0.3743
-21.2100
19.6700
-27.1600
423
458
499
407
438
-0.1464
-0.9379
0.1688
-37.2400
21.6300
-15.8200
420
468
506
417
440
-0.1357
-0.9784
0.0961
-33.3200
14.0700
-15.8200
418
476
511
425
441
-0.1108
-0.9858
0.0595
-31.0800
4.0600
-11.7600
417
481
515
428
442
-0.1132
-0.9877
0.0185
-17.9200
1.8200
-6.5800
418
484
518
432
442
-0.1127
-0.9882
-0.0288
-1.1200
-0.4200
-3.5700
419
485
519
434
442
-0.1083
-0.9794
-0.0127
2.8700
-3.3600
-4.4800
419
486
519
434
442
-0.0971
-0.9819
-0.0059
5.8100
-2.7300
-3.5700
420
486
520
434
441
-0.0961
-0.9877
-0.0024
3.4300
-2.4500
-3.9200
420
486
520
434
439
-0.0956
-0.9955
0.0020
3.2900
-3.1500
-4.3400
420
486
520
434
442
-0.1039
-0.9955
-0.0107
2.4500
-1.6800
-4.9700
420
486
520
434
442
-0.0981
-0.9853
-0.0093
10.3600
-5.3200
-6.6500
421
486
520
434
442
-0.0956
-0.9926
0.0176
10.6400
-6.5800
-6.3000
423
487
520
433
442
-0.0883
-0.9853
0.0390
14.4900
-3.7800
-4.5500
424
487
520
432
443
-0.1010
-0.9921
0.0361
13.5100
-6.9300
-2.6600
424
484
520
428
445
-0.0908
-0.9960
0.0712
20.6500
-9.5900
3.4300
426
473
519
416
451
-0.1118
-1.0053
0.1069
-2.7300
-7.6300
-0.1400
426
462
510
405
454
-0.1166
-1.0009
0.0708
9.6600
-2.9400
-7.3500
427
437
491
371
456
-0.0893
-0.9848
0.2030
-18.8300
7.7700
-3.9200
427
391
465
343
458
-0.0566
-1.0024
0.1298
19.6000
-6.7200
-17.1500
428
358
429
303
460
-0.0439
-0.9575
0.2206
36.6100
-14.1400
-10.5700
428
330
401
271
461
-0.0722
-0.8789
0.2782
10.5700
-17.2200
6.1600
428
310
389
258
465
-0.0527
-0.9355
0.3065
2.2400
-20.6500
7.8400
427
298
385
249
461
-0.0112
-0.9614
0.2323
6.7900
-23.3100
10.0800
427
303
386
257
457
-0.0752
-0.9379
0.2982
3.8500
-39.6900
18.0600
427
305
390
257
458
-0.0200
-0.8784
0.2684
44.2400
-66.7800
44.1000
427
311
398
259
455
-0.0996
-0.8228
0.4826
17.7800
-65.5900
73.0800
429
315
403
259
458
-0.1952
-0.8154
0.4943
-6.7200
-80.1500
70.0000
430
318
409
261
454
-0.2377
-0.7505
0.4914
-22.6100
-53.5500
69.4400
430
318
408
260
450
-0.3284
-0.7881
0.4343
-8.8900
-51.1000
66.3600
431
319
410
263
448
-0.4358
-0.8540
0.4895
3.9900
-38.6400
15.2600
432
319
412
267
443
-0.4719
-0.7652
0.4802
12.8100
6.1600
-20.5800
432
319
412
267
444
-0.4138
-0.8267
0.4265
35.4200
49.5600
-101.6400
430
323
413
269
437
-0.2723
-0.6817
0.5275
87.1500
63.6300
-88.4100
429
326
409
269
432
-0.1708
-0.7442
0.6315
63.0000
48.1600
-78.4700
428
325
406
267
433
-0.1244
-0.7056
0.6681
63.7700
39.4800
-67.6200
426
327
408
267
430
-0.1474
-0.6793
0.7178
105.4900
39.1300
-70.9800
422
334
412
270
427
-0.1010
-0.5109
0.8291
65.8700
28.7700
-36.6800
420
331
405
268
429
-0.1620
-0.4856
0.8701
55.3700
28.9800
-19.3900
421
330
405
268
430
-0.1274
-0.3728
0.9038
38.9900
3.1500
-1.6100
421
330
406
269
431
-0.1523
-0.3333
0.9599
6.3700
-21.0700
27.0900
421
334
410
270
434
-0.1225
-0.3192
0.9238
6.0900
-53.2000
61.8100
421
333
414
270
436
-0.1825
-0.3279
0.9506
-9.4500
-40.6700
55.6500
421
333
416
271
439
-0.1078
-0.3499
0.9345
-23.6600
-59.0800
46.9000
420
335
416
270
439
-0.0434
-0.3884
0.8896
-32.2700
-58.2400
62.6500
419
334
416
270
442
-0.0346
-0.3972
0.9482
-24.1500
-32.9700
68.5300
420
333
416
271
443
-0.0273
-0.4485
0.8428
-28.2100
-41.5100
84.7700
421
333
410
270
442
0.0283
-0.4509
0.8935
-10.5000
-56.0000
101.2200
422
331
408
271
437
-0.0322
-0.5358
0.9209
-10.7800
-34.6500
47.0400
425
329
410
273
436
-0.0708
-0.5158
0.8618
-6.5100
-5.1100
6.1600
425
328
411
272
432
-0.0293
-0.5017
0.8306
-2.1000
2.5900
-2.6600
426
328
411
273
432
-0.0039
-0.5148
0.8613
1.8200
0.2100
-4.6200
426
329
413
274
432
-0.0346
-0.5007
0.8725
-4.2700
3.5000
-6.7900
425
330
414
275
432
-0.0405
-0.5100
0.8647
-8.8200
17.9200
-9.6600
425
331
415
277
432
-0.0917
-0.5368
0.8594
-23.1000
32.7600
-17.0800
423
339
423
282
431
-0.1215
-0.5719
0.8223
-70.0000
56.9800
-34.3000
418
373
444
303
425
-0.2094
-0.6954
0.6842
-97.1600
94.4300
-36.4000
421
417
460
336
423
-0.1845
-0.8145
0.5344
-32.8300
107.1700
-10.4300
424
424
470
360
423
-0.2474
-0.8355
0.3728
-72.7300
73.4300
-28.8400
427
434
474
369
427
-0.1752
-0.8774
0.2294
-61.3200
28.8400
-13.4400
425
442
479
375
433
-0.2811
-0.9184
0.2699
-32.2000
30.3800
-14.0000
422
447
486
389
446
-0.2752
-0.9472
0.1244
-63.4900
32.1300
-15.1900
418
455
493
400
457
-0.2284
-0.9467
-0.0259
-39.2000
20.9300
-14.4200
412
464
500
411
464
-0.2098
-0.9184
-0.0639
-15.1900
17.6400
-8.8900
409
472
507
421
465
-0.1679
-0.9740
-0.1366
-1.9600
8.8200
-17.7100
409
474
511
424
468
-0.1781
-0.9648
-0.0991
16.6600
-0.7700
-0.3500
410
473
511
425
469
-0.1942
-0.9653
-0.0537
9.1700
-4.4800
-0.9800
411
468
511
424
469
-0.1786
-0.9882
-0.0634
0.5600
-1.5400
-2.3100
412
470
511
424
469
-0.1820
-0.9721
-0.0664
3.2200
-2.0300
-4.2000
413
472
511
424
469
-0.1806
-0.9809
-0.0683
-0.5600
-1.6100
-4.9700
413
472
511
424
469
-0.1908
-0.9692
-0.0732
2.2400
-2.1000
-6.5100
413
473
511
423
468
-0.1684
-0.9740
-0.0659
1.6100
-5.2500
-3.9900
413
473
511
423
468
-0.1747
-0.9862
-0.0673
3.5000
-3.5000
-4.4100
413
473
511
422
468
-0.1679
-0.9526
-0.0664
3.4300
-4.2000
-12.3200
413
461
509
416
470
-0.1415
-0.9823
-0.0698
27.3700
-2.3800
-15.6800
413
432
494
387
468
-0.1279
-0.9604
-0.0327
21.5600
-9.9400
-10.2900
417
400
467
342
469
-0.1225
-0.9579
0.0029
6.2300
-17.7100
-0.8400
422
369
439
304
468
-0.1269
-0.8808
0.0190
22.6100
-44.3800
-7.1400
425
344
415
279
463
-0.0795
-0.9087
0.1059
5.7400
-44.3800
-0.6300
426
326
399
263
463
-0.0468
-0.9536
0.1118
16.2400
-39.8300
16.1700
425
318
386
252
464
-0.1742
-0.9448
0.1347
22.6100
-57.2600
35.7700
425
313
379
244
462
-0.1074
-0.8228
0.3138
-10.0800
-68.6000
49.7700
426
314
380
242
466
-0.1757
-0.8262
0.2752
-38.3600
-62.5800
66.9900
427
314
385
245
465
-0.3416
-0.8774
0.2401
-43.9600
-62.6500
56.7700
428
313
387
248
467
-0.4216
-0.8198
0.2098
-5.8100
-41.7200
25.9700
428
313
388
250
462
-0.4641
-0.8174
0.2567
11.0600
3.1500
-11.7600
428
315
389
252
457
-0.3865
-0.8535
0.2425
38.9900
19.5300
-31.1500
427
317
390
253
452
-0.3889
-0.9160
0.2069
65.5900
29.6100
-70.0700
426
320
392
255
446
-0.2396
-0.8760
0.3396
79.5900
54.1100
-85.7500
426
323
395
257
438
-0.0888
-0.8633
0.5061
64.0500
71.0500
-74.5500
424
326
398
257
442
-0.1435
-0.8794
0.5031
70.3500
65.3100
-86.3800
422
327
399
257
445
-0.1054
-0.7349
0.5588
105.9100
41.3700
-58.5200
422
332
402
262
444
-0.0722
-0.6193
0.7310
84.1400
31.8500
-35.7000
421
333
404
262
444
-0.0171
-0.5749
0.8530
53.7600
36.9600
-19.6700
420
332
404
262
445
-0.0664
-0.5158
0.8804
41.1600
10.0100
-7.2800
421
330
405
263
445
-0.0952
-0.4753
0.8735
34.3000
-21.9100
9.4500
421
331
406
264
448
-0.0420
-0.4670
0.8564
17.5700
-33.6700
30.1700
421
335
407
265
448
-0.0244
-0.4948
0.8935
13.7200
-44.1700
34.0900
421
342
413
266
448
-0.0361
-0.4241
0.9462
13.5100
-43.6100
65.0300
421
346
416
267
446
-0.0107
-0.4280
0.9067
-5.6000
-70.0700
72.0300
421
346
417
267
450
0.0547
-0.5012
0.9209
-14.3500
-46.7600
71.6100
422
345
416
268
452
0.1054
-0.5334
0.8691
-19.0400
-57.4000
81.8300
424
343
413
267
447
0.0737
-0.5407
0.8174
-3.8500
-45.9200
50.9600
424
343
415
270
446
0.0107
-0.5783
0.8428
-8.4700
-24.7100
11.4100
425
343
415
271
444
0.0239
-0.5988
0.8106
3.2900
-1.6100
-4.8300
425
343
415
271
446
0.0346
-0.5900
0.7774
0.4900
-13.4400
-4.9000
425
340
412
270
446
0.0498
-0.5690
0.8145
1.8200
-9.8000
-2.9400
425
340
412
271
445
0.0547
-0.5827
0.8325
0.7700
-6.7900
-3.9900
425
341
413
271
445
0.0800
-0.5705
0.8218
-1.6100
-3.5700
-3.5700
425
342
413
272
442
0.0639
-0.5636
0.8496
-7.3500
7.8400
-1.8200
425
342
414
272
444
0.0698
-0.5900
0.8213
-28.1400
26.6700
-4.3400
422
349
419
281
437
0.0181
-0.6471
0.8252
-50.5400
56.8400
-19.3200
418
368
438
300
433
0.0317
-0.7242
0.7174
-100.6600
128.8000
-3.2200
418
396
453
325
430
-0.2030
-0.8428
0.4231
-139.2300
80.9200
-26.3200
419
410
461
342
433
-0.1322
-0.8691
0.1562
-64.2600
48.2300
-2.7300
418
425
471
368
432
-0.2050
-0.9267
0.1498
-58.3800
44.1000
2.7300
416
439
484
392
425
-0.2133
-0.9667
0.0854
-21.2800
24.2200
-7.7700
414
449
494
409
427
-0.3201
-0.9423
0.0171
-29.5400
24.7800
2.3100
412
460
502
420
426
-0.2596
-0.8003
0.0683
7.2800
18.0600
-6.4400
411
472
513
427
429
-0.2542
-1.0067
0.0351
-13.5800
23.9400
-18.3400
412
487
519
434
432
-0.1200
-0.9087
0.0176
7.0000
-3.0800
-2.3100
415
491
521
442
442
-0.1645
-0.9877
0.0381
11.3400
-7.8400
-4.9700
417
491
522
444
443
-0.1688
-1.0053
0.0537
4.2700
-6.0200
-7.0000
417
491
522
444
443
-0.1674
-0.9701
0.0317
2.0300
-4.1300
-0.7000
417
491
522
443
443
-0.1771
-0.9667
0.0449
6.1600
-6.4400
-1.6100
418
491
522
443
444
-0.1781
-0.9897
0.0693
2.1700
-3.5700
-3.0100
418
491
522
442
445
-0.1781
-0.9799
0.0527
-1.1900
-2.9400
-4.0600
418
492
522
441
444
-0.1645
-0.9677
0.0303
5.3200
-2.8700
-2.6600
419
492
522
441
447
-0.1762
-0.9770
0.0527
2.8000
-2.7300
-6.6500
419
491
522
440
447
-0.1542
-0.9740
0.0566
6.9300
-1.1200
-5.7400
419
481
522
438
452
-0.1493
-0.9697
0.0727
7.7000
-3.5700
-3.4300
418
456
522
438
454
-0.1542
-0.9838
0.0805
5.2500
-3.5000
-2.5200
419
437
521
433
456
-0.1562
-0.9750
0.0756
4.3400
-2.3100
-4.2700
420
434
516
421
456
-0.1947
-0.9692
0.0869
-3.8500
-1.1900
-7.8400
421
431
492
402
455
-0.1464
-0.9697
0.0390
12.9500
3.4300
-11.9000
423
413
440
360
457
-0.1118
-0.9897
0.0825
-2.8700
-1.4000
-10.3600
423
388
403
306
459
-0.0834
-0.9662
0.1142
10.7100
-1.6800
-15.3300
424
360
357
276
457
-0.0922
-0.9872
0.1264
37.5900
-21.1400
-21.0000
424
328
323
255
461
-0.0420
-0.9960
0.1410
31.5000
-23.8000
-12.0400
425
321
314
247
460
-0.0268
-0.9960
0.1610
11.2700
-34.5800
-4.2700
426
319
311
242
456
-0.0498
-0.9872
0.1728
2.2400
-41.0200
9.3800
426
318
315
242
459
-0.0717
-0.9589
0.2655
-9.4500
-42.5600
41.0200
426
314
315
237
458
-0.1103
-1.0272
0.1884
33.3900
-74.6200
34.2300
426
311
316
236
457
-0.1659
-0.8818
0.3748
1.5400
-81.6900
44.1000
426
311
323
237
461
-0.1864
-0.9672
0.2918
-7.0000
-59.3600
47.7400
426
311
325
237
460
-0.2352
-0.8896
0.2982
2.6600
-54.7400
64.8200
425
313
326
238
462
-0.2860
-0.8560
0.3445
11.5500
-48.3000
52.6400
424
314
327
242
464
-0.4441
-0.8291
0.3338
-4.9000
-31.0800
12.6000
424
316
330
246
461
-0.4158
-0.8218
0.3597
5.6000
-3.5000
-12.6000
424
317
332
247
458
-0.3894
-0.8237
0.3553
9.4500
34.3700
-49.7700
423
318
334
249
451
-0.3787
-0.8623
0.3294
72.7300
106.7500
-148.9600
424
323
337
251
447
-0.2308
-0.8101
0.4802
49.4900
72.7300
-122.4300
423
325
338
252
446
-0.1606
-0.7793
0.4924
-4.3400
24.0800
-79.3800
423
327
339
252
445
-0.0776
-0.8257
0.4743
40.1800
21.2100
-76.5800
421
330
340
253
450
0.0273
-0.8042
0.5436
74.4800
14.9100
-67.2700
419
334
339
256
447
0.0830
-0.6651
0.7071
90.3700
39.9700
-29.4000
419
342
343
259
446
0.1000
-0.6310
0.8213
39.8300
17.9900
-15.0500
420
342
342
258
445
0.1049
-0.5817
0.8023
35.8400
10.2200
-6.0200
421
343
343
259
444
0.0834
-0.5353
0.8574
0.6300
-31.7100
6.5100
422
345
343
259
446
0.1118
-0.5261
0.8057
-6.4400
-46.9000
39.5500
422
345
344
260
449
0.0859
-0.5685
0.8184
-1.0500
-59.7100
40.3200
422
345
349
260
454
0.1752
-0.5597
0.7969
2.0300
-83.0900
52.0800
422
343
351
260
459
0.1893
-0.5807
0.8145
6.0200
-82.6000
50.8200
421
341
351
260
458
0.2216
-0.5910
0.7593
2.1000
-62.6500
59.5000
421
340
352
260
456
0.2460
-0.6115
0.7632
18.9700
-64.8900
58.2400
422
335
353
260
458
0.2621
-0.6368
0.7462
19.8800
-52.7800
36.6800
422
332
353
260
457
0.2816
-0.6364
0.7993
7.0700
-14.9100
24.7800
423
333
353
261
456
0.2089
-0.6451
0.7364
-2.9400
-4.6900
0.2800
423
333
354
262
455
0.2274
-0.6710
0.7105
0.2800
3.1500
-5.4600
423
333
354
262
455
0.2342
-0.6686
0.7193
-0.6300
-1.0500
-4.9000
423
333
354
262
453
0.2294
-0.6676
0.7208
-5.5300
-1.8200
-3.0100
423
333
354
262
455
0.2362
-0.6754
0.7139
-7.4200
5.0400
2.9400
422
336
355
264
450
0.2089
-0.6847
0.7208
-31.9900
30.5900
10.7100
418
358
376
278
450
0.1762
-0.7788
0.7276
-57.8900
67.3400
15.7500
417
401
419
308
446
0.0405
-0.8364
0.5690
-101.0100
73.6400
28.0700
418
422
442
331
445
-0.0190
-0.8652
0.3362
-92.9600
71.1200
28.2100
415
425
447
338
453
-0.0859
-0.9692
0.1610
-98.0000
69.0900
-25.2700
414
414
451
345
459
-0.1166
-0.9804
-0.0122
-39.2000
75.8100
31.5700
410
438
474
365
458
-0.2733
-1.0214
-0.0834
-37.8000
39.4800
2.5200
408
462
500
392
449
-0.1918
-0.9209
-0.0771
3.2900
26.0400
-1.8200
408
476
512
405
449
-0.2782
-1.0165
-0.1088
-8.5400
24.5000
-10.6400
408
485
518
423
455
-0.2201
-0.9531
-0.1440
5.1800
18.4800
-5.3900
411
489
521
435
452
-0.2196
-0.9165
-0.1449
17.3600
0.1400
-2.6600
413
493
523
441
455
-0.2225
-0.9677
-0.1078
7.1400
-4.4100
-3.7800
414
494
524
443
453
-0.2264
-0.9677
-0.0952
6.7900
-2.8000
-5.1800
414
494
524
443
456
-0.2240
-0.9550
-0.0820
6.5800
-3.6400
-3.6400
415
494
524
443
454
-0.2172
-0.9599
-0.0849
4.0600
-2.6600
-3.2200
415
494
524
442
457
-0.2235
-0.9692
-0.0834
2.5200
-2.5200
-3.2200
415
494
524
442
455
-0.2162
-0.9609
-0.0888
1.8200
-2.6600
-3.7100
415
494
524
441
457
-0.2264
-0.9692
-0.1039
-0.4900
0.0700
-7.2100
415
494
524
441
454
-0.1967
-0.9628
-0.0917
2.9400
-3.3600
-0.7000
415
494
524
440
457
-0.2172
-0.9531
-0.0966
1.3300
-1.7500
-3.5700
415
494
524
440
454
-0.2050
-0.9536
-0.0830
3.2900
-2.7300
-3.8500
415
494
524
439
456
-0.2103
-0.9638
-0.0839
3.5000
-2.1000
-3.0800
416
494
524
439
456
-0.2030
-0.9662
-0.0742
4.4800
-3.7100
-3.4300
417
494
524
438
456
-0.2118
-0.9731
-0.0600
2.1000
-3.6400
-3.8500
417
493
524
438
456
-0.1918
-0.9706
-0.0620
3.9900
-4.4100
-2.8700
418
492
524
436
457
-0.2035
-0.9780
-0.0766
-0.0700
-2.6600
-3.5000
418
491
524
435
458
-0.2113
-0.9819
-0.0737
5.3900
-3.2900
-10.1500
419
481
522
426
461
-0.2054
-0.9565
-0.0864
-3.2200
3.0100
-10.0800
420
445
512
417
462
-0.1737
-0.9550
-0.0532
-14.8400
14.9100
-11.8300
421
411
482
368
469
-0.1254
-0.9711
-0.0883
3.3600
-2.3100
-10.7800
423
385
449
310
474
-0.2045
-0.9941
-0.0649
32.4100
-9.8000
-16.7300
423
354
420
276
485
-0.1484
-0.9941
-0.0234
28.0000
-7.4900
-14.4900
422
335
384
251
491
-0.1020
-0.9648
0.0634
0.6300
-6.0200
-15.3300
422
321
358
237
490
-0.0795
-0.9887
-0.0117
18.9700
2.1700
-10.5700
421
309
340
229
486
-0.0576
-1.0097
0.0224
16.3100
-2.3800
-15.6100
421
299
328
225
481
-0.0176
-0.9877
0.0737
15.4000
-15.2600
6.4400
422
296
326
225
478
-0.0351
-0.9404
0.0581
33.6700
-75.9500
29.4700
421
297
334
226
485
-0.0756
-0.9911
0.2440
-2.1700
-57.1900
27.8600
421
299
340
225
489
-0.0869
-0.9287
0.1703
-38.2900
-103.3200
76.0200
420
300
345
225
494
-0.1820
-0.9326
0.1723
-2.7300
-67.7600
54.1100
417
301
347
226
485
-0.4426
-0.8857
0.1903
5.8100
-38.7800
-13.2300
417
301
348
227
482
-0.2933
-0.8818
0.2011
3.1500
-10.7100
-15.6800
417
302
349
229
481
-0.2352
-0.9316
0.1986
7.4900
37.3800
-54.8800
416
304
349
229
478
-0.1645
-0.9443
0.1718
19.3900
61.9500
-62.4400
416
308
352
231
479
-0.0132
-0.8955
0.2250
28.4200
20.5800
-59.7800
415
311
353
233
478
-0.0644
-0.9750
0.3070
53.8300
53.0600
-59.5700
413
312
353
234
475
0.0376
-0.9116
0.3597
52.0100
56.0700
-43.5400
413
313
353
234
471
0.0791
-0.8755
0.4348
70.0700
45.1500
-24.1500
414
319
356
237
488
0.0781
-0.8120
0.5851
63.2800
48.7900
-26.3200
415
324
359
241
485
0.0220
-0.7403
0.7379
91.0700
60.1300
-21.3500
416
328
360
243
470
-0.0454
-0.5876
0.7603
135.7300
55.2300
-23.2400
416
338
365
248
465
-0.1293
-0.4958
0.9013
69.5100
12.6000
-11.7600
415
338
366
250
463
-0.0888
-0.4397
0.9165
18.4800
-16.3100
0.9800
416
341
368
251
461
-0.0756
-0.4314
0.8974
-6.7200
-23.2400
14.0000
416
344
371
253
462
-0.0220
-0.4133
0.8857
-5.1800
-44.4500
37.1700
416
344
372
254
457
0.0156
-0.5017
0.8672
-31.2200
-68.1100
57.8900
418
343
375
255
454
0.0322
-0.6066
0.8208
15.1900
-40.5300
28.7700
419
345
381
258
451
0.0771
-0.4968
0.8838
29.3300
-45.2900
38.5000
419
342
380
259
449
0.0761
-0.4821
0.8735
23.2400
-42.9800
57.4000
418
340
379
260
451
0.0239
-0.4255
0.8833
54.2500
-41.3000
41.6500
419
341
380
265
448
0.1747
-0.3221
0.9130
75.2500
-29.4700
102.0600
421
344
383
272
441
0.0703
-0.1996
0.9838
42.0000
-54.1100
59.2200
423
349
388
277
435
0.1513
-0.2113
1.0448
-10.3600
-4.9000
8.5400
423
349
388
277
433
0.1879
-0.2396
0.9540
-11.2700
8.5400
0.4200
423
348
388
277
433
0.1679
-0.2630
0.8994
0.5600
-6.4400
-0.7000
423
348
388
277
433
0.2001
-0.2796
0.9623
7.3500
-0.4200
-2.1000
423
348
388
276
432
0.1923
-0.3001
0.9482
-2.1700
-4.1300
1.6100
423
348
388
276
432
0.1762
-0.2938
0.9301
3.5700
-1.4700
-1.9600
423
348
389
277
432
0.1674
-0.2913
0.9311
-2.1700
-3.9900
-5.3200
423
349
389
277
432
0.1962
-0.2747
0.9867
-19.5300
6.7900
-4.6200
421
349
389
277
431
0.1708
-0.3094
0.9511
-63.1400
27.3000
-9.8700
414
356
395
279
429
0.1342
-0.3953
0.8755
-80.2200
35.1400
-7.0700
413
400
432
302
431
0.0508
-0.5436
0.8218
-45.7100
12.7400
-10.0100
414
431
460
331
429
0.0898
-0.5744
0.8501
-44.3800
22.9600
-6.3000
416
447
466
367
425
0.0059
-0.6520
0.7588
-69.5800
35.0000
-7.5600
418
460
473
389
418
-0.3699
-0.7579
0.6007
-45.9900
48.7200
1.4700
418
450
479
397
421
-0.1118
-0.8032
0.6046
-49.5600
23.6600
-5.9500
417
452
481
397
420
-0.1181
-0.8296
0.5807
-47.6000
19.3200
-3.9900
415
452
482
396
426
-0.1371
-0.8706
0.4221
-39.1300
11.2700
-8.4700
412
452
482
396
429
-0.1493
-0.9170
0.4207
-31.2200
21.2800
1.2600
410
451
482
395
434
-0.1806
-0.9116
0.3572
-28.5600
23.5900
-11.4100
408
451
482
394
438
-0.1449
-0.8823
0.2874
-3.9200
-10.9900
-9.5200
407
450
481
391
441
-0.1986
-0.9545
0.2357
-0.7700
-16.5900
8.2600
406
450
480
389
446
-0.1850
-0.9638
0.2962
0.8400
-1.4700
4.8300
405
450
479
389
448
-0.2328
-0.9516
0.3172
-16.1700
2.1000
-10.9900
405
450
479
388
448
-0.1708
-0.9360
0.3113
-6.4400
-7.9800
-13.7900
405
449
479
388
447
-0.1376
-0.9267
0.2713
-19.5300
-0.8400
-4.9000
405
449
478
387
447
-0.1654
-0.9199
0.2894
-14.9100
-6.7200
-5.6000
405
450
479
387
446
-0.2064
-0.9321
0.2094
-23.3100
4.3400
-15.6100
405
450
479
387
448
-0.1308
-0.9521
0.1962
-32.6200
2.7300
-17.7100
404
451
481
388
448
-0.1025
-0.9843
0.1005
-34.2300
16.6600
-10.0800
405
455
488
390
449
-0.1225
-0.9443
0.0434
-33.4600
3.6400
-7.9100
405
459
494
394
450
-0.1157
-0.9472
-0.0229
-21.4900
7.0000
5.3200
406
459
495
395
451
-0.1176
-0.9638
0.0010
-2.8000
0.7000
-6.0900
406
459
495
395
453
-0.1078
-1.0014
0.0210
7.0700
-4.2700
-17.7100
406
459
496
395
454
-0.0708
-0.9941
0.0166
-5.0400
-1.1200
-7.0700
406
459
496
396
454
-0.0654
-1.0077
0.0020
-11.6900
-3.0800
-5.7400
406
459
495
395
454
-0.0854
-0.9853
-0.0288
-17.0100
-3.8500
-2.1000
406
460
496
395
456
-0.0834
-0.9804
-0.0874
-5.1800
-3.7100
-6.5100
406
460
496
395
457
-0.0810
-0.9823
-0.0795
-8.0500
-4.9700
-6.0900
406
460
496
395
459
-0.0942
-0.9775
-0.0844
-27.7900
-16.1700
-29.4700
405
459
496
396
455
-0.0093
-1.0116
-0.1728
-41.0200
6.0900
-6.0900
403
460
500
398
458
0.0039
-0.9980
-0.1796
1.8200
0.2800
4.2700
403
460
500
399
457
-0.0351
-0.9858
-0.1781
5.1100
-2.0300
-1.2600
403
460
500
399
461
-0.0185
-0.9955
-0.1113
20.2300
-3.8500
-6.3000
403
460
500
399
461
-0.0356
-1.0155
-0.0922
7.6300
-4.4100
-1.4000
403
460
500
399
464
-0.0356
-1.0194
-0.1601
-0.4200
3.0100
-3.5700
403
460
500
399
461
-0.0176
-0.9853
-0.1288
-9.1700
0.7700
-9.5900
403
459
500
399
465
-0.0146
-0.9682
-0.1679
-1.7500
0.7700
-2.7300
402
459
501
398
464
0.0063
-1.1185
-0.1069
3.8500
1.4000
-1.3300
402
459
500
398
467
-0.0054
-0.9828
-0.1220
-1.5400
5.4600
8.7500
402
459
500
399
468
-0.0517
-0.9711
-0.1293
2.0300
-2.6600
0.8400
402
459
501
399
471
-0.0405
-0.9604
-0.1586
1.6800
-4.1300
-1.3300
402
459
501
399
469
-0.0649
-0.9711
-0.1332
6.4400
-1.4000
2.2400
402
459
500
399
472
-0.0576
-1.0004
-0.1508
1.2600
-1.1900
-3.0100
403
458
500
398
471
-0.0425
-0.9804
-0.1093
5.3900
-5.3200
-3.3600
403
458
500
398
473
-0.0464
-0.9819
-0.1279
1.8900
-5.9500
1.9600
403
458
500
398
484
-0.0800
-0.9921
-0.1288
3.2900
-2.8000
-4.2700
403
458
500
401
486
-0.0844
-0.9887
-0.1054
1.6100
-1.6100
0.4200
403
458
500
406
488
-0.0654
-0.9838
-0.1249
4.6900
-6.0900
0.2800
403
458
500
405
491
-0.0776
-0.9892
-0.1108
4.1300
-3.2900
-3.0800
403
458
500
406
492
-0.0576
-0.9911
-0.1122
3.1500
-3.6400
-4.3400
403
458
500
406
491
-0.0473
-0.9862
-0.1098
5.6000
-3.1500
-2.3100
404
458
500
407
494
-0.0620
-0.9960
-0.1054
0.7000
-3.0100
3.7100
404
458
500
407
493
-0.0776
-0.9902
-0.0991
5.6700
-2.6600
-4.4800
404
458
499
408
496
-0.0649
-0.9765
-0.0937
-0.4900
-0.1400
0.8400
404
458
499
409
494
-0.0815
-0.9780
-0.1083
3.0100
-2.9400
-1.6800
404
458
499
409
493
-0.0781
-0.9828
-0.1157
2.9400
-2.3100
-0.5600
404
458
499
409
496
-0.1074
-0.9984
-0.1054
2.3100
-1.4700
-5.0400
404
458
499
409
493
-0.0454
-0.9780
-0.1000
-1.9600
-0.7000
2.8000
404
458
499
409
496
-0.0717
-0.9955
-0.0859
1.4700
-2.9400
-2.2400
404
458
499
408
497
-0.0927
-0.9994
-0.1415
0.6300
-1.8900
-2.5900
404
458
499
406
495
-0.0942
-0.9745
-0.1210
4.6200
-3.1500
-5.1800
404
458
499
404
497
-0.0776
-0.9628
-0.1230
3.1500
-5.6000
-2.3100
404
458
499
404
500
-0.0888
-0.9872
-0.1069
3.6400
-3.1500
-1.8900
404
458
499
404
505
-0.0874
-0.9872
-0.0927
1.8900
-3.8500
-0.8400
404
458
499
404
508
-0.0971
-1.0024
-0.1020
1.8200
-4.1300
-5.1800
404
458
499
404
516
-0.0839
-0.9799
-0.1078
4.6200
-2.8700
-5.6000
404
458
499
403
521
-0.0673
-0.9740
-0.1122
3.2900
-5.1100
-0.8400
404
458
499
403
531
-0.0966
-1.0038
-0.0961
0.7700
-1.1900
-3.5000
404
458
499
403
539
-0.0737
-0.9823
-0.1049
-0.4900
-4.2700
-5.0400
404
458
499
403
566
-0.0795
-0.9780
-0.1064
2.5200
-11.6200
-6.1600
404
457
499
403
598
-0.0498
-1.0087
-0.0903
0.8400
-4.0600
-1.1200
405
457
499
403
603
-0.1069
-1.0048
-0.1025
4.9000
-2.8700
-7.7700
405
457
499
403
605
-0.0581
-0.9701
-0.1035
1.9600
-2.7300
-3.2200
404
457
499
404
615
-0.0996
-0.9770
-0.1410
6.5100
0.7000
5.4600
405
458
499
404
632
-0.0932
-0.9936
-0.1020
2.8700
-5.4600
-4.8300
404
458
499
405
630
-0.1049
-0.9970
-0.0971
-0.0700
1.1900
2.3100
404
458
499
405
621
-0.1005
-0.9716
-0.0625
10.5700
-8.0500
-0.5600
404
458
499
405
606
-0.1186
-1.0150
-0.1005
7.0700
-0.0700
2.8700
404
458
499
404
602
-0.0903
-0.9653
-0.0659
-3.4300
-1.2600
-1.7500
404
458
498
405
599
-0.0874
-0.9565
-0.0547
-2.2400
-4.1300
0.7700
404
458
498
405
590
-0.1049
-0.9789
-0.0805
10.5000
-3.2200
-2.2400
404
458
498
405
584
-0.1279
-0.9941
-0.0747
6.2300
-0.7700
3.0100
404
458
498
405
576
-0.1244
-0.9862
-0.0996
3.2900
-1.6100
0.0000
404
458
498
406
573
-0.1303
-0.9877
-0.0888
8.6100
1.1900
-1.1200
404
458
497
406
577
-0.1303
-0.9780
-0.0698
2.4500
-0.9800
0.1400
404
458
497
406
583
-0.1391
-0.9628
-0.0644
5.3900
-3.2900
-4.7600
404
458
497
406
585
-0.1274
-0.9960
-0.0478
-1.3300
-3.1500
4.6900
404
458
497
406
596
-0.1376
-0.9775
-0.1059
2.8000
-7.5600
-4.3400
403
458
497
406
601
-0.1279
-0.9838
-0.0874
-1.6800
-8.6100
-5.3900
403
458
497
406
605
-0.1410
-0.9784
-0.0683
-0.2100
-6.5800
-2.0300
403
459
497
406
607
-0.1254
-0.9862
-0.0761
3.1500
-0.2100
3.8500
403
458
497
406
607
-0.1337
-1.0014
-0.0712
-0.7700
-0.2800
6.4400
403
458
496
405
606
-0.1703
-0.9760
-0.0752
-4.8300
-8.3300
-8.3300
403
458
496
405
605
-0.1488
-0.9496
-0.0874
1.1900
17.7100
8.6100
403
458
497
405
606
-0.1737
-0.9628
-0.1010
11.7600
-13.0200
-7.0700
403
459
497
405
607
-0.1747
-0.9955
-0.0473
8.6800
-0.6300
6.8600
403
459
497
405
611
-0.1913
-0.9838
-0.0351
9.6600
-7.5600
-7.0000
403
459
497
405
612
-0.1708
-0.9848
-0.0561
4.2000
-2.9400
-0.5600
403
459
496
405
613
-0.2001
-0.9623
-0.0581
-1.1200
-0.3500
-1.1900
403
459
497
404
612
-0.2059
-0.9843
-0.0517
-2.4500
1.1900
-4.7600
403
459
497
404
615
-0.1640
-0.9775
-0.0898
7.2800
-1.7500
-4.3400
403
459
497
404
620
-0.1928
-1.0043
-0.0234
-4.0600
-6.5800
-9.5900
403
459
497
403
611
-0.1049
-0.9277
-0.1235
5.3200
8.4700
7.8400
403
459
497
402
610
-0.1732
-0.9584
-0.0493
13.1600
-9.5200
17.7800
404
459
497
402
607